>structures/GlnRS_AF_Bact_Anaerostipes_hadrus_gene15230984.pdb
-0.980452  0.166305  0.105150     4.152380
 0.196631  0.847356  0.493279     2.959973
-0.007065  0.504313 -0.863492    -4.626593
>structures/GlnRS_AF_Bact_Cutibacterium_avidum_44067_gene29843447.pdb
-0.866830  0.374957  0.328652     4.617308
 0.453181  0.317613  0.832916     2.029965
 0.207923  0.870936 -0.445240    -4.539022
>structures/GlnRS_AF_Bact_Pasteurella_multocida_subsp_multocida_str_Pm70_gene1243875.pdb
-0.700558  0.395536  0.593944     3.963038
 0.712712  0.429224  0.554805     0.661914
-0.035490  0.811984 -0.582599    -5.453667
>structures/GlnRS_AF_Bact_Porphyromonas_gingivalis_ATCC_33277_gene29257033.pdb
-0.998066 -0.004673  0.061994     3.749789
 0.005566  0.986450  0.163966     2.145926
-0.061920  0.163994 -0.984516    -3.732106
>structures/GlnRS_AF_Bact_Thermus_thermophilus_HB8_gene3168786.pdb
 0.909058 -0.322961 -0.263266     3.729563
 0.382115  0.394252  0.835795     2.796984
-0.166136 -0.860384  0.481807    -2.379588
>structures/GlnRS_AF_Euk_Candida_dubliniensis_CD36_gene8049124.pdb
-0.945601  0.029614  0.323979     2.834364
 0.229560  0.766382  0.599968     0.304400
-0.230524  0.641703 -0.731489    -1.077206
>structures/GlnRS_AF_Euk_Dictyostelium_discoideum_AX4_gene8627167.pdb
 0.999997 -0.001385  0.001945     0.008846
 0.001384  0.999999  0.000333     0.019885
-0.001946 -0.000331  0.999998    -0.018947
>structures/GlnRS_AF_Euk_Encephalitozoon_romaleae_SJ-2008_gene20564565.pdb
 0.958792  0.043194 -0.280808     2.424399
 0.080822  0.906073  0.415330     1.019866
 0.272372 -0.420910  0.865244    -2.223836
>structures/GlnRS_AF_Euk_Myodes_glareolus_gene125393344.pdb
-0.251675  0.002693  0.967808    -0.901545
-0.249920 -0.966260 -0.062303     0.538227
 0.934986 -0.257555  0.243857    -9.749692
>structures/GlnRS_AF_Mito_Cyanidioschyzon_merolae_strain_10D_gene16997184.pdb
 0.909208 -0.351801 -0.222659     4.547927
 0.405302  0.625542  0.666654     0.545153
-0.095247 -0.696371  0.711334     0.257401
>structures/GlnRS_Bact_D_radio_2HZ7.pdb
 0.622490 -0.727657 -0.288135    40.484261
-0.573956 -0.174162 -0.800151    81.992664
 0.532054  0.663463 -0.526057   -10.144358
>structures/GlnRS_Bact_E_coli_1QTQ.pdb
-0.227014 -0.853997  0.468139    20.423238
 0.963237 -0.267798 -0.021426   -31.857497
 0.143664  0.446064  0.883395   -29.602411
>structures/GlnRS_PDB_Euk_T_gondii_4P2B.pdb
 0.855783 -0.515980 -0.037404   -43.425011
 0.220742  0.429589 -0.875629     7.029151
 0.467876  0.741092  0.481533  -112.259750
