>structures/AsnRS_AF_Arch_Candidatus_Korarchaeum_cryptofilum_OPF8_gene6094562.pdb
-0.803960  0.447427  0.391737     1.497341
 0.568398  0.384464  0.727400     4.411351
 0.174850  0.807463 -0.563410     3.427087
>structures/AsnRS_AF_Arch_Candidatus_Nitrososphaera_gargensis_Ga92_gene13796664.pdb
 0.945182 -0.256411 -0.202200     2.735388
 0.223432  0.959391 -0.172181     3.930641
 0.238138  0.117564  0.964090     4.446187
>structures/AsnRS_AF_Arch_Ferroplasma_acidarmanus_Fer1_gene16025664.pdb
 0.295452 -0.447796 -0.843912     3.438819
 0.811080 -0.349211  0.469256    11.818701
-0.504834 -0.823122  0.260023     7.009204
>structures/AsnRS_AF_Arch_Pyrococcus_sp_ST04_gene13021535.pdb
 0.336440 -0.509567 -0.791928     3.965440
 0.857336 -0.182168  0.481445    11.065315
-0.389592 -0.840926  0.375581     7.132134
>structures/AsnRS_AF_Bact_Clostridium_acetobutylicum_DSM_1731_gene44999755.pdb
 0.953664 -0.232509 -0.190958     1.274056
 0.172506  0.942539 -0.286116     4.982278
 0.246510  0.239917  0.938974     4.728391
>structures/AsnRS_AF_Bact_Mycoplasma_hyopneumoniae_168-L_gene57101291.pdb
 0.448818 -0.553584 -0.701503     3.959339
 0.884977  0.166407  0.434885    12.881970
-0.124011 -0.815998  0.564595     9.246306
>structures/AsnRS_AF_Bact_Porphyromonas_gingivalis_ATCC_33277_gene29256423.pdb
 0.351447 -0.512420 -0.783524     3.007218
 0.881618 -0.100461  0.461148    10.994386
-0.315015 -0.852838  0.416452     6.244731
>structures/AsnRS_AF_Bact_Streptobacillus_moniliformis_DSM_12112_gene29673200.pdb
 0.969882 -0.126942 -0.207883     1.891418
 0.066705  0.959258 -0.274546     4.467849
 0.234265  0.252410  0.938834     5.359838
>structures/AsnRS_AF_Bact_Thermus_thermophilus_HB8_gene3168522.pdb
 0.416189 -0.586463 -0.694872     2.070768
 0.908440  0.300988  0.290073    15.731708
 0.039031 -0.751975  0.658035    13.536349
>structures/AsnRS_AF_Bact_Treponema_pallidum_subsp_pertenue_str_SamoaD_gene57879132.pdb
 0.951945 -0.253535 -0.171816     1.594329
 0.224210  0.959065 -0.172984     2.919517
 0.208640  0.126149  0.969823     4.193604
>structures/AsnRS_AF_Bact_unclassified_Blastocatellia_proteinRPI49177.1.pdb
 0.597920 -0.575528 -0.557906     3.690181
 0.783187  0.567630  0.253800    13.108744
 0.170616 -0.588697  0.790143    12.805828
>structures/AsnRS_AF_Euk_Candida_albicans_SC5314_gene3646227.pdb
 0.270830 -0.510807 -0.815921     1.719647
 0.952452  0.019284  0.304076    11.107627
-0.139590 -0.859479  0.491742    15.025663
>structures/AsnRS_AF_Euk_Cryptococcus_gattii_WM276_gene10190222.pdb
 0.217748 -0.573231 -0.789932     0.831810
 0.975811  0.111725  0.187911     7.835977
-0.019461 -0.811741  0.583693    16.474247
>structures/AsnRS_AF_Euk_Encephalitozoon_intestinalis_ATCC_50506_gene9698489.pdb
 0.387087 -0.377154 -0.841379     4.826348
 0.847215 -0.214610  0.485972    11.563134
-0.363854 -0.900943  0.236458     8.962195
>structures/AsnRS_AF_Euk_Vitis_vinifera_gene100257593.pdb
 0.999977 -0.000320  0.006828    -0.203168
 0.000208  0.999866  0.016343    -0.399178
-0.006833 -0.016341  0.999843    -0.244836
>structures/AsnRS_AF_Mito_Homo_sapiens_gene79731.pdb
-0.504405  0.540252  0.673575     1.280032
 0.485607 -0.467539  0.738643     6.323803
 0.713976  0.699668 -0.026521     5.692965
>structures/AsnRS_AF_Mito_Zeugodacus_cucurbitae_gene105213230.pdb
-0.206670 -0.689668  0.694007     2.721939
-0.907933 -0.129151 -0.398719     4.352964
 0.364616 -0.712515 -0.599481     5.974800
>structures/AsnRS_PDB_Arch_P_horikoshii_1X54.pdb
 0.584846  0.579133  0.567944   -12.049517
 0.381312 -0.814281  0.437663    -3.878974
 0.715931 -0.039401 -0.697059    30.566422
>structures/AsnRS_PDB_Bact_E_anophelis_6pqh.pdb
 0.915432  0.260421 -0.306865    -3.246438
-0.357372  0.175258 -0.917371   -51.359499
-0.185122  0.949456  0.253503    17.304148
>structures/AsnRS_PDB_Euk_S_cerevisiae_1asz.pdb
-0.187554  0.399038 -0.897548   -16.383935
-0.152732  0.890802  0.427954   -35.183250
 0.970307  0.217349 -0.106127   -87.059560
