>../../../../class2/lys//data/domains/Catalytic_domain/structures/LysRS-II_AF_Arch_Aciduliprofundum_boonei_T469_gene8827564.pdb
-0.709841  0.119385 -0.694171    -5.085893
-0.365360 -0.904988  0.217965    10.213568
-0.602195  0.408343  0.686016    15.889921
>../../../../class2/lys//data/domains/Catalytic_domain/structures/LysRS-II_AF_Arch_Archaeoglobus_sulfaticallidus_PM70-1_gene15393615.pdb
-0.047845  0.995712 -0.079176    -8.744467
-0.942167 -0.071312 -0.327470     4.629591
-0.331711  0.058929  0.941539    16.980584
>../../../../class2/lys//data/domains/Catalytic_domain/structures/LysRS-II_AF_Arch_Candidatus_Woesearchaeota_archaeon_proteinMBS3172198.1.pdb
 0.681595  0.615376  0.395905    -7.994835
-0.651140  0.756925 -0.055518     6.801191
-0.333834 -0.219949  0.916612    15.812680
>../../../../class2/lys//data/domains/Catalytic_domain/structures/LysRS-II_AF_Arch_Thermogladius_calderae_1633_gene13013549.pdb
-0.574949 -0.547535 -0.607980    -4.129076
 0.140843 -0.798219  0.585670     8.664662
-0.805976  0.251101  0.536051    14.825525
>../../../../class2/lys//data/domains/Catalytic_domain/structures/LysRS-II_AF_Bact_Chlamydia_muridarum_str_Nigg_gene1245697.pdb
-0.608798 -0.562714 -0.559212    -3.790492
 0.164106 -0.778977  0.605198     9.481531
-0.776167  0.276673  0.566584    16.573806
>../../../../class2/lys//data/domains/Catalytic_domain/structures/LysRS-II_AF_Bact_Cupriavidus_taiwanensis_LMG_19424_gene29762375.pdb
 0.017669  0.999826 -0.005949    -8.353941
-0.939777  0.014576 -0.341476     1.671557
-0.341330  0.011624  0.939872    15.810102
>../../../../class2/lys//data/domains/Catalytic_domain/structures/LysRS-II_AF_Bact_Leuconostoc_gelidum_JB7_gene61037106.pdb
-0.136975  0.985979  0.095307    -4.994095
-0.909575 -0.087086 -0.406312     6.684930
-0.392315 -0.142343  0.908750    14.470135
>../../../../class2/lys//data/domains/Catalytic_domain/structures/LysRS-II_AF_Bact_Mycobacterium_intracellulare_ATCC_13950_gene11907187.pdb
-0.148268  0.977374 -0.150857    -9.151058
-0.908809 -0.194811 -0.368936     2.639528
-0.389977  0.082399  0.917130    15.659278
>../../../../class2/lys//data/domains/Catalytic_domain/structures/LysRS-II_AF_Bact_Mycoplasma_hyopneumoniae_168-L_gene57101062.pdb
-0.119664  0.987017  0.107136    -4.919329
-0.939460 -0.077672 -0.333740     8.784070
-0.321086 -0.140587  0.936557    13.875773
>../../../../class2/lys//data/domains/Catalytic_domain/structures/LysRS-II_AF_Bact_Porphyromonas_gingivalis_ATCC_33277_gene29256363.pdb
-0.586278  0.155839 -0.794980    -5.558741
-0.300060 -0.953299  0.034412    11.663726
-0.752491  0.258717  0.605659    15.760104
>../../../../class2/lys//data/domains/Catalytic_domain/structures/LysRS-II_AF_Bact_Prochlorococcus_marinus_subsp_marinus_str_CCMP1375_gene54201108.pdb
-0.297675  0.942798 -0.150074    -4.293884
-0.838219 -0.333355 -0.431583     7.628196
-0.456923 -0.002676  0.889502    14.766868
>../../../../class2/lys//data/domains/Catalytic_domain/structures/LysRS-II_AF_Bact_Streptobacillus_moniliformis_DSM_12112_gene29673899.pdb
-0.373603  0.839177 -0.395224   -10.154236
-0.790033 -0.511144 -0.338495     3.718385
-0.486074  0.185777  0.853943    14.515155
>../../../../class2/lys//data/domains/Catalytic_domain/structures/LysRS-II_AF_Euk_Ostreococcus_tauri_gene9837657.pdb
 0.045208  0.998920  0.010713    -8.946897
-0.939553  0.046160 -0.339277     2.954373
-0.339405  0.005273  0.940626    17.174604
>../../../../class2/lys//data/domains/Catalytic_domain/structures/LysRS-II_AF_Euk_Solanum_lycopersicum_gene778357.pdb
-0.803099 -0.155358 -0.575235    -4.883697
 0.146816  0.884050 -0.443735     5.071022
 0.577474 -0.440817 -0.687171    15.854896
>../../../../class2/lys//data/domains/Catalytic_domain/structures/LysRS-II_AF_Euk_Theileria_annulata_gene3864794.pdb
-0.667159  0.532641 -0.520761    -7.033631
 0.604978  0.795316  0.038407     2.393049
 0.434627 -0.289425 -0.852838    13.967032
>../../../../class2/lys//data/domains/Catalytic_domain/structures/LysRS-II_AF_Euk_Zootoca_vivipara_gene118086243.pdb
 0.799698  0.062181  0.597174    -1.838986
-0.351757  0.854570  0.382068     5.585025
-0.486570 -0.515600  0.705271    15.388343
>../../../../class2/lys//data/domains/Catalytic_domain/structures/LysRS-II_AF_Mito_Malus_domestica_gene103446975.pdb
 0.187543  0.975286  0.116807    -7.630492
-0.906312  0.217664 -0.362243     1.577778
-0.378715 -0.037928  0.924736    16.572774
>../../../../class2/lys//data/domains/Catalytic_domain/structures/LysRS-II_AF_Mito_Scheffersomyces_stipitis_CBS_6054_gene4837999.pdb
 0.046810  0.979908  0.193878    -6.914360
-0.928767  0.114141 -0.352653     1.190913
-0.367697 -0.163560  0.915449    16.778031
>../../../../class2/lys//data/domains/Catalytic_domain/structures/LysRS-II_PDB_Bact_G_stearothermophilus_3E9H.pdb
 0.864115  0.452509  0.220318   -27.986031
-0.324119  0.165442  0.931437    14.591155
 0.385034 -0.876279  0.289628   -92.028892
>../../../../class2/ser1//data/domains/Catalytic_domain/structures/SerRS_AF_Arch_Candidatus_Methanomassiliicoccus_intestinalis_Issoire-Mx1_gene16154337.pdb
-0.174298  0.361441 -0.915959    -1.513423
-0.359219 -0.889432 -0.282618     5.095692
-0.916832  0.279770  0.284863    -0.093889
>../../../../class2/ser1//data/domains/Catalytic_domain/structures/SerRS_AF_Arch_Methanospirillum_hungatei_JF-1_gene3924775.pdb
 0.999834  0.009368  0.015657    -0.114332
-0.009312  0.999950 -0.003687     0.136761
-0.015690  0.003540  0.999871    -0.103508
>../../../../class2/ser1//data/domains/Catalytic_domain/structures/SerRS_AF_Arch_Nitrosopumilus_maritimus_SCM1_gene5773574.pdb
-0.970070  0.241597  0.024383    -5.065407
 0.231533  0.890027  0.392739     2.038600
 0.073183  0.386630 -0.919327    -2.623409
>../../../../class2/ser1//data/domains/Catalytic_domain/structures/SerRS_AF_Arch_Thermoproteus_uzoniensis_768-20_gene10361450.pdb
-0.767539  0.591683  0.246566    -6.370270
 0.602018  0.533297  0.594280     4.187237
 0.220133  0.604571 -0.765530    -1.490715
>../../../../class2/ser1//data/domains/Catalytic_domain/structures/SerRS_AF_Bact_Bifidobacterium_longum_subsp_longum_JCM_1217_gene69578844.pdb
 0.138378 -0.742396 -0.655515     0.823361
 0.678909 -0.410789  0.608551     2.714847
-0.721065 -0.529245  0.447175     1.988441
>../../../../class2/ser1//data/domains/Catalytic_domain/structures/SerRS_AF_Bact_Brucella_suis_1330_gene45051948.pdb
-0.464727  0.818446  0.337899    -1.671836
 0.767208  0.181673  0.615131     1.381830
 0.442065  0.545107 -0.712346    -2.046563
>../../../../class2/ser1//data/domains/Catalytic_domain/structures/SerRS_AF_Bact_Chlamydia_psittaci_6BC_gene12242544.pdb
 0.733641  0.650052 -0.197995    -2.728862
-0.621872  0.524794 -0.581262     2.349410
-0.273944  0.549566  0.789260    -0.749549
>../../../../class2/ser1//data/domains/Catalytic_domain/structures/SerRS_AF_Bact_Clostridium_acetobutylicum_DSM_1731_gene44996495.pdb
-0.908828  0.414137  0.050219    -0.172567
 0.409686  0.863333  0.294642    -0.794665
 0.078667  0.288353 -0.954287    -0.827939
>../../../../class2/ser1//data/domains/Catalytic_domain/structures/SerRS_AF_Bact_Mycoplasma_hyopneumoniae_168-L_gene57101125.pdb
 0.868133  0.486809  0.096759    -0.254989
-0.459668  0.862114 -0.213226     3.316162
-0.187218  0.140631  0.972200    -0.930510
>../../../../class2/ser1//data/domains/Catalytic_domain/structures/SerRS_AF_Bact_Prochlorococcus_marinus_subsp_marinus_str_CCMP1375_gene54200639.pdb
-0.438311  0.631897  0.639210    -1.726269
 0.724887 -0.171967  0.667058     7.523602
 0.531435  0.755734 -0.382679    -0.125688
>../../../../class2/ser1//data/domains/Catalytic_domain/structures/SerRS_AF_Bact_Streptobacillus_moniliformis_DSM_12112_gene29673293.pdb
-0.571969  0.763855  0.298959    -1.705053
 0.731887  0.310663  0.606490     0.501582
 0.370395  0.565697 -0.736746    -1.686083
>../../../../class2/ser1//data/domains/Catalytic_domain/structures/SerRS_AF_Bact_Treponema_pallidum_subsp_pertenue_str_SamoaD_gene57879171.pdb
 0.978885  0.195297 -0.060359    -1.891556
-0.202654  0.965835 -0.161535     0.545996
 0.026750  0.170356  0.985019    -0.770507
>../../../../class2/ser1//data/domains/Catalytic_domain/structures/SerRS_AF_Euk_Cyanidioschyzon_merolae_strain_10D_gene16995416.pdb
 0.839584 -0.525172 -0.138899    -0.074257
 0.527041  0.725531  0.442530     0.105509
-0.131629 -0.444746  0.885931     0.979476
>../../../../class2/ser1//data/domains/Catalytic_domain/structures/SerRS_AF_Euk_Thunnus_albacares_gene122982782.pdb
 0.202625 -0.748122 -0.631868     2.183987
 0.746971 -0.299168  0.593745     2.778143
-0.633228 -0.592294  0.498206     0.261467
>../../../../class2/ser1//data/domains/Catalytic_domain/structures/SerRS_AF_Euk_Trichomonas_vaginalis_G3_gene4762654.pdb
 0.859608  0.394450  0.324782    -0.530402
-0.248874  0.878368 -0.408083     2.296148
-0.446246  0.269962  0.853220     0.386294
>../../../../class2/ser1//data/domains/Catalytic_domain/structures/SerRS_AF_Euk_Vitis_vinifera_gene100261399.pdb
 0.455455 -0.783875 -0.422019     0.861249
 0.754142  0.087796  0.650816     1.447201
-0.473107 -0.614680  0.631141     1.432577
>../../../../class2/ser1//data/domains/Catalytic_domain/structures/SerRS_AF_Mito_Cervus_elaphus_gene122688911.pdb
-0.333383  0.680309  0.652714    -1.625993
 0.739656 -0.240562  0.628522     9.199660
 0.584607  0.692322 -0.422995     0.043316
>../../../../class2/ser1//data/domains/Catalytic_domain/structures/SerRS_AF_Mito_Drechmeria_coniospora_gene63718051.pdb
 0.706596  0.703843  0.072991     0.610792
-0.595345  0.647069 -0.476304     4.097854
-0.382474  0.293100  0.876246    -0.857986
>../../../../class2/ser1//data/domains/Catalytic_domain/structures/SerRS_PDB_Bact_K_pneumoniae_6h9x.pdb
-0.467868  0.461368 -0.753816     2.299629
-0.869900 -0.089732  0.484997    -5.486883
 0.156121  0.882659  0.443327    33.566151
>../../../../class2/ser1//data/domains/Catalytic_domain/structures/SerRS_PDB_Bact_T_thermophilus_1ser.pdb
 0.637113 -0.598528  0.485645   -68.135491
-0.765930 -0.421129  0.485799   101.249961
-0.086245 -0.681479 -0.726738    85.197266
>../../../../class2/ser1//data/domains/Catalytic_domain/structures/SerRS_PDB_Euk_B_taurus_1wle.pdb
-0.120391  0.147689  0.981679   -67.657166
-0.959076  0.237980 -0.153422    74.780057
-0.256279 -0.959976  0.112994    45.157489
