>structures/GluRS_AF_Bact_Bifidobacterium_animalis_subsp_lactis_BLC1_gene66532600.pdb
-0.897118 -0.337551 -0.285024     0.011407
-0.271149  0.930042 -0.247991     2.855446
 0.348794 -0.145194 -0.925884     1.114983
>structures/GluRS_AF_Bact_Chlamydia_psittaci_6BC_gene12242467.pdb
-0.829470 -0.072256 -0.553859     9.064386
-0.401521  0.766449  0.501335    -1.463945
 0.388280  0.638228 -0.664759    -0.130413
>structures/GluRS_AF_Bact_[Eubacterium]_eligens_ATCC_27750_gene41357084.pdb
-0.985238  0.161954 -0.055463     0.670611
 0.126785  0.908025  0.399270     5.375538
 0.115025  0.386344 -0.915154    -0.824459
>structures/GluRS_AF_Bact_Mycoplasma_hyopneumoniae_168-L_gene57101016.pdb
-0.998662 -0.051709 -0.000884     1.729913
-0.049429  0.949305  0.310445     2.773665
-0.015214  0.310074 -0.950591     0.320462
>structures/GluRS_AF_Bact_Paracoccus_denitrificans_PD1222_gene75500422.pdb
-0.993192  0.029805  0.112608     0.991135
 0.078359  0.886242  0.456547     3.717984
-0.086190  0.462262 -0.882544    -1.476624
>structures/GluRS_AF_Bact_Porphyromonas_gingivalis_ATCC_33277_gene29255772.pdb
-0.088767  0.044247 -0.995069     1.327255
 0.252179 -0.965466 -0.065427     3.942892
-0.963601 -0.256743  0.074544     1.650452
>structures/GluRS_AF_Bact_Prochlorococcus_marinus_subsp_marinus_str_CCMP1375_gene54199839.pdb
 0.293850  0.877884 -0.378117     1.129659
-0.622093 -0.124691 -0.772951     3.429276
-0.725709  0.462355  0.509485     0.146892
>structures/GluRS_AF_Bact_Treponema_pallidum_subsp_pertenue_str_SamoaD_gene57879197.pdb
-0.967062 -0.174108 -0.185681     0.659923
-0.213216  0.952532  0.217305     2.588832
 0.139033  0.249737 -0.958280     3.286625
>structures/GluRS_AF_Euk_Arabidopsis_thaliana_gene836526.pdb
 0.992070  0.049783  0.115404     4.005747
-0.054787  0.997672  0.040600    -0.309682
-0.113114 -0.046601  0.992489     4.169081
>structures/GluRS_AF_Euk_Cryptococcus_neoformans_var_grubii_H99_gene23890400.pdb
-0.196969  0.292779 -0.935673    -1.378706
-0.001857 -0.954479 -0.298272     4.915606
-0.980408 -0.057013  0.188546     3.311699
>structures/GluRS_AF_Euk_Ostreococcus_tauri_proteinOUS48355.1.pdb
 0.810898 -0.570425 -0.130612     4.966462
 0.547473  0.660669  0.513604     3.677071
-0.206681 -0.487988  0.848028     3.848383
>structures/GluRS_AF_Euk_Plasmodium_knowlesi_strain_H_gene7321821.pdb
-0.936324 -0.300398 -0.181822     2.073683
-0.334898  0.919628  0.205248     1.353795
 0.105552  0.253071 -0.961673     0.684740
>structures/GluRS_AF_Mito_Cyanidioschyzon_merolae_strain_10D_gene16997617.pdb
 0.825845 -0.537521 -0.170442     2.151144
 0.536616  0.656257  0.530444     3.479002
-0.173272 -0.529526  0.830409     3.563448
>structures/GluRS_AF_Mito_Drosophila_melanogaster_gene39828.pdb
 1.000000  0.000000  0.000000     0.000000
 0.000000  1.000000  0.000000     0.000000
 0.000000  0.000000  1.000000     0.000000
>structures/GluRS_PDB_Bact_T_therm_1J09.pdb
-0.358188  0.402200 -0.842577     8.290419
 0.038068 -0.895414 -0.443604    30.218315
-0.932873 -0.190969  0.305416    43.210134
