>structures/Alanyl.A.Candidatus_Thermoplasmatota.NC_013926.1.pdb
-0.527635  0.582538  0.618265    11.361941
 0.848957  0.386940  0.359930    -7.523361
-0.029559  0.714792 -0.698713     4.407161
>structures/Alanyl.A.Crenarchaeota.NC_020247.1.pdb
 0.163860  0.174184 -0.970984     8.582714
-0.889371 -0.399778 -0.221803    -6.722164
-0.426813  0.899910  0.089406     4.112122
>structures/Alanyl.A.Thaumarchaeota.NC_010085.1.pdb
-0.225464 -0.901057  0.370488    11.020150
 0.317778 -0.427498 -0.846323    -6.743570
 0.920968 -0.073082  0.382722     4.839793
>structures/Alanyl.B.Actinobacteria.NC_010572.1.pdb
 0.876795  0.480472  0.019409     3.604841
-0.478153  0.875421 -0.070763    -2.610047
-0.050990  0.052764  0.997304     1.133069
>structures/Alanyl.B.Bacteroidota.NC_010729.1.pdb
 1.000000 -0.000000  0.000000     0.000000
 0.000000  1.000000  0.000000     0.000000
-0.000000  0.000000  1.000000     0.000000
>structures/Alanyl.B.Chlamydiae.NC_017287.1.pdb
 0.923314 -0.271950 -0.271174     2.648628
 0.369721  0.820477  0.436032    -4.388481
 0.103913 -0.502853  0.858103     2.120618
>structures/Alanyl.B.Cyanobacteria.NC_005042.1.pdb
 0.973300  0.046915  0.224691     1.437572
-0.218329  0.491365  0.843145    -5.932461
-0.070849 -0.869689  0.488488     0.839289
>structures/Alanyl.B.Firmicutes.NC_008525.1.pdb
 0.889110  0.112553 -0.443638     4.175963
-0.279597  0.900974 -0.331770   -16.537259
 0.362364  0.419021  0.832535     6.531240
>structures/Alanyl.B.Fusobacteria.NC_013515.1.pdb
 0.950108  0.087094 -0.299516     3.350463
 0.105819  0.813286  0.572161   -11.088664
 0.293424 -0.575309  0.763494     6.210422
>structures/Alanyl.B.Spirochaetes.NC_014330.1.pdb
 0.587704  0.607149 -0.534765     5.408939
-0.181396 -0.545254 -0.818409   -10.626647
-0.788479  0.577987 -0.210314    -1.967302
