>structures/CysRS_AF_Arch_Aciduliprofundum_boonei_T469_gene8827372.pdb
-0.045023  0.165028 -0.985261     0.168492
 0.559566 -0.812854 -0.161721     4.243324
-0.827562 -0.558600 -0.055747    -5.498635
>structures/CysRS_AF_Arch_Candidatus_Nitrosopumilus_sediminis_gene13696907.pdb
-0.105030 -0.242538 -0.964440     2.392630
 0.712381 -0.695028  0.097206     1.038037
-0.693889 -0.676839  0.245779     1.935467
>structures/CysRS_AF_Arch_Methanospirillum_hungatei_JF-1_gene3922979.pdb
 0.946241 -0.215818 -0.240936     5.068807
 0.212986  0.976314 -0.038061     1.265519
 0.243443 -0.015301  0.969794    -6.384727
>structures/CysRS_AF_Arch_Pyrobaculum_ferrireducens_gene11593896.pdb
 0.998257  0.057361  0.013874     1.995592
-0.049214  0.938879 -0.340711    -0.605188
-0.032569  0.339434  0.940066    -1.376162
>structures/CysRS_AF_Bact_Bordetella_avium_197N_gene41394405.pdb
 0.919595 -0.362875 -0.150557     2.760841
 0.391983  0.821762  0.413590     0.535542
-0.026360 -0.439351  0.897929    -1.723466
>structures/CysRS_AF_Bact_Lactobacillus_amylovorus_GRL1118_gene66523130.pdb
 0.969994 -0.189240 -0.152641     2.100625
 0.197306  0.979549  0.039413     0.277438
 0.142061 -0.068347  0.987495    -2.827236
>structures/CysRS_AF_Bact_Mycobacterium_canettii_CIPT_140010059_gene45427568.pdb
-0.134477 -0.717718  0.683225     2.388337
-0.811158 -0.316291 -0.491917     1.342784
 0.569156 -0.620355 -0.539649    -2.531890
>structures/CysRS_AF_Bact_Mycoplasma_hyopneumoniae_168-L_gene57101512.pdb
 0.999698 -0.016114 -0.018542     4.514551
 0.013271  0.989431 -0.144394     0.808901
 0.020673  0.144104  0.989347    -2.862443
>structures/CysRS_AF_Bact_Porphyromonas_gingivalis_ATCC_33277_gene29256960.pdb
 0.072787 -0.157698 -0.984801     1.806411
 0.780416 -0.605823  0.154693     5.719534
-0.621010 -0.779814  0.078974    -2.933096
>structures/CysRS_AF_Bact_Prochlorococcus_marinus_subsp._marinus_str._CCMP1375_gene54200571.pdb
 0.833043  0.552972 -0.016166     3.134673
-0.397492  0.577981 -0.712698     1.566413
-0.384758  0.600134  0.701285    -4.082201
>structures/CysRS_AF_Bact_Streptobacillus_moniliformis_DSM_12112_gene29673427.pdb
 0.054187  0.425838 -0.903175    -0.080395
 0.229297 -0.885640 -0.403813     2.393652
-0.971847 -0.185214 -0.145634    -7.586993
>structures/CysRS_AF_Bact_Treponema_pallidum_subsp._pertenue_str._SamoaD_gene57878631.pdb
-0.042159 -0.119819 -0.991900     2.792687
 0.754888 -0.654172  0.046937     5.211131
-0.654497 -0.746795  0.118029    -4.917972
>structures/CysRS_AF_Euk_Arabidopsis_thaliana_gene833874.pdb
 1.000000  0.000000  0.000000    -0.000000
 0.000000  1.000000  0.000000     0.000000
 0.000000  0.000000  1.000000     0.000000
>structures/CysRS_AF_Euk_Cyanidioschyzon_merolae_strain_10D_gene16993418.pdb
 0.689846  0.721145  0.063733    -2.621567
-0.368551  0.425596 -0.826461    -3.420606
-0.623123  0.546642  0.559374     4.297395
>structures/CysRS_AF_Euk_Micromonas_commoda_gene8246535.pdb
-0.283596 -0.175006  0.942839     0.245979
-0.448405 -0.844892 -0.291701    -0.057356
 0.847647 -0.505499  0.161135     0.806228
>structures/CysRS_AF_Mito_Morone_saxatilis_gene118339815.pdb
 0.190930 -0.182023 -0.964579     2.968309
 0.883137 -0.397110  0.249747    -2.188457
-0.428504 -0.899539  0.084931    -3.149056
>structures/CysRS_AF_Mito_Saccharomyces_cerevisiae_S288C_gene855474.pdb
 0.336166  0.223099 -0.914997     1.013340
 0.640440 -0.766481  0.048408     2.728054
-0.690528 -0.602273 -0.400547     1.965804
>structures/CysRS_PDB_Bact_E_coli_1LI5.pdb
 0.353244 -0.924631  0.142391    50.071065
 0.333507 -0.017743 -0.942580    27.509824
 0.874066  0.380450  0.302104  -125.726507
>structures/CysRS_PDB_Bact_M_smegmatis_3C8Z.pdb
-0.811239  0.164906 -0.560978    12.201808
-0.005051  0.957394  0.288740     4.857163
 0.584692  0.237071 -0.775843   -53.070695
