>../../../../class2/asp2//data/domains/Catalytic_domain/structures/AsxRS_AF_Arch_Candidatus_Korarchaeum_cryptofilum_OPF8_gene6094477.pdb
 0.938174 -0.341632 -0.055823     3.855547
 0.301611  0.727589  0.616153     1.907060
-0.169882 -0.594896  0.785645    -2.789187
>../../../../class2/asp2//data/domains/Catalytic_domain/structures/AsxRS_AF_Arch_Candidatus_Methanomassiliicoccus_intestinalis_Issoire-Mx1_gene16154831.pdb
 0.865187 -0.484380 -0.129719     2.716036
 0.432652  0.590300  0.681438     1.636202
-0.253502 -0.645695  0.720288    -1.976037
>../../../../class2/asp2//data/domains/Catalytic_domain/structures/AsxRS_AF_Arch_Candidatus_Nitrosopumilus_koreensis_AR1_gene13725312.pdb
 0.486171 -0.734592 -0.473300     5.749942
 0.685413 -0.015424  0.727992     6.584703
-0.542077 -0.678334  0.496000    -1.811972
>../../../../class2/asp2//data/domains/Catalytic_domain/structures/AsxRS_AF_Arch_Methanobacterium_lacus_gene10277817.pdb
 0.013452 -0.549191 -0.835589     2.637803
 0.520492 -0.709676  0.474814     7.428546
-0.853761 -0.441304  0.276303    -3.194447
>../../../../class2/asp2//data/domains/Catalytic_domain/structures/AsxRS_AF_Bact_Candidatus_Liptonbacteria_bacterium_proteinMBI4085034.1.pdb
-0.668980 -0.741531  0.050963     1.448812
-0.586918  0.484935 -0.648356    -4.819944
 0.456062 -0.463649 -0.759630    -1.342519
>../../../../class2/asp2//data/domains/Catalytic_domain/structures/AsxRS_AF_Bact_Clostridium_acetobutylicum_DSM_1731_gene45000055.pdb
 0.999302  0.008438  0.036394     2.196125
-0.010562  0.998227  0.058581     0.358959
-0.035836 -0.058924  0.997619    -2.091286
>../../../../class2/asp2//data/domains/Catalytic_domain/structures/AsxRS_AF_Bact_Spirochaetes_bacterium_GWE1_32_154_proteinOHD39701.1.pdb
 0.313247 -0.565461 -0.762974     3.690838
 0.597627 -0.507006  0.621118     1.896297
-0.738050 -0.650537  0.179117    -1.782444
>../../../../class2/asp2//data/domains/Catalytic_domain/structures/AsxRS_AF_Bact_Tropheryma_whipplei_TW08_27_gene67388547.pdb
 0.033597  0.447319  0.893743     3.209683
 0.681333 -0.664497  0.306968     1.717646
 0.731202  0.598623 -0.327098    -1.770622
>../../../../class2/asp2//data/domains/Catalytic_domain/structures/AsxRS_AF_Euk_Caenorhabditis_elegans_gene176334.pdb
 1.000000  0.000000  0.000000     0.000000
 0.000000  1.000000  0.000000     0.000000
 0.000000  0.000000  1.000000     0.000000
>../../../../class2/asp2//data/domains/Catalytic_domain/structures/AsxRS_AF_Euk_Cryptococcus_neoformans_var_neoformans_JEC21_gene3258977.pdb
 0.289268 -0.809162 -0.511450     0.317825
 0.318528 -0.422480  0.848558   -12.289118
-0.902698 -0.408372  0.135531    -1.799963
>../../../../class2/asp2//data/domains/Catalytic_domain/structures/AsxRS_AF_Euk_Thalassiosira_pseudonana_CCMP1335_gene7443135.pdb
 0.995653 -0.092405  0.011645     1.811777
 0.090013  0.986824  0.134449     0.890188
-0.023915 -0.132816  0.990852    -1.201107
>../../../../class2/asp2//data/domains/Catalytic_domain/structures/AsxRS_AF_Euk_Theileria_orientalis_strain_Shintoku_gene20715543.pdb
 0.994941  0.089656 -0.045321    -0.872924
-0.095041  0.986210 -0.135487    -0.009637
 0.032549  0.139109  0.989742     0.375511
>../../../../class2/asp2//data/domains/Catalytic_domain/structures/AsxRS_PDB_Arch_T_kodarensis_1b8a.pdb
 0.315766 -0.541832  0.778916   -27.241191
-0.733105 -0.660478 -0.162249    39.217431
 0.602369 -0.519795 -0.605776     3.677563
>../../../../class2/asp2//data/domains/Catalytic_domain/structures/AsxRS_PDB_Bact_T_thermophilus_1n9w.pdb
 0.635542 -0.742298  0.212321   -35.056965
-0.653678 -0.663680 -0.363640    45.913989
 0.410843  0.092318 -0.907020    41.535455
>../../../../class2/asp2//data/domains/Catalytic_domain/structures/AsxRS_PDB_Euk_S_cerevisiae_1EOV.pdb
-0.254280  0.060533  0.965234   -51.900313
 0.631813 -0.745229  0.213180     1.073090
 0.732225  0.664055  0.151251   -16.176410
>../../../../class2/sep//data/domains/Catalytic_domain/structures/SepRS_AF_Arch_Methanothrix_thermoacetophila_PT_gene4462697.pdb
 0.801025 -0.574791  0.167254    -1.385481
 0.324598  0.651801  0.685414    -0.420491
-0.502986 -0.494743  0.708685     6.903322
>../../../../class2/sep//data/domains/Catalytic_domain/structures/SepRS_AF_Arch_unclassified_Candidatus_Bathyarchaeota_proteinUCD26266.1.pdb
-0.927243 -0.181950 -0.327284    -3.991773
-0.315141  0.851249  0.419597    -8.806002
 0.202255  0.492209 -0.846654     4.626570
>../../../../class2/sep//data/domains/Catalytic_domain/structures/SepRS_AF_Arch_unclassified_Lokiarchaeota_proteinTFF69421.1.pdb
 0.198657 -0.909136  0.366070    -0.604396
-0.554427 -0.412250 -0.722952   -10.634460
 0.808174 -0.059340 -0.585946     7.419140
>../../../../class2/sep//data/domains/Catalytic_domain/structures/SepRS_AF_Arch_unclassified_Thermoprotei_proteinRLF12424.1.pdb
-0.483333  0.776127  0.404989    -6.582019
 0.771060  0.158348  0.616759    -4.696842
 0.414555  0.610371 -0.674976     3.762512
>../../../../class2/sep//data/domains/Catalytic_domain/structures/SepRS_PDB_Arch_2DU4_A_fulgidus.pdb
 0.453303  0.412723 -0.790048   -55.603557
 0.883768 -0.092696  0.458652   -14.220208
 0.116062 -0.906127 -0.406771    53.718418
>../../../../class2/sep//data/domains/Catalytic_domain/structures/SepRS_PDB_Arch_2ODR_M_maripadulis.pdb
 0.677039 -0.423302  0.602025   -62.056197
-0.710101 -0.590631  0.383291    41.220199
 0.193327 -0.687001 -0.700467    21.314238
