>../../../../class2/asp2//data/domains/Catalytic_domain/structures/Asp_Arch_1b8a_T_kodarensis.pdb
-0.100159 -0.663672 -0.741288    32.153427
 0.965362  0.115584 -0.233916   -13.791375
 0.240925 -0.739040  0.629107    34.706735
>../../../../class2/asp2//data/domains/Catalytic_domain/structures/Aspartyl.E.Apicomplexa.NC_011903.2.pdb
-0.037310 -0.442335  0.896073    -2.115682
-0.769932 -0.558901 -0.307952    13.999795
 0.637034 -0.701405 -0.319715    54.586057
>../../../../class2/asp2//data/domains/Catalytic_domain/structures/Aspartyl.E.Rhodophyta.NC_010136.1.pdb
-0.071792 -0.450313  0.889980    -1.260148
-0.800554 -0.506216 -0.320715    13.307572
 0.594945 -0.735502 -0.324158    54.612995
>../../../../class2/asp2//data/domains/Catalytic_domain/structures/Asp_Bact_1n9w_T_thermophilus.pdb
-0.266017 -0.172446 -0.948418    65.974271
 0.791771  0.522112 -0.317013     6.161620
 0.549848 -0.835261 -0.002353    33.687836
>../../../../class2/asp2//data/domains/Catalytic_domain/structures/Asp_Euk_1EOV_S_cerevisiae.pdb
 1.000000  0.000000  0.000000     0.000000
 0.000000  1.000000  0.000000     0.000000
 0.000000  0.000000  1.000000     0.000000
>../../../../class2/sep//data/domains/Catalytic_domain/structures/Sep_Arch_2DU4_A_fulgidus.pdb
 0.539767 -0.816567  0.204623    41.223751
-0.528742 -0.518003 -0.672387    57.484330
 0.655045  0.254740 -0.711354     2.223898
>../../../../class2/sep//data/domains/Catalytic_domain/structures/Sep_Arch_2DU6_A_fulgidus.pdb
 0.532487 -0.823318  0.196481    41.675181
-0.541036 -0.509581 -0.669034    57.018594
 0.650951  0.249949 -0.716790     3.114763
>../../../../class2/sep//data/domains/Catalytic_domain/structures/Sep_Arch_2ODR_M_maripadulis.pdb
-0.498170 -0.753663 -0.428741    56.636446
 0.704544 -0.063619 -0.706803    -5.862581
 0.505415 -0.654175  0.562681     6.023172
