>../../../../class2/pro1//data/domains/Catalytic_domain/structures/ProRS-A_AF_Arch_Candidatus_Nitrosopumilus_sediminis_gene13697692.pdb
 0.076768  0.604595 -0.792825     3.580961
-0.211251 -0.767256 -0.605551     4.034597
-0.974412  0.213972  0.068821    -4.693459
>../../../../class2/pro1//data/domains/Catalytic_domain/structures/ProRS-A_AF_Arch_Halogeometricum_borinquense_DSM_11551_gene9994169.pdb
-0.994006  0.094431  0.055085     3.836923
 0.109300  0.868849  0.482861     4.682987
-0.002263  0.485988 -0.873962    -5.023093
>../../../../class2/pro1//data/domains/Catalytic_domain/structures/ProRS-A_AF_Arch_Picrophilus_torridus_DSM_9790_gene2845069.pdb
-0.954138 -0.293708 -0.057941     2.790444
-0.299319  0.939463  0.166787     5.939355
 0.005447  0.176480 -0.984289    -3.629116
>../../../../class2/pro1//data/domains/Catalytic_domain/structures/ProRS-A_AF_Arch_Sulfurisphaera_tokodaii_str_7_gene1459472.pdb
 0.044967  0.010531 -0.998933     3.210711
 0.392466 -0.919732  0.007971     4.507477
-0.918667 -0.392405 -0.045491    -4.364439
>../../../../class2/pro1//data/domains/Catalytic_domain/structures/ProRS-A_AF_Bact_Bacillus_anthracis_str_Ames_Ancestor_gene45020455.pdb
-0.040628 -0.140903  0.989189     3.385160
 0.175906 -0.975553 -0.131736     5.112240
 0.983568  0.168652  0.064421    -4.481705
>../../../../class2/pro1//data/domains/Catalytic_domain/structures/ProRS-A_AF_Bact_Mycoplasma_hyopneumoniae_168-L_gene57101275.pdb
-0.800527  0.455225  0.389779     2.738549
 0.554347  0.315334  0.770236     2.712984
 0.227720  0.832667 -0.504786    -4.435002
>../../../../class2/pro1//data/domains/Catalytic_domain/structures/ProRS-A_AF_Bact_Porphyromonas_gingivalis_ATCC_33277_gene29256199.pdb
-0.999237 -0.011197  0.037418     3.228270
 0.008566  0.871876  0.489653     4.171321
-0.038107  0.489599 -0.871114    -3.376777
>../../../../class2/pro1//data/domains/Catalytic_domain/structures/ProRS-A_AF_Bact_Thermus_thermophilus_HB8_gene3169620.pdb
-0.932724  0.286778  0.218596     2.471931
 0.353561  0.608210  0.710686     3.692994
 0.070857  0.740161 -0.668686    -4.333549
>../../../../class2/pro1//data/domains/Catalytic_domain/structures/ProRS-A_AF_Euk_Cryptococcus_gattii_WM276_gene10188341.pdb
-0.893153  0.337062  0.297769     2.163640
 0.447716  0.729265  0.517420     2.809988
-0.042749  0.595451 -0.802253    -7.065080
>../../../../class2/pro1//data/domains/Catalytic_domain/structures/ProRS-A_AF_Euk_Ostreococcus_tauri_gene9837972.pdb
-0.747165  0.562825  0.353515    -1.212549
 0.594709  0.328651  0.733696     7.726711
 0.296759  0.758430 -0.580274    -8.134923
>../../../../class2/pro1//data/domains/Catalytic_domain/structures/ProRS-A_AF_Euk_Plasmodium_yoelii_gene3807174.pdb
-0.033680  0.129653  0.990987     6.472871
-0.090085 -0.987907  0.126188     5.542417
 0.995364 -0.085023  0.044953    -3.939238
>../../../../class2/pro1//data/domains/Catalytic_domain/structures/ProRS-A_AF_Euk_Scheffersomyces_stipitis_CBS_6054_gene4840393.pdb
-0.996505 -0.020419  0.080997     0.380666
-0.005250  0.983056  0.183231     0.588858
-0.083366  0.182166 -0.979727    -6.210586
>../../../../class2/pro1//data/domains/Catalytic_domain/structures/ProRS-A_AF_Mito_Mauremys_reevesii_gene120369760.pdb
-0.455571 -0.732915  0.505262     4.722454
-0.744136  0.002018 -0.668025     2.897893
 0.488586 -0.680317 -0.546308    -2.321811
>../../../../class2/pro1//data/domains/Catalytic_domain/structures/ProRS-A_AF_Mito_Oryza_sativa_Japonica_Group_gene4342480.pdb
-0.875143  0.423700  0.233675    -1.446429
 0.469550  0.627052  0.621554     6.047622
 0.116826  0.653670 -0.747708    -8.484241
>../../../../class2/pro1//data/domains/Catalytic_domain/structures/ProRS-A_PDB_Arch_M_janacshii_1nj8.pdb
-0.247450 -0.859019 -0.448169    85.827838
 0.438380  0.313239 -0.842439   -17.339783
 0.864055 -0.404930  0.299066   -81.254152
>../../../../class2/pro2//data/domains/Catalytic_domain/structures/ProRS-B_AF_Bact_Acinetobacter_baylyi_ADP1_gene45233245.pdb
-0.943945  0.330094  0.002460     1.221510
 0.113857  0.318576  0.941034     0.146715
 0.309846  0.888565 -0.338302     1.546339
>../../../../class2/pro2//data/domains/Catalytic_domain/structures/ProRS-B_AF_Bact_Brachyspira_pilosicoli_95_1000_gene56438966.pdb
-0.212880  0.570606  0.793153     1.385789
 0.060468 -0.802510  0.593567     1.482465
 0.975205  0.174319  0.136335     0.486816
>../../../../class2/pro2//data/domains/Catalytic_domain/structures/ProRS-B_AF_Bact_Chlamydia_psittaci_6BC_gene12242703.pdb
 0.949407  0.311845  0.037138    -1.178564
-0.159218  0.579887 -0.798988    -0.501901
-0.270696  0.752651  0.600200    -1.963730
>../../../../class2/pro2//data/domains/Catalytic_domain/structures/ProRS-B_AF_Bact_Clostridium_acetobutylicum_DSM_1731_gene44999665.pdb
-0.877735  0.448262  0.169240     0.816139
 0.242638  0.111258  0.963716     0.808785
 0.413167  0.886952 -0.206420     0.685283
>../../../../class2/pro2//data/domains/Catalytic_domain/structures/ProRS-B_AF_Bact_Corynebacterium_ulcerans_809_gene75260584.pdb
 0.999757 -0.008818 -0.020208    -0.107813
 0.008999  0.999920  0.008896     0.026472
 0.020128 -0.009075  0.999756     0.191366
>../../../../class2/pro2//data/domains/Catalytic_domain/structures/ProRS-B_AF_Bact_Prochlorococcus_marinus_subsp_marinus_str_CCMP1375_gene54199876.pdb
-0.913846  0.404377  0.036941     1.086822
 0.175473  0.311227  0.933995    -0.514570
 0.366190  0.860010 -0.355371     1.145269
>../../../../class2/pro2//data/domains/Catalytic_domain/structures/ProRS-B_AF_Bact_Streptobacillus_moniliformis_DSM_12112_gene29673723.pdb
-0.961796 -0.217664 -0.166048     1.604622
-0.273733  0.754807  0.596102     1.806448
-0.004416  0.618781 -0.785551     0.761948
>../../../../class2/pro2//data/domains/Catalytic_domain/structures/ProRS-B_AF_Euk_Candida_albicans_SC5314_gene3640100.pdb
-0.963868  0.246328  0.101396     1.422719
 0.238981  0.631484  0.737642     2.355313
 0.117672  0.735221 -0.667535    -2.607379
>../../../../class2/pro2//data/domains/Catalytic_domain/structures/ProRS-B_PDB_Bact_S_aureus_5znj.pdb
-0.983540  0.111526 -0.142167     6.173883
-0.168784 -0.286159  0.943199   -18.681502
 0.064509  0.951670  0.300273    -5.290913
>../../../../class2/pro2//data/domains/Catalytic_domain/structures/ProRS_PDB_Bact_E_faecalis_2J3M.pdb
-0.893669 -0.240476 -0.378850    28.877863
-0.447196  0.407599  0.796165     8.555747
-0.037040  0.880928 -0.471798    17.326506
