>../../../../class1/gln//data/domains/Catalytic_domain/structures/GlnRS_AF_Bact_Anaerostipes_hadrus_gene15230984.pdb
 0.452785  0.850152  0.268752    40.200526
 0.749659 -0.199808 -0.630942    15.974068
-0.482698  0.487153 -0.727794    13.732480
>../../../../class1/gln//data/domains/Catalytic_domain/structures/GlnRS_AF_Bact_Cutibacterium_avidum_44067_gene29843447.pdb
 0.695236  0.379607  0.610366    39.609798
 0.667696 -0.026662 -0.743956    15.869958
-0.266138  0.924764 -0.271998    14.327881
>../../../../class1/gln//data/domains/Catalytic_domain/structures/GlnRS_AF_Bact_Pasteurella_multocida_subsp_multocida_str_Pm70_gene1243875.pdb
 0.841936  0.456670  0.287394    38.426908
 0.366284 -0.092615 -0.925883    16.206480
-0.396206  0.884802 -0.245247    13.134816
>../../../../class1/gln//data/domains/Catalytic_domain/structures/GlnRS_AF_Bact_Porphyromonas_gingivalis_ATCC_33277_gene29257033.pdb
 0.241586  0.968323 -0.063139    40.182810
 0.796481 -0.235039 -0.557113    16.884284
-0.554306  0.084301 -0.828033    14.591142
>../../../../class1/gln//data/domains/Catalytic_domain/structures/GlnRS_AF_Bact_Thermus_thermophilus_HB8_gene3168786.pdb
 0.132715  0.294654  0.946344    41.395352
-0.953588 -0.222414  0.202981    17.202205
 0.270290 -0.929361  0.251461    15.446148
>../../../../class1/gln//data/domains/Catalytic_domain/structures/GlnRS_AF_Euk_Candida_dubliniensis_CD36_gene8049124.pdb
 0.413394  0.838538  0.354909    39.188534
 0.612548  0.032287 -0.789774    19.360132
-0.673714  0.543886 -0.500297    16.504295
>../../../../class1/gln//data/domains/Catalytic_domain/structures/GlnRS_AF_Euk_Dictyostelium_discoideum_AX4_gene8627167.pdb
-0.249110  0.951058  0.182846    39.706865
-0.834188 -0.306624  0.458380    22.514340
 0.492011 -0.038341  0.869744    15.933290
>../../../../class1/gln//data/domains/Catalytic_domain/structures/GlnRS_AF_Euk_Encephalitozoon_romaleae_SJ-2008_gene20564565.pdb
-0.140962  0.763312  0.630464    39.330932
-0.712674 -0.520267  0.470552    19.157785
 0.687187 -0.382985  0.617330    15.094133
>../../../../class1/gln//data/domains/Catalytic_domain/structures/GlnRS_AF_Euk_Myodes_glareolus_gene125393344.pdb
 0.025472 -0.963336 -0.267086    38.478970
 0.742333  0.197170 -0.640364    18.718107
 0.669547 -0.181955  0.720139     7.599023
>../../../../class1/gln//data/domains/Catalytic_domain/structures/GlnRS_AF_Mito_Cyanidioschyzon_merolae_strain_10D_gene16997184.pdb
 0.119288  0.542954  0.831247    38.949759
-0.927103 -0.238707  0.288962    18.639525
 0.355318 -0.805121  0.474900    18.501886
>../../../../class1/gln//data/domains/Catalytic_domain/structures/GlnRS_Bact_D_radio_2HZ7.pdb
-0.594058  0.147721 -0.790743   105.306509
-0.161639  0.941025  0.297229   -42.747714
 0.788016  0.304386 -0.535145    17.226119
>../../../../class1/gln//data/domains/Catalytic_domain/structures/GlnRS_Bact_E_coli_1QTQ.pdb
 1.000000  0.000000  0.000000     0.000000
 0.000000  1.000000  0.000000     0.000000
 0.000000  0.000000  1.000000     0.000000
>../../../../class1/gln//data/domains/Catalytic_domain/structures/GlnRS_PDB_Euk_T_gondii_4P2B.pdb
 0.111990  0.696213 -0.709046    31.561280
-0.517016  0.650175  0.556747    -1.649189
 0.848618  0.304238  0.432766  -101.652428
>../../../../class1/trp2//data/domains/Catalytic_domain/structures/TrpRS-B_AF_Bact_Anoxybacillus_flavithermus_WK1_gene7038388.pdb
 0.252151 -0.895207 -0.367457    46.569096
 0.909589  0.348853 -0.225719    30.613313
 0.330254 -0.277320  0.902234    15.782874
>../../../../class1/trp2//data/domains/Catalytic_domain/structures/TrpRS-B_AF_Bact_Brachyspira_pilosicoli_95_1000_gene56440833.pdb
-0.074938  0.720038  0.689876    43.497034
-0.299480 -0.676135  0.673166    28.393952
 0.951155 -0.156159  0.266305    11.291820
>../../../../class1/trp2//data/domains/Catalytic_domain/structures/TrpRS-B_AF_Bact_Helicobacter_cinaedi_PAGU611_gene66538868.pdb
 0.447733 -0.892761 -0.050122    47.899719
 0.849478  0.442187 -0.287852    29.853964
 0.279146  0.086304  0.956363    15.325603
>../../../../class1/trp2//data/domains/Catalytic_domain/structures/TrpRS-B_AF_Bact_Mycoplasma_hyopneumoniae_168-L_gene57101461.pdb
 0.636352 -0.771378 -0.005662    47.658871
 0.722007  0.598175 -0.347696    28.112015
 0.271592  0.217169  0.937590    14.303691
>../../../../class1/trp2//data/domains/Catalytic_domain/structures/TrpRS-B_AF_Bact_Porphyromonas_gingivalis_ATCC_33277_gene29255389.pdb
 0.235579  0.942863  0.235609    43.484962
 0.065244  0.226542 -0.971814    27.342979
-0.969663  0.244311 -0.008148    12.283538
>../../../../class1/trp2//data/domains/Catalytic_domain/structures/TrpRS-B_AF_Bact_Prochlorococcus_marinus_subsp_marinus_str_CCMP1375_gene54200405.pdb
-0.512661 -0.827652 -0.228409    42.717811
-0.808338  0.375586  0.453348    24.319998
-0.289428  0.417046 -0.861571     7.210821
>../../../../class1/trp2//data/domains/Catalytic_domain/structures/TrpRS-B_AF_Bact_Streptomyces_albidoflavus_gene15147734.pdb
 0.647253  0.626808  0.433792    43.947806
 0.075898  0.513255 -0.854874    28.773603
-0.758487  0.586244  0.284632    12.049993
>../../../../class1/trp2//data/domains/Catalytic_domain/structures/TrpRS-B_AF_Bact_Thermus_thermophilus_HB8_gene3168998.pdb
 0.007613 -0.994416  0.105257    43.431625
-0.989451  0.007737  0.144661    28.275244
-0.144667 -0.105248 -0.983867    12.282271
>../../../../class1/trp2//data/domains/Catalytic_domain/structures/TrpRS-B_AF_Mito_Bufo_gargarizans_gene122922343.pdb
 0.450692 -0.601023  0.660037    43.038287
-0.850940 -0.512702  0.114184    27.121571
 0.269775 -0.613114 -0.742505    12.340223
>../../../../class1/trp2//data/domains/Catalytic_domain/structures/TrpRS-B_AF_Mito_Cyanidioschyzon_merolae_strain_10D_gene16992222.pdb
 0.136508  0.747954  0.649562    44.117092
-0.357327 -0.574382  0.736480    29.707604
 0.923950 -0.332641  0.188856    17.661857
>../../../../class1/trp2//data/domains/Catalytic_domain/structures/TrpRS-B_PDB_Bact_G_stearo_1I6M.pdb
-0.788787 -0.576198  0.214033    90.079514
 0.013478  0.331913  0.943214   -17.308804
-0.614518  0.746880 -0.254042    41.564635
>../../../../class1/trp2//data/domains/Catalytic_domain/structures/TrpRS-B_PDB_Bact_Y_pestis_3N9I.pdb
-0.009292  0.367697  0.929899     2.134136
-0.725693 -0.642264  0.246710    94.836409
 0.687956 -0.672529  0.272803    33.144598
