>../../../../class2/asn//data/domains/Catalytic_domain/structures/AsnRS_AF_Arch_Candidatus_Korarchaeum_cryptofilum_OPF8_gene6094562.pdb
-0.612090  0.706009  0.356226    -1.446355
 0.751113  0.378157  0.541134     1.603838
 0.247336  0.598789 -0.761759    -1.551950
>../../../../class2/asn//data/domains/Catalytic_domain/structures/AsnRS_AF_Arch_Candidatus_Nitrososphaera_gargensis_Ga92_gene13796664.pdb
 1.000000  0.000000  0.000000     0.000000
 0.000000  1.000000  0.000000     0.000000
 0.000000  0.000000  1.000000     0.000000
>../../../../class2/asn//data/domains/Catalytic_domain/structures/AsnRS_AF_Arch_Ferroplasma_acidarmanus_Fer1_gene16025664.pdb
 0.299306 -0.742397 -0.599386     1.985562
 0.624867 -0.322224  0.711135     8.850659
-0.721080 -0.587383  0.367456    -0.354455
>../../../../class2/asn//data/domains/Catalytic_domain/structures/AsnRS_AF_Arch_Pyrococcus_sp_ST04_gene13021535.pdb
 0.352222 -0.721774 -0.595804     2.566964
 0.664878 -0.255068  0.702053     8.048036
-0.658694 -0.643415  0.390051     0.131795
>../../../../class2/asn//data/domains/Catalytic_domain/structures/AsnRS_AF_Bact_Clostridium_acetobutylicum_DSM_1731_gene44999755.pdb
 0.995068  0.085557 -0.050194    -1.956994
-0.083197  0.995407  0.047356    -0.018796
 0.054016 -0.042947  0.997616    -0.131690
>../../../../class2/asn//data/domains/Catalytic_domain/structures/AsnRS_AF_Bact_Mycoplasma_hyopneumoniae_168-L_gene57101291.pdb
 0.599056 -0.687352 -0.410705     3.956350
 0.657560  0.129635  0.742165     7.502742
-0.456888 -0.714662  0.529634     0.455784
>../../../../class2/asn//data/domains/Catalytic_domain/structures/AsnRS_AF_Bact_Porphyromonas_gingivalis_ATCC_33277_gene29256423.pdb
 0.470833 -0.673964 -0.569288     2.433325
 0.643849 -0.178655  0.744003     6.376461
-0.603138 -0.716836  0.349815    -0.362195
>../../../../class2/asn//data/domains/Catalytic_domain/structures/AsnRS_AF_Bact_Streptobacillus_moniliformis_DSM_12112_gene29673200.pdb
 0.983590  0.176384 -0.037939    -1.480621
-0.175462  0.984132  0.026422     0.031569
 0.041997 -0.019332  0.998931    -0.230037
>../../../../class2/asn//data/domains/Catalytic_domain/structures/AsnRS_AF_Bact_Thermus_thermophilus_HB8_gene3168522.pdb
 0.657851 -0.694388 -0.291646     4.436523
 0.609463  0.263310  0.747812     7.521307
-0.442478 -0.669697  0.596422     1.214099
>../../../../class2/asn//data/domains/Catalytic_domain/structures/AsnRS_AF_Bact_Treponema_pallidum_subsp_pertenue_str_SamoaD_gene57879132.pdb
 0.999870 -0.002107 -0.016001    -1.118871
 0.003433  0.996523  0.083244    -0.569723
 0.015770 -0.083288  0.996401    -0.062689
>../../../../class2/asn//data/domains/Catalytic_domain/structures/AsnRS_AF_Bact_unclassified_Blastocatellia_proteinRPI49177.1.pdb
 0.803852 -0.571630 -0.164506     4.559417
 0.517530  0.535775  0.667164     5.642870
-0.293233 -0.621438  0.726519     1.835231
>../../../../class2/asn//data/domains/Catalytic_domain/structures/AsnRS_AF_Euk_Candida_albicans_SC5314_gene3646227.pdb
 0.381712 -0.767722 -0.514684     1.255062
 0.741912 -0.077604  0.665991     7.129872
-0.551237 -0.636067  0.539960     4.533354
>../../../../class2/asn//data/domains/Catalytic_domain/structures/AsnRS_AF_Euk_Cryptococcus_gattii_WM276_gene10190222.pdb
 0.357356 -0.785746 -0.504877    -0.028176
 0.814907 -0.001794  0.579588     4.900857
-0.456314 -0.618547  0.639669     6.785756
>../../../../class2/asn//data/domains/Catalytic_domain/structures/AsnRS_AF_Euk_Encephalitozoon_intestinalis_ATCC_50506_gene9698489.pdb
 0.385992 -0.633373 -0.670707     1.731820
 0.646691 -0.332711  0.686363     7.972916
-0.657875 -0.698671  0.281173    -1.213241
>../../../../class2/asn//data/domains/Catalytic_domain/structures/AsnRS_AF_Euk_Vitis_vinifera_gene100257593.pdb
 0.965805  0.229768  0.120117    -1.994606
-0.249351  0.950082  0.187534    -3.011711
-0.071032 -0.211072  0.974886    -1.929731
>../../../../class2/asn//data/domains/Catalytic_domain/structures/AsnRS_AF_Mito_Solanum_lycopersicum_gene543755.pdb
 0.929676 -0.330832  0.162027    -0.659929
 0.170216  0.775859  0.607511    -3.884983
-0.326694 -0.537209  0.777610    -0.744763
>../../../../class2/asn//data/domains/Catalytic_domain/structures/AsnRS_AF_Mito_Zeugodacus_cucurbitae_gene105213230.pdb
-0.430747 -0.792821  0.431151     0.567382
-0.630069 -0.077847 -0.772627    -1.833280
 0.646119 -0.604462 -0.466000     2.526812
>../../../../class2/asn//data/domains/Catalytic_domain/structures/AsnRS_PDB_Arch_P_horikoshii_1X54.pdb
 0.766141  0.452318  0.456548   -10.045750
 0.421347 -0.889930  0.174615     2.144191
 0.485278  0.058585 -0.872395    29.474628
>../../../../class2/asn//data/domains/Catalytic_domain/structures/AsnRS_PDB_Bact_E_anophelis_6pqh.pdb
 0.781525  0.448862 -0.433292   -14.462834
-0.598014  0.341090 -0.725284   -47.083857
-0.177761  0.825942  0.534996    28.459769
>../../../../class2/asn//data/domains/Catalytic_domain/structures/AsnRS_PDB_Euk_S_cerevisiae_1asz.pdb
 0.039782  0.595323 -0.802501   -49.887550
-0.022421  0.803466  0.594928   -40.236767
 0.998957 -0.005674  0.045311   -78.187251
>../../../../class2/asp2//data/domains/Catalytic_domain/structures/AsxRS_AF_Arch_Candidatus_Korarchaeum_cryptofilum_OPF8_gene6094477.pdb
 0.893770 -0.394088 -0.214172     0.677557
 0.432345  0.629868  0.645247     2.135939
-0.119384 -0.669298  0.733340    -1.106347
>../../../../class2/asp2//data/domains/Catalytic_domain/structures/AsxRS_AF_Arch_Candidatus_Methanomassiliicoccus_intestinalis_Issoire-Mx1_gene16154831.pdb
 0.810812 -0.507189 -0.292136    -0.523074
 0.544930  0.471961  0.693040     1.734785
-0.213625 -0.721119  0.659054    -0.364188
>../../../../class2/asp2//data/domains/Catalytic_domain/structures/AsxRS_AF_Arch_Candidatus_Nitrosopumilus_koreensis_AR1_gene13725312.pdb
 0.424305 -0.663933 -0.615758     1.753495
 0.719700 -0.165419  0.674291     7.090753
-0.549542 -0.729266  0.407645    -0.291853
>../../../../class2/asp2//data/domains/Catalytic_domain/structures/AsxRS_AF_Arch_Methanobacterium_lacus_gene10277817.pdb
 0.011703 -0.397315 -0.917608    -1.371275
 0.468714 -0.808429  0.356019     7.328380
-0.883272 -0.434263  0.176766    -1.977636
>../../../../class2/asp2//data/domains/Catalytic_domain/structures/AsxRS_AF_Bact_Candidatus_Liptonbacteria_bacterium_proteinMBI4085034.1.pdb
-0.603972 -0.766479  0.218468    -0.750568
-0.663202  0.331304 -0.671119    -4.889636
 0.442019 -0.550226 -0.708428     0.515996
>../../../../class2/asp2//data/domains/Catalytic_domain/structures/AsxRS_AF_Bact_Clostridium_acetobutylicum_DSM_1731_gene45000055.pdb
 0.988362 -0.140749 -0.057713    -0.781215
 0.146577  0.982634  0.113782     0.283672
 0.040696 -0.120917  0.991828    -0.356361
>../../../../class2/asp2//data/domains/Catalytic_domain/structures/AsxRS_AF_Bact_Spirochaetes_bacterium_GWE1_32_154_proteinOHD39701.1.pdb
 0.281393 -0.425588 -0.860054     0.370240
 0.600934 -0.620605  0.503713     2.064365
-0.748129 -0.658577  0.081117    -0.081357
>../../../../class2/asp2//data/domains/Catalytic_domain/structures/AsxRS_AF_Bact_Tropheryma_whipplei_TW08_27_gene67388547.pdb
-0.137381  0.486068  0.863055    -0.153748
 0.716591 -0.552764  0.425381     1.853863
 0.683830  0.676897 -0.272373    -0.145861
>../../../../class2/asp2//data/domains/Catalytic_domain/structures/AsxRS_AF_Euk_Caenorhabditis_elegans_gene176334.pdb
 0.985378 -0.147180 -0.085843    -3.105488
 0.152372  0.986654  0.057412    -0.186332
 0.076247 -0.069653  0.994653     1.507612
>../../../../class2/asp2//data/domains/Catalytic_domain/structures/AsxRS_AF_Euk_Cryptococcus_neoformans_var_neoformans_JEC21_gene3258977.pdb
 0.317764 -0.700095 -0.639447    -0.846780
 0.308137 -0.561547  0.767930   -12.351564
-0.896704 -0.441058  0.037286     0.590542
>../../../../class2/asp2//data/domains/Catalytic_domain/structures/AsxRS_AF_Euk_Thalassiosira_pseudonana_CCMP1335_gene7443135.pdb
 0.969651 -0.224147 -0.097648    -1.398944
 0.239185  0.952431  0.188854     0.868334
 0.050672 -0.206479  0.977138     0.370251
>../../../../class2/asp2//data/domains/Catalytic_domain/structures/AsxRS_AF_Euk_Theileria_orientalis_strain_Shintoku_gene20715543.pdb
 0.991060 -0.068324 -0.114594    -4.073512
 0.059006  0.994816 -0.082823    -0.283861
 0.119659  0.075320  0.989954     1.753540
>../../../../class2/asp2//data/domains/Catalytic_domain/structures/AsxRS_PDB_Arch_T_kodarensis_1b8a.pdb
 0.364874 -0.393887  0.843635   -35.992181
-0.644741 -0.760588 -0.076261    34.619273
 0.671697 -0.516101 -0.531473     0.480359
>../../../../class2/asp2//data/domains/Catalytic_domain/structures/AsxRS_PDB_Bact_T_thermophilus_1n9w.pdb
 0.685716 -0.642348  0.342320   -48.150700
-0.532386 -0.763331 -0.365910    41.440396
 0.496345  0.068664 -0.865406    37.261194
>../../../../class2/asp2//data/domains/Catalytic_domain/structures/AsxRS_PDB_Euk_S_cerevisiae_1EOV.pdb
-0.406447  0.112551  0.906716   -53.050057
 0.626421 -0.688101  0.366216    -8.009811
 0.665130  0.716833  0.209172   -18.580557
