>../../../../class2/asn//data/domains/Catalytic_domain/structures/AsnRS_AF_Arch_Candidatus_Korarchaeum_cryptofilum_OPF8_gene6094562.pdb
-0.056775 -0.154543 -0.986353    -4.022146
 0.272087 -0.952947  0.133647     3.782842
-0.960596 -0.260786  0.096153    -1.641860
>../../../../class2/asn//data/domains/Catalytic_domain/structures/AsnRS_AF_Arch_Candidatus_Nitrososphaera_gargensis_Ga92_gene13796664.pdb
-0.430747 -0.630069  0.646119    -2.543316
-0.792821 -0.077847 -0.604462     1.834479
 0.431151 -0.772627 -0.466000    -0.483575
>../../../../class2/asn//data/domains/Catalytic_domain/structures/AsnRS_AF_Arch_Ferroplasma_acidarmanus_Fer1_gene16025664.pdb
-0.988831  0.142579  0.043415    -9.159120
 0.148293  0.970367  0.190779    -0.318178
-0.014928  0.195086 -0.980672    -6.272245
>../../../../class2/asn//data/domains/Catalytic_domain/structures/AsnRS_AF_Arch_Pyrococcus_sp_ST04_gene13021535.pdb
-0.996766  0.052280  0.061033    -8.712937
 0.062401  0.982072  0.177878    -0.937831
-0.050639  0.181111 -0.982158    -5.605703
>../../../../class2/asn//data/domains/Catalytic_domain/structures/AsnRS_AF_Bact_Clostridium_acetobutylicum_DSM_1731_gene44999755.pdb
-0.335376 -0.694800  0.636220    -1.808497
-0.811501 -0.129973 -0.569713     3.451870
 0.478528 -0.707361 -0.520241    -1.331021
>../../../../class2/asn//data/domains/Catalytic_domain/structures/AsnRS_AF_Bact_Mycoplasma_hyopneumoniae_168-L_gene57101291.pdb
-0.967544 -0.247540  0.050821    -8.713334
-0.250170  0.966679 -0.054277    -2.213777
-0.035692 -0.065229 -0.997232    -4.731556
>../../../../class2/asn//data/domains/Catalytic_domain/structures/AsnRS_AF_Bact_Porphyromonas_gingivalis_ATCC_33277_gene29256423.pdb
-0.997784 -0.066507 -0.001717    -7.855228
-0.065800  0.982702  0.173110    -0.388572
-0.009826  0.172839 -0.984901    -4.205507
>../../../../class2/asn//data/domains/Catalytic_domain/structures/AsnRS_AF_Bact_Streptobacillus_moniliformis_DSM_12112_gene29673200.pdb
-0.271874 -0.705540  0.654445    -2.077197
-0.788390 -0.226675 -0.571891     3.250721
 0.551839 -0.671440 -0.494614    -1.096667
>../../../../class2/asn//data/domains/Catalytic_domain/structures/AsnRS_AF_Bact_Thermus_thermophilus_HB8_gene3168522.pdb
-0.951330 -0.306307  0.033856    -8.403387
-0.306871  0.931489 -0.195344    -3.042423
 0.028298 -0.196226 -0.980150    -4.918651
>../../../../class2/asn//data/domains/Catalytic_domain/structures/AsnRS_AF_Bact_Treponema_pallidum_subsp_pertenue_str_SamoaD_gene57879132.pdb
-0.418766 -0.680294  0.601527    -1.769192
-0.802469 -0.032834 -0.595790     2.794014
 0.425063 -0.732203 -0.532165    -0.481474
>../../../../class2/asn//data/domains/Catalytic_domain/structures/AsnRS_AF_Bact_unclassified_Blastocatellia_proteinRPI49177.1.pdb
-0.859947 -0.497286  0.114882    -6.903400
-0.502344  0.784889 -0.362766    -3.330321
 0.090228 -0.369670 -0.924772    -3.740465
>../../../../class2/asn//data/domains/Catalytic_domain/structures/AsnRS_AF_Euk_Candida_albicans_SC5314_gene3646227.pdb
-0.988990 -0.026415  0.145603    -4.823061
-0.022555  0.999351  0.028096    -2.543717
-0.146250  0.024503 -0.988944    -7.627801
>../../../../class2/asn//data/domains/Catalytic_domain/structures/AsnRS_AF_Euk_Cryptococcus_gattii_WM276_gene10190222.pdb
-0.963685 -0.056328  0.261035    -1.371105
-0.066848  0.997263 -0.031592    -2.712453
-0.258541 -0.047894 -0.964812    -7.504828
>../../../../class2/asn//data/domains/Catalytic_domain/structures/AsnRS_AF_Euk_Encephalitozoon_intestinalis_ATCC_50506_gene9698489.pdb
-0.998755  0.039690  0.030208    -9.327252
 0.047151  0.948824  0.312266     0.542589
-0.016268  0.313301 -0.949514    -5.319485
>../../../../class2/asn//data/domains/Catalytic_domain/structures/AsnRS_AF_Euk_Vitis_vinifera_gene100257593.pdb
-0.295820 -0.835458  0.463142    -1.086181
-0.697889 -0.142039 -0.701980     4.885156
 0.652259 -0.530881 -0.541039     1.789180
>../../../../class2/asn//data/domains/Catalytic_domain/structures/AsnRS_AF_Mito_Solanum_lycopersicum_gene543755.pdb
-0.713254 -0.698789  0.054439    -0.326962
-0.554474  0.515026 -0.653687     3.180843
 0.428751 -0.496430 -0.754804     2.544184
>../../../../class2/asn//data/domains/Catalytic_domain/structures/AsnRS_AF_Mito_Zeugodacus_cucurbitae_gene105213230.pdb
 1.000000  0.000000  0.000000     0.000000
 0.000000  1.000000  0.000000     0.000000
 0.000000  0.000000  1.000000     0.000000
>../../../../class2/asn//data/domains/Catalytic_domain/structures/AsnRS_PDB_Arch_P_horikoshii_1X54.pdb
-0.279865  0.409658 -0.868249    19.303330
-0.935717 -0.318677  0.151255    -8.224436
-0.214728  0.854766  0.472511   -20.254515
>../../../../class2/asn//data/domains/Catalytic_domain/structures/AsnRS_PDB_Bact_E_anophelis_6pqh.pdb
-0.073291  0.127087  0.989180    51.679148
-0.457954 -0.885385  0.079821     0.089091
 0.885950 -0.447149  0.123091    16.387579
>../../../../class2/asn//data/domains/Catalytic_domain/structures/AsnRS_PDB_Euk_S_cerevisiae_1asz.pdb
 0.634711 -0.772730 -0.005583    -5.456371
-0.635508 -0.526082  0.565125    91.544745
-0.439626 -0.355143 -0.824986    45.739037
>../../../../class2/ser2//data/domains/Catalytic_domain/structures/SerRS-A_AF_Arch_Conexivisphaera_calida_protein1635512986.pdb
 0.095799  0.834297 -0.542929   -13.565699
-0.832170 -0.232158 -0.503583     2.624998
-0.546184  0.500051  0.672036    12.536105
>../../../../class2/ser2//data/domains/Catalytic_domain/structures/SerRS-A_AF_Arch_Ignisphaera_aggregans_protein304378874.pdb
 0.770464  0.635047 -0.055684   -14.635438
-0.617100  0.721066 -0.315042     0.673157
-0.159914  0.277091  0.947443    12.430073
>../../../../class2/ser2//data/domains/Catalytic_domain/structures/SerRS-A_AF_Arch_Methanosarcina_barkeri_protein805401349.pdb
-0.106599 -0.004546 -0.994292   -13.245958
 0.177030 -0.984099 -0.014480     2.158103
-0.978416 -0.177563  0.105709    14.661189
>../../../../class2/ser2//data/domains/Catalytic_domain/structures/SerRS-A_AF_Arch_Unclassified_Thermoplasmata_protein1635512986.pdb
-0.115227  0.742533 -0.659824   -14.281790
-0.747657 -0.502170 -0.434551     3.736366
-0.654012  0.443250  0.613024    15.136023
>../../../../class2/ser2//data/domains/Catalytic_domain/structures/SerRS-A_PDB_Arch_M_barkeri_2cim.pdb
 0.000649  0.694485  0.719507   -72.406535
 0.313314 -0.683420  0.659372   -68.075933
 0.949649  0.225004 -0.218035   -12.974756
>../../../../class2/ser2//data/domains/Catalytic_domain/structures/SerRS-A_PDB_Arch_M_barkeri_2cjb.pdb
-0.028790  0.660271  0.750475   -73.995570
 0.291582 -0.712586  0.638123   -65.977313
 0.956113  0.237197 -0.172007   -17.163515
