>../../../../class1/gln//data/domains/Catalytic_domain/structures/GlnRS_AF_Bact_Anaerostipes_hadrus_gene15230984.pdb
-0.929429  0.357617 -0.090947     1.133233
 0.139168  0.567987  0.811187     2.809646
 0.341751  0.741284 -0.577672    -1.847453
>../../../../class1/gln//data/domains/Catalytic_domain/structures/GlnRS_AF_Bact_Cutibacterium_avidum_44067_gene29843447.pdb
-0.754168  0.603063  0.259897     1.736480
 0.287230 -0.052971  0.956396     2.129718
 0.590534  0.795933 -0.133269    -1.917168
>../../../../class1/gln//data/domains/Catalytic_domain/structures/GlnRS_AF_Bact_Pasteurella_multocida_subsp_multocida_str_Pm70_gene1243875.pdb
-0.649350  0.612282  0.451060     0.852273
 0.604826  0.056241  0.794369     1.556344
 0.461010  0.788636 -0.406845    -3.273523
>../../../../class1/gln//data/domains/Catalytic_domain/structures/GlnRS_AF_Bact_Porphyromonas_gingivalis_ATCC_33277_gene29257033.pdb
-0.983021  0.090720 -0.159500     1.149771
-0.014898  0.826905  0.562144     2.006139
 0.182889  0.554976 -0.811513    -0.797860
>../../../../class1/gln//data/domains/Catalytic_domain/structures/GlnRS_AF_Bact_Thermus_thermophilus_HB8_gene3168786.pdb
 0.845107 -0.524567 -0.103069     1.346111
 0.495416  0.696026  0.519722     2.523200
-0.200890 -0.490283  0.848096     0.484432
>../../../../class1/gln//data/domains/Catalytic_domain/structures/GlnRS_AF_Euk_Candida_dubliniensis_CD36_gene8049124.pdb
-0.956563  0.236005  0.171142     0.817941
 0.258078  0.412495  0.873638    -0.826130
 0.135588  0.879858 -0.455485     0.829826
>../../../../class1/gln//data/domains/Catalytic_domain/structures/GlnRS_AF_Euk_Dictyostelium_discoideum_AX4_gene8627167.pdb
 0.965249  0.057533  0.254919    -1.905190
 0.059091  0.902150 -0.427356    -1.758096
-0.254562  0.427568  0.867400     2.145716
>../../../../class1/gln//data/domains/Catalytic_domain/structures/GlnRS_AF_Euk_Encephalitozoon_romaleae_SJ-2008_gene20564565.pdb
 1.000000  0.000000  0.000000     0.000000
 0.000000  1.000000  0.000000     0.000000
 0.000000  0.000000  1.000000     0.000000
>../../../../class1/gln//data/domains/Catalytic_domain/structures/GlnRS_AF_Euk_Myodes_glareolus_gene125393344.pdb
-0.065939 -0.130220  0.989290    -4.818014
-0.619664 -0.771751 -0.142888     2.428290
 0.782092 -0.622450 -0.029804    -5.457167
>../../../../class1/gln//data/domains/Catalytic_domain/structures/GlnRS_AF_Mito_Cyanidioschyzon_merolae_strain_10D_gene16997184.pdb
 0.886547 -0.462540  0.009519     2.749037
 0.437731  0.845301  0.306363    -1.340031
-0.149751 -0.267438  0.951867     1.453658
>../../../../class1/gln//data/domains/Catalytic_domain/structures/GlnRS_Bact_D_radio_2HZ7.pdb
 0.735541 -0.486844 -0.471128    36.804332
-0.676563 -0.491685 -0.548187    81.262345
 0.035235  0.721962 -0.691035    14.043308
>../../../../class1/gln//data/domains/Catalytic_domain/structures/GlnRS_Bact_E_coli_1QTQ.pdb
-0.140962 -0.712674  0.687187     8.824912
 0.763312 -0.520267 -0.382985   -14.273762
 0.630464  0.470552  0.617330   -43.129531
>../../../../class1/gln//data/domains/Catalytic_domain/structures/GlnRS_PDB_Euk_T_gondii_4P2B.pdb
 0.936280 -0.351250 -0.001929   -64.274892
 0.026287  0.075543 -0.996796    49.868606
 0.350271  0.933229  0.079962   -86.624513
>../../../../class1/leu1//data/domains/Catalytic_domain/structures/LeuRS-B_AF_Bact_Bifidobacterium_longum_subsp_longum_JCM_1217_gene69578373.pdb
 0.302937 -0.714711  0.630410   -12.172028
-0.603872 -0.655703 -0.453202    -7.637947
 0.737270 -0.243396 -0.630231    11.269940
>../../../../class1/leu1//data/domains/Catalytic_domain/structures/LeuRS-B_AF_Bact_Brachyspira_pilosicoli_95_1000_gene56439070.pdb
 0.566827  0.304124  0.765647   -11.245383
 0.274205 -0.946024  0.172772    -7.165973
 0.776865  0.112012 -0.619625     7.712043
>../../../../class1/leu1//data/domains/Catalytic_domain/structures/LeuRS-B_AF_Bact_Chlamydia_psittaci_6BC_gene12243068.pdb
-0.398533  0.745882 -0.533696   -10.416101
-0.423163 -0.665805 -0.614522    -6.684793
-0.813698 -0.019067  0.580975     8.376370
>../../../../class1/leu1//data/domains/Catalytic_domain/structures/LeuRS-B_AF_Bact_Clostridium_botulinum_A_str_ATCC_3502_gene5187707.pdb
 0.652901 -0.741155  0.156233   -10.203630
 0.557539  0.609872  0.563210   -10.800875
-0.512708 -0.280615  0.811409     9.888430
>../../../../class1/leu1//data/domains/Catalytic_domain/structures/LeuRS-B_AF_Bact_Mycoplasma_hyopneumoniae_168-L_gene57101518.pdb
-0.739117  0.648241 -0.183004   -12.220209
 0.462364  0.685840  0.561999    -8.287178
 0.489822  0.330768 -0.806639    10.006163
>../../../../class1/leu1//data/domains/Catalytic_domain/structures/LeuRS-B_AF_Bact_Orientia_tsutsugamushi_str_Ikeda_gene66652454.pdb
-0.249689  0.901027 -0.354692    -9.753580
-0.530934 -0.433714 -0.728012    -7.153658
-0.809793  0.006542  0.586679     9.406504
>../../../../class1/leu1//data/domains/Catalytic_domain/structures/LeuRS-B_AF_Bact_Porphyromonas_gingivalis_ATCC_33277_gene29256038.pdb
 0.486251 -0.014807  0.873694   -10.767668
-0.038308 -0.999256  0.004385    -6.284561
 0.872979 -0.035601 -0.486456     9.049362
>../../../../class1/leu1//data/domains/Catalytic_domain/structures/LeuRS-B_AF_Bact_Thermus_thermophilus_HB8_gene3168656.pdb
 0.714987 -0.664241  0.218122    -4.764375
 0.453432  0.678040  0.578499    -6.400211
-0.532158 -0.314716  0.785978     9.435705
>../../../../class1/leu1//data/domains/Catalytic_domain/structures/LeuRS-B_AF_Euk_Bathycoccus_prasinos_gene19015540.pdb
-0.388932  0.674365 -0.627665   -11.247629
-0.531227 -0.720797 -0.445252    -6.760428
-0.752682  0.160260  0.638582    10.069555
>../../../../class1/leu1//data/domains/Catalytic_domain/structures/LeuRS-B_AF_Euk_Plasmodium_falciparum_3D7_gene2655460.pdb
 0.283734 -0.835621  0.470354    -5.522357
-0.598905 -0.537503 -0.593636    -9.004629
 0.748871 -0.113262 -0.652965     9.548957
>../../../../class1/leu1//data/domains/Catalytic_domain/structures/LeuRS-B_AF_Euk_Thalassiosira_pseudonana_CCMP1335_gene7441753.pdb
 0.519966  0.113732  0.846581    -6.725200
 0.209802 -0.977741  0.002493    -5.492452
 0.828021  0.176319 -0.532253    11.700280
>../../../../class1/leu1//data/domains/Catalytic_domain/structures/LeuRS-B_AF_Mito_Homo_sapiens_gene23395.pdb
-0.324161  0.673298 -0.664521   -12.186948
-0.387357 -0.735335 -0.556090    -8.351235
-0.863061  0.077144  0.499174     7.808567
>../../../../class1/leu1//data/domains/Catalytic_domain/structures/LeuRS-B_AF_Mito_Treponema_denticola_ATCC_35405_gene2739434.pdb
-0.784634 -0.334647 -0.521883   -10.038509
-0.366716  0.929267 -0.044529    -7.531276
 0.499870  0.156444 -0.851854     9.383504
>../../../../class1/leu1//data/domains/Catalytic_domain/structures/LeuRS-B_PDB_Bact_T_therm_2V0C.pdb
 0.179220 -0.045918 -0.982737     4.861867
-0.638505  0.754519 -0.151697    35.098418
 0.748460  0.654669  0.105906    14.430712
