>../../../../class1/gln//data/domains/Catalytic_domain/structures/GlnRS_AF_Bact_Anaerostipes_hadrus_gene15230984.pdb
 0.244512  0.194622 -0.949914     2.161136
-0.195705 -0.949584 -0.244929    -3.368794
-0.949691  0.245791 -0.194096     5.715553
>../../../../class1/gln//data/domains/Catalytic_domain/structures/GlnRS_AF_Bact_Cutibacterium_avidum_44067_gene29843447.pdb
 0.332886  0.608936 -0.719989     2.473286
-0.489401 -0.541082 -0.683898    -2.886236
-0.806023  0.580023  0.117895     6.412769
>../../../../class1/gln//data/domains/Catalytic_domain/structures/GlnRS_AF_Bact_Pasteurella_multocida_subsp_multocida_str_Pm70_gene1243875.pdb
 0.024222  0.534246 -0.844982     1.876598
-0.666542 -0.621313 -0.411937    -1.448067
-0.745074  0.573194  0.341048     5.679908
>../../../../class1/gln//data/domains/Catalytic_domain/structures/GlnRS_AF_Bact_Porphyromonas_gingivalis_ATCC_33277_gene29257033.pdb
 0.222024 -0.090323 -0.970849     3.454946
 0.018902 -0.995114  0.096903    -3.201747
-0.974858 -0.039865 -0.219232     5.811072
>../../../../class1/gln//data/domains/Catalytic_domain/structures/GlnRS_AF_Bact_Thermus_thermophilus_HB8_gene3168786.pdb
-0.523293 -0.780790  0.341368     4.210397
-0.362384 -0.158669 -0.918424    -4.500036
 0.771260 -0.604311 -0.199915     5.898903
>../../../../class1/gln//data/domains/Catalytic_domain/structures/GlnRS_AF_Euk_Arabidopsis_thaliana_gene832718.pdb
 0.034601  0.395405  0.917855    -1.925328
 0.590336 -0.749146  0.300472     0.001561
 0.806416  0.531446 -0.259343     2.059892
>../../../../class1/gln//data/domains/Catalytic_domain/structures/GlnRS_AF_Euk_Candida_dubliniensis_CD36_gene8049124.pdb
 0.008550  0.407143 -0.913324     6.586943
-0.153428 -0.902008 -0.403535    -2.195470
-0.988123  0.143580  0.054755     5.863000
>../../../../class1/gln//data/domains/Catalytic_domain/structures/GlnRS_AF_Euk_Encephalitozoon_romaleae_SJ-2008_gene20564565.pdb
-0.065939 -0.619664  0.782092     5.455037
-0.130220 -0.771751 -0.622450    -2.150179
 0.989290 -0.142888 -0.029804     4.950740
>../../../../class1/gln//data/domains/Catalytic_domain/structures/GlnRS_AF_Euk_Myodes_glareolus_gene125393344.pdb
 1.000000  0.000000  0.000000     0.000000
 0.000000  1.000000  0.000000     0.000000
 0.000000  0.000000  1.000000     0.000000
>../../../../class1/gln//data/domains/Catalytic_domain/structures/GlnRS_AF_Mito_Cyanidioschyzon_merolae_strain_10D_gene16997184.pdb
-0.448755 -0.702978  0.551761     7.256061
-0.361530 -0.421832 -0.831477    -2.448148
 0.817260 -0.572608 -0.064849     7.810584
>../../../../class1/gln//data/domains/Catalytic_domain/structures/GlnRS_Bact_D_radio_2HZ7.pdb
 0.403167  0.899725 -0.167188   -36.391539
 0.399593 -0.008725  0.916651   -78.379762
 0.823275 -0.436371 -0.363041    29.237330
>../../../../class1/gln//data/domains/Catalytic_domain/structures/GlnRS_Bact_E_coli_1QTQ.pdb
 0.025472  0.742333  0.669547   -19.963116
-0.963336  0.197170 -0.181955    34.760216
-0.267086 -0.640364  0.720139    16.791224
>../../../../class1/gln//data/domains/Catalytic_domain/structures/GlnRS_PDB_Euk_T_gondii_4P2B.pdb
 0.185340  0.705719  0.683820   -88.276211
-0.359994 -0.598738  0.715484    22.202404
 0.914360 -0.378779  0.143084   -64.083401
>../../../../class1/leu1//data/domains/Catalytic_domain/structures/LeuRS-B_AF_Bact_Bifidobacterium_longum_subsp_longum_JCM_1217_gene69578373.pdb
 0.931138  0.270787 -0.244246    19.692670
-0.050103  0.758424  0.649833    -1.699365
 0.361208 -0.592847  0.719764    -6.252307
>../../../../class1/leu1//data/domains/Catalytic_domain/structures/LeuRS-B_AF_Bact_Brachyspira_pilosicoli_95_1000_gene56439070.pdb
 0.370408  0.671705 -0.641568    16.585879
-0.806822  0.574906  0.136095    -0.191929
 0.460257  0.467221  0.754896    -4.857459
>../../../../class1/leu1//data/domains/Catalytic_domain/structures/LeuRS-B_AF_Bact_Chlamydia_psittaci_6BC_gene12243068.pdb
-0.316134  0.347786  0.882669    16.679679
 0.908623  0.378602  0.176254    -1.289481
-0.272881  0.857733 -0.435695    -4.139953
>../../../../class1/leu1//data/domains/Catalytic_domain/structures/LeuRS-B_AF_Bact_Clostridium_botulinum_A_str_ATCC_3502_gene5187707.pdb
-0.786148 -0.563607  0.253610    20.781906
-0.186057 -0.175489 -0.966740     1.282577
 0.589367 -0.807187  0.033097    -3.963947
>../../../../class1/leu1//data/domains/Catalytic_domain/structures/LeuRS-B_AF_Bact_Mycoplasma_hyopneumoniae_168-L_gene57101518.pdb
 0.130962 -0.217997 -0.967123    19.231927
-0.557164 -0.823074  0.110080    -0.484064
-0.820010  0.524430 -0.229252    -6.154830
>../../../../class1/leu1//data/domains/Catalytic_domain/structures/LeuRS-B_AF_Bact_Orientia_tsutsugamushi_str_Ikeda_gene66652454.pdb
-0.265048  0.236591  0.934759    17.947776
 0.954617  0.200973  0.219812    -1.330933
-0.135856  0.950597 -0.279121    -4.015233
>../../../../class1/leu1//data/domains/Catalytic_domain/structures/LeuRS-B_AF_Bact_Porphyromonas_gingivalis_ATCC_33277_gene29256038.pdb
 0.664994  0.610383 -0.430368    17.090527
-0.592587  0.781950  0.193376    -1.475305
 0.454559  0.126436  0.881697    -4.940474
>../../../../class1/leu1//data/domains/Catalytic_domain/structures/LeuRS-B_AF_Bact_Thermus_thermophilus_HB8_gene3168656.pdb
-0.736145 -0.636330  0.230598    17.297091
-0.102909 -0.231514 -0.967373    -2.266085
 0.668955 -0.735857  0.104943     0.992112
>../../../../class1/leu1//data/domains/Catalytic_domain/structures/LeuRS-B_AF_Euk_Bathycoccus_prasinos_gene19015540.pdb
-0.218774  0.543998  0.810064    18.276063
 0.935453  0.353112  0.015506    -1.653717
-0.277608  0.761169 -0.586136    -5.578709
>../../../../class1/leu1//data/domains/Catalytic_domain/structures/LeuRS-B_AF_Euk_Thalassiosira_pseudonana_CCMP1335_gene7441753.pdb
 0.471852  0.748638 -0.465722    18.422940
-0.754921  0.615926  0.225232    -4.364468
 0.455467  0.245307  0.855789    -1.294905
>../../../../class1/leu1//data/domains/Catalytic_domain/structures/LeuRS-B_AF_Mito_Homo_sapiens_gene23395.pdb
-0.396334  0.482542  0.781071    17.544921
 0.889371  0.412965  0.196160     1.063420
-0.227900  0.772407 -0.592831    -6.036285
>../../../../class1/leu1//data/domains/Catalytic_domain/structures/LeuRS-B_AF_Mito_Treponema_denticola_ATCC_35405_gene2739434.pdb
 0.661449 -0.462484 -0.590419    18.057263
 0.055709 -0.754763  0.653628    -0.856149
-0.747918 -0.465234 -0.473472    -4.130662
>../../../../class1/leu1//data/domains/Catalytic_domain/structures/LeuRS-B_PDB_Bact_T_therm_2V0C.pdb
 0.972209  0.020262  0.233238    -6.069103
-0.025348 -0.981281  0.190906   -38.483421
 0.232740 -0.191513 -0.953496     4.167820
