>structures/Arg_Arch_2ZUF_P.hori.pdb
 0.742704  0.069551 -0.665998     8.156831
 0.163438 -0.983340  0.079571     1.620944
-0.649368 -0.167947 -0.741697    72.244512
>structures/Cys_Bact_3C8Z_M_smegmatis.pdb
 0.234647  0.912222 -0.335845   -18.049964
-0.058984  0.358215  0.931774    41.681022
 0.970289 -0.198829  0.137861     1.092420
>structures/Gln_Bact_2HZ7_D_radio.pdb
 0.172620 -0.449168 -0.876613    96.497023
 0.834864  0.538989 -0.111774   -31.971668
 0.522689 -0.712558  0.468035    19.757741
>structures/Glu_Bact_1J09_T_therm.pdb
-0.803803  0.526510  0.276925    32.406551
-0.460305 -0.255569 -0.850178    38.403517
-0.376854 -0.810846  0.447783    72.482266
>structures/Glutamyl.A.Candidatus_Korarchaeota.NC_010482.1.pdb
-0.045635 -0.380096 -0.923821    17.749156
-0.832240  0.525974 -0.175295     6.399736
 0.552534  0.760841 -0.340334    33.950004
>structures/Ile_Euk_7D5C_S_cere.pdb
 0.804667  0.211341 -0.554840    26.922178
-0.103366 -0.870365 -0.481435    38.654900
-0.584660  0.444746 -0.678508    55.106405
>structures/Leu_Bact_2V0C_T_therm.pdb
 0.045401  0.680023 -0.731784    47.117356
 0.952870 -0.249440 -0.172679    -9.064091
-0.299962 -0.689455 -0.659298    18.564046
>structures/Lys_Arch_1IRX_P_hori.pdb
 0.823730  0.276752 -0.494851     3.441542
 0.331677 -0.943070  0.024687    25.682145
-0.459847 -0.184466 -0.868627   124.529840
>structures/Met_Bact_1PFV_E_coli.pdb
 1.000000  0.000000  0.000000     0.000000
 0.000000  1.000000  0.000000     0.000000
 0.000000  0.000000  1.000000     0.000000
>structures/Trp_Arch_3JXE_P_hori.pdb
 0.075241  0.349024 -0.934088     9.843457
-0.385273 -0.853825 -0.350068    35.610995
-0.919730  0.386219  0.070227   -10.089197
>structures/Tyr_Bact_1H3F_T_therm.pdb
-0.476162  0.801237  0.362339   -33.733314
-0.799969 -0.223599 -0.556824    37.019024
-0.365129 -0.554998  0.747434    37.739178
>structures/Valyl.A.Candidatus_Korarchaeota.NC_010482.1.pdb
 0.162746  0.783008  0.600343     6.706868
 0.197021 -0.621991  0.757833    15.608550
 0.966797 -0.005054 -0.255495    27.656913
