>structures/GlxRS_AF_Arch_Candidatus_Korarchaeum_cryptofilum_OPF8_gene6094352.pdb
 0.411083 -0.474963 -0.778088    -6.655506
 0.773464 -0.270003  0.573456    -2.528214
-0.482457 -0.837561  0.256373     0.963631
>structures/GlxRS_AF_Arch_Methanothrix_soehngenii_GP6_gene10459943.pdb
 0.601126  0.654049 -0.459203    -9.317299
-0.728913  0.213169 -0.650573    -4.208087
-0.327619  0.725795  0.604886     0.525478
>structures/GlxRS_AF_Arch_Nitrosopumilus_maritimus_SCM1_gene5773999.pdb
-0.082219 -0.016027  0.996485    -7.724699
 0.249450 -0.968375  0.005007    -5.073272
 0.964891  0.248985  0.083616     2.101336
>structures/GlxRS_AF_Arch_Sulfolobus_islandicus_LAL14_1_gene15298417.pdb
-0.948149  0.316977  0.023222   -11.586332
 0.279454  0.796643  0.535972    -1.276878
 0.151391  0.514671 -0.843916    -1.734029
>structures/GlxRS_AF_Euk_Cyathus_striatus_proteinKAF9013924.1.pdb
 0.925596  0.369633 -0.081512     0.233654
-0.376650  0.878083 -0.295136    -6.648365
-0.037518  0.303878  0.951972     1.206843
>structures/GlxRS_AF_Euk_Lichtheimia_hyalospora_proteinKAI7879902.1.pdb
 0.938854 -0.317774 -0.132560    -7.932299
 0.336026  0.761663  0.554035    -5.611617
-0.075092 -0.564702  0.821872    -6.449006
>structures/GlxRS_AF_Euk_Medicago_truncatula_gene11407510.pdb
 1.000000  0.000000  0.000000     0.000000
 0.000000  1.000000  0.000000     0.000000
 0.000000  0.000000  1.000000     0.000000
>structures/GlxRS_AF_Euk_Xylariaceae_sp_FL0804_proteinKAI0483267.1.pdb
-0.971172 -0.231964 -0.054926   -11.505171
-0.229174  0.971960 -0.052649    -8.502457
 0.065599 -0.038544 -0.997101    -7.185522
>structures/GlxRS_PDB_Arch_M_thermau_3AII.pdb
-0.660637 -0.745729  0.086299    14.527036
 0.037544  0.081993  0.995926   -68.823505
-0.749766  0.661185 -0.026170   -24.579790
