>structures/Met_Arch_1RQG_P_abyssi.pdb
-0.118271 -0.968113  0.220837    14.533126
-0.615259 -0.103117 -0.781552    95.965068
 0.779403 -0.228307 -0.583444    77.926350
>structures/Met_Bact_1PFV_E_coli.pdb
 1.000000  0.000000  0.000000     0.000000
 0.000000  1.000000  0.000000     0.000000
 0.000000  0.000000  1.000000     0.000000
>structures/Met_Bact_1RQG_P_abyssi.pdb
-0.118271 -0.968113  0.220837    14.533126
-0.615259 -0.103117 -0.781552    95.965068
 0.779403 -0.228307 -0.583444    77.926350
>structures/Met_Bact_1WOY_T_therm.pdb
 0.513856 -0.304226  0.802121  -100.536794
 0.855600  0.249819 -0.453364    69.532560
-0.062460  0.919259  0.388667     2.806850
>structures/Methionyl.A.Candidatus_Thermoplasmatota.NC_013926.1.pdb
-0.899868  0.261430 -0.349132    12.817175
-0.026145  0.766690  0.641485     8.816285
 0.435379  0.586379 -0.683084    32.948142
>structures/Methionyl.A.Crenarchaeota.NC_008818.1.pdb
-0.869870 -0.018501 -0.492934     7.962404
-0.228532  0.900698  0.369480     7.887505
 0.437149  0.434051 -0.787718    32.299906
>structures/Methionyl.A.Euryarchaeota.NC_011529.1.pdb
-0.405781  0.772817 -0.487951     6.222536
-0.355580 -0.625307 -0.694661     5.918272
-0.841965 -0.108374  0.528536    32.002875
>structures/Methionyl.A.Thaumarchaeota.NC_018655.1.pdb
-0.809565  0.539324 -0.231807     8.175291
 0.198579  0.623203  0.756429     7.640892
 0.552423  0.566346 -0.611622    31.977823
>structures/Methionyl.B.Actinobacteria.NC_010572.1.pdb
-0.771759  0.599516 -0.212059     6.083829
 0.209315  0.554376  0.805515     6.694704
 0.600480  0.577276 -0.553332    33.634684
>structures/Methionyl.B.Bacteroidota.NC_014370.1.pdb
 0.732691 -0.672488  0.104516    13.547506
 0.636823  0.731636  0.243238     6.432863
-0.240042 -0.111660  0.964319    32.070855
>structures/Methionyl.B.Firmicutes.NC_014334.2.pdb
-0.762011  0.636636 -0.118465    10.526395
 0.300331  0.509520  0.806344     7.998023
 0.573708  0.578864 -0.579461    33.656754
>structures/Methionyl.B.Proteobacteria.NC_009792.1.pdb
 0.909561  0.308773  0.278135    10.264426
-0.184069  0.899386 -0.396514     6.932057
-0.372583  0.309457  0.874882    30.484311
>structures/Methionyl.B.Spirochaetes.NC_002967.9.pdb
-0.462584  0.875678 -0.138580     7.074725
 0.542588  0.403241  0.736882     4.724657
 0.701152  0.265678 -0.661665    32.163828
>structures/Methionyl.E.Apicomplexa.NC_037281.1.pdb
-0.802254  0.519481 -0.294156     7.664940
 0.230386  0.723978  0.650214     7.808616
 0.550736  0.453867 -0.700496    33.177773
>structures/Methionyl.E.Chordata.NC_000067.7.pdb
-0.310984 -0.910359 -0.273013     6.032225
-0.833514  0.399262 -0.381894     9.237962
 0.456665  0.108797 -0.882961    34.779467
>structures/Methionyl.E.Euglenozoa.NC_007283.1.pdb
-0.151544 -0.981402  0.117829     5.493431
-0.804986  0.053359 -0.590890     6.878449
 0.573613 -0.184396 -0.798101    35.805369
>structures/Methionyl.E.Rhodophyta.NC_010135.1.pdb
 0.590705 -0.802562  0.083434    10.506973
 0.747737  0.583328  0.317202     8.424765
-0.303244 -0.124986  0.944681    32.484069
