>structures/MetRS_AF_Arch_Aciduliprofundum_boonei_T469_gene8827030.pdb
-0.651283 -0.747962  0.127997    -1.696389
-0.747222  0.602730 -0.279956     4.933741
 0.132249 -0.277972 -0.951442     3.484905
>structures/MetRS_AF_Arch_Candidatus_Korarchaeum_cryptofilum_OPF8_gene6093355.pdb
-0.097423  0.513705  0.852418    -2.841886
 0.327645 -0.792194  0.514857     2.706078
 0.939765  0.329449 -0.091135     0.441804
>structures/MetRS_AF_Arch_Candidatus_Nitrosopumilus_sediminis_gene13696902.pdb
 0.826232  0.562682 -0.027031    -0.712103
-0.488495  0.691747 -0.531845     1.409377
-0.280561  0.452631  0.846411     1.535983
>structures/MetRS_AF_Arch_Halalkalicoccus_jeotgali_B3_gene9420443.pdb
-0.719128 -0.694761  0.012692    -1.605824
-0.665080  0.682886 -0.302217     1.810272
 0.201301 -0.225774 -0.953155     3.493732
>structures/MetRS_AF_Bact_Bacillus_anthracis_str_Ames_Ancestor_gene45024892.pdb
 0.472188 -0.537973 -0.698300    -1.573262
 0.589594 -0.396151  0.703878     1.447902
-0.655300 -0.744076  0.130128     2.686228
>structures/MetRS_AF_Bact_Brucella_suis_1330_gene45052047.pdb
-0.156527  0.554416  0.817388    -0.726361
 0.407340 -0.717690  0.564797     0.826920
 0.899763  0.421360 -0.113498    -0.335049
>structures/MetRS_AF_Bact_Chlamydia_psittaci_6BC_gene12243105.pdb
-0.984907 -0.092976  0.145991     0.911291
-0.083340  0.994003  0.070801    -3.198950
-0.151698  0.057566 -0.986749     1.876709
>structures/MetRS_AF_Bact_Mycoplasma_hyopneumoniae_168-L_gene57101263.pdb
-0.922069 -0.386660 -0.016834     0.277493
-0.379900  0.895927  0.230199    -0.115880
-0.073926  0.218654 -0.972998     1.912838
>structures/MetRS_AF_Bact_Nocardia_farcinica_IFM_10152_gene61135500.pdb
-0.559458  0.663814  0.496344     0.227885
 0.660220 -0.005145  0.751054    -0.209898
 0.501114  0.747880 -0.435385    -1.260419
>structures/MetRS_AF_Bact_Prochlorococcus_marinus_subsp_marinus_str_CCMP1375_gene54200313.pdb
 1.000000  0.000000  0.000000     0.000000
 0.000000  1.000000  0.000000     0.000000
 0.000000  0.000000  1.000000     0.000000
>structures/MetRS_AF_Bact_Streptobacillus_moniliformis_DSM_12112_gene29673607.pdb
 0.317932  0.397150 -0.860925     0.720988
 0.250261 -0.910989 -0.327825     3.415094
-0.914488 -0.111230 -0.389024     1.401922
>structures/MetRS_AF_Bact_Treponema_denticola_ATCC_35405_gene2740824.pdb
 0.984484  0.138505 -0.107740    -1.929913
-0.173723  0.855854 -0.487170     0.964527
 0.024734  0.498328  0.866636    -1.173046
>structures/MetRS_AF_Euk_Cryptococcus_neoformans_var_grubii_H99_gene23889116.pdb
 0.339608  0.085537  0.936669    10.406451
 0.152361 -0.987706  0.034956     3.274954
 0.928144  0.130841 -0.348466    -7.410825
>structures/MetRS_AF_Euk_Oryza_sativa_Japonica_Group_gene4341140.pdb
-0.275238 -0.730700  0.624757     2.534134
-0.815628 -0.166527 -0.554093    -1.325924
 0.508915 -0.662077 -0.550145     6.500620
>structures/MetRS_AF_Euk_Scheffersomyces_stipitis_CBS_6054_gene4836672.pdb
 0.710461  0.703042 -0.031250     4.909286
-0.534641  0.510342 -0.673581     2.144134
-0.457607  0.495261  0.738453    -5.156492
>structures/MetRS_AF_Euk_Trypanosoma_brucei_brucei_TREU927_gene3662741.pdb
 0.103317  0.293038 -0.950502     2.059681
 0.137785 -0.950619 -0.278097     1.170871
-0.985059 -0.102233 -0.138592    -2.092713
>structures/MetRS_AF_Mito_Brachypodium_distachyon_gene100843706.pdb
-0.733029 -0.673875  0.092525     0.887828
-0.680174  0.725064 -0.107913     0.949648
 0.005633 -0.142036 -0.989845     1.744394
>structures/MetRS_PDB_Arch_P_abyssi_1RQG.pdb
 0.352442  0.124619 -0.927499    76.957465
 0.265924 -0.963575 -0.028417    23.683990
-0.897256 -0.236629 -0.372744    59.867721
>structures/MetRS_PDB_Bact_E_coli_1PFV.pdb
-0.363050  0.505049  0.783020   -26.616045
 0.892681 -0.052319  0.447642   -19.869186
 0.267048  0.861503 -0.431853     6.474533
>structures/MetRS_PDB_Bact_T_therm_1WOY.pdb
 0.203598  0.955887 -0.211724    46.631432
 0.385656  0.120469  0.914744  -112.248838
 0.899898 -0.267893 -0.344116    38.369362
