>../../../../class2/asn//data/domains/Catalytic_domain/structures/AsnRS_AF_Arch_Candidatus_Korarchaeum_cryptofilum_OPF8_gene6094562.pdb
-0.278841  0.266056  0.922747    -9.231684
 0.931524 -0.158667  0.327242     5.779712
 0.233474  0.950810 -0.203595    -3.096914
>../../../../class2/asn//data/domains/Catalytic_domain/structures/AsnRS_AF_Arch_Candidatus_Nitrososphaera_gargensis_Ga92_gene13796664.pdb
 0.685816  0.388306 -0.615529    -9.877243
-0.562117  0.819828 -0.109116     3.472023
 0.462258  0.420833  0.780524    -1.846012
>../../../../class2/asn//data/domains/Catalytic_domain/structures/AsnRS_AF_Arch_Ferroplasma_acidarmanus_Fer1_gene16025664.pdb
 0.890527 -0.270594 -0.365705    -4.938685
 0.425760  0.212506  0.879528     9.774473
-0.160280 -0.938946  0.304450     2.558114
>../../../../class2/asn//data/domains/Catalytic_domain/structures/AsnRS_AF_Arch_Pyrococcus_sp_ST04_gene13021535.pdb
 0.905564 -0.199372 -0.374439    -4.983715
 0.418010  0.269018  0.867697     8.605362
-0.072263 -0.942274  0.326952     2.855648
>../../../../class2/asn//data/domains/Catalytic_domain/structures/AsnRS_AF_Bact_Clostridium_acetobutylicum_DSM_1731_gene44999755.pdb
 0.630174  0.480537 -0.609889   -10.738502
-0.629538  0.775987 -0.039070     4.845691
 0.454492  0.408569  0.791523    -2.519618
>../../../../class2/asn//data/domains/Catalytic_domain/structures/AsnRS_AF_Bact_Mycoplasma_hyopneumoniae_168-L_gene57101291.pdb
 0.951600  0.006493 -0.307272    -4.017743
 0.247391  0.577036  0.778349     7.613653
 0.182361 -0.816693  0.547501     3.746021
>../../../../class2/asn//data/domains/Catalytic_domain/structures/AsnRS_AF_Bact_Porphyromonas_gingivalis_ATCC_33277_gene29256423.pdb
 0.944393 -0.102206 -0.312532    -5.101969
 0.328753  0.312591  0.891184     7.672848
 0.006610 -0.944373  0.328810     1.855114
>../../../../class2/asn//data/domains/Catalytic_domain/structures/AsnRS_AF_Bact_Streptobacillus_moniliformis_DSM_12112_gene29673200.pdb
 0.589916  0.521476 -0.616491   -10.302756
-0.702163  0.708288 -0.072770     4.589881
 0.398706  0.475806  0.783992    -2.504122
>../../../../class2/asn//data/domains/Catalytic_domain/structures/AsnRS_AF_Bact_Thermus_thermophilus_HB8_gene3168522.pdb
 0.962497  0.034875 -0.269042    -4.556169
 0.173153  0.684470  0.708180     7.148914
 0.208849 -0.728207  0.652761     4.386696
>../../../../class2/asn//data/domains/Catalytic_domain/structures/AsnRS_AF_Bact_Treponema_pallidum_subsp_pertenue_str_SamoaD_gene57879132.pdb
 0.688401  0.446301 -0.571769   -10.439671
-0.559844  0.828137 -0.027631     3.844770
 0.461171  0.339122  0.819950    -2.251477
>../../../../class2/asn//data/domains/Catalytic_domain/structures/AsnRS_AF_Bact_unclassified_Blastocatellia_proteinRPI49177.1.pdb
 0.935858  0.192364 -0.295239    -5.633569
 0.007286  0.827107  0.561998     5.485723
 0.352302 -0.528101  0.772653     4.132990
>../../../../class2/asn//data/domains/Catalytic_domain/structures/AsnRS_AF_Euk_Candida_albicans_SC5314_gene3646227.pdb
 0.892480 -0.179913 -0.413655    -8.609787
 0.448813  0.446116  0.774304     8.157303
 0.045231 -0.876705  0.478897     5.482030
>../../../../class2/asn//data/domains/Catalytic_domain/structures/AsnRS_AF_Euk_Cryptococcus_gattii_WM276_gene10190222.pdb
 0.851417 -0.167289 -0.497095   -11.741254
 0.505103  0.516824  0.691205     6.920879
 0.141280 -0.839588  0.524531     5.791235
>../../../../class2/asn//data/domains/Catalytic_domain/structures/AsnRS_AF_Euk_Encephalitozoon_intestinalis_ATCC_50506_gene9698489.pdb
 0.926235 -0.144307 -0.348229    -4.555301
 0.368717  0.154885  0.916547     9.482323
-0.078328 -0.977336  0.196668     1.475054
>../../../../class2/asn//data/domains/Catalytic_domain/structures/AsnRS_AF_Euk_Vitis_vinifera_gene100257593.pdb
 0.612913  0.666257 -0.424781   -10.963199
-0.740105  0.672360 -0.013316     2.656703
 0.276734  0.322544  0.905198    -5.201714
>../../../../class2/asn//data/domains/Catalytic_domain/structures/AsnRS_AF_Mito_Solanum_lycopersicum_gene543755.pdb
 0.909304  0.401226 -0.110383   -11.113188
-0.346459  0.876870  0.333265     1.013005
 0.230506 -0.264796  0.936349    -3.989128
>../../../../class2/asn//data/domains/Catalytic_domain/structures/AsnRS_AF_Mito_Zeugodacus_cucurbitae_gene105213230.pdb
-0.938396 -0.209875  0.274529   -11.491971
-0.342043  0.451033 -0.824364     1.592039
 0.049192 -0.867480 -0.495034    -0.528584
>../../../../class2/asn//data/domains/Catalytic_domain/structures/AsnRS_PDB_Arch_P_horikoshii_1X54.pdb
 0.396101 -0.071632  0.915409   -33.858566
-0.137795 -0.990300 -0.017868     7.618457
 0.907809 -0.119062 -0.402129    17.607574
>../../../../class2/asn//data/domains/Catalytic_domain/structures/AsnRS_PDB_Bact_E_anophelis_6pqh.pdb
 0.424507 -0.046421 -0.904234   -54.757999
-0.904711 -0.061390 -0.421580   -30.451190
-0.035941  0.997034 -0.068058    -4.836172
>../../../../class2/asn//data/domains/Catalytic_domain/structures/AsnRS_PDB_Euk_S_cerevisiae_1asz.pdb
-0.580206  0.733464 -0.354108   -13.189168
-0.131899  0.344416  0.929505     4.652928
 0.803719  0.586011 -0.103089  -102.481938
>../../../../class2/pyl//data/domains/Catalytic_domain/structures/PylRS_AF_Arch_Candidatus_Methanomassiliicoccus_intestinalis_Issoire-Mx1_gene16153983.pdb
 0.003163  0.186759 -0.982401    -4.596086
 0.336772 -0.925218 -0.174804     3.206514
-0.941581 -0.330292 -0.065822    -3.420545
>../../../../class2/pyl//data/domains/Catalytic_domain/structures/PylRS_AF_Arch_Methanosalsum_zhilinae_DSM_4017_gene10822650.pdb
 0.843851 -0.473154 -0.253064     1.026093
 0.525450  0.633122  0.568382     5.091270
-0.108712 -0.612602  0.782879    -2.368805
>../../../../class2/pyl//data/domains/Catalytic_domain/structures/PylRS_AF_Arch_Unclassified_Candidatus_Bathyarchaeota_proteinUCH69683.1.pdb
-0.489484  0.559985  0.668448    -4.223667
 0.684617 -0.227997  0.692327     1.671036
 0.540097  0.796514 -0.271774    -2.099564
>../../../../class2/pyl//data/domains/Catalytic_domain/structures/PylRS_AF_Bact_Unclassified_Actinobacteria_proteinMBU2601214.1.pdb
-0.515922  0.575428  0.634592    -4.497570
 0.673009 -0.186044  0.715853     1.898267
 0.529984  0.796411 -0.291284    -1.543746
>../../../../class2/pyl//data/domains/Catalytic_domain/structures/PylRS_AF_Bact_Unclassified_Aerophobetes_proteinMCD6471581.1.pdb
-0.333716  0.597110  0.729447    -4.980283
 0.694853 -0.367105  0.618395     2.000734
 0.637034  0.713227 -0.292395    -2.207613
>../../../../class2/pyl//data/domains/Catalytic_domain/structures/PylRS_AF_Bact_unclassified_Desulfosarcina_proteinMBC2741817.pdb
-0.335456  0.491681  0.803567     1.772109
 0.449948 -0.665786  0.595211     2.321827
 0.827657  0.561230  0.002111    -5.988087
>../../../../class2/pyl//data/domains/Catalytic_domain/structures/PylRS_AF_Bact_unclassified_Lachnospiraceae_proteinHCE77498.1.pdb
 1.000000  0.000000  0.000000     0.000000
 0.000000  1.000000  0.000000     0.000000
 0.000000  0.000000  1.000000    -0.000000
>../../../../class2/pyl//data/domains/Catalytic_domain/structures/PylRS_PDB_Arch_M_mazei_2Q7E.pdb
-0.966333  0.257290  0.001496     1.553577
 0.031317  0.123388 -0.991864    26.985580
-0.255381 -0.958424 -0.127291    42.579808
>../../../../class2/pyl//data/domains/Catalytic_domain/structures/PylRS_PDB_Bact_D_hafniense_2ZNJ.pdb
-0.144227 -0.203047 -0.968489   -26.987597
 0.764633  0.598382 -0.239322   -43.489163
 0.628120 -0.775056  0.068953   -22.835070
