>structures/GlnRS_AF_Bact_Anaerostipes_hadrus_gene15230984.pdb
 0.970496 -0.132232  0.201622     0.356007
 0.172111  0.965543 -0.195202    -1.722310
-0.168863  0.224145  0.959815     3.700446
>structures/GlnRS_AF_Bact_Cutibacterium_avidum_44067_gene29843447.pdb
 0.868041 -0.495190 -0.035931    -0.314662
 0.477083  0.811885  0.336503    -1.480875
-0.137461 -0.309241  0.940997     3.571465
>structures/GlnRS_AF_Bact_Pasteurella_multocida_subsp_multocida_str_Pm70_gene1243875.pdb
 0.828504 -0.475829 -0.295242     0.278011
 0.517240  0.852291  0.077868    -2.992625
 0.214580 -0.217225  0.952244     3.640849
>structures/GlnRS_AF_Bact_Porphyromonas_gingivalis_ATCC_33277_gene29257033.pdb
 0.962322  0.208765  0.174226    -0.191063
-0.093980  0.856608 -0.507336     0.357929
-0.255157  0.471847  0.843952     3.303161
>structures/GlnRS_AF_Bact_Thermus_thermophilus_HB8_gene3168786.pdb
-0.710597  0.613929  0.343720     0.619731
 0.246345 -0.240508  0.938866     1.695246
 0.659065  0.751829  0.019667     3.408003
>structures/GlnRS_AF_Euk_Candida_dubliniensis_CD36_gene8049124.pdb
 0.999998 -0.000957 -0.001953    -0.020170
 0.000960  0.999998  0.001786     0.000016
 0.001951 -0.001788  0.999996     0.002276
>structures/GlnRS_AF_Euk_Dictyostelium_discoideum_AX4_gene8627167.pdb
-0.949969  0.221862 -0.219854     2.455233
 0.032298  0.769888  0.637361     0.313680
 0.310669  0.598372 -0.738536    -2.508358
>structures/GlnRS_AF_Euk_Encephalitozoon_romaleae_SJ-2008_gene20564565.pdb
-0.962710  0.223223  0.152844     0.191293
 0.236168  0.417856  0.877281    -0.265827
 0.131962  0.880663 -0.454992    -0.162504
>structures/GlnRS_AF_Euk_Myodes_glareolus_gene125393344.pdb
 0.050730 -0.151038 -0.987225     4.635259
 0.422680 -0.892357  0.158244    -5.334797
-0.904858 -0.425308  0.018571     3.466665
>structures/GlnRS_AF_Mito_Cyanidioschyzon_merolae_strain_10D_gene16997184.pdb
-0.768366  0.612808  0.184606    -1.713620
 0.243402  0.013028  0.969838     0.205770
 0.591920  0.790124 -0.159169    -1.012612
>structures/GlnRS_Bact_D_radio_2HZ7.pdb
-0.899039  0.361044  0.247742    -7.229970
-0.107852  0.365770 -0.924435    49.272255
-0.424379 -0.857823 -0.289902    75.332596
>structures/GlnRS_Bact_E_coli_1QTQ.pdb
 0.395658  0.611352 -0.685350   -15.428762
 0.850902  0.036774  0.524035   -43.224418
 0.345573 -0.790504 -0.505651    10.051399
>structures/GlnRS_PDB_Euk_T_gondii_4P2B.pdb
-0.843919  0.504757 -0.181715    58.313445
 0.534773  0.764596 -0.359737   -69.497394
-0.042641 -0.400765 -0.915188    76.681957
