>structures/AlaRS_AF_Bact_Brucella_melitensis_bv_1_str_16M_gene29593597.pdb
-0.819260 -0.496320 -0.287192     8.802912
 0.313770 -0.807220  0.499944    29.657774
-0.479960  0.319472  0.817053     6.560792
>structures/AlaRS_AF_Bact_Chlamydia_psittaci_6BC_gene12242512.pdb
-0.594234  0.456835 -0.661958    14.899442
 0.775833  0.542580 -0.322010    28.855021
 0.212060 -0.704918 -0.676846     7.505914
>structures/AlaRS_AF_Bact_Lactobacillus_acidophilus_La-14_gene56942022.pdb
-0.091071 -0.934790 -0.343327    13.488160
 0.424980  0.275308 -0.862321    23.768277
 0.900610 -0.224440  0.372194    18.218601
>structures/AlaRS_AF_Bact_Nocardia_farcinica_IFM_10152_gene61134339.pdb
-0.490714 -0.339134 -0.802613    15.123041
 0.536173  0.608562 -0.584954    27.023238
 0.686817 -0.717385 -0.116796     8.503631
>structures/AlaRS_AF_Bact_Porphyromonas_gingivalis_ATCC_33277_gene29256567.pdb
-0.594724  0.256128 -0.762038    15.343180
 0.738152  0.549495 -0.391391    28.450300
 0.318490 -0.795269 -0.515859    10.544314
>structures/AlaRS_AF_Bact_Prochlorococcus_marinus_subsp_marinus_str_CCMP1375_gene54199407.pdb
-0.065380  0.997821 -0.008881    16.896172
-0.613542 -0.033179  0.788965    24.124285
 0.786951  0.057031  0.614374     9.194539
>structures/AlaRS_AF_Bact_Streptobacillus_moniliformis_DSM_12112_gene29672963.pdb
-0.572058  0.543059 -0.614684    17.197277
 0.819425  0.411247 -0.399273    22.757651
 0.035958 -0.732095 -0.680253    11.055795
>structures/AlaRS_AF_Bact_Treponema_pallidum_subsp_pertenue_str_SamoaD_gene57879528.pdb
 0.714339  0.543597  0.440707    19.054666
 0.626390 -0.215891 -0.749017    35.147066
-0.312019  0.811106 -0.494723    21.159985
>structures/AlaRS_AF_Euk_Cyanidioschyzon_merolae_strain_10D_gene16993235.pdb
 0.638874  0.118107  0.760191    24.075580
 0.760406 -0.246863 -0.600701    24.082383
 0.116716  0.961826 -0.247524     7.620793
>structures/AlaRS_AF_Euk_Marasmius_oreades_gene66078979.pdb
-0.856205  0.004791 -0.516614    19.435816
 0.003209 -0.999888 -0.014593    25.466211
-0.516626 -0.014152  0.856094     8.965860
>structures/AlaRS_AF_Euk_Plasmodium_berghei_ANKA_gene55150801.pdb
-0.732262 -0.234018 -0.639553    13.127450
 0.548666  0.353598 -0.757584    26.508621
 0.403433 -0.905651 -0.130528    11.548291
>structures/AlaRS_AF_Euk_Saccharomyces_cerevisiae_S288C_gene854513.pdb
-0.703853  0.445433 -0.553336    19.890042
-0.549309 -0.835203  0.026395    30.179788
-0.450390  0.322531  0.832540     7.339434
>structures/AlaRS_PDB_Bact_E_coli_3HXV.pdb
 0.999988  0.004835 -0.001046    -0.305143
-0.004840  0.999977 -0.004705     0.245605
 0.001024  0.004710  0.999988    -0.337862
