>structures/AlaRS_AF_Bact_Brucella_melitensis_bv_1_str_16M_gene29593597.pdb
-0.817002 -0.498420 -0.289973     8.864508
 0.317176 -0.808400  0.495872    29.814425
-0.481567  0.313156  0.818551     6.296400
>structures/AlaRS_AF_Bact_Chlamydia_psittaci_6BC_gene12242512.pdb
-0.593527  0.456370 -0.662912    14.860647
 0.775953  0.543093 -0.320854    28.899218
 0.213594 -0.704824 -0.676462     7.485151
>structures/AlaRS_AF_Bact_Lactobacillus_acidophilus_La-14_gene56942022.pdb
-0.077874 -0.935875 -0.343619    13.139062
 0.422885  0.281114 -0.861477    23.910668
 0.902831 -0.212398  0.373876    18.313686
>structures/AlaRS_AF_Bact_Nocardia_farcinica_IFM_10152_gene61134339.pdb
-0.475412 -0.342889 -0.810192    14.458009
 0.540011  0.613286 -0.576427    27.221932
 0.694529 -0.711553 -0.106400     8.644704
>structures/AlaRS_AF_Bact_Porphyromonas_gingivalis_ATCC_33277_gene29256567.pdb
-0.596051  0.251575 -0.762518    15.369172
 0.735997  0.550811 -0.393592    28.408782
 0.320986 -0.795812 -0.513470    10.586488
>structures/AlaRS_AF_Bact_Prochlorococcus_marinus_subsp_marinus_str_CCMP1375_gene54199407.pdb
-0.067745  0.997652 -0.010043    16.932631
-0.615717 -0.033885  0.787238    24.199571
 0.785050  0.059515  0.616567     9.051016
>structures/AlaRS_AF_Bact_Streptobacillus_moniliformis_DSM_12112_gene29672963.pdb
-0.571771  0.544587 -0.613598    17.219983
 0.819592  0.412622 -0.397509    22.808836
 0.036706 -0.730184 -0.682264    10.935756
>structures/AlaRS_AF_Bact_Treponema_pallidum_subsp_pertenue_str_SamoaD_gene57879528.pdb
 0.719964  0.538515  0.437783    18.871781
 0.621156 -0.218657 -0.752565    35.215345
-0.309543  0.813751 -0.491927    21.175088
>structures/AlaRS_AF_Euk_Cyanidioschyzon_merolae_strain_10D_gene16993235.pdb
 0.639595  0.119607  0.759350    24.018736
 0.759907 -0.247463 -0.601086    24.106228
 0.116017  0.961486 -0.249166     7.606380
>structures/AlaRS_AF_Euk_Marasmius_oreades_gene66078979.pdb
-0.858868  0.006780 -0.512153    19.391445
 0.001166 -0.999884 -0.015193    25.435919
-0.512196 -0.013646  0.858760     9.055784
>structures/AlaRS_AF_Euk_Plasmodium_berghei_ANKA_gene55150801.pdb
-0.735430 -0.211990 -0.643586    13.145652
 0.553233  0.360566 -0.750949    26.775376
 0.391249 -0.908324 -0.147891    11.037914
>structures/AlaRS_AF_Euk_Saccharomyces_cerevisiae_S288C_gene854513.pdb
-0.705970  0.455214 -0.542575    19.825179
-0.554366 -0.831946  0.023319    30.104877
-0.440778  0.317248  0.839684     7.502985
>structures/AlaRS_PDB_Bact_E_coli_3HXV.pdb
 0.999989  0.004531  0.001527    -0.351724
-0.004526  0.999986 -0.002749     0.184366
-0.001539  0.002743  0.999995    -0.141629
