>structures/Ile_Bact_1ILE_T_therm.pdb
 0.152507  0.822073  0.548578    16.763741
 0.515152 -0.539824  0.665739    37.490004
 0.843422  0.181071 -0.505819     4.205115
>structures/Ile_Bact_1QU2_S_aureus.pdb
 0.764773 -0.570321 -0.299760    51.525570
 0.290564  0.720546 -0.629592   -13.909194
 0.575061  0.394396  0.716768  -107.561192
>structures/Ile_Euk_7D5C_S_cere.pdb
 0.865992 -0.269220 -0.421401    10.309539
-0.462429 -0.751856 -0.469970    28.995081
-0.190307  0.601858 -0.775596    23.961295
>structures/Isoleucyl.A.Candidatus_Korarchaeota.NC_010482.1.pdb
-0.654207  0.694467  0.299547    -5.422876
 0.669267  0.347095  0.656967     2.886521
 0.352271  0.630270 -0.691856    -3.543489
>structures/Isoleucyl.A.Candidatus_Thermoplasmatota.NC_021592.1.pdb
-0.240633  0.448024 -0.861029    -3.051335
-0.149517 -0.893617 -0.423195     4.721628
-0.959031  0.026904  0.282021     0.099928
>structures/Isoleucyl.A.Euryarchaeota.NC_023013.1.pdb
-0.912311 -0.409221 -0.015036   -11.009543
-0.403440  0.904503 -0.138244     0.659635
 0.070173 -0.120056 -0.990284    -1.072442
>structures/Isoleucyl.A.Thaumarchaeota.NC_018656.1.pdb
-0.014955 -0.701279 -0.712730    -2.424265
 0.554137 -0.599145  0.577891     6.815713
-0.832291 -0.386307  0.397565     3.079041
>structures/Isoleucyl.B.Actinobacteria.NC_012590.1.pdb
 0.997099  0.002759  0.076060     2.403528
-0.002660  0.999995 -0.001412     1.930825
-0.076063  0.001206  0.997102    -0.108542
>structures/Isoleucyl.B.Chlamydiae.NC_002620.2.pdb
 0.125724  0.227943  0.965523    -6.775127
 0.084522 -0.972168  0.218506     6.035697
 0.988458  0.054137 -0.141491    -0.433463
>structures/Isoleucyl.B.Cyanobacteria.NC_005042.1.pdb
-0.148147  0.223921 -0.963282    -2.556879
 0.192883 -0.948783 -0.250215     2.381076
-0.969974 -0.222869  0.097369    -1.048841
>structures/Isoleucyl.B.Deinococcus-Thermus.NC_006461.1.pdb
 0.089198  0.353009  0.931358    -4.362461
 0.130727 -0.931146  0.340408     6.661474
 0.987398  0.091390 -0.129204    -2.162254
>structures/Isoleucyl.B.Firmicutes.NC_018631.1.pdb
 0.880077  0.471823 -0.053359    -4.391628
-0.449759  0.792294 -0.412294    -1.817072
-0.152254  0.386849  0.909487    -1.702575
>structures/Isoleucyl.B.Fusobacteria.NC_013515.1.pdb
 1.000000  0.000000  0.000000     0.000000
 0.000000  1.000000  0.000000     0.000000
 0.000000  0.000000  1.000000     0.000000
>structures/Isoleucyl.B.Proteobacteria.NC_012751.1.pdb
 0.288530  0.798717 -0.528017    -7.893982
-0.571646 -0.298696 -0.764200    -1.260546
-0.768096  0.522334  0.370400    -5.663203
>structures/Isoleucyl.B.Spirochaetes.NC_002967.9.pdb
-0.112658  0.738068 -0.665254    -3.098595
-0.326187 -0.659884 -0.676872     4.807757
-0.938568  0.140742  0.315090    -0.310408
>structures/Isoleucyl.E.Chlorophyta.NC_014429.2.pdb
 0.997902 -0.031244 -0.056705    -5.305216
 0.029061  0.998820 -0.038920     1.933268
 0.057854  0.037190  0.997632    -1.249201
>structures/Isoleucyl.E.Euglenozoa.NC_025882.1.pdb
-0.611581  0.697255  0.373903    -7.549726
 0.731731  0.318746  0.602471     4.759971
 0.300896  0.642056 -0.705142    -2.393889
>structures/Isoleucyl.E.Fornicata.NC_051859.1.pdb
-0.714803  0.651656  0.253774    -5.145672
 0.648336  0.481487  0.589772     4.330343
 0.262140  0.586102 -0.766660    -1.644248
