>structures/IleRS_AF_Arch_Candidatus_Korarchaeum_cryptofilum_OPF8_gene6094904.pdb
-0.284277 -0.893356  0.347998     0.236808
-0.855575  0.072590 -0.512565     0.521207
 0.432642 -0.443448 -0.784968     1.644847
>structures/IleRS_AF_Arch_Candidatus_Nitrosopumilus_sediminis_gene13697091.pdb
 0.310068  0.576635 -0.755877    -4.851586
-0.373486 -0.657261 -0.654612     1.567866
-0.874280  0.485284  0.011570     1.072820
>structures/IleRS_AF_Arch_Pyrobaculum_aerophilum_str_IM2_gene1465853.pdb
-0.092451 -0.379085 -0.920732     1.904914
 0.635976 -0.733982  0.238338     2.726740
-0.766151 -0.563529  0.308946     5.626269
>structures/IleRS_AF_Arch_Thermoplasma_acidophilum_DSM_1728_gene1456418.pdb
-0.378817 -0.059723  0.923543    -0.751118
-0.283697 -0.942379 -0.177307     0.768221
 0.880917 -0.329173  0.340046     0.657125
>structures/IleRS_AF_Bact_Chlamydia_muridarum_str_Nigg_gene1246458.pdb
-0.926859  0.368054  0.073944    -1.824071
 0.328649  0.700319  0.633674    -2.397102
 0.181442  0.611628 -0.770058     1.963144
>structures/IleRS_AF_Bact_Lactobacillus_acidophilus_La-14_gene56942445.pdb
 0.113053 -0.623567 -0.773552     0.766156
 0.905078 -0.256586  0.339112    -0.642960
-0.409942 -0.738463  0.535370     4.455861
>structures/IleRS_AF_Bact_Mycoplasma_hyopneumoniae_168-L_gene57100872.pdb
 0.114037 -0.679819 -0.724459     2.864700
 0.918846 -0.205121  0.337117     0.132807
-0.377780 -0.704110  0.601258     2.885421
>structures/IleRS_AF_Bact_Orientia_tsutsugamushi_str_Ikeda_gene66653313.pdb
 0.961196  0.273993 -0.032109    -0.077404
-0.273228  0.929463 -0.247881     0.476677
-0.038074  0.247035  0.968258     0.600412
>structures/IleRS_AF_Bact_Porphyromonas_gingivalis_ATCC_33277_gene29255747.pdb
 0.981646  0.190635  0.005414     2.614238
-0.183189  0.950442 -0.251199     1.596703
-0.053033  0.245596  0.967920    -0.940052
>structures/IleRS_AF_Bact_Streptobacillus_moniliformis_DSM_12112_gene29674186.pdb
 0.204337 -0.611671 -0.764268     2.182960
 0.899361 -0.190969  0.393295     5.350840
-0.386519 -0.767717  0.511090     4.444735
>structures/IleRS_AF_Bact_Thermus_thermophilus_HB8_gene3168241.pdb
-0.978532  0.202937  0.035941     0.051354
 0.192744  0.839372  0.508237    -1.995834
 0.072972  0.504253 -0.860467    -0.287101
>structures/IleRS_AF_Bact_Treponema_pallidum_subsp_pertenue_str_SamoaD_gene57878975.pdb
-0.736994 -0.608758  0.293689     0.050238
-0.670723  0.712372 -0.206533    -1.111028
-0.083487 -0.349198 -0.933322     1.588991
>structures/IleRS_AF_Euk_Cyanidioschyzon_merolae_strain_10D_gene16992835.pdb
-0.612396  0.566828  0.551069     0.789075
 0.486643 -0.279052  0.827834    -0.416300
 0.623017  0.775136 -0.104952     2.366383
>structures/IleRS_AF_Euk_Ostreococcus_lucimarinus_CCE9901_gene5000489.pdb
-0.526665 -0.712612  0.463474    -0.925816
-0.848019  0.402557 -0.344690    -2.071705
 0.059056 -0.574571 -0.816322     4.916312
>structures/IleRS_AF_Euk_Trypanosoma_brucei_brucei_TREU927_gene3663037.pdb
-0.319631 -0.697340  0.641524    -0.120150
-0.913809  0.047812 -0.403321    -0.377151
 0.250580 -0.715144 -0.652518     3.922961
>structures/IleRS_AF_Euk_Ustilago_maydis_521_gene23568123.pdb
 0.420846 -0.807716 -0.412897     3.268052
 0.903914  0.335085  0.265816    -1.263736
-0.076348 -0.485091  0.871124     2.229424
>structures/IleRS_AF_Mito_Drosophila_melanogaster_gene39762.pdb
 0.756428  0.654076  0.000791     3.640599
-0.447226  0.518091 -0.729089     1.738806
-0.477289  0.551150  0.684418    -0.591841
>structures/IleRS_AF_Mito_Homo_sapiens_gene55699.pdb
 0.072350 -0.635012 -0.769107     2.137327
 0.923135 -0.249315  0.292685    -0.277087
-0.377608 -0.731165  0.568164     3.086361
>structures/IleRS_AF_Vir_Megavirus_chiliensis_gene11256744.pdb
 0.999907  0.005376 -0.012573    -0.302326
-0.005369  0.999985  0.000628     0.288884
 0.012576 -0.000560  0.999921    -0.317972
>structures/IleRS_PDB_Bact_S_aureus_1QU2.pdb
-0.589840 -0.733157 -0.338481   105.146282
 0.694810 -0.674372  0.249923    21.819788
-0.411495 -0.087766  0.907176   -54.876591
>structures/IleRS_PDB_Bact_T_therm_1ILE.pdb
-0.977646  0.143577  0.153605   -19.640608
 0.149508  0.988372  0.027725     4.620339
-0.147838  0.050071 -0.987743   -32.499910
>structures/IleRS_PDB_Euk_S_cere_7D5C.pdb
 0.452537 -0.173052  0.874793   -33.103830
 0.871675  0.292802 -0.393001     9.635248
-0.188132  0.940383  0.283349   -15.173419
