>structures/IleRS_AF_Arch_Candidatus_Korarchaeum_cryptofilum_OPF8_gene6094904.pdb
-0.062758 -0.858980  0.508148     0.192428
-0.768077 -0.283541 -0.574162     0.570900
 0.637275 -0.426330 -0.641969     0.941747
>structures/IleRS_AF_Arch_Candidatus_Nitrosopumilus_sediminis_gene13697091.pdb
 0.433489  0.711059 -0.553608    -4.925550
-0.478156 -0.339229 -0.810117     0.096965
-0.763841  0.615889  0.192945     0.309194
>structures/IleRS_AF_Arch_Pyrobaculum_aerophilum_str_IM2_gene1465853.pdb
-0.224313 -0.143277 -0.963927     1.010400
 0.380567 -0.923470  0.048703     4.048742
-0.897135 -0.355915  0.261673     4.167394
>structures/IleRS_AF_Arch_Thermoplasma_acidophilum_DSM_1728_gene1456418.pdb
-0.329301  0.209347  0.920725    -0.825702
-0.152122 -0.974136  0.167084     0.279752
 0.931890 -0.085041  0.352630    -0.109256
>structures/IleRS_AF_Bact_Chlamydia_muridarum_str_Nigg_gene1246458.pdb
-0.989401  0.130051 -0.064598    -0.954795
 0.092001  0.905590  0.414057    -2.718866
 0.112348  0.403725 -0.907956     2.044679
>structures/IleRS_AF_Bact_Lactobacillus_acidophilus_La-14_gene56942445.pdb
-0.115497 -0.493813 -0.861864     0.884899
 0.772835 -0.589755  0.234340     0.220602
-0.624009 -0.639013  0.449751     3.921909
>structures/IleRS_AF_Bact_Mycoplasma_hyopneumoniae_168-L_gene57100872.pdb
-0.119546 -0.569554 -0.813214     2.843590
 0.795143 -0.545408  0.265100     1.216761
-0.594523 -0.614930  0.518078     2.107069
>structures/IleRS_AF_Bact_Orientia_tsutsugamushi_str_Ikeda_gene66653313.pdb
 0.999960  0.006888 -0.005684    -0.024716
-0.006887  0.999976  0.000187     0.277502
 0.005685 -0.000147  0.999984    -0.126389
>structures/IleRS_AF_Bact_Porphyromonas_gingivalis_ATCC_33277_gene29255747.pdb
 0.996585 -0.080188  0.019678     2.127020
 0.080260  0.996770 -0.002908     1.470992
-0.019381  0.004477  0.999802    -2.065023
>structures/IleRS_AF_Bact_Streptobacillus_moniliformis_DSM_12112_gene29674186.pdb
-0.024745 -0.503647 -0.863555     0.643738
 0.799928 -0.528067  0.285061     6.243189
-0.599585 -0.683728  0.415948     2.372664
>structures/IleRS_AF_Bact_Thermus_thermophilus_HB8_gene3168241.pdb
-0.996839 -0.050891 -0.061012     0.700710
-0.065626  0.960268  0.271255    -2.269177
 0.044783  0.274401 -0.960572    -0.331946
>structures/IleRS_AF_Bact_Treponema_pallidum_subsp_pertenue_str_SamoaD_gene57878975.pdb
-0.521711 -0.758769  0.389985     0.247548
-0.847680  0.409500 -0.337265    -1.149986
 0.096207 -0.506537 -0.856834     1.146538
>structures/IleRS_AF_Euk_Cyanidioschyzon_merolae_strain_10D_gene16992835.pdb
-0.746515  0.584958  0.317079     0.863623
 0.442588  0.080724  0.893084     0.087233
 0.496821  0.807036 -0.319157     1.768191
>structures/IleRS_AF_Euk_Ostreococcus_lucimarinus_CCE9901_gene5000489.pdb
-0.269690 -0.767383  0.581714    -0.264739
-0.921751  0.030919 -0.386548    -1.642312
 0.278644 -0.640443 -0.715674     4.856428
>structures/IleRS_AF_Euk_Trypanosoma_brucei_brucei_TREU927_gene3663037.pdb
-0.063424 -0.643696  0.762649    -0.067180
-0.879764 -0.324720 -0.347236    -0.180101
 0.471162 -0.692974 -0.545705     3.288537
>structures/IleRS_AF_Euk_Ustilago_maydis_521_gene23568123.pdb
 0.169969 -0.844266 -0.508258     3.507149
 0.934760 -0.025159  0.354389    -0.108833
-0.311986 -0.535334  0.784909     1.817377
>structures/IleRS_AF_Mito_Drosophila_melanogaster_gene39762.pdb
 0.867582  0.468938  0.165528     3.201865
-0.331594  0.793571 -0.510187     2.073098
-0.370604  0.387741  0.843984    -1.539278
>structures/IleRS_AF_Mito_Homo_sapiens_gene55699.pdb
-0.159918 -0.514763 -0.842286     2.145912
 0.784131 -0.584565  0.208381     0.739173
-0.599638 -0.627138  0.497124     2.598593
>structures/IleRS_PDB_Bact_S_aureus_1QU2.pdb
-0.732995 -0.516423 -0.442749    98.216020
 0.385870 -0.851690  0.354582    35.731309
-0.560199  0.089063  0.823556   -60.825319
>structures/IleRS_PDB_Bact_T_therm_1ILE.pdb
-0.973795 -0.128367  0.187734   -18.458425
-0.161352  0.971699 -0.172528    -9.293704
-0.160275 -0.198298 -0.966949   -32.810901
>structures/IleRS_PDB_Euk_S_cere_7D5C.pdb
 0.211893 -0.285857  0.934552   -33.614846
 0.889364  0.452818 -0.063141    -3.905541
-0.405132  0.844536  0.350180   -16.811336
