>structures/Ile_Bact_1ILE_T_therm.pdb
 0.152826  0.822462  0.547906    16.763946
 0.515498 -0.539360  0.665847    37.504131
 0.843152  0.180686 -0.506405     4.210801
>structures/Ile_Bact_1QU2_S_aureus.pdb
 0.768912 -0.563912 -0.301292    51.077436
 0.288344  0.726454 -0.623796   -14.692421
 0.570641  0.392769  0.721180  -107.701278
>structures/Ile_Euk_7D5C_S_cere.pdb
 0.866004 -0.269941 -0.420913    10.269044
-0.463099 -0.750489 -0.471493    29.093132
-0.188616  0.603239 -0.774936    23.937469
>structures/Isoleucyl.A.Candidatus_Korarchaeota.NC_010482.1.pdb
-0.654553  0.694477  0.298767    -5.399957
 0.669105  0.348186  0.656556     2.875371
 0.351937  0.629657 -0.692584    -3.521160
>structures/Isoleucyl.A.Candidatus_Thermoplasmatota.NC_021592.1.pdb
-0.243229  0.447080 -0.860790    -2.973926
-0.147221 -0.894175 -0.422820     4.695838
-0.958731  0.023884  0.283309     0.070635
>structures/Isoleucyl.A.Euryarchaeota.NC_023013.1.pdb
-0.912580 -0.408667 -0.013746   -11.055489
-0.402838  0.904314 -0.141198     0.735767
 0.070134 -0.123317 -0.989886    -1.061763
>structures/Isoleucyl.A.Thaumarchaeota.NC_018656.1.pdb
-0.017143 -0.701446 -0.712516    -2.361331
 0.556351 -0.598804  0.576114     6.735341
-0.830770 -0.386533  0.400516     3.078808
>structures/Isoleucyl.B.Actinobacteria.NC_012590.1.pdb
 0.996995  0.002282  0.077434     2.444749
-0.002175  0.999997 -0.001461     1.912994
-0.077437  0.001288  0.996996    -0.066024
>structures/Isoleucyl.B.Chlamydiae.NC_002620.2.pdb
 0.124575  0.227398  0.965801    -6.824535
 0.085074 -0.972247  0.217942     6.044995
 0.988556  0.055014 -0.140463    -0.432110
>structures/Isoleucyl.B.Cyanobacteria.NC_005042.1.pdb
-0.149063  0.224027 -0.963116    -2.529689
 0.193602 -0.948535 -0.250599     2.354856
-0.969690 -0.223817  0.098020    -1.036001
>structures/Isoleucyl.B.Deinococcus-Thermus.NC_006461.1.pdb
 0.089833  0.353250  0.931206    -4.343687
 0.130819 -0.931071  0.340579     6.656472
 0.987328  0.091224 -0.129852    -2.140233
>structures/Isoleucyl.B.Firmicutes.NC_018631.1.pdb
 0.880024  0.471750 -0.054861    -4.444908
-0.450509  0.792621 -0.410844    -1.769264
-0.150332  0.386268  0.910053    -1.715262
>structures/Isoleucyl.B.Fusobacteria.NC_013515.1.pdb
 1.000000  0.000000  0.000000     0.000000
 0.000000  1.000000  0.000000     0.000000
 0.000000  0.000000  1.000000     0.000000
>structures/Isoleucyl.B.Proteobacteria.NC_012751.1.pdb
 0.288423  0.798840 -0.527890    -7.884041
-0.572397 -0.298113 -0.763865    -1.239111
-0.767577  0.522479  0.371271    -5.645945
>structures/Isoleucyl.B.Spirochaetes.NC_002967.9.pdb
-0.113623  0.738459 -0.664657    -3.063751
-0.326435 -0.659596 -0.677032     4.801030
-0.938366  0.140041  0.316004    -0.268902
>structures/Isoleucyl.E.Chlorophyta.NC_014429.2.pdb
 0.997908 -0.031259 -0.056595    -5.301659
 0.029094  0.998828 -0.038685     1.938316
 0.057737  0.036958  0.997647    -1.241975
>structures/Isoleucyl.E.Euglenozoa.NC_025882.1.pdb
-0.610040  0.695874  0.378960    -7.651044
 0.735134  0.318578  0.598403     4.852213
 0.295685  0.643636 -0.705906    -2.395931
>structures/Isoleucyl.E.Fornicata.NC_051859.1.pdb
-0.714768  0.651872  0.253318    -5.130747
 0.648771  0.482779  0.588235     4.369867
 0.261157  0.584797 -0.767991    -1.594772
