>structures/IleRS_AF_Arch_Candidatus_Korarchaeum_cryptofilum_OPF8_gene6094904.pdb
 0.077990  0.774212 -0.628103    -0.843998
-0.449245 -0.535140 -0.715405     2.678589
-0.889998  0.337966  0.306075     2.717229
>structures/IleRS_AF_Arch_Candidatus_Nitrosopumilus_sediminis_gene13697091.pdb
-0.555483 -0.651167  0.517127     4.245059
-0.695267  0.022585 -0.718396     1.685991
 0.456117 -0.758598 -0.465280     3.660832
>structures/IleRS_AF_Arch_Pyrobaculum_aerophilum_str_IM2_gene1465853.pdb
 0.152655  0.018984  0.988097    -0.941690
-0.042192 -0.998779  0.025708     7.135065
 0.987379 -0.045614 -0.151667     0.920078
>structures/IleRS_AF_Arch_Thermoplasma_acidophilum_DSM_1728_gene1456418.pdb
 0.409571 -0.304011 -0.860133    -0.071487
 0.204538 -0.888237  0.411339     1.887300
-0.889053 -0.344403 -0.301614     3.108949
>structures/IleRS_AF_Bact_Chlamydia_muridarum_str_Nigg_gene1246458.pdb
 1.000000  0.000000  0.000000     0.000000
 0.000000  1.000000  0.000000     0.000000
 0.000000  0.000000  1.000000     0.000000
>structures/IleRS_AF_Bact_Lactobacillus_acidophilus_La-14_gene56942445.pdb
 0.096595  0.358771  0.928414    -1.034853
 0.435336 -0.854052  0.284741     3.564700
 0.895071  0.376668 -0.238683    -0.254783
>structures/IleRS_AF_Bact_Mycoplasma_hyopneumoniae_168-L_gene57100872.pdb
 0.097767  0.438752  0.893274    -3.002836
 0.472266 -0.810529  0.346421     3.961116
 0.876017  0.387994 -0.286451     1.679076
>structures/IleRS_AF_Bact_Orientia_tsutsugamushi_str_Ikeda_gene66653313.pdb
-0.989921  0.066310  0.125138    -0.718560
 0.112143  0.906658  0.406689     2.131097
-0.086490  0.416623 -0.904956     3.567542
>structures/IleRS_AF_Bact_Porphyromonas_gingivalis_ATCC_33277_gene29255747.pdb
-0.981274  0.157428  0.110983    -2.648525
 0.189094  0.897022  0.399494     2.459100
-0.036663  0.413000 -0.909993     5.707886
>structures/IleRS_AF_Bact_Streptobacillus_moniliformis_DSM_12112_gene29674186.pdb
 0.012887  0.368767  0.929433    -0.598972
 0.484269 -0.815527  0.316858     8.417792
 0.874824  0.446012 -0.189092     3.642404
>structures/IleRS_AF_Bact_Thermus_thermophilus_HB8_gene3168241.pdb
 0.985562  0.167613 -0.023945    -1.798055
-0.169301  0.973789 -0.151894    -0.372196
-0.002142  0.153755  0.988107     2.386692
>structures/IleRS_AF_Bact_Treponema_pallidum_subsp_pertenue_str_SamoaD_gene57878975.pdb
 0.458335  0.722151 -0.518099    -1.088942
-0.794450  0.071532 -0.603103     1.185849
-0.398470  0.688027  0.606499     1.854379
>structures/IleRS_AF_Euk_Cyanidioschyzon_merolae_strain_10D_gene16992835.pdb
 0.833500 -0.473044 -0.285494    -1.223850
 0.512562  0.469074  0.719201     2.742872
-0.206296 -0.745788  0.633437     1.502645
>structures/IleRS_AF_Euk_Ostreococcus_lucimarinus_CCE9901_gene5000489.pdb
 0.181306  0.694283 -0.696490    -0.549587
-0.775194 -0.334908 -0.535641     1.489795
-0.605147  0.637030  0.477483    -2.409151
>structures/IleRS_AF_Euk_Trypanosoma_brucei_brucei_TREU927_gene3663037.pdb
 0.051872  0.531476 -0.845484    -0.351286
-0.617163 -0.648540 -0.445540     3.038255
-0.785124  0.544912  0.294366     0.228542
>structures/IleRS_AF_Euk_Ustilago_maydis_521_gene23568123.pdb
-0.137886  0.766499  0.627270    -3.883700
 0.744562 -0.337429  0.575994     2.816264
 0.653158  0.546463 -0.524179     1.329527
>structures/IleRS_AF_Mito_Drosophila_melanogaster_gene39762.pdb
-0.934095 -0.339879 -0.109312    -4.087734
-0.329678  0.938642 -0.101312     3.284453
 0.137039 -0.058597 -0.988831     5.095123
>structures/IleRS_AF_Mito_Homo_sapiens_gene55699.pdb
 0.150183  0.381832  0.911948    -2.466127
 0.451051 -0.847282  0.280476     3.724524
 0.879771  0.369213 -0.299473     0.976303
>structures/IleRS_AF_Vir_Megavirus_chiliensis_gene11256744.pdb
-0.938005  0.299047  0.175266    -1.019922
 0.341924  0.715313  0.609439     1.539533
 0.056881  0.631584 -0.773218     3.713175
>structures/IleRS_PDB_Bact_S_aureus_1QU2.pdb
 0.720954  0.429244  0.544035   -99.534392
 0.009044 -0.790824  0.611976    20.793038
 0.692924 -0.436287 -0.574030    69.047694
>structures/IleRS_PDB_Bact_T_therm_1ILE.pdb
 0.931621  0.190508 -0.309498    12.965913
-0.334693  0.781633 -0.526337   -22.387829
 0.141642  0.593934  0.791947    30.135947
>structures/IleRS_PDB_Euk_S_cere_7D5C.pdb
-0.151857  0.428806 -0.890542    29.905371
 0.665983  0.710148  0.228379   -14.109226
 0.730347 -0.558405 -0.393418    18.009702
