>../../../../class1/gln//data/domains/Catalytic_domain/structures/GlnRS_AF_Bact_Anaerostipes_hadrus_gene15230984.pdb
-0.369456 -0.724064  0.582438     5.747091
 0.410017 -0.689492 -0.597065   -13.076692
 0.833900  0.018220  0.551615     0.959213
>../../../../class1/gln//data/domains/Catalytic_domain/structures/GlnRS_AF_Bact_Cutibacterium_avidum_44067_gene29843447.pdb
-0.596906 -0.786005  0.160933     5.762238
 0.177384 -0.324911 -0.928961   -12.777366
 0.782456 -0.525956  0.333366    -0.020211
>../../../../class1/gln//data/domains/Catalytic_domain/structures/GlnRS_AF_Bact_Pasteurella_multocida_subsp_multocida_str_Pm70_gene1243875.pdb
-0.474673 -0.769675  0.426949     7.036714
-0.136854 -0.414640 -0.899636   -11.605922
 0.869457 -0.485463  0.091485     0.540891
>../../../../class1/gln//data/domains/Catalytic_domain/structures/GlnRS_AF_Bact_Porphyromonas_gingivalis_ATCC_33277_gene29257033.pdb
-0.223227 -0.537944  0.812887     4.639019
 0.565957 -0.750499 -0.341240   -12.117479
 0.793639  0.383885  0.471985     0.542230
>../../../../class1/gln//data/domains/Catalytic_domain/structures/GlnRS_AF_Bact_Thermus_thermophilus_HB8_gene3168786.pdb
 0.230856  0.491247 -0.839870     3.340096
-0.875464 -0.271792 -0.399614   -12.586157
-0.424579  0.827530  0.367325     0.231599
>../../../../class1/gln//data/domains/Catalytic_domain/structures/GlnRS_AF_Euk_Arabidopsis_thaliana_gene832718.pdb
 0.391094 -0.730652 -0.559637    10.917763
 0.094685 -0.572900  0.814138   -10.918015
-0.915467 -0.371394 -0.154876     4.501700
>../../../../class1/gln//data/domains/Catalytic_domain/structures/GlnRS_AF_Euk_Candida_dubliniensis_CD36_gene8049124.pdb
-0.153954 -0.863638  0.480028     2.889385
 0.344763 -0.502240 -0.793028    -9.969513
 0.925979  0.043406  0.375072    -0.925506
>../../../../class1/gln//data/domains/Catalytic_domain/structures/GlnRS_AF_Euk_Encephalitozoon_romaleae_SJ-2008_gene20564565.pdb
 0.019480  0.032344 -0.999287     3.847547
-0.578909 -0.814523 -0.037649   -10.050501
-0.815159  0.579230  0.002858     0.113760
>../../../../class1/gln//data/domains/Catalytic_domain/structures/GlnRS_AF_Euk_Myodes_glareolus_gene125393344.pdb
-0.784495  0.616174  0.069977     9.136313
 0.523809  0.718809 -0.457098    -9.200994
-0.331952 -0.321937 -0.886659     6.080180
>../../../../class1/gln//data/domains/Catalytic_domain/structures/GlnRS_AF_Mito_Cyanidioschyzon_merolae_strain_10D_gene16997184.pdb
 0.176619  0.258177 -0.949816     2.264623
-0.860677 -0.427666 -0.276291   -10.412910
-0.477536  0.866283  0.146673    -2.928439
>../../../../class1/gln//data/domains/Catalytic_domain/structures/GlnRS_Bact_D_radio_2HZ7.pdb
-0.021349 -0.743647  0.668231    -8.105296
 0.129589  0.660687  0.739391   -98.140404
-0.991338  0.102381  0.082263    16.651861
>../../../../class1/gln//data/domains/Catalytic_domain/structures/GlnRS_Bact_E_coli_1QTQ.pdb
-0.615452 -0.503538 -0.606356    46.721756
-0.565185  0.818157 -0.105760    -1.844636
 0.549349  0.277614 -0.788129   -14.759280
>../../../../class1/gln//data/domains/Catalytic_domain/structures/GlnRS_PDB_Euk_T_gondii_4P2B.pdb
-0.319988 -0.943635 -0.084621    88.451427
-0.556806  0.115043  0.822637   -12.893362
-0.766534  0.310351 -0.562234    83.365323
>../../../../class1/ile//data/domains/Catalytic_domain/structures/IleRS_AF_Arch_Candidatus_Korarchaeum_cryptofilum_OPF8_gene6094904.pdb
 0.730479 -0.071394 -0.679193     0.678557
 0.681706  0.135879  0.718898    -0.068884
 0.040963 -0.988150  0.147927     1.390159
>../../../../class1/ile//data/domains/Catalytic_domain/structures/IleRS_AF_Arch_Candidatus_Nitrosopumilus_sediminis_gene13697091.pdb
-0.778917  0.392819  0.488856     1.824756
 0.625161  0.424701  0.654830    -0.926222
 0.049612  0.815673 -0.576382    -3.620098
>../../../../class1/ile//data/domains/Catalytic_domain/structures/IleRS_AF_Arch_Pyrobaculum_aerophilum_str_IM2_gene1465853.pdb
-0.818104 -0.145656  0.556318     2.975714
-0.339849  0.902845 -0.263389    -3.525092
-0.463905 -0.404544 -0.788122     3.824694
>../../../../class1/ile//data/domains/Catalytic_domain/structures/IleRS_AF_Arch_Thermoplasma_acidophilum_DSM_1728_gene1456418.pdb
 1.000000  0.000000  0.000000     0.000000
 0.000000  1.000000  0.000000     0.000000
 0.000000  0.000000  1.000000     0.000000
>../../../../class1/ile//data/domains/Catalytic_domain/structures/IleRS_AF_Bact_Chlamydia_muridarum_str_Nigg_gene1246458.pdb
 0.409571  0.204538 -0.889053     2.407275
-0.304011 -0.888237 -0.344403     2.725367
-0.860133  0.411339 -0.301614     0.099893
>../../../../class1/ile//data/domains/Catalytic_domain/structures/IleRS_AF_Bact_Lactobacillus_acidophilus_La-14_gene56942445.pdb
-0.659816 -0.341379  0.669405     3.296299
-0.724363  0.525894 -0.445796     0.101912
-0.199851 -0.779036 -0.594275     3.085053
>../../../../class1/ile//data/domains/Catalytic_domain/structures/IleRS_AF_Bact_Mycoplasma_hyopneumoniae_168-L_gene57100872.pdb
-0.631085 -0.304840  0.713305     0.850796
-0.749052  0.478492 -0.458221    -0.147067
-0.201627 -0.823479 -0.530310     4.306004
>../../../../class1/ile//data/domains/Catalytic_domain/structures/IleRS_AF_Bact_Orientia_tsutsugamushi_str_Ikeda_gene66653313.pdb
-0.321991 -0.156169  0.933774    -0.255554
 0.213903 -0.972798 -0.088936     0.137182
 0.922262  0.171100  0.346637     0.692699
>../../../../class1/ile//data/domains/Catalytic_domain/structures/IleRS_AF_Bact_Porphyromonas_gingivalis_ATCC_33277_gene29255747.pdb
-0.345268 -0.115142  0.931414    -2.959759
 0.123280 -0.989410 -0.076613    -0.351963
 0.930372  0.088373  0.355806     1.847158
>../../../../class1/ile//data/domains/Catalytic_domain/structures/IleRS_AF_Bact_Streptobacillus_moniliformis_DSM_12112_gene29674186.pdb
-0.669043 -0.389920  0.632727     1.000398
-0.734500  0.476937 -0.482743    -5.599635
-0.113539 -0.787714 -0.605488     3.306844
>../../../../class1/ile//data/domains/Catalytic_domain/structures/IleRS_AF_Bact_Thermus_thermophilus_HB8_gene3168241.pdb
 0.381566  0.126035 -0.915709    -0.216825
-0.145662 -0.970084 -0.194215     2.859845
-0.912792  0.207490 -0.351793     0.914240
>../../../../class1/ile//data/domains/Catalytic_domain/structures/IleRS_AF_Bact_Treponema_pallidum_subsp_pertenue_str_SamoaD_gene57878975.pdb
 0.389205 -0.286319 -0.875524     0.991315
 0.712829 -0.508385  0.483135     1.655296
-0.583433 -0.812137  0.006231     1.258898
>../../../../class1/ile//data/domains/Catalytic_domain/structures/IleRS_AF_Euk_Cyanidioschyzon_merolae_strain_10D_gene16992835.pdb
 0.647744  0.543594 -0.533791     1.349592
-0.618578 -0.033748 -0.784998     0.555690
-0.444735  0.838669  0.314396     2.226376
>../../../../class1/ile//data/domains/Catalytic_domain/structures/IleRS_AF_Euk_Ostreococcus_lucimarinus_CCE9901_gene5000489.pdb
 0.487541 -0.369545 -0.791038     4.253439
 0.808976 -0.149603  0.568486     1.193994
-0.328422 -0.917091  0.226016     1.580148
>../../../../class1/ile//data/domains/Catalytic_domain/structures/IleRS_AF_Euk_Trypanosoma_brucei_brucei_TREU927_gene3663037.pdb
 0.590803 -0.375557 -0.714079     3.175348
 0.806222  0.240845  0.540371     0.388957
-0.030958 -0.894959  0.445074     2.055139
>../../../../class1/ile//data/domains/Catalytic_domain/structures/IleRS_AF_Euk_Ustilago_maydis_521_gene23568123.pdb
-0.486227 -0.209600  0.848323     0.587570
-0.854084 -0.091234 -0.512071     1.205977
 0.184726 -0.973522 -0.134655     4.774409
>../../../../class1/ile//data/domains/Catalytic_domain/structures/IleRS_AF_Mito_Drosophila_melanogaster_gene39762.pdb
-0.584412  0.086190  0.806867    -2.863398
 0.524024 -0.719117  0.456366    -0.690968
 0.619566  0.689523  0.375095     3.561337
>../../../../class1/ile//data/domains/Catalytic_domain/structures/IleRS_AF_Mito_Prochlorococcus_marinus_subsp_marinus_str_CCMP1375_gene54199628.pdb
-0.516133  0.039047  0.855618     0.586678
 0.536184 -0.764273  0.358320    -1.447927
 0.667917  0.643709  0.373530     1.575211
>../../../../class1/ile//data/domains/Catalytic_domain/structures/IleRS_PDB_Bact_S_aureus_1QU2.pdb
-0.355063  0.384690  0.852024   -93.949194
-0.487957  0.701136 -0.519910    -7.030491
-0.797389 -0.600351 -0.061236    76.949546
>../../../../class1/ile//data/domains/Catalytic_domain/structures/IleRS_PDB_Bact_T_therm_1ILE.pdb
 0.198211 -0.289880 -0.936313   -22.984559
-0.025680 -0.956474  0.290685     8.785217
-0.979823 -0.033572 -0.197028   -29.361134
>../../../../class1/ile//data/domains/Catalytic_domain/structures/IleRS_PDB_Euk_S_cere_7D5C.pdb
-0.584478  0.810569  0.036911    -4.652852
-0.781510 -0.574593  0.243075    -2.292410
 0.218238  0.113226  0.969305   -36.783297
