>../../../../class1/gln//data/domains/Catalytic_domain/structures/GlnRS_AF_Bact_Anaerostipes_hadrus_gene15230984.pdb
-0.011381 -0.999724  0.020551    -3.796135
-0.718394 -0.006121 -0.695609    -2.477132
 0.695543 -0.022680 -0.718126   -13.024889
>../../../../class1/gln//data/domains/Catalytic_domain/structures/GlnRS_AF_Bact_Cutibacterium_avidum_44067_gene29843447.pdb
-0.341134 -0.788384 -0.511936    -3.460538
-0.662649  0.587960 -0.463896    -1.551721
 0.666726  0.180983 -0.722995   -13.002083
>../../../../class1/gln//data/domains/Catalytic_domain/structures/GlnRS_AF_Bact_Pasteurella_multocida_subsp_multocida_str_Pm70_gene1243875.pdb
-0.460017 -0.839038 -0.290516    -1.885910
-0.808602  0.531036 -0.253306    -1.985945
 0.366807  0.118387 -0.922733   -12.935916
>../../../../class1/gln//data/domains/Catalytic_domain/structures/GlnRS_AF_Bact_Porphyromonas_gingivalis_ATCC_33277_gene29257033.pdb
 0.208168 -0.908058  0.363450    -4.010283
-0.682548 -0.401020 -0.610991    -1.835685
 0.700567 -0.120884 -0.703273   -11.791556
>../../../../class1/gln//data/domains/Catalytic_domain/structures/GlnRS_AF_Bact_Thermus_thermophilus_HB8_gene3168786.pdb
-0.414768  0.155755 -0.896497    -5.291710
 0.284875 -0.913484 -0.290505    -1.337199
-0.864184 -0.375882  0.334514   -11.240672
>../../../../class1/gln//data/domains/Catalytic_domain/structures/GlnRS_AF_Euk_Candida_dubliniensis_CD36_gene8049124.pdb
 0.084589 -0.975974 -0.200796    -3.676640
-0.854961  0.032406 -0.517679     0.216646
 0.511748  0.215463 -0.831679    -9.102414
>../../../../class1/gln//data/domains/Catalytic_domain/structures/GlnRS_AF_Euk_Dictyostelium_discoideum_AX4_gene8627167.pdb
-0.176590 -0.846928 -0.501527    -3.247591
 0.637875 -0.486527  0.596998    -0.918029
-0.749621 -0.214487  0.626150    -6.146385
>../../../../class1/gln//data/domains/Catalytic_domain/structures/GlnRS_AF_Euk_Encephalitozoon_romaleae_SJ-2008_gene20564565.pdb
-0.359343 -0.535896 -0.763995    -3.088661
 0.731642 -0.669976  0.125822    -0.990400
-0.579286 -0.513758  0.632835    -9.786083
>../../../../class1/gln//data/domains/Catalytic_domain/structures/GlnRS_AF_Euk_Myodes_glareolus_gene125393344.pdb
-0.217899  0.945410 -0.242321     1.231426
 0.489960  0.320697  0.810612    -7.382476
 0.844073  0.057904 -0.533093   -11.637873
>../../../../class1/gln//data/domains/Catalytic_domain/structures/GlnRS_AF_Mito_Cyanidioschyzon_merolae_strain_10D_gene16997184.pdb
-0.438324 -0.104596 -0.892710    -4.544834
 0.339767 -0.938791 -0.056832     2.048542
-0.832124 -0.328224  0.447033    -9.502012
>../../../../class1/gln//data/domains/Catalytic_domain/structures/GlnRS_Bact_D_radio_2HZ7.pdb
 0.092590 -0.106571  0.989985   -71.584211
 0.994103  0.066260 -0.085842   -25.265426
-0.056448  0.992095  0.112077   -63.579435
>../../../../class1/gln//data/domains/Catalytic_domain/structures/GlnRS_Bact_E_coli_1QTQ.pdb
-0.851822  0.172686 -0.494549    34.540256
-0.515633 -0.110038  0.849714     8.484445
 0.092315  0.978811  0.182775   -34.722071
>../../../../class1/gln//data/domains/Catalytic_domain/structures/GlnRS_PDB_Euk_T_gondii_4P2B.pdb
-0.591902 -0.627357  0.506039    55.473746
 0.734585 -0.161494  0.659018   -94.922376
-0.331717  0.761803  0.556436   -52.938478
>../../../../class1/ile//data/domains/Catalytic_domain/structures/IleRS_AF_Arch_Candidatus_Korarchaeum_cryptofilum_OPF8_gene6094904.pdb
 1.000000  0.000000  0.000000     0.000000
 0.000000  1.000000  0.000000     0.000000
 0.000000  0.000000  1.000000     0.000000
>../../../../class1/ile//data/domains/Catalytic_domain/structures/IleRS_AF_Arch_Candidatus_Nitrosopumilus_sediminis_gene13697091.pdb
-0.138693  0.613403  0.777496     0.010658
 0.096541 -0.772970  0.627054     4.758943
 0.985619  0.162029  0.047987    -2.168514
>../../../../class1/ile//data/domains/Catalytic_domain/structures/IleRS_AF_Arch_Pyrobaculum_aerophilum_str_IM2_gene1465853.pdb
-0.851595  0.489358  0.187923    -0.669388
 0.464848  0.539282  0.702204    -3.018260
 0.242286  0.685349 -0.686727    -3.690690
>../../../../class1/ile//data/domains/Catalytic_domain/structures/IleRS_AF_Arch_Thermoplasma_acidophilum_DSM_1728_gene1456418.pdb
 0.730479  0.681706  0.040963    -0.505658
-0.071394  0.135879 -0.988150     1.431491
-0.679193  0.718898  0.147927     0.304750
>../../../../class1/ile//data/domains/Catalytic_domain/structures/IleRS_AF_Bact_Chlamydia_muridarum_str_Nigg_gene1246458.pdb
 0.077990 -0.449245 -0.889998     3.687494
 0.774212 -0.535140  0.337966     1.168522
-0.628103 -0.715405  0.306075     0.554482
>../../../../class1/ile//data/domains/Catalytic_domain/structures/IleRS_AF_Bact_Lactobacillus_acidophilus_La-14_gene56942445.pdb
-0.985857  0.069831  0.152348     2.010685
 0.135108  0.869021  0.475971    -1.658177
-0.099156  0.489823 -0.866165    -1.441465
>../../../../class1/ile//data/domains/Catalytic_domain/structures/IleRS_AF_Bact_Mycoplasma_hyopneumoniae_168-L_gene57100872.pdb
-0.983443  0.058909  0.171375     0.128759
 0.124660  0.906297  0.403838    -2.867221
-0.131527  0.418516 -0.898635     0.160859
>../../../../class1/ile//data/domains/Catalytic_domain/structures/IleRS_AF_Bact_Orientia_tsutsugamushi_str_Ikeda_gene66653313.pdb
-0.050434 -0.771628  0.634072    -0.528766
-0.857269 -0.292275 -0.423869     0.719814
 0.512393 -0.564947 -0.646752     0.607025
>../../../../class1/ile//data/domains/Catalytic_domain/structures/IleRS_AF_Bact_Porphyromonas_gingivalis_ATCC_33277_gene29255747.pdb
-0.126569 -0.754162  0.644375    -2.886352
-0.876634 -0.218956 -0.428451    -0.205785
 0.464212 -0.619110 -0.633412     2.369488
>../../../../class1/ile//data/domains/Catalytic_domain/structures/IleRS_AF_Bact_Streptobacillus_moniliformis_DSM_12112_gene29674186.pdb
-0.995094  0.002443  0.098903    -3.492676
 0.050107  0.874438  0.482544    -2.668892
-0.085306  0.485132 -0.870270    -3.918842
>../../../../class1/ile//data/domains/Catalytic_domain/structures/IleRS_AF_Bact_Thermus_thermophilus_HB8_gene3168241.pdb
 0.140975 -0.560951 -0.815757     1.316644
 0.854834 -0.346666  0.386111     0.937010
-0.499384 -0.751769  0.430649     2.658604
>../../../../class1/ile//data/domains/Catalytic_domain/structures/IleRS_AF_Bact_Treponema_pallidum_subsp_pertenue_str_SamoaD_gene57878975.pdb
 0.744120 -0.591815 -0.309904     1.371541
 0.648541  0.751241  0.122607     0.379187
 0.160251 -0.292220  0.942829     0.984923
>../../../../class1/ile//data/domains/Catalytic_domain/structures/IleRS_AF_Euk_Cyanidioschyzon_merolae_strain_10D_gene16992835.pdb
 0.020592  0.420433 -0.907090     0.917732
 0.297912 -0.868648 -0.395852    -0.748657
-0.954371 -0.262081 -0.143140     0.007255
>../../../../class1/ile//data/domains/Catalytic_domain/structures/IleRS_AF_Euk_Ostreococcus_lucimarinus_CCE9901_gene5000489.pdb
 0.899287 -0.378100 -0.219825     4.551757
 0.368735  0.925747 -0.083823    -0.671576
 0.235196 -0.005676  0.971931    -1.236482
>../../../../class1/ile//data/domains/Catalytic_domain/structures/IleRS_AF_Euk_Trypanosoma_brucei_brucei_TREU927_gene3663037.pdb
 0.979981 -0.150279 -0.130591     2.139050
 0.102581  0.943291 -0.315719    -0.711952
 0.170631  0.296002  0.939823    -1.320141
>../../../../class1/ile//data/domains/Catalytic_domain/structures/IleRS_AF_Euk_Ustilago_maydis_521_gene23568123.pdb
-0.927804 -0.269940  0.257512     0.953466
-0.280169  0.959945 -0.003162    -3.033353
-0.246343 -0.075081 -0.966270     1.464287
>../../../../class1/ile//data/domains/Catalytic_domain/structures/IleRS_AF_Mito_Drosophila_melanogaster_gene39762.pdb
-0.029565 -0.390763  0.920016    -3.008157
-0.492984 -0.794987 -0.353501    -1.960694
 0.869536 -0.464004 -0.169136     2.292300
>../../../../class1/ile//data/domains/Catalytic_domain/structures/IleRS_AF_Mito_Homo_sapiens_gene55699.pdb
-0.975047  0.079077  0.207436     0.760915
 0.167608  0.874939  0.454300    -2.372895
-0.145569  0.477732 -0.866361    -0.208885
>../../../../class1/ile//data/domains/Catalytic_domain/structures/IleRS_AF_Vir_Megavirus_chiliensis_gene11256744.pdb
-0.277798 -0.861631  0.424759    -0.383066
-0.890177  0.064671 -0.451002     0.766705
 0.361128 -0.503398 -0.784969     1.239181
>../../../../class1/ile//data/domains/Catalytic_domain/structures/IleRS_PDB_Bact_S_aureus_1QU2.pdb
-0.596800  0.752816  0.277666   -73.200352
 0.765580  0.637851 -0.083864   -66.454654
-0.240243  0.162526 -0.957010    69.648095
>../../../../class1/ile//data/domains/Catalytic_domain/structures/IleRS_PDB_Bact_T_therm_1ILE.pdb
 0.084791 -0.866630 -0.491694   -12.575367
 0.949816 -0.078821  0.302717    33.313202
-0.301099 -0.492686  0.816456    17.807825
>../../../../class1/ile//data/domains/Catalytic_domain/structures/IleRS_PDB_Euk_S_cere_7D5C.pdb
-0.956388  0.216093  0.196536    -4.718353
-0.246655 -0.237023 -0.939671    37.995590
-0.156473 -0.947166  0.279986    -2.800426
