>../../../../class2/phe3//data/domains/Catalytic_domain/structures/Phe_Euk_3CMQ.H_sapiens.pdb
 1.000000 -0.000000  0.000000     0.000000
 0.000000  1.000000  0.000000     0.000000
-0.000000  0.000000  1.000000     0.000000
>../../../../class2/phe3//data/domains/Catalytic_domain/structures/Phe_Euk_3TEG.H_sapiens.pdb
 0.999980  0.003721 -0.005104    -0.003489
-0.003702  0.999986  0.003715    -0.101989
 0.005118 -0.003696  0.999980    -0.029656
>../../../../class2/ser2//data/domains/Catalytic_domain/structures/Ser_Arch_2cim_M_barkeri.pdb
 0.862911  0.226693 -0.451658     6.093738
-0.054641  0.930356  0.362563    -8.338233
 0.502394 -0.288180  0.815201   -76.348138
>../../../../class2/ser2//data/domains/Catalytic_domain/structures/Ser_Arch_2cjb_M_barkeri.pdb
 0.874776  0.248472 -0.415967     2.750878
-0.069771  0.914150  0.399328   -10.813552
 0.479478 -0.320300  0.817012   -76.041283
