>structures/GlxRS_AF_Arch_Candidatus_Korarchaeum_cryptofilum_OPF8_gene6094352.pdb
 0.258386  0.888165  0.380000    -0.747178
-0.506174 -0.210567  0.836331    38.191377
 0.822815 -0.408443  0.395158    65.081116
>structures/GlxRS_AF_Arch_Methanothrix_soehngenii_GP6_gene10459943.pdb
-0.164454 -0.969241 -0.183102    -0.391480
-0.747216  0.001234  0.664580    39.758577
-0.643912  0.246110 -0.724436    62.187743
>structures/GlxRS_AF_Arch_Nitrosopumilus_maritimus_SCM1_gene5773999.pdb
-0.651553 -0.350589 -0.672731    -1.580913
 0.707363  0.039615 -0.705739    39.303145
 0.274074 -0.935691  0.222182    62.056491
>structures/GlxRS_AF_Arch_Sulfolobus_islandicus_LAL14_1_gene15298417.pdb
 0.466004 -0.588448  0.660734     3.801253
 0.866490  0.152452 -0.475346    40.599441
 0.178986  0.794032  0.580928    64.738827
>structures/GlxRS_AF_Euk_Cyathus_striatus_proteinKAF9013924.1.pdb
-0.597092 -0.270306 -0.755259    -5.325546
-0.791942  0.048750  0.608647    32.442974
-0.127702  0.961540 -0.243175    63.362167
>structures/GlxRS_AF_Euk_Lichtheimia_hyalospora_proteinKAI7879902.1.pdb
-0.434991  0.794756 -0.423257     4.759080
-0.706846 -0.010197  0.707294    34.124736
 0.557810  0.606844  0.566205    61.547895
>structures/GlxRS_AF_Euk_Medicago_truncatula_gene11407510.pdb
-0.599173  0.230311 -0.766778    -3.246774
-0.757313  0.147679  0.636135    33.206052
 0.259746  0.961846  0.085932    69.523443
>structures/GlxRS_AF_Euk_Xylariaceae_sp_FL0804_proteinKAI0483267.1.pdb
 0.494805  0.338892  0.800200     7.491676
 0.745874  0.306883 -0.591180    35.868686
-0.445914  0.889368 -0.100924    58.165347
>structures/GlxRS_PDB_Arch_M_thermau_3AII.pdb
 0.999992  0.003582  0.001482    -0.339844
-0.003584  0.999992  0.001668    -0.093407
-0.001476 -0.001673  0.999998     0.108195
