>structures/GlxRS_AF_Arch_Candidatus_Korarchaeum_cryptofilum_OPF8_gene6094352.pdb
-0.178395  0.157026  0.971349    -4.268360
 0.444086 -0.868074  0.221890     2.884319
 0.878045  0.470947  0.085127    -1.940791
>structures/GlxRS_AF_Arch_Methanothrix_soehngenii_GP6_gene10459943.pdb
-0.836991 -0.408959  0.363591    -3.168119
-0.532127  0.763229 -0.366500     0.247143
-0.127619 -0.500234 -0.856434    -3.894135
>structures/GlxRS_AF_Arch_Nitrosopumilus_maritimus_SCM1_gene5773999.pdb
 0.366481 -0.287742 -0.884814    -4.261162
 0.694410 -0.548355  0.465942     1.157265
-0.619263 -0.785183 -0.001151    -4.846365
>structures/GlxRS_AF_Arch_Sulfolobus_islandicus_LAL14_1_gene15298417.pdb
 0.999994 -0.002671 -0.002162    -0.045902
 0.002681  0.999985  0.004796     0.030051
 0.002149 -0.004802  0.999986    -0.043279
>structures/GlxRS_AF_Euk_Cyathus_striatus_proteinKAF9013924.1.pdb
-0.986189  0.086134  0.141466   -11.697864
 0.127929  0.938630  0.320323     3.433113
-0.105193  0.333997 -0.936686    -3.369180
>structures/GlxRS_AF_Euk_Lichtheimia_hyalospora_proteinKAI7879902.1.pdb
-0.717252  0.464006  0.519854    -5.862428
 0.598334  0.027745  0.800767    -3.715598
 0.357137  0.885397 -0.297531     1.718201
>structures/GlxRS_AF_Euk_Medicago_truncatula_gene11407510.pdb
-0.890414  0.400276  0.216660    -9.028079
 0.445043  0.665908  0.598752     7.237827
 0.095390  0.629560 -0.771074     1.143255
>structures/GlxRS_AF_Euk_Xylariaceae_sp_FL0804_proteinKAI0483267.1.pdb
 0.799654  0.577017 -0.166146    -3.754535
-0.538382  0.566463 -0.623911    -7.681761
-0.265892  0.588363  0.763630     0.763108
>structures/GlxRS_PDB_Arch_M_thermau_3AII.pdb
 0.469804  0.866268  0.169892   -48.020617
-0.579970  0.157796  0.799209   -56.028266
 0.665521 -0.474004  0.576543   -20.683911
