>../../../../class2/gly2//data/domains/Catalytic_domain/structures/GlyRS-Bα_AF_Bact_Brachyspira_pilosicoli_95_1000_gene56440230.pdb
-0.843501  0.513652 -0.157063     4.117433
 0.383423  0.371026 -0.845770     1.110085
-0.376157 -0.773629 -0.509906     0.662099
>../../../../class2/gly2//data/domains/Catalytic_domain/structures/GlyRS-Bα_AF_Bact_Chlamydia_pneumoniae_TW-183_gene45051002.pdb
 0.472714  0.843818 -0.253991    21.845719
-0.873428  0.410418 -0.262071     6.881343
-0.116898  0.345728  0.931025    12.036336
>../../../../class2/gly2//data/domains/Catalytic_domain/structures/GlyRS-Bα_AF_Bact_Lacticaseibacillus_paracasei_gene61269714.pdb
-0.217632 -0.479986 -0.849853     3.500798
-0.931630 -0.157478  0.327515    -0.414139
-0.291035  0.863026 -0.412897     1.391144
>../../../../class2/gly2//data/domains/Catalytic_domain/structures/GlyRS-Bα_AF_Bact_Prochlorococcus_marinus_subsp_marinus_str_CCMP1375_gene54200602.pdb
 0.256995 -0.623844 -0.738087     3.054438
-0.536716 -0.727262  0.427816    -0.478830
-0.803673  0.286196 -0.521730     1.476995
>../../../../class2/gly2//data/domains/Catalytic_domain/structures/GlyRS-Bα_AF_Bact_Salmonella_enterica_subsp_enterica_serovar_Typhimurium_str_LT2_gene1255180.pdb
 0.757119 -0.613574  0.224273     3.907098
-0.454588 -0.248274  0.855400    -0.343364
-0.469170 -0.749591 -0.466896     3.136336
>../../../../class2/gly2//data/domains/Catalytic_domain/structures/GlyRS-Bα_AF_Bact_Streptobacillus_moniliformis_DSM_12112_gene29673275.pdb
 0.097361 -0.470885 -0.876806     3.449986
-0.665907 -0.685561  0.294236    -0.170828
-0.739655  0.555224 -0.380312     1.651383
>../../../../class2/gly2//data/domains/Catalytic_domain/structures/GlyRS-Bα_AF_Euk_Ostreococcus_tauri_gene9837276.pdb
 0.973802  0.204401 -0.099651    20.892766
-0.122720  0.841311  0.526437     6.547669
 0.191442 -0.500417  0.844354    10.404042
>../../../../class2/gly2//data/domains/Catalytic_domain/structures/GlyRS-Bα_AF_Euk_Vulpes_lagopus_gene121489478.pdb
 1.000000  0.000000  0.000000     0.000000
 0.000000  1.000000  0.000000     0.000000
 0.000000  0.000000  1.000000     0.000000
>../../../../class2/gly2//data/domains/Catalytic_domain/structures/GlyRS-Bα_AF_Mito_Nymphaea_colorata_gene116265348.pdb
 0.524580  0.776960 -0.348064    21.413117
-0.752542  0.231988 -0.616330     8.738155
-0.398117  0.585247  0.706391    11.843515
>../../../../class2/gly2//data/domains/Catalytic_domain/structures/GlyRS-Bα_PDB_Bact_A_aeolicus_5f5w.pdb
-0.377660  0.577479 -0.723803   -22.884836
-0.442457  0.574125  0.688921   -27.008247
 0.813391  0.580430  0.038686    34.404928
>../../../../class2/gly2//data/domains/Catalytic_domain/structures/GlyRS-Bα_PDB_Bact_C_jejuni_3ufg.pdb
 0.484867  0.629997  0.606637   -26.347204
-0.841747  0.147859  0.519230    17.008249
 0.237417 -0.762392  0.601990    17.628563
>../../../../class2/gly2//data/domains/Catalytic_domain/structures/GlyRS-Bα_PDB_Bact_T_maritima_1j5w.pdb
 0.571897 -0.800866 -0.177619    28.297909
-0.801564 -0.591603  0.086606    66.013764
-0.174439  0.092843 -0.980281    11.517172
>../../../../class2/phe2//data/domains/Catalytic_domain/structures/PheRS-Bβ_AF_Bact_Brachyspira_pilosicoli_95_1000_gene56440382.pdb
-0.144461 -0.813250 -0.563698   -10.806611
-0.621254  0.517944 -0.588028    -8.880238
 0.770178  0.265253 -0.580058   -22.374298
>../../../../class2/phe2//data/domains/Catalytic_domain/structures/PheRS-Bβ_AF_Bact_Chlamydia_psittaci_6BC_gene12242429.pdb
 0.909609  0.331608  0.250294   -15.312018
 0.309689 -0.942771  0.123593    -5.916625
 0.276955 -0.034907 -0.960249   -21.512481
>../../../../class2/phe2//data/domains/Catalytic_domain/structures/PheRS-Bβ_AF_Bact_Ferrimonas_balearica_DSM_9799_gene67181907.pdb
-0.088324  0.790902 -0.605536   -15.365363
 0.647721  0.507439  0.568298   -10.561074
 0.756740 -0.342024 -0.557103   -22.262856
>../../../../class2/phe2//data/domains/Catalytic_domain/structures/PheRS-Bβ_AF_Bact_Lacticaseibacillus_paracasei_gene61269867.pdb
 0.031457 -0.898155 -0.438553   -10.827056
-0.794967  0.243472 -0.555652    -4.024174
 0.605836  0.366114 -0.706345   -25.802820
>../../../../class2/phe2//data/domains/Catalytic_domain/structures/PheRS-Bβ_AF_Bact_Mycobacterium_intracellulare_ATCC_13950_gene11909688.pdb
 0.481750  0.856654 -0.184554   -15.029629
 0.771963 -0.315199  0.552016    -9.894358
 0.414716 -0.408403 -0.813153   -22.212078
>../../../../class2/phe2//data/domains/Catalytic_domain/structures/PheRS-Bβ_AF_Bact_Mycoplasma_hyopneumoniae_168-L_gene57101148.pdb
 0.626022 -0.760316 -0.173255   -12.300373
-0.650113 -0.386166 -0.654392   -15.325152
 0.430640  0.522299 -0.736039   -29.630067
>../../../../class2/phe2//data/domains/Catalytic_domain/structures/PheRS-Bβ_AF_Bact_Porphyromonas_gingivalis_ATCC_33277_gene29257179.pdb
 0.499240 -0.393867  0.771769   -10.550746
-0.013428  0.887088  0.461406   -11.919009
-0.866360 -0.240716  0.437581   -20.822232
>../../../../class2/phe2//data/domains/Catalytic_domain/structures/PheRS-Bβ_AF_Bact_Prochlorococcus_marinus_subsp_marinus_str_CCMP1375_gene54200309.pdb
 0.937678  0.217053  0.271381   -17.014344
 0.159630 -0.962708  0.218428    -7.403228
 0.308671 -0.161494 -0.937359   -21.221066
>../../../../class2/phe2//data/domains/Catalytic_domain/structures/PheRS-Bβ_PDB_Bact.B_E_coli_3PCO.pdb
 0.893035  0.196586  0.404775   -12.645757
 0.075623  0.821166 -0.565656    25.269294
-0.443588  0.535761  0.718464   -57.857488
>../../../../class2/phe2//data/domains/Catalytic_domain/structures/PheRS-Bβ_PDB_Bact.B_T_thermophilus_1PYS.pdb
 0.477101 -0.478692  0.737041    -3.150672
-0.858935 -0.431494  0.275759    21.660624
 0.186025 -0.764635 -0.617031    39.755333
