>../../../../class2/gly2//data/domains/Catalytic_domain/structures/GlyT_Bact_1j5w_T_maritima.pdb
 1.000000  0.000000  0.000000     0.000000
 0.000000  1.000000  0.000000     0.000000
 0.000000  0.000000  1.000000     0.000000
>../../../../class2/gly2//data/domains/Catalytic_domain/structures/GlyT_Bact_3ufg_C_jejuni.pdb
 0.915958  0.368622 -0.158553     7.111054
 0.139122 -0.662338 -0.736175    73.215496
-0.376386  0.652247 -0.657957    -1.051274
>../../../../class2/gly2//data/domains/Catalytic_domain/structures/GlyT_Bact_5f5w_A_aeolicus.pdb
 0.006560 -0.227011 -0.973870    41.605425
 0.654454 -0.735374  0.175825    98.640697
-0.756073 -0.638507  0.143744   -20.838604
>../../../../class2/phe2//data/domains/Catalytic_domain/structures/Phe_Bact_2ALY.B_T_thermophilus.pdb
 0.922784  0.170095  0.345741    13.113663
 0.185922  0.589368 -0.786180    51.957979
-0.337494  0.789755  0.512235   -26.012145
>../../../../class2/phe2//data/domains/Catalytic_domain/structures/Phenylalanyl.A.Euryarchaeota.NC_013741.1.pdb
 0.327198  0.772435 -0.544321    49.305513
 0.503309 -0.629978 -0.591445    63.111503
-0.799764 -0.080441 -0.594901     3.601157
>../../../../class2/phe2//data/domains/Catalytic_domain/structures/Phenylalanyl.A.Thaumarchaeota.NC_018655.1.pdb
-0.059065 -0.982486  0.176727    47.529328
 0.550897  0.115556  0.826535    71.803493
-0.832481  0.146178  0.534423    39.255366
