>structures/Arg_Arch_2ZUF_P.hori.pdb
-0.597347 -0.350480 -0.721346    42.314457
-0.151033 -0.834197  0.530382    55.300133
-0.787633  0.425769  0.445370     4.664831
>structures/Arg_Bact_1IQ0_T_therm.pdb
 1.000000  0.000000  0.000000     0.000000
 0.000000  1.000000  0.000000     0.000000
 0.000000  0.000000  1.000000     0.000000
>structures/Arg_Bact_3FNR_Campyl_j.pdb
 0.770779  0.090940  0.630579  -110.690327
 0.507184 -0.686580 -0.520934   138.304535
 0.385569  0.721344 -0.575325    13.976899
>structures/Arg_Bact_4oby_E_coli.pdb
-0.159769 -0.791663  0.589698    54.492187
 0.986399 -0.104667  0.126734    48.759255
-0.038609  0.601926  0.797618   -55.265531
>structures/Arginyl.A.Candidatus_Thermoplasmatota.NC_002689.2.pdb
-0.592809  0.131796  0.794486    10.024099
-0.769455  0.198524 -0.607065    69.775210
-0.237733 -0.971194 -0.016276     1.068139
>structures/Arginyl.A.Crenarchaeota.NC_020247.1.pdb
-0.916411  0.077872  0.392590     6.698303
-0.330043 -0.701912 -0.631182    67.808803
 0.226412 -0.707994  0.668941    -2.143532
>structures/Arginyl.A.Euryarchaeota.NC_013158.1.pdb
 0.879309 -0.173637 -0.443470     9.880216
-0.326479 -0.897711 -0.295849    72.581985
-0.346738  0.404926 -0.846054    -0.399558
>structures/Arginyl.A.Thaumarchaeota.NC_018656.1.pdb
-0.672246  0.155971  0.723712     8.717183
-0.739892 -0.175096 -0.649539    69.153799
 0.025409 -0.972118  0.233109     0.137462
>structures/Arginyl.B.Actinobacteria.NC_017317.1.pdb
-0.873004 -0.319393  0.368581    10.809355
 0.321290 -0.945199 -0.058069    69.995312
 0.366929  0.067727  0.927780    -0.362605
>structures/Arginyl.B.Bacteroidota.NC_010729.1.pdb
 0.637534 -0.383177 -0.668376    11.146633
-0.679907  0.128168 -0.722011    64.530487
 0.362322  0.914739 -0.178813    -0.709654
>structures/Arginyl.B.Cyanobacteria.NC_005042.1.pdb
-0.368610  0.031276  0.929058    10.241094
-0.416514  0.887938 -0.195146    65.844017
-0.831049 -0.458898 -0.314276    -2.699395
>structures/Arginyl.B.Firmicutes.NC_015687.1.pdb
-0.884893 -0.031224  0.464746     8.493228
-0.334320 -0.652166 -0.680374    70.210827
 0.324336 -0.757432  0.566659    -0.944960
>structures/Arginyl.B.Fusobacteria.NC_013515.1.pdb
-0.876907  0.037877  0.479166     9.998147
-0.357431 -0.717904 -0.597375    70.414671
 0.321368 -0.695111  0.643073    -0.658905
>structures/Arginyl.B.Proteobacteria.NC_008095.1.pdb
-0.898103 -0.053172  0.436560    11.065016
-0.288145 -0.678776 -0.675453    70.334646
 0.332241 -0.732418  0.594289    -0.564122
>structures/Arginyl.B.Spirochaetes.NC_002967.9.pdb
 0.413831 -0.162340 -0.895762     8.895729
-0.554004  0.735880 -0.389307    63.454118
 0.722374  0.657363  0.214593     2.523359
>structures/Arginyl.B.Tenericutes.NC_021283.1.pdb
-0.864548  0.092222  0.494016     6.939468
-0.380970 -0.761364 -0.524582    69.342804
 0.327748 -0.641731  0.693370    -1.879769
>structures/Arginyl.E.Ascomycota.NC_001140.6.pdb
-0.272723 -0.055491  0.960491    10.977597
-0.276213  0.960823 -0.022918    66.555213
-0.921590 -0.271550 -0.277366    -3.490100
>structures/Arginyl.E.Chlorophyta.NC_009356.1.pdb
 0.539851 -0.250719 -0.803555    11.467301
-0.669806  0.450226 -0.590471    65.058485
 0.509824  0.856993  0.075122     0.487362
>structures/Arginyl.E.Euglenozoa.NC_009411.2.pdb
 0.242792 -0.174027 -0.954341     7.460795
-0.766424  0.568668 -0.298683    68.002931
 0.594682  0.803947  0.004690    -0.819874
