>structures/ArgRS_AF_Arch_Candidatus_Korarchaeum_cryptofilum_OPF8_gene6093502.pdb
 0.992606 -0.094043  0.076747    -0.650927
 0.091339  0.995094  0.038027    -1.916957
-0.079946 -0.030736  0.996325    -0.166901
>structures/ArgRS_AF_Arch_Candidatus_Nitrosopumilus_sediminis_gene13697696.pdb
 0.851907 -0.417863 -0.315666    -0.633360
 0.521074  0.736558  0.431235    -1.010237
 0.052310 -0.531858  0.845217     2.743508
>structures/ArgRS_AF_Arch_Desulfurococcus_mucosus_DSM_2162_gene10153309.pdb
 0.922968 -0.325298  0.205696    -0.159196
 0.259069  0.920340  0.293014     2.846772
-0.284627 -0.217153  0.933720    -3.579282
>structures/ArgRS_AF_Arch_Methanothermococcus_okinawensis_IH1_gene10773248.pdb
 0.936510  0.181757  0.299855    -0.330907
-0.037526  0.902205 -0.429671    -1.057511
-0.348627  0.391139  0.851745     2.508734
>structures/ArgRS_AF_Bact_Anoxybacillus_flavithermus_WK1_gene7039015.pdb
 0.336583 -0.739415 -0.583077     0.200628
 0.900370  0.071373  0.429232    -3.108242
-0.275764 -0.669457  0.689770     3.139069
>structures/ArgRS_AF_Bact_Brachyspira_pilosicoli_95_1000_gene56439668.pdb
 0.816067  0.572637  0.078246    -4.514175
-0.517305  0.784075 -0.342960    -1.812390
-0.257743  0.239401  0.936085     3.112783
>structures/ArgRS_AF_Bact_Chlamydia_psittaci_6BC_gene12242456.pdb
 0.987489  0.154369  0.032180    -2.460137
-0.156286  0.985264  0.069491    -2.025282
-0.020979 -0.073651  0.997063     1.881905
>structures/ArgRS_AF_Bact_Corynebacterium_ulcerans_809_gene75260071.pdb
 0.891953  0.447401  0.065207    -3.160927
-0.414974  0.867352 -0.274767    -1.343113
-0.179488  0.218020  0.959297     2.448140
>structures/ArgRS_AF_Bact_Cupriavidus_taiwanensis_LMG_19424_gene29762022.pdb
 0.984925  0.137962  0.104351    -1.443699
-0.126665  0.986038 -0.108098    -0.147077
-0.117808  0.093250  0.988648     2.810084
>structures/ArgRS_AF_Bact_Mycoplasma_hyopneumoniae_168-L_gene57100855.pdb
 1.000000  0.000000  0.000000     0.000000
 0.000000  1.000000  0.000000     0.000000
 0.000000  0.000000  1.000000     0.000000
>structures/ArgRS_AF_Bact_Prochlorococcus_marinus_subsp._marinus_str._CCMP1375_gene54199571.pdb
 0.221670 -0.523480 -0.822697    -1.423437
 0.796862 -0.389026  0.462245     3.717275
-0.562027 -0.758042  0.330906     2.795285
>structures/ArgRS_AF_Bact_Streptobacillus_moniliformis_DSM_12112_gene29674021.pdb
-0.065373 -0.809315  0.583726    -2.707493
-0.711964 -0.372044 -0.595560    -1.047982
 0.699167 -0.454525 -0.551881     3.201120
>structures/ArgRS_AF_Euk_Micromonas_commoda_gene8250062.pdb
-0.981409 -0.164410  0.099025    -1.129337
-0.170488  0.983747 -0.056360    -4.343109
-0.088149 -0.072195 -0.993488     2.782806
>structures/ArgRS_AF_Euk_Paulinella_chromatophora_gene6481434.pdb
 0.106218 -0.336962 -0.935507    -2.711096
 0.640194 -0.696714  0.323639     3.359270
-0.760835 -0.633282  0.141717     0.553328
>structures/ArgRS_AF_Euk_Polyodon_spathula_gene121324634.pdb
 0.756849  0.644895 -0.106251    -0.381269
-0.409138  0.340700 -0.846481    -8.373024
-0.509692  0.684130  0.521710     0.915038
>structures/ArgRS_AF_Euk_Thalassiosira_pseudonana_CCMP1335_gene7449555.pdb
 0.005472 -0.622461  0.782632     2.284279
-0.643385 -0.601332 -0.473767    -4.079520
 0.765523 -0.500941 -0.403772     6.608975
>structures/ArgRS_AF_Mito_Caenorhabditis_elegans_gene174023.pdb
-0.085444 -0.019150 -0.996159     3.419297
 0.315255 -0.948966 -0.008798     0.671155
-0.945153 -0.314796  0.087120    -0.123059
>structures/ArgRS_AF_Mito_Saccharomyces_cerevisiae_S288C_gene851942.pdb
-0.569695  0.610931  0.549736    -2.920404
 0.455630 -0.321916  0.829923    -3.512929
 0.683995  0.723279 -0.094965     4.187861
>structures/ArgRS_PDB_Arch_2ZUF.pdb
 0.283058  0.715728  0.638445   -24.167065
 0.534242  0.435176 -0.724712     9.755607
-0.796532  0.546220 -0.259192    27.818977
>structures/ArgRS_PDB_Bact_1IQ0.pdb
-0.876277 -0.338249  0.343111    30.249737
 0.080797 -0.805214 -0.587454    54.124271
 0.474984 -0.487050  0.732921    31.878689
>structures/ArgRS_PDB_Bact_3FNR.pdb
-0.716950  0.382340 -0.582922    87.663578
-0.584816  0.125258  0.801437   -72.276584
 0.379437  0.915492  0.133795   -77.792025
>structures/ArgRS_PDB_Bact_4oby.pdb
-0.212318  0.934541 -0.285576   -52.787346
-0.791098 -0.335937 -0.511185    51.705632
-0.573659  0.117384  0.810640    -7.277566
