>structures/ArgRS_AF_Arch_Candidatus_Korarchaeum_cryptofilum_OPF8_gene6093502.pdb
 0.971848  0.139346 -0.189985    -2.567830
-0.175377  0.966311 -0.188375    -5.146618
 0.157335  0.216391  0.963546     1.534482
>structures/ArgRS_AF_Arch_Candidatus_Nitrosopumilus_sediminis_gene13697696.pdb
 0.898891 -0.069095 -0.432690    -3.080805
 0.227125  0.917944  0.325257    -5.050429
 0.374711 -0.390646  0.840825     4.511575
>structures/ArgRS_AF_Arch_Desulfurococcus_mucosus_DSM_2162_gene10153309.pdb
 0.999921  0.012305 -0.002384     0.090323
-0.012313  0.999917 -0.003731     0.015416
 0.002338  0.003760  0.999990     0.001328
>structures/ArgRS_AF_Arch_Methanothermococcus_okinawensis_IH1_gene10773248.pdb
 0.961094  0.270199 -0.057374    -2.798392
-0.239134  0.709938 -0.662422    -5.042114
-0.138253  0.650370  0.746930     4.408397
>structures/ArgRS_AF_Bact_Anoxybacillus_flavithermus_WK1_gene7039015.pdb
 0.594857 -0.489053 -0.637944    -2.864973
 0.801454  0.421833  0.423943    -7.363797
 0.061775 -0.763468  0.642884     4.558723
>structures/ArgRS_AF_Bact_Brachyspira_pilosicoli_95_1000_gene56439668.pdb
 0.722497  0.642036 -0.256493    -6.927645
-0.659142  0.527701 -0.535783    -4.588319
-0.208640  0.556167  0.804455     3.941065
>structures/ArgRS_AF_Bact_Chlamydia_psittaci_6BC_gene12242456.pdb
 0.898503  0.378868 -0.221703    -4.818088
-0.418308  0.892107 -0.170771    -4.966744
 0.133084  0.246178  0.960044     3.402940
>structures/ArgRS_AF_Bact_Corynebacterium_ulcerans_809_gene75260071.pdb
 0.794296  0.546456 -0.265480    -5.472401
-0.600932  0.642451 -0.475539    -4.442867
-0.089303  0.537255  0.838679     3.707396
>structures/ArgRS_AF_Bact_Cupriavidus_taiwanensis_LMG_19424_gene29762022.pdb
 0.923767  0.323522 -0.204908    -3.776152
-0.377081  0.861786 -0.339316    -3.829393
 0.066810  0.390716  0.918084     4.717642
>structures/ArgRS_AF_Bact_Mycoplasma_hyopneumoniae_168-L_gene57100855.pdb
 0.933773  0.225489 -0.277890    -1.525557
-0.287185  0.935477 -0.205932    -3.645935
 0.213524  0.272099  0.938280     2.396751
>structures/ArgRS_AF_Bact_Prochlorococcus_marinus_subsp_marinus_str_CCMP1375_gene54199571.pdb
 0.532247 -0.366282 -0.763250    -3.152550
 0.804449 -0.062082  0.590769    -0.136695
-0.263772 -0.928431  0.261612     5.517511
>structures/ArgRS_AF_Bact_Streptobacillus_moniliformis_DSM_12112_gene29674021.pdb
-0.410856 -0.717734  0.562188    -5.311942
-0.793676 -0.021866 -0.607947    -4.406356
 0.448637 -0.695974 -0.560664     4.658717
>structures/ArgRS_AF_Euk_Micromonas_commoda_gene8250062.pdb
-0.935059  0.085753  0.343965    -4.304967
 0.132988  0.984291  0.116131    -7.777221
-0.328602  0.154332 -0.931774     3.620486
>structures/ArgRS_AF_Euk_Paulinella_chromatophora_gene6481434.pdb
 0.445990 -0.296227 -0.844596    -3.754276
 0.730033 -0.425552  0.534750     0.254910
-0.517826 -0.855076  0.026464     3.125028
>structures/ArgRS_AF_Euk_Polyodon_spathula_gene121324634.pdb
 0.760968  0.499730 -0.413760    -4.102610
-0.485036  0.014642 -0.874372   -11.431204
-0.430892  0.866058  0.253529     0.901294
>structures/ArgRS_AF_Euk_Thalassiosira_pseudonana_CCMP1335_gene7449555.pdb
-0.334194 -0.568889  0.751452    -2.268615
-0.768146 -0.297594 -0.566913    -9.295951
 0.546138 -0.766683 -0.337536     7.791401
>structures/ArgRS_AF_Mito_Caenorhabditis_elegans_gene174023.pdb
 0.252644 -0.155657 -0.954956     1.660561
 0.493343 -0.828314  0.265534    -4.009112
-0.832336 -0.538206 -0.132477     3.469437
>structures/ArgRS_AF_Mito_Saccharomyces_cerevisiae_S288C_gene851942.pdb
-0.611246  0.305754  0.729995    -6.191206
 0.458631 -0.614866  0.641558    -6.715496
 0.645008  0.726948  0.235606     5.048345
>structures/ArgRS_PDB_Arch_2ZUF.pdb
 0.609176  0.617198  0.497967   -29.464753
 0.571198  0.094107 -0.815400     7.282312
-0.550125  0.781160 -0.295215    26.087049
>structures/ArgRS_PDB_Bact_1IQ0.pdb
-0.928506 -0.371164 -0.010675    30.689920
 0.236550 -0.569106 -0.787504    32.547412
 0.286218 -0.733727  0.616217    52.452676
>structures/ArgRS_PDB_Bact_3FNR.pdb
-0.906714  0.136196 -0.399149    85.031437
-0.419255 -0.188379  0.888110   -79.844718
 0.045765  0.972607  0.227907   -72.520582
