>structures/ArgRS_AF_Arch_Candidatus_Korarchaeum_cryptofilum_OPF8_gene6093502.pdb
-0.896896  0.159713  0.412394     7.407876
-0.377356 -0.762643 -0.525336    71.189541
 0.230607 -0.626791  0.744281    -1.195810
>structures/ArgRS_AF_Arch_Candidatus_Nitrosopumilus_sediminis_gene13697696.pdb
-0.674042  0.168007  0.719334     8.724433
-0.737332 -0.212105 -0.641368    69.152043
 0.044820 -0.962697  0.266845     0.413049
>structures/ArgRS_AF_Arch_Desulfurococcus_mucosus_DSM_2162_gene10153309.pdb
-0.938129  0.219455  0.267867     6.052700
-0.346172 -0.574558 -0.741652    68.474126
-0.008854 -0.788494  0.614979    -6.065360
>structures/ArgRS_AF_Arch_Methanothermococcus_okinawensis_IH1_gene10773248.pdb
-0.989889  0.090396  0.109310     8.855021
-0.105076 -0.984983 -0.136993    69.010294
 0.095285 -0.147094  0.984522     0.389341
>structures/ArgRS_AF_Bact_Anoxybacillus_flavithermus_WK1_gene7039015.pdb
-0.368134  0.335426  0.867160     8.519876
-0.709315  0.501670 -0.495176    70.399630
-0.601123 -0.797381  0.053241     2.605656
>structures/ArgRS_AF_Bact_Brachyspira_pilosicoli_95_1000_gene56439668.pdb
-0.880915 -0.318411  0.350147    12.261116
 0.264156 -0.944670 -0.194473    70.653095
 0.392696 -0.078821  0.916284    -0.106453
>structures/ArgRS_AF_Bact_Chlamydia_psittaci_6BC_gene12242456.pdb
-0.892232 -0.076584  0.445036     9.795092
-0.186979 -0.834412 -0.518456    70.606426
 0.411049 -0.545795  0.730169    -0.214224
>structures/ArgRS_AF_Bact_Corynebacterium_ulcerans_809_gene75260071.pdb
-0.899237 -0.221034  0.377514    11.070345
 0.122572 -0.955703 -0.267597    70.138941
 0.419939 -0.194361  0.886496    -0.344245
>structures/ArgRS_AF_Bact_Cupriavidus_taiwanensis_LMG_19424_gene29762022.pdb
-0.926768  0.006592  0.375575     9.636723
-0.179001 -0.886772 -0.426138    68.612062
 0.330241 -0.462160  0.823013    -0.289831
>structures/ArgRS_AF_Bact_Mycoplasma_hyopneumoniae_168-L_gene57100855.pdb
-0.876277  0.080797  0.474984     6.992199
-0.338249 -0.805214 -0.487050    69.340091
 0.343111 -0.587454  0.732921    -1.948058
>structures/ArgRS_AF_Bact_Prochlorococcus_marinus_subsp_marinus_str_CCMP1375_gene54199571.pdb
-0.380158  0.057987  0.923102    10.130186
-0.455253  0.857035 -0.241322    65.513605
-0.805124 -0.511985 -0.299410    -2.585019
>structures/ArgRS_AF_Bact_Streptobacillus_moniliformis_DSM_12112_gene29674021.pdb
 0.323734  0.458505 -0.827628    10.965997
 0.276330  0.790778  0.546179    69.408102
 0.904897 -0.405515  0.129303     0.029711
>structures/ArgRS_AF_Euk_Micromonas_commoda_gene8250062.pdb
 0.805787  0.197885 -0.558166     8.836039
 0.509502 -0.712063  0.483088    71.855544
-0.301854 -0.673652 -0.674594     2.171240
>structures/ArgRS_AF_Euk_Paulinella_chromatophora_gene6481434.pdb
-0.388824 -0.072685  0.918440    10.005722
-0.198823  0.980013 -0.006614    67.125082
-0.899603 -0.185179 -0.395504    -4.574786
>structures/ArgRS_AF_Euk_Polyodon_spathula_gene121324634.pdb
-0.943785 -0.211832  0.253765     7.009754
 0.311813 -0.825353  0.470707    75.758047
 0.109735  0.523374  0.845008     3.343018
>structures/ArgRS_AF_Euk_Thalassiosira_pseudonana_CCMP1335_gene7449555.pdb
 0.292343  0.237968 -0.926232     7.951749
 0.155668  0.943785  0.291611    68.633949
 0.943559 -0.229436  0.238865     5.962566
>structures/ArgRS_AF_Mito_Caenorhabditis_elegans_gene174023.pdb
-0.350775 -0.202202  0.914369     4.684401
 0.214986  0.932944  0.288784    67.457423
-0.911448  0.297875 -0.283783    -0.897020
>structures/ArgRS_AF_Mito_Saccharomyces_cerevisiae_S288C_gene851942.pdb
 0.861547 -0.217300 -0.458821    11.588227
-0.505991 -0.293929 -0.810913    70.858684
 0.041350  0.930799 -0.363186     2.172517
>structures/ArgRS_PDB_Arch_2ZUF.pdb
-0.597347 -0.350480 -0.721346    42.314457
-0.151033 -0.834197  0.530382    55.300133
-0.787633  0.425769  0.445370     4.664831
>structures/ArgRS_PDB_Bact_1IQ0.pdb
 1.000000  0.000000  0.000000     0.000000
 0.000000  1.000000  0.000000     0.000000
 0.000000  0.000000  1.000000     0.000000
>structures/ArgRS_PDB_Bact_3FNR.pdb
 0.769196  0.096121  0.631742  -110.927464
 0.514834 -0.678844 -0.523563   137.855093
 0.378529  0.727964 -0.571650    13.486229
