>../../../../class2/asn//data/domains/Catalytic_domain/structures/AsnRS_AF_Arch_Candidatus_Korarchaeum_cryptofilum_OPF8_gene6094562.pdb
 0.423639 -0.890662  0.165082    14.614115
 0.819844  0.454503  0.348257    -2.863784
-0.385210 -0.012194  0.922749    -4.325430
>../../../../class2/asn//data/domains/Catalytic_domain/structures/AsnRS_AF_Arch_Candidatus_Nitrososphaera_gargensis_Ga92_gene13796664.pdb
-0.841958  0.069534 -0.535043    12.712226
-0.049030  0.977697  0.204217    -4.648825
 0.537310  0.198175 -0.819771    -5.232511
>../../../../class2/asn//data/domains/Catalytic_domain/structures/AsnRS_AF_Arch_Ferroplasma_acidarmanus_Fer1_gene16025664.pdb
 0.184347  0.916336  0.355450    11.783468
 0.442572 -0.400301  0.802427     4.336939
 0.877580  0.009387 -0.479339    -2.085688
>../../../../class2/asn//data/domains/Catalytic_domain/structures/AsnRS_AF_Arch_Pyrococcus_sp_ST04_gene13021535.pdb
 0.117005  0.933602  0.338670    11.010695
 0.489984 -0.350886  0.797994     3.404998
 0.863843  0.072574 -0.498505    -2.091598
>../../../../class2/asn//data/domains/Catalytic_domain/structures/AsnRS_AF_Bact_Clostridium_acetobutylicum_DSM_1731_gene44999755.pdb
-0.859808  0.033301 -0.509530    14.221834
-0.126022  0.953163  0.274951    -3.907283
 0.494822  0.300617 -0.815341    -5.755763
>../../../../class2/asn//data/domains/Catalytic_domain/structures/AsnRS_AF_Bact_Mycoplasma_hyopneumoniae_168-L_gene57101291.pdb
-0.191072  0.976425  0.100424     9.540316
 0.493624  0.007154  0.869646     3.319969
 0.848426  0.215737 -0.483354    -1.205534
>../../../../class2/asn//data/domains/Catalytic_domain/structures/AsnRS_AF_Bact_Porphyromonas_gingivalis_ATCC_33277_gene29256423.pdb
-0.013771  0.945559  0.325159    11.059870
 0.455593 -0.283539  0.843825     2.327866
 0.890081  0.159760 -0.426886    -1.912733
>../../../../class2/asn//data/domains/Catalytic_domain/structures/AsnRS_AF_Bact_Streptobacillus_moniliformis_DSM_12112_gene29673200.pdb
-0.847184 -0.074700 -0.526023    13.903925
-0.241605  0.935941  0.256204    -3.725625
 0.473188  0.344142 -0.810962    -5.406650
>../../../../class2/asn//data/domains/Catalytic_domain/structures/AsnRS_AF_Bact_Thermus_thermophilus_HB8_gene3168522.pdb
-0.275522  0.960432 -0.040727     8.704904
 0.455416  0.167723  0.874337     3.238052
 0.846572  0.222352 -0.483607    -2.280892
>../../../../class2/asn//data/domains/Catalytic_domain/structures/AsnRS_AF_Bact_Treponema_pallidum_subsp_pertenue_str_SamoaD_gene57879132.pdb
-0.831280  0.111536 -0.544548    13.224927
-0.066892  0.952468  0.297203    -4.480473
 0.551814  0.283485 -0.784307    -5.517021
>../../../../class2/asn//data/domains/Catalytic_domain/structures/AsnRS_AF_Bact_unclassified_Blastocatellia_proteinRPI49177.1.pdb
-0.476385  0.854196 -0.208343     8.201347
 0.395294  0.419737  0.817045     1.487348
 0.785366  0.306871 -0.537615    -2.916092
>../../../../class2/asn//data/domains/Catalytic_domain/structures/AsnRS_AF_Euk_Candida_albicans_SC5314_gene3646227.pdb
 0.045806  0.983659  0.174116     9.394348
 0.576608 -0.168366  0.799485     3.767421
 0.815736  0.063775 -0.574898    -6.255679
>../../../../class2/asn//data/domains/Catalytic_domain/structures/AsnRS_AF_Euk_Cryptococcus_gattii_WM276_gene10190222.pdb
 0.003103  0.994089  0.108522     9.177643
 0.665686 -0.083036  0.741598     2.299868
 0.746225  0.069940 -0.662009    -9.399786
>../../../../class2/asn//data/domains/Catalytic_domain/structures/AsnRS_AF_Euk_Encephalitozoon_intestinalis_ATCC_50506_gene9698489.pdb
 0.084031  0.884725  0.458476    12.359888
 0.441402 -0.445549  0.778878     3.476081
 0.893366  0.136922 -0.427959    -1.114742
>../../../../class2/asn//data/domains/Catalytic_domain/structures/AsnRS_AF_Euk_Vitis_vinifera_gene100257593.pdb
-0.781827  0.008302 -0.623440    14.964652
-0.309787  0.862584  0.399976    -7.192496
 0.541090  0.505846 -0.671819    -4.986761
>../../../../class2/asn//data/domains/Catalytic_domain/structures/AsnRS_AF_Mito_Solanum_lycopersicum_gene543755.pdb
-0.570191  0.640357 -0.514612    13.099225
 0.038283  0.646452  0.761994    -7.775894
 0.820620  0.414781 -0.393116    -5.437462
>../../../../class2/asn//data/domains/Catalytic_domain/structures/AsnRS_AF_Mito_Zeugodacus_cucurbitae_gene105213230.pdb
-0.034003  0.989107 -0.143218    10.814968
-0.428669 -0.143884 -0.891930    -5.298656
-0.902821  0.031065  0.428892    -7.120296
>../../../../class2/asn//data/domains/Catalytic_domain/structures/AsnRS_PDB_Arch_P_horikoshii_1X54.pdb
-0.871719 -0.477937  0.108086     5.008330
 0.476355 -0.878264 -0.041706     4.805756
 0.114861  0.015132  0.993266   -33.995578
>../../../../class2/asn//data/domains/Catalytic_domain/structures/AsnRS_PDB_Bact_E_anophelis_6pqh.pdb
-0.597929 -0.801546  0.002281     4.716413
-0.666563  0.495652 -0.556797   -42.077829
 0.445168 -0.334446 -0.830645   -46.096944
>../../../../class2/asn//data/domains/Catalytic_domain/structures/AsnRS_PDB_Euk_S_cerevisiae_1asz.pdb
-0.585489 -0.400608  0.704780    92.251203
 0.203172  0.769113  0.605959   -59.895402
-0.784808  0.497974 -0.368915    22.019207
>../../../../class2/thr//data/domains/Catalytic_domain/structures/ThrRS_AF_Arch_Candidatus_Methanomethylophilus_alvus_Mx1201_gene15140074.pdb
-0.481230  0.462850  0.744438     4.998648
-0.528358  0.524487 -0.667646     0.934885
-0.699468 -0.714621 -0.007849    -3.618115
>../../../../class2/thr//data/domains/Catalytic_domain/structures/ThrRS_AF_Arch_Candidatus_Nitrosopumilus_koreensis_AR1_gene13725077.pdb
 0.497146  0.551279  0.670028    11.642719
 0.041572 -0.786465  0.616234     2.256547
 0.866670 -0.278504 -0.413906     2.557289
>../../../../class2/thr//data/domains/Catalytic_domain/structures/ThrRS_AF_Arch_Pyrococcus_furiosus_DSM_3638_gene1469226.pdb
 0.278409  0.784127  0.554647    10.354977
 0.038554 -0.586138  0.809294     0.341700
 0.959688 -0.203931 -0.193417     2.396676
>../../../../class2/thr//data/domains/Catalytic_domain/structures/ThrRS_AF_Arch_Sulfolobus_islandicus_M164_gene7940156.pdb
-0.750963 -0.364558 -0.550593    11.453565
 0.547919 -0.809375 -0.211414    -0.191000
-0.368564 -0.460445  0.807559    -5.795210
>../../../../class2/thr//data/domains/Catalytic_domain/structures/ThrRS_AF_Bact_Bifidobacterium_longum_subsp_longum_JCM_1217_gene69578309.pdb
-0.629997  0.189510  0.753120     2.143929
 0.594435 -0.506384  0.624677     0.455603
 0.499751  0.841226  0.206369    -0.440552
>../../../../class2/thr//data/domains/Catalytic_domain/structures/ThrRS_AF_Bact_Brachyspira_pilosicoli_95_1000_gene56439092.pdb
-0.284825 -0.944436  0.164062     2.206528
 0.932691 -0.233537  0.274859     1.129806
-0.221272  0.231306  0.947384    -3.436874
>../../../../class2/thr//data/domains/Catalytic_domain/structures/ThrRS_AF_Bact_Brucella_abortus_2308_gene3787745.pdb
 0.665098 -0.505921 -0.549262     1.918929
-0.743227 -0.519894 -0.421098     0.934243
-0.072516  0.688297 -0.721795    -2.748060
>../../../../class2/thr//data/domains/Catalytic_domain/structures/ThrRS_AF_Bact_Lactobacillus_acidophilus_La-14_gene56943112.pdb
 0.283999  0.749017 -0.598597    -1.440476
 0.477435  0.430933  0.765737     2.326108
 0.831505 -0.503259 -0.235222    -0.349032
>../../../../class2/thr//data/domains/Catalytic_domain/structures/ThrRS_AF_Bact_Mycoplasma_hyopneumoniae_168-L_gene57101460.pdb
-0.159239  0.800103  0.578341     5.293905
-0.134114  0.562854 -0.815604    -0.958201
-0.978088 -0.207440  0.017676    -3.351445
>../../../../class2/thr//data/domains/Catalytic_domain/structures/ThrRS_AF_Bact_Porphyromonas_gingivalis_ATCC_33277_gene29256174.pdb
-0.011561 -0.742886  0.669318     2.671864
 0.787046  0.406121  0.464354    -0.537028
-0.616786  0.532152  0.579991    -0.787509
>../../../../class2/thr//data/domains/Catalytic_domain/structures/ThrRS_AF_Bact_Prochlorococcus_marinus_subsp_marinus_str_CCMP1375_gene54200406.pdb
-0.140162 -0.407280  0.902484     1.390875
-0.777524 -0.519067 -0.355003     2.535926
 0.613035 -0.751460 -0.243917     0.429910
>../../../../class2/thr//data/domains/Catalytic_domain/structures/ThrRS_AF_Bact_Streptobacillus_moniliformis_DSM_12112_gene29674242.pdb
 0.479080  0.860912  0.171209     1.846291
 0.164633 -0.279718  0.945861     1.232938
 0.862194 -0.424957 -0.275742    -1.939752
>../../../../class2/thr//data/domains/Catalytic_domain/structures/ThrRS_AF_Euk_Arabidopsis_thaliana_gene832741.pdb
-0.633502  0.661122  0.401987     1.608251
 0.472508 -0.080853  0.877610    -1.016175
 0.612709  0.745910 -0.261164     0.857126
>../../../../class2/thr//data/domains/Catalytic_domain/structures/ThrRS_AF_Euk_Cryptococcus_gattii_WM276_gene10188143.pdb
-0.415328  0.451708  0.789597    -0.376227
 0.465566 -0.640156  0.611104    -0.210613
 0.781506  0.621418  0.055575    -0.929038
>../../../../class2/thr//data/domains/Catalytic_domain/structures/ThrRS_AF_Euk_Cyanidioschyzon_merolae_strain_10D_gene16997242.pdb
 0.693407 -0.714986 -0.089334    -0.014654
-0.699495 -0.638207 -0.321555     1.144252
 0.172894  0.285457 -0.942668    -1.050756
>../../../../class2/thr//data/domains/Catalytic_domain/structures/ThrRS_AF_Euk_Zymoseptoria_tritici_IPO323_gene13396560.pdb
 0.619076  0.198750 -0.759766   -10.457742
-0.316984  0.948376 -0.010198    -6.318957
 0.718516  0.247147  0.650117     6.841007
>../../../../class2/thr//data/domains/Catalytic_domain/structures/ThrRS_AF_Mito_Cyanidioschyzon_merolae_strain_10D_gene16995590.pdb
 0.485156  0.284626  0.826808     2.184714
-0.197091 -0.885617  0.420520     1.466342
 0.851927 -0.366974 -0.373565    -1.822746
>../../../../class2/thr//data/domains/Catalytic_domain/structures/ThrRS_AF_Mito_Oryza_sativa_Japonica_Group_gene4345200.pdb
 1.000000 -0.000000  0.000000     0.000000
 0.000000  1.000000  0.000000     0.000000
-0.000000  0.000000  1.000000     0.000000
>../../../../class2/thr//data/domains/Catalytic_domain/structures/ThrRS_PDB_Bact_E_coli_1evk.pdb
-0.714435 -0.697821  0.051271    72.235145
-0.699116  0.714917 -0.011475   -17.748531
-0.028647 -0.044043 -0.998619    16.494655
>../../../../class2/thr//data/domains/Catalytic_domain/structures/ThrRS_PDB_Bact_S_aureus_1nyr.pdb
 0.224742  0.569445  0.790711   -68.416295
 0.689722  0.480244 -0.541895    -4.472074
-0.688313  0.667157 -0.284828   -10.685074
