>../../../../class1/ile//data/domains/Catalytic_domain/structures/IleRS_AF_Arch_Candidatus_Korarchaeum_cryptofilum_OPF8_gene6094904.pdb
-0.561272  0.826450 -0.044204     0.600523
-0.774108 -0.543120 -0.325234    -1.089592
-0.292797 -0.148326  0.944600     2.389194
>../../../../class1/ile//data/domains/Catalytic_domain/structures/IleRS_AF_Arch_Candidatus_Nitrosopumilus_sediminis_gene13697091.pdb
 0.135615 -0.986783  0.088699     4.696459
-0.224828 -0.117842 -0.967247    -3.096797
 0.964915  0.111231 -0.237837    -0.381262
>../../../../class1/ile//data/domains/Catalytic_domain/structures/IleRS_AF_Arch_Pyrobaculum_aerophilum_str_IM2_gene1465853.pdb
 0.869580  0.153841  0.469216    -1.535937
 0.339480 -0.876301 -0.341833     1.713923
 0.358587  0.456540 -0.814240    -0.684824
>../../../../class1/ile//data/domains/Catalytic_domain/structures/IleRS_AF_Arch_Thermoplasma_acidophilum_DSM_1728_gene1456418.pdb
-0.511008 -0.303648 -0.804157     0.978498
-0.292119 -0.818501  0.494694    -2.186412
-0.808416  0.487703  0.329559     1.772888
>../../../../class1/ile//data/domains/Catalytic_domain/structures/IleRS_AF_Bact_Chlamydia_muridarum_str_Nigg_gene1246458.pdb
 0.671547 -0.223292  0.706517     1.516613
-0.232511  0.841847  0.487065    -3.929578
-0.703537 -0.491360  0.513422     2.697753
>../../../../class1/ile//data/domains/Catalytic_domain/structures/IleRS_AF_Bact_Lactobacillus_acidophilus_La-14_gene56942445.pdb
 0.702745  0.621404  0.346420    -1.988117
 0.686838 -0.719527 -0.102637    -1.402011
 0.185479  0.310062 -0.932448     0.332343
>../../../../class1/ile//data/domains/Catalytic_domain/structures/IleRS_AF_Bact_Mycoplasma_hyopneumoniae_168-L_gene57100872.pdb
 0.685668  0.686610  0.241716    -2.048894
 0.718447 -0.691732 -0.073084     0.063215
 0.117023  0.223771 -0.967591     2.776746
>../../../../class1/ile//data/domains/Catalytic_domain/structures/IleRS_AF_Bact_Orientia_tsutsugamushi_str_Ikeda_gene66653313.pdb
-0.689939  0.162948 -0.705289     1.367079
 0.316071  0.944360 -0.091009    -1.070093
 0.651217 -0.285713 -0.703054     2.781857
>../../../../class1/ile//data/domains/Catalytic_domain/structures/IleRS_AF_Bact_Porphyromonas_gingivalis_ATCC_33277_gene29255747.pdb
-0.626669  0.270645 -0.730779     1.725675
 0.451123  0.890639 -0.057005     0.332118
 0.635432 -0.365395 -0.680230     5.150024
>../../../../class1/ile//data/domains/Catalytic_domain/structures/IleRS_AF_Bact_Streptobacillus_moniliformis_DSM_12112_gene29674186.pdb
 0.595045  0.698837  0.396924     1.018861
 0.776248 -0.627703 -0.058551     4.474504
 0.208233  0.342952 -0.915982     0.004200
>../../../../class1/ile//data/domains/Catalytic_domain/structures/IleRS_AF_Bact_Thermus_thermophilus_HB8_gene3168241.pdb
 0.635713  0.067003  0.769012     0.519234
-0.428192  0.859514  0.279081    -3.685231
-0.642278 -0.506701  0.575094     4.584459
>../../../../class1/ile//data/domains/Catalytic_domain/structures/IleRS_AF_Bact_Treponema_pallidum_subsp_pertenue_str_SamoaD_gene57878975.pdb
 0.110348  0.953290  0.281179    -0.210871
-0.978447  0.153878 -0.137709    -2.697812
-0.174544 -0.259923  0.949723     2.490407
>../../../../class1/ile//data/domains/Catalytic_domain/structures/IleRS_AF_Euk_Cyanidioschyzon_merolae_strain_10D_gene16992835.pdb
 0.266625 -0.930921  0.249595    -1.206382
 0.116089  0.288104  0.950536    -1.624371
-0.956783 -0.224461  0.184886     1.696460
>../../../../class1/ile//data/domains/Catalytic_domain/structures/IleRS_AF_Euk_Ostreococcus_lucimarinus_CCE9901_gene5000489.pdb
-0.176951  0.983401 -0.040134    -1.314282
-0.974161 -0.180812 -0.135344    -2.869881
-0.140354  0.015148  0.989985     0.285427
>../../../../class1/ile//data/domains/Catalytic_domain/structures/IleRS_AF_Euk_Trypanosoma_brucei_brucei_TREU927_gene3663037.pdb
-0.448124  0.865577 -0.223521    -0.761996
-0.884919 -0.464989 -0.026527    -1.754709
-0.126896  0.185911  0.974338     0.936538
>../../../../class1/ile//data/domains/Catalytic_domain/structures/IleRS_AF_Euk_Ustilago_maydis_521_gene23568123.pdb
 0.263048  0.959400 -0.101771    -1.695231
 0.963586 -0.256004  0.077221    -0.471353
 0.048032 -0.118378 -0.991806     4.312385
>../../../../class1/ile//data/domains/Catalytic_domain/structures/IleRS_AF_Mito_Drosophila_melanogaster_gene39762.pdb
-0.434477 -0.354605 -0.827940     0.015195
 0.018554  0.915517 -0.401851     1.151074
 0.900492 -0.189956 -0.391192     5.102240
>../../../../class1/ile//data/domains/Catalytic_domain/structures/IleRS_AF_Mito_Homo_sapiens_gene55699.pdb
 0.709659  0.640790  0.292868    -1.992408
 0.692998 -0.709813 -0.126170    -0.374448
 0.127033  0.292494 -0.947792     2.001578
>../../../../class1/ile//data/domains/Catalytic_domain/structures/IleRS_AF_Vir_Megavirus_chiliensis_gene11256744.pdb
-0.636841  0.485991 -0.598538     2.476756
 0.545828  0.832474  0.095181    -0.783924
 0.544524 -0.266083 -0.795420     3.700647
>../../../../class1/ile//data/domains/Catalytic_domain/structures/IleRS_PDB_Bact_S_aureus_1QU2.pdb
 0.969250  0.113723 -0.218223   -14.446457
 0.148303 -0.977618  0.149228    68.224400
-0.196368 -0.177003 -0.964422    99.923820
>../../../../class1/ile//data/domains/Catalytic_domain/structures/IleRS_PDB_Bact_T_therm_1ILE.pdb
 0.745716  0.449863  0.491458    34.366556
-0.499514  0.865622 -0.034420   -15.411259
-0.440901 -0.219823  0.870221    18.886843
>../../../../class1/ile//data/domains/Catalytic_domain/structures/IleRS_PDB_Euk_S_cere_7D5C.pdb
 0.338807 -0.314949 -0.886576    35.118167
 0.922619  0.295850  0.247482   -15.425249
 0.184350 -0.901820  0.390814    -6.917312
>../../../../class1/tyr//data/domains/Catalytic_domain/structures/TyrRS_AF_Arch_Candidatus_Korarchaeum_cryptofilum_OPF8_gene6094625.pdb
-0.110146 -0.148933 -0.982694     1.555416
 0.602785 -0.796135  0.053095     4.327113
-0.790264 -0.586505  0.177465    -0.611101
>../../../../class1/tyr//data/domains/Catalytic_domain/structures/TyrRS_AF_Arch_Desulfurococcus_amylolyticus_1221n_gene7171652.pdb
-0.220270  0.408599 -0.885736     1.071235
-0.156837 -0.911059 -0.381278     3.281257
-0.962748  0.054932  0.264762     0.368776
>../../../../class1/tyr//data/domains/Catalytic_domain/structures/TyrRS_AF_Arch_Methanothermococcus_okinawensis_IH1_gene10772133.pdb
 1.000000  0.000000  0.000000     0.000000
 0.000000  1.000000  0.000000     0.000000
 0.000000  0.000000  1.000000     0.000000
>../../../../class1/tyr//data/domains/Catalytic_domain/structures/TyrRS_AF_Arch_Thermoplasma_acidophilum_DSM_1728_gene1456112.pdb
 0.175394  0.422255  0.889347     1.492788
 0.616596 -0.751347  0.235131     8.698674
 0.767493  0.507127 -0.392143     2.595302
>../../../../class1/tyr//data/domains/Catalytic_domain/structures/TyrRS_AF_Bact_Bifidobacterium_animalis_subsp_lactis_BLC1_gene66533077.pdb
-0.376959  0.695935 -0.611210     0.901332
-0.101992 -0.687065 -0.719402     5.419793
-0.920598 -0.208846  0.329975    -5.777466
>../../../../class1/tyr//data/domains/Catalytic_domain/structures/TyrRS_AF_Bact_Brachyspira_pilosicoli_95_1000_gene56440491.pdb
 0.231706  0.055956  0.971175     5.059602
 0.081079 -0.995981  0.038041     5.953725
 0.969401  0.069928 -0.235312     2.262727
>../../../../class1/tyr//data/domains/Catalytic_domain/structures/TyrRS_AF_Bact_Chlamydia_psittaci_6BC_gene12242888.pdb
-0.253075  0.785152 -0.565234     1.425025
-0.263862 -0.618121 -0.740475     5.396924
-0.930769 -0.038252  0.363602    -0.514169
>../../../../class1/tyr//data/domains/Catalytic_domain/structures/TyrRS_AF_Bact_Lactococcus_lactis_subsp_cremoris_KW2_gene61108704.pdb
-0.228516  0.791083 -0.567422     2.535805
-0.218869 -0.609670 -0.761839     5.301961
-0.948618 -0.049902  0.312463    -5.374333
>../../../../class1/tyr//data/domains/Catalytic_domain/structures/TyrRS_AF_Bact_Porphyromonas_gingivalis_ATCC_33277_gene29255602.pdb
 0.116510  0.504734  0.855376     3.278582
 0.179344 -0.857776  0.481722     9.236579
 0.976863  0.097281 -0.190461    -1.412221
>../../../../class1/tyr//data/domains/Catalytic_domain/structures/TyrRS_AF_Bact_Prochlorococcus_marinus_subsp_marinus_str_CCMP1375_gene54200747.pdb
 0.647713  0.641462  0.411089     0.319545
-0.435831  0.754523 -0.490659     4.646103
-0.624916  0.138641  0.768283    -0.881441
>../../../../class1/tyr//data/domains/Catalytic_domain/structures/TyrRS_AF_Bact_Serratia_plymuthica_AS9_gene57666950.pdb
 0.787122  0.614513  0.053043     0.088868
-0.326306  0.487848 -0.809647     5.817153
-0.523416  0.619983  0.584515    -6.667541
>../../../../class1/tyr//data/domains/Catalytic_domain/structures/TyrRS_AF_Bact_Streptobacillus_moniliformis_DSM_12112_gene29673957.pdb
 0.587839  0.803155 -0.096890     2.057536
-0.425634  0.205207 -0.881321    -1.787730
-0.687955  0.559314  0.462479    -4.762346
>../../../../class1/tyr//data/domains/Catalytic_domain/structures/TyrRS_AF_Euk_Cryptococcus_neoformans_var_neoformans_JEC21_gene3254328.pdb
-0.084367  0.948606 -0.305006     0.425941
-0.466742 -0.308062 -0.829005     5.195909
-0.880360  0.072419  0.468745    -4.773791
>../../../../class1/tyr//data/domains/Catalytic_domain/structures/TyrRS_AF_Euk_Drosophila_melanogaster_gene39829.pdb
 0.851775 -0.325462  0.410553     8.229808
 0.267445 -0.403724 -0.874917     9.737191
 0.450503  0.855033 -0.256839     1.909413
>../../../../class1/tyr//data/domains/Catalytic_domain/structures/TyrRS_AF_Euk_Plasmodium_falciparum_3D7_gene2655248.pdb
 0.081488 -0.111656 -0.990400    -1.292650
 0.021295 -0.993283  0.113734     3.075137
-0.996447 -0.030359 -0.078563     0.281732
>../../../../class1/tyr//data/domains/Catalytic_domain/structures/TyrRS_AF_Euk_Seriola_dumerili_gene111223086.pdb
 0.804230 -0.582796 -0.116456     9.609014
 0.403202  0.678993 -0.613512     9.144883
 0.436626  0.446450  0.781051     3.572466
>../../../../class1/tyr//data/domains/Catalytic_domain/structures/TyrRS_AF_Mito_Aspergillus_fumigatus_Af293_gene3509181.pdb
-0.763319 -0.449651 -0.463852    -8.629041
 0.352144  0.312357 -0.882286     3.064045
 0.541608 -0.836808 -0.080086     4.282917
>../../../../class1/tyr//data/domains/Catalytic_domain/structures/TyrRS_AF_Mito_Cyanidioschyzon_merolae_strain_10D_gene16996209.pdb
-0.169382  0.960066 -0.222672    -0.292088
-0.384884 -0.272433 -0.881841     4.138706
-0.907289 -0.063665  0.415659    -4.303928
>../../../../class1/tyr//data/domains/Catalytic_domain/structures/TyrRS_AF_Vir_Megavirus_chiliensis_gene11257765.pdb
 0.860589 -0.468968 -0.198633    -3.716092
 0.438358  0.880613 -0.179894     0.436668
 0.259283  0.067743  0.963423     2.798750
>../../../../class1/tyr//data/domains/Catalytic_domain/structures/TyrRS_PDB_Arch_M_jannashii_1U7D.pdb
 0.827996 -0.189877  0.527608    -2.387007
-0.540530 -0.520574  0.660931    16.120721
 0.149163 -0.832436 -0.533667    49.322937
>../../../../class1/tyr//data/domains/Catalytic_domain/structures/TyrRS_PDB_E_coli_Bact_1WQ4.pdb
-0.880199  0.455713 -0.132573    26.556853
 0.394056  0.546038 -0.739299    26.481700
-0.264518 -0.702971 -0.660199    51.928181
>../../../../class1/tyr//data/domains/Catalytic_domain/structures/TyrRS_PDB_Vir_Acanthamoeba_polyphaga_mimivirus_2J5B.pdb
 0.263085  0.963070 -0.057287   -80.685442
 0.408164 -0.164909 -0.897890    36.925856
-0.874178  0.212839 -0.436476    52.519457
