>structures/Pro_Arch_1nj8_M_janacshii.pdb
 1.000000  0.000000  0.000000     0.000000
 0.000000  1.000000  0.000000     0.000000
 0.000000  0.000000  1.000000     0.000000
>structures/Prolyl.A.Candidatus_Thermoplasmatota.NC_005877.1.pdb
 0.047096  0.606308 -0.793834    97.887587
 0.754567  0.499150  0.426003    48.586087
 0.654531 -0.619064 -0.433992    40.480838
>structures/Prolyl.A.Crenarchaeota.NC_007181.1.pdb
-0.963467 -0.266777 -0.023688    96.027392
 0.240262 -0.900003  0.363687    47.480869
-0.118343  0.344709  0.931220    41.746962
>structures/Prolyl.A.Euryarchaeota.NC_022084.1.pdb
 0.268088  0.820886 -0.504257    96.472191
 0.880526  0.003595  0.473985    47.573466
 0.390900 -0.571081 -0.721847    41.864379
>structures/Prolyl.A.Thaumarchaeota.NC_018656.1.pdb
-0.905166 -0.424747 -0.016286    95.980466
 0.357826 -0.782114  0.510154    46.308666
-0.229423  0.455947  0.859929    41.618927
>structures/Prolyl.B.Bacteroidota.NC_010729.1.pdb
 0.317106  0.829456 -0.459832    97.376466
 0.878603 -0.074382  0.471725    45.725957
 0.357072 -0.553597 -0.752350    41.651567
>structures/Prolyl.E.Apicomplexa.NC_036186.2.pdb
-0.121001  0.445342 -0.887147    92.101061
 0.743715  0.632597  0.216122    46.471345
 0.657455 -0.633633 -0.407752    45.277564
>structures/Prolyl.E.Ascomycota.NC_032095.1.pdb
-0.354428 -0.628481  0.692381    96.172008
-0.006294  0.742035  0.670331    44.864370
-0.935062  0.233227 -0.266954    41.321672
>structures/Prolyl.E.Evosea.NC_007090.3.pdb
 0.013216  0.319801 -0.947393    92.750342
 0.670504  0.700053  0.245663    50.087568
 0.741788 -0.638478 -0.205176    46.683369
>structures/Prolyl.E.Rhodophyta.NC_010136.1.pdb
-0.017897  0.195125 -0.980615    93.443730
 0.484477  0.859634  0.162209    47.401925
 0.874621 -0.472183 -0.109918    46.405347
