>structures/IleRS_AF_Arch_Candidatus_Korarchaeum_cryptofilum_OPF8_gene6094904.pdb
 0.726306  0.677990  0.113174    -1.100112
-0.638737  0.726538 -0.253295    -1.662211
-0.253957  0.111681  0.960746     0.763179
>structures/IleRS_AF_Arch_Candidatus_Nitrosopumilus_sediminis_gene13697091.pdb
 0.128106 -0.043099  0.990824     0.516481
-0.117643 -0.992662 -0.027969     4.186521
 0.984758 -0.112980 -0.132236    -2.031330
>structures/IleRS_AF_Arch_Pyrobaculum_aerophilum_str_IM2_gene1465853.pdb
-0.276979  0.878011  0.390358    -7.354546
 0.741985 -0.062689  0.667479     2.553241
 0.610526  0.474517 -0.634107    -6.551109
>structures/IleRS_AF_Arch_Thermoplasma_acidophilum_DSM_1728_gene1456418.pdb
 0.382976  0.795498 -0.469588    -0.610928
-0.202961 -0.423462 -0.882886     5.830998
-0.901186  0.433432 -0.000721    -0.789693
>structures/IleRS_AF_Bact_Chlamydia_muridarum_str_Nigg_gene1246458.pdb
 0.570992 -0.776060 -0.267766    -1.054732
 0.546807  0.116233  0.829152    -9.560289
-0.612348 -0.619855  0.490723     2.059802
>structures/IleRS_AF_Bact_Lactobacillus_acidophilus_La-14_gene56942445.pdb
-0.666554  0.660635  0.345350     0.888302
 0.735590  0.507765  0.448423    -4.126709
 0.120887  0.552934 -0.824409     0.495095
>structures/IleRS_AF_Bact_Mycoplasma_hyopneumoniae_168-L_gene57100872.pdb
-0.665745  0.691672  0.279954    -2.558280
 0.734251  0.540431  0.410864    -3.621611
 0.132887  0.479087 -0.867650     1.043126
>structures/IleRS_AF_Bact_Orientia_tsutsugamushi_str_Ikeda_gene66653313.pdb
-0.539143 -0.839647  0.065716    -2.181041
-0.728928  0.426114 -0.535809    -0.237955
 0.421888 -0.336780 -0.841778     0.951674
>structures/IleRS_AF_Bact_Porphyromonas_gingivalis_ATCC_33277_gene29255747.pdb
-0.512238 -0.850943  0.116223    -2.808021
-0.775082  0.399736 -0.489345     3.471005
 0.369947 -0.340743 -0.864311     1.546109
>structures/IleRS_AF_Bact_Streptobacillus_moniliformis_DSM_12112_gene29674186.pdb
-0.699849  0.640253  0.316682    -5.231242
 0.700690  0.529258  0.478457    -1.485092
 0.138727  0.556743 -0.819019    -1.364073
>structures/IleRS_AF_Bact_Thermus_thermophilus_HB8_gene3168241.pdb
 0.483661 -0.826844 -0.287056    -0.518221
 0.754805  0.227994  0.615051     2.202746
-0.443104 -0.514148  0.734378    -0.201723
>structures/IleRS_AF_Bact_Treponema_pallidum_subsp_pertenue_str_SamoaD_gene57878975.pdb
 1.000000  0.000000  0.000000     0.000000
 0.000000  1.000000  0.000000     0.000000
 0.000000  0.000000  1.000000     0.000000
>structures/IleRS_AF_Euk_Cyanidioschyzon_merolae_strain_10D_gene16992835.pdb
 0.122620 -0.266205 -0.956085     0.620407
 0.473632 -0.830877  0.292088    -0.372975
-0.872145 -0.488648  0.024201     1.198834
>structures/IleRS_AF_Euk_Ostreococcus_lucimarinus_CCE9901_gene5000489.pdb
 0.838673  0.425953 -0.339400     6.853001
-0.431930  0.899779  0.061921   -14.194120
 0.331761  0.094666  0.938602     9.619171
>structures/IleRS_AF_Euk_Trypanosoma_brucei_brucei_TREU927_gene3663037.pdb
 0.804732  0.568821 -0.169849    -0.930471
-0.584572  0.709501 -0.393553    -2.456501
-0.103353  0.415994  0.903475    -1.801485
>structures/IleRS_AF_Euk_Ustilago_maydis_521_gene23568123.pdb
-0.886770  0.460139  0.043709    -3.380439
 0.462205  0.882310  0.088857    -4.605745
 0.002322  0.098998 -0.995085     0.531908
>structures/IleRS_AF_Mito_Drosophila_melanogaster_gene39762.pdb
-0.247582 -0.845252  0.473553    -2.385403
-0.596273 -0.252313 -0.762100     0.980293
 0.763650 -0.471050 -0.441533     3.741911
>structures/IleRS_AF_Mito_Homo_sapiens_gene55699.pdb
-0.645071  0.665078  0.376238    -0.224693
 0.753387  0.471322  0.458546    -1.358776
 0.127639  0.579247 -0.805097     0.442994
>structures/IleRS_AF_Vir_Megavirus_chiliensis_gene11256744.pdb
-0.792469 -0.594345 -0.136917    -2.502838
-0.469130  0.737447 -0.485890    -5.943637
 0.389756 -0.320821 -0.863229     4.391162
>structures/IleRS_PDB_Bact_S_aureus_1QU2.pdb
 0.161009  0.840511  0.517317  -107.523865
 0.972514 -0.045783 -0.228298    -9.401132
-0.168203  0.539857 -0.824780    44.551255
>structures/IleRS_PDB_Bact_T_therm_1ILE.pdb
 0.552469 -0.833333  0.018303    11.851607
 0.805570  0.539446  0.245062    31.140000
-0.214092 -0.120645  0.969335    21.435834
>structures/IleRS_PDB_Euk_S_cere_7D5C.pdb
-0.838157  0.130451 -0.529599    28.498872
 0.512914 -0.141725 -0.846660    24.986539
-0.185505 -0.981273  0.051877    13.924001
