>../../../../class1//lys/data/domains/LysRS-I_IM//structures/LysRS-I_AF_Arch_Candidatus_Bathyarchaeota_archaeon_proteinRJS75864.1.pdb
 0.544833 -0.835844 -0.067246    46.367502
-0.715041 -0.421201 -0.557948    36.131721
 0.438033  0.352072 -0.827147    72.933365
>../../../../class1//lys/data/domains/LysRS-I_IM//structures/LysRS-I_AF_Arch_Candidatus_Nitrosopumilus_koreensis_AR1_gene13726042.pdb
-0.205235  0.904227 -0.374502    45.119981
 0.571813  0.421329  0.703926    32.798357
 0.794297 -0.069675 -0.603521    74.990570
>../../../../class1//lys/data/domains/LysRS-I_IM//structures/LysRS-I_AF_Arch_Ferroplasma_acidarmanus_Fer1_gene16025146.pdb
 0.440007 -0.877619 -0.190204    45.593960
-0.807360 -0.293890 -0.511663    36.480157
 0.393146  0.378699 -0.837868    71.817590
>../../../../class1//lys/data/domains/LysRS-I_IM//structures/LysRS-I_AF_Arch_Halorubrum_lacusprofundi_ATCC_49239_gene7400505.pdb
 0.276472 -0.773972  0.569676    47.471627
 0.685784  0.574166  0.447251    41.815814
-0.673248  0.267022  0.689519    70.092863
>../../../../class1//lys/data/domains/LysRS-I_IM//structures/LysRS-I_AF_Bact_Cereibacter_sphaeroides_KD131_gene67447319.pdb
-0.565573 -0.775362 -0.280965    40.659814
 0.537320 -0.604899  0.587694    30.479663
-0.625631  0.181415  0.758732    72.250806
>../../../../class1//lys/data/domains/LysRS-I_IM//structures/LysRS-I_AF_Bact_Cyanobacteria_bacterium_J007_proteinRMH73500.1.pdb
 0.774221 -0.548970  0.314982    47.940197
-0.480142 -0.833686 -0.272820    38.544403
 0.412367  0.059987 -0.909041    71.596413
>../../../../class1//lys/data/domains/LysRS-I_IM//structures/LysRS-I_AF_Bact_Streptomyces_albidoflavus_gene15147364.pdb
-0.194478  0.947783 -0.252755    47.885665
 0.400905  0.311971  0.861365    38.062321
 0.895239  0.066185 -0.440642    68.323200
>../../../../class1//lys/data/domains/LysRS-I_IM//structures/LysRS-I_AF_Bact_Treponema_denticola_ATCC_35405_gene2739918.pdb
 0.020662  0.920994 -0.389029    42.849385
 0.323310  0.362050  0.874294    38.395835
 0.946068 -0.143841 -0.290286    71.359687
>../../../../class1//lys/data/domains/LysRS-I_IM//structures/LysRS-I_PDB_Arch_P_hori_1IRX.pdb
 1.000000  0.000000  0.000000     0.000000
 0.000000  1.000000  0.000000     0.000000
 0.000000  0.000000  1.000000     0.000000
