>../../../../class1//gln/data/domains/SC1b_IM//structures/GlnRS_AF_Bact_Anaerostipes_hadrus_gene15230984.pdb
-0.486232 -0.598422  0.636764     4.903765
-0.600027 -0.301102 -0.741151    -5.266151
 0.635252 -0.742448 -0.212664     0.811826
>../../../../class1//gln/data/domains/SC1b_IM//structures/GlnRS_AF_Bact_Cutibacterium_avidum_44067_gene29843447.pdb
-0.681538 -0.666822  0.301420     5.199420
-0.639072  0.341695 -0.689080    -4.278042
 0.356500 -0.662264 -0.659025     1.173170
>../../../../class1//gln/data/domains/SC1b_IM//structures/GlnRS_AF_Bact_Pasteurella_multocida_subsp_multocida_str_Pm70_gene1243875.pdb
-0.469474 -0.672272  0.572402     5.131943
-0.861048  0.205104 -0.465327    -4.167777
 0.195425 -0.711324 -0.675149     1.322420
>../../../../class1//gln/data/domains/SC1b_IM//structures/GlnRS_AF_Bact_Porphyromonas_gingivalis_ATCC_33277_gene29257033.pdb
-0.340499 -0.417874  0.842284     3.739223
-0.479587 -0.693333 -0.537853    -4.299157
 0.808738 -0.587086  0.035672     0.793264
>../../../../class1//gln/data/domains/SC1b_IM//structures/GlnRS_AF_Bact_Thermus_thermophilus_HB8_gene3168786.pdb
 0.345743  0.532043 -0.772912     0.631911
-0.067383 -0.807506 -0.585998    -5.385668
-0.935907  0.254686 -0.243339    -2.207266
>../../../../class1//gln/data/domains/SC1b_IM//structures/GlnRS_AF_Euk_Candida_dubliniensis_CD36_gene8049124.pdb
-0.231392 -0.768981  0.595924     0.791264
-0.694423 -0.298448 -0.654756    -1.736180
 0.681347 -0.565329 -0.464940     1.534164
>../../../../class1//gln/data/domains/SC1b_IM//structures/GlnRS_AF_Euk_Dictyostelium_discoideum_AX4_gene8627167.pdb
 0.378555 -0.296823 -0.876694    -1.417336
 0.484198 -0.743734  0.460882    -1.299718
-0.788828 -0.598962 -0.137823     4.431449
>../../../../class1//gln/data/domains/SC1b_IM//structures/GlnRS_AF_Euk_Encephalitozoon_romaleae_SJ-2008_gene20564565.pdb
 0.156194  0.166283 -0.973629     1.750061
 0.587755 -0.807859 -0.043681    -0.448382
-0.793818 -0.565433 -0.223916     3.659389
>../../../../class1//gln/data/domains/SC1b_IM//structures/GlnRS_AF_Euk_Myodes_glareolus_gene125393344.pdb
-0.887468  0.444658  0.121163     6.260152
 0.398495  0.608291  0.686428    -4.500937
 0.231524  0.657466 -0.717033     6.873063
>../../../../class1//gln/data/domains/SC1b_IM//structures/GlnRS_AF_Mito_Cyanidioschyzon_merolae_strain_10D_gene16997184.pdb
 0.343196  0.284099 -0.895268     0.966760
 0.073905 -0.958372 -0.275793    -0.743195
-0.936352  0.028486 -0.349906     0.561966
>../../../../class1//gln/data/domains/SC1b_IM//structures/GlnRS_Bact_D_radio_2HZ7.pdb
-0.033410 -0.878116  0.477281    10.879087
 0.917375  0.162566  0.363312   -62.435397
-0.396619  0.449984  0.800130   -65.009722
>../../../../class1//gln/data/domains/SC1b_IM//structures/GlnRS_Bact_E_coli_1QTQ.pdb
-0.564644 -0.629391 -0.533896    44.568012
-0.727109  0.073277  0.682600    13.764885
-0.390500  0.773626 -0.499011    10.440886
>../../../../class1//gln/data/domains/SC1b_IM//structures/GlnRS_PDB_Euk_T_gondii_4P2B.pdb
-0.228874 -0.950885 -0.208410    85.094872
 0.451011 -0.293309  0.842946   -73.956369
-0.862674  0.098933  0.495991    45.848635
>../../../../class1//glu1/data/domains/SC1b_IM//structures/GluRS_AF_Bact_Bifidobacterium_animalis_subsp_lactis_BLC1_gene66532600.pdb
 0.936568  0.292017  0.193818     2.257434
-0.139715  0.818230 -0.557656    -0.691704
-0.321433  0.495203  0.807127    -1.429463
>../../../../class1//glu1/data/domains/SC1b_IM//structures/GluRS_AF_Bact_Chlamydia_psittaci_6BC_gene12242467.pdb
 0.837643  0.183450  0.514490    -8.338738
-0.281800  0.952023  0.119340    -4.297584
-0.467914 -0.244947  0.849151    -3.210852
>../../../../class1//glu1/data/domains/SC1b_IM//structures/GluRS_AF_Bact_[Eubacterium]_eligens_ATCC_27750_gene41357084.pdb
 1.000000  0.000000  0.000000     0.000000
 0.000000  1.000000  0.000000     0.000000
 0.000000  0.000000  1.000000     0.000000
>../../../../class1//glu1/data/domains/SC1b_IM//structures/GluRS_AF_Bact_Mycoplasma_hyopneumoniae_168-L_gene57101016.pdb
 0.984486  0.126053 -0.122055     0.151124
-0.128329  0.991671 -0.010940    -2.100167
 0.119659  0.026434  0.992463    -0.592275
>../../../../class1//glu1/data/domains/SC1b_IM//structures/GluRS_AF_Bact_Paracoccus_denitrificans_PD1222_gene75500422.pdb
 0.985334 -0.034724 -0.167068    -0.152123
 0.054367  0.991937  0.114480    -0.331119
 0.161745 -0.121884  0.979277     0.736516
>../../../../class1//glu1/data/domains/SC1b_IM//structures/GluRS_AF_Bact_Porphyromonas_gingivalis_ATCC_33277_gene29255772.pdb
-0.020527 -0.218342  0.975657     0.058433
-0.078231 -0.972519 -0.219285    -2.370909
 0.996724 -0.080828  0.002881    -2.053972
>../../../../class1//glu1/data/domains/SC1b_IM//structures/GluRS_AF_Bact_Prochlorococcus_marinus_subsp_marinus_str_CCMP1375_gene54199839.pdb
-0.366715 -0.808636  0.460030     1.313770
-0.829114  0.059767 -0.555876    -0.277854
 0.422007 -0.585265 -0.692369    -0.015483
>../../../../class1//glu1/data/domains/SC1b_IM//structures/GluRS_AF_Bact_Treponema_pallidum_subsp_pertenue_str_SamoaD_gene57879197.pdb
 0.952325  0.301200  0.048531     1.411535
-0.285732  0.936312 -0.204147    -1.020649
-0.106929  0.180548  0.977736    -3.577279
>../../../../class1//glu1/data/domains/SC1b_IM//structures/GluRS_AF_Euk_Arabidopsis_thaliana_gene836526.pdb
-0.996731 -0.062819  0.050814    -0.393464
-0.034552  0.899886  0.434755    -1.927194
-0.073038  0.431578 -0.899114    -5.400959
>../../../../class1//glu1/data/domains/SC1b_IM//structures/GluRS_AF_Euk_Cryptococcus_neoformans_var_grubii_H99_gene23890400.pdb
-0.001264 -0.374189  0.927352     4.217762
-0.357322 -0.865961 -0.349904    -0.648760
 0.933981 -0.331805 -0.132611    -1.101604
>../../../../class1//glu1/data/domains/SC1b_IM//structures/GluRS_AF_Euk_Ostreococcus_tauri_proteinOUS48355.1.pdb
-0.857157  0.461258  0.229180    -1.519668
 0.437206  0.416380  0.797169     1.925954
 0.272275  0.783498 -0.558568    -3.794061
>../../../../class1//glu1/data/domains/SC1b_IM//structures/GluRS_AF_Euk_Plasmodium_knowlesi_strain_H_gene7321821.pdb
 0.954806  0.296446  0.021582     1.108675
-0.286907  0.938179 -0.193661    -1.524554
-0.077657  0.178716  0.980831    -0.836631
>../../../../class1//glu1/data/domains/SC1b_IM//structures/GluRS_AF_Mito_Cyanidioschyzon_merolae_strain_10D_gene16997617.pdb
-0.866700  0.442184  0.230878     0.641054
 0.417705  0.390327  0.820468     1.916518
 0.272680  0.807538 -0.522998    -3.821263
>../../../../class1//glu1/data/domains/SC1b_IM//structures/GluRS_AF_Mito_Drosophila_melanogaster_gene39828.pdb
-0.981120  0.110572  0.158673     1.100513
 0.166206  0.901573  0.399427    -4.791208
-0.098890  0.418258 -0.902929    -1.380446
>../../../../class1//glu1/data/domains/SC1b_IM//structures/GluRS_PDB_Bact_T_therm_1J09.pdb
 0.193890 -0.503877  0.841733     4.109505
-0.341758 -0.838960 -0.423494    38.257893
 0.919569 -0.205558 -0.334870   -30.846640
>../../../../class1//glu2/data/domains/SC1b_IM//structures/GlxRS_AF_Arch_Candidatus_Korarchaeum_cryptofilum_OPF8_gene6094352.pdb
 0.946699  0.306681 -0.098530     2.956336
-0.322086  0.905704 -0.275611    -5.747816
 0.004715  0.292656  0.956206     3.212026
>../../../../class1//glu2/data/domains/SC1b_IM//structures/GlxRS_AF_Arch_Methanothrix_soehngenii_GP6_gene10459943.pdb
-0.060144 -0.149906 -0.986869     0.605423
 0.454746 -0.884219  0.106599    -1.454462
-0.888588 -0.442364  0.121349     3.673077
>../../../../class1//glu2/data/domains/SC1b_IM//structures/GlxRS_AF_Arch_Nitrosopumilus_maritimus_SCM1_gene5773999.pdb
-0.620820 -0.734252  0.274694     0.508829
-0.778791  0.537488 -0.323405    -4.493717
 0.089815 -0.414706 -0.905512     5.320485
>../../../../class1//glu2/data/domains/SC1b_IM//structures/GlxRS_AF_Arch_Sulfolobus_islandicus_LAL14_1_gene15298417.pdb
-0.371413  0.031781  0.927924     6.081021
-0.045228 -0.998847  0.016107    -8.270648
 0.927366 -0.035985  0.372422    14.038376
>../../../../class1//glu2/data/domains/SC1b_IM//structures/GlxRS_AF_Euk_Cyathus_striatus_proteinKAF9013924.1.pdb
 0.080217  0.485134 -0.870753     1.841652
-0.095122 -0.865855 -0.491169    -4.184673
-0.992228  0.122227 -0.023310    -6.238225
>../../../../class1//glu2/data/domains/SC1b_IM//structures/GlxRS_AF_Euk_Lichtheimia_hyalospora_proteinKAI7879902.1.pdb
 0.546451  0.809872 -0.213304     3.956980
-0.489613  0.102294 -0.865919     3.703615
-0.679464  0.577618  0.452422    -0.684612
>../../../../class1//glu2/data/domains/SC1b_IM//structures/GlxRS_AF_Euk_Medicago_truncatula_gene11407510.pdb
 0.268999  0.674767 -0.687263     5.694460
-0.377342 -0.582686 -0.719785    -7.284169
-0.886145  0.452954  0.097876    -4.621635
>../../../../class1//glu2/data/domains/SC1b_IM//structures/GlxRS_AF_Euk_Xylariaceae_sp_FL0804_proteinKAI0483267.1.pdb
-0.472093  0.657384  0.587346     0.424877
 0.460254 -0.384446  0.800230     7.817850
 0.751861  0.648111 -0.121069    -0.625671
>../../../../class1//glu2/data/domains/SC1b_IM//structures/GlxRS_PDB_Arch_M_thermau_3AII.pdb
 0.349160 -0.812179  0.467388     7.099982
 0.566604 -0.214284 -0.795639    50.224195
 0.746356  0.542630  0.385365   -33.958764
