>structures/LysRS-II_AF_Arch_Aciduliprofundum_boonei_T469_gene8827564.pdb
 0.574920  0.713846 -0.399864    -5.100481
-0.717030  0.204156 -0.666474     3.164486
-0.394125  0.669884  0.629222    -3.156987
>structures/LysRS-II_AF_Arch_Archaeoglobus_sulfaticallidus_PM70-1_gene15393615.pdb
 0.999996  0.001373  0.002455    -0.016932
-0.001372  0.999999 -0.000407    -0.004868
-0.002455  0.000403  0.999997    -0.011756
>structures/LysRS-II_AF_Arch_Candidatus_Woesearchaeota_archaeon_proteinMBS3172198.1.pdb
 0.692499 -0.670836 -0.265375    -1.715357
 0.704301  0.549007  0.450056     0.498307
-0.156221 -0.498568  0.852658    -1.871330
>structures/LysRS-II_AF_Arch_Thermogladius_calderae_1633_gene13013549.pdb
 0.157712  0.695153 -0.701348    -3.320654
-0.628292 -0.477293 -0.614361     4.215313
-0.761824  0.537544  0.361484    -3.706690
>structures/LysRS-II_AF_Bact_Chlamydia_muridarum_str_Nigg_gene1245697.pdb
 0.131063  0.667282 -0.733183    -4.727360
-0.657393 -0.495078 -0.568095     4.551936
-0.742062  0.556446  0.373780    -2.468091
>structures/LysRS-II_AF_Bact_Cupriavidus_taiwanensis_LMG_19424_gene29762375.pdb
 0.997714 -0.064167  0.021189     3.199814
 0.062440  0.995301  0.074012     0.543046
-0.025839 -0.072520  0.997032    -0.112862
>structures/LysRS-II_AF_Bact_Leuconostoc_gelidum_JB7_gene61037106.pdb
 0.993359  0.081914  0.080796    -1.307144
-0.095133  0.979720  0.176346     3.445529
-0.064712 -0.182861  0.981007    -3.335762
>structures/LysRS-II_AF_Bact_Mycobacterium_intracellulare_ATCC_13950_gene11907187.pdb
 0.992704  0.108856  0.051862     2.351006
-0.104984  0.991842 -0.072308    -0.362723
-0.059310  0.066336  0.996033    -0.567387
>structures/LysRS-II_AF_Bact_Mycoplasma_hyopneumoniae_168-L_gene57101062.pdb
 0.997308  0.073324  0.000869    -3.111684
-0.072249  0.980522  0.182639     3.330781
 0.012540 -0.182210  0.983180    -4.596432
>structures/LysRS-II_AF_Bact_Porphyromonas_gingivalis_ATCC_33277_gene29256363.pdb
 0.557548  0.806580 -0.196390    -6.403473
-0.606970  0.234696 -0.759279     2.613285
-0.566327  0.542537  0.620424    -3.717032
>structures/LysRS-II_AF_Bact_Prochlorococcus_marinus_subsp_marinus_str_CCMP1375_gene54201108.pdb
 0.955715  0.270356  0.116259    -2.343504
-0.263962  0.962164 -0.067563     4.097600
-0.130126  0.033883  0.990918    -3.469887
>structures/LysRS-II_AF_Bact_Streptobacillus_moniliformis_DSM_12112_gene29673899.pdb
 0.923110  0.380878  0.052914     1.681327
-0.345231  0.881478 -0.322199    -1.496105
-0.169361  0.279158  0.945192    -1.958329
>structures/LysRS-II_AF_Euk_Ostreococcus_tauri_gene9837657.pdb
 0.995884 -0.089730  0.012777     1.537821
 0.088307  0.992360  0.086165    -0.080624
-0.020411 -0.084682  0.996199     0.729563
>structures/LysRS-II_AF_Euk_Solanum_lycopersicum_gene778357.pdb
-0.291649 -0.685346  0.667264    -0.201721
-0.775975 -0.238365 -0.583990     3.766792
 0.559288 -0.688101 -0.462293    -1.481549
>structures/LysRS-II_AF_Euk_Theileria_annulata_gene3864794.pdb
-0.684873 -0.679802  0.262333     3.015841
-0.678314  0.463296 -0.570305     1.694940
 0.266157 -0.568530 -0.778418    -2.248005
>structures/LysRS-II_AF_Euk_Zootoca_vivipara_gene118086243.pdb
 0.458054 -0.642053 -0.614780    -0.684783
 0.790350 -0.022389  0.612247     6.743664
-0.406859 -0.766333  0.497191    -2.322763
>structures/LysRS-II_AF_Mito_Malus_domestica_gene103446975.pdb
 0.969843 -0.242655  0.022868     2.970888
 0.233766  0.952643  0.194484     1.260672
-0.068977 -0.183273  0.980639     0.519699
>structures/LysRS-II_AF_Mito_Scheffersomyces_stipitis_CBS_6054_gene4837999.pdb
 0.994482 -0.102671  0.021553     3.261751
 0.094087  0.963750  0.249667     1.777656
-0.046405 -0.246261  0.968092     0.634117
>structures/LysRS-II_PDB_Bact_G_stearothermophilus_3E9H.pdb
 0.139725  0.112489 -0.983780    27.389570
 0.906051  0.386257  0.172851   -26.443211
 0.399436 -0.915506 -0.047951  -104.437303
