>../../../../class2/pyl//data/domains/Catalytic_domain/structures/PylRS_AF_Arch_Candidatus_Methanomassiliicoccus_intestinalis_Issoire-Mx1_gene16153983.pdb
-0.367388 -0.914965  0.166926    -0.056596
-0.789778  0.212119 -0.575549    -1.131489
 0.491200 -0.343284 -0.800549     1.304432
>../../../../class2/pyl//data/domains/Catalytic_domain/structures/PylRS_AF_Arch_Methanosalsum_zhilinae_DSM_4017_gene10822650.pdb
 0.010490  0.208603  0.977944     0.027371
 0.243404 -0.949114  0.199843     2.317324
 0.969868  0.235939 -0.060731     6.226258
>../../../../class2/pyl//data/domains/Catalytic_domain/structures/PylRS_AF_Arch_Unclassified_Candidatus_Bathyarchaeota_proteinUCH69683.1.pdb
 0.982384  0.166321  0.085200    -0.378699
-0.162644  0.985494 -0.048468     0.611102
-0.092025  0.033757  0.995184     0.288452
>../../../../class2/pyl//data/domains/Catalytic_domain/structures/PylRS_AF_Bact_Unclassified_Actinobacteria_proteinMBU2601214.1.pdb
 0.977821  0.185111  0.097980     0.190558
-0.177113  0.980520 -0.084923     0.749099
-0.111792  0.065686  0.991558     0.013671
>../../../../class2/pyl//data/domains/Catalytic_domain/structures/PylRS_AF_Bact_Unclassified_Aerophobetes_proteinMCD6471581.1.pdb
 1.000000  0.000000  0.000000     0.000000
 0.000000  1.000000  0.000000     0.000000
 0.000000  0.000000  1.000000     0.000000
>../../../../class2/pyl//data/domains/Catalytic_domain/structures/PylRS_AF_Bact_unclassified_Desulfosarcina_proteinMBC2741817.pdb
 0.951337 -0.272628  0.143641    -4.418800
 0.227756  0.936058  0.268184     1.250723
-0.207571 -0.222418  0.952599     6.193662
>../../../../class2/pyl//data/domains/Catalytic_domain/structures/PylRS_AF_Bact_unclassified_Lachnospiraceae_proteinHCE77498.1.pdb
-0.333716  0.694853  0.637034    -1.645894
 0.597110 -0.367105  0.713227     5.282788
 0.729447  0.618395 -0.292395     1.750111
>../../../../class2/pyl//data/domains/Catalytic_domain/structures/PylRS_PDB_Arch_M_mazei_2Q7E.pdb
 0.186025 -0.609728 -0.770472    43.576923
-0.774187 -0.573807  0.267171    26.863943
-0.605004  0.546788 -0.578786     6.950116
>../../../../class2/pyl//data/domains/Catalytic_domain/structures/PylRS_PDB_Bact_D_hafniense_2ZNJ.pdb
 0.979797 -0.008466  0.199816   -37.495430
 0.082945 -0.891925 -0.444511   -11.372758
 0.181984  0.452105 -0.873203   -38.070351
>../../../../class2/thr//data/domains/Catalytic_domain/structures/ThrRS_AF_Arch_Candidatus_Methanomethylophilus_alvus_Mx1201_gene15140074.pdb
-0.012312  0.817225 -0.576188     6.693312
 0.019482 -0.575926 -0.817270     5.115600
-0.999734 -0.021287 -0.008830    -1.767260
>../../../../class2/thr//data/domains/Catalytic_domain/structures/ThrRS_AF_Arch_Candidatus_Nitrosopumilus_koreensis_AR1_gene13725077.pdb
-0.440947 -0.536749  0.719351     4.238858
-0.075883 -0.776312 -0.625765     2.064586
 0.894320 -0.330515  0.301582     5.892541
>../../../../class2/thr//data/domains/Catalytic_domain/structures/ThrRS_AF_Arch_Pyrococcus_furiosus_DSM_3638_gene1469226.pdb
-0.486540 -0.415723  0.768409     2.750354
 0.150525 -0.906267 -0.394997     2.714137
 0.860593 -0.076517  0.503512     4.283626
>../../../../class2/thr//data/domains/Catalytic_domain/structures/ThrRS_AF_Arch_Sulfolobus_islandicus_M164_gene7940156.pdb
 0.694647 -0.392312 -0.602956     6.698143
 0.640146 -0.045230  0.766921    -1.825681
-0.328145 -0.918719  0.219718    -0.994930
>../../../../class2/thr//data/domains/Catalytic_domain/structures/ThrRS_AF_Bact_Bifidobacterium_longum_subsp_longum_JCM_1217_gene69578309.pdb
 0.262332 -0.881349  0.392945     4.559125
 0.898639  0.074751 -0.432273     8.535856
 0.351611  0.466515  0.811624    -1.816747
>../../../../class2/thr//data/domains/Catalytic_domain/structures/ThrRS_AF_Bact_Brachyspira_pilosicoli_95_1000_gene56439092.pdb
 0.904704 -0.284977 -0.316701     6.809776
 0.380956  0.873925  0.301873     7.715673
 0.190746 -0.393755  0.899207    -2.913189
>../../../../class2/thr//data/domains/Catalytic_domain/structures/ThrRS_AF_Bact_Brucella_abortus_2308_gene3787745.pdb
-0.606886 -0.789941  0.087652     6.392196
-0.784052  0.613102  0.096792     8.125639
-0.130200 -0.009982 -0.991438    -2.609427
>../../../../class2/thr//data/domains/Catalytic_domain/structures/ThrRS_AF_Bact_Lactobacillus_acidophilus_La-14_gene56943112.pdb
-0.094569  0.606710  0.789278     6.150035
 0.204332 -0.764122  0.611855    12.472935
 0.974323  0.219137 -0.051708    -1.787474
>../../../../class2/thr//data/domains/Catalytic_domain/structures/ThrRS_AF_Bact_Mycoplasma_hyopneumoniae_168-L_gene57101460.pdb
 0.448597  0.546287 -0.707341     4.833964
-0.292436 -0.658157 -0.693766     4.457250
-0.844537  0.518073 -0.135493    -2.527024
>../../../../class2/thr//data/domains/Catalytic_domain/structures/ThrRS_AF_Bact_Porphyromonas_gingivalis_ATCC_33277_gene29256174.pdb
 0.997353  0.066629  0.029102     3.888393
-0.057079  0.965453 -0.254248     7.990006
-0.045037  0.251914  0.966701    -1.584638
>../../../../class2/thr//data/domains/Catalytic_domain/structures/ThrRS_AF_Bact_Prochlorococcus_marinus_subsp_marinus_str_CCMP1375_gene54200406.pdb
-0.979562  0.022099 -0.199923     5.973863
 0.197877 -0.072424 -0.977548    10.256952
-0.036082 -0.997129  0.066571     0.224063
>../../../../class2/thr//data/domains/Catalytic_domain/structures/ThrRS_AF_Bact_Streptobacillus_moniliformis_DSM_12112_gene29674242.pdb
-0.378720 -0.023774  0.925206     6.168800
-0.035459 -0.998563 -0.040173     8.690011
 0.924832 -0.048021  0.377333    -1.850683
>../../../../class2/thr//data/domains/Catalytic_domain/structures/ThrRS_AF_Euk_Arabidopsis_thaliana_gene832741.pdb
 0.073836 -0.512542  0.855482     2.636106
 0.914355 -0.307662 -0.263246     9.595398
 0.398124  0.801651  0.445929    -1.154168
>../../../../class2/thr//data/domains/Catalytic_domain/structures/ThrRS_AF_Euk_Cryptococcus_gattii_WM276_gene10188143.pdb
-0.038546 -0.897844  0.438622     4.402048
 0.790708 -0.295794 -0.535992    10.706590
 0.610979  0.326161  0.721334    -3.073618
>../../../../class2/thr//data/domains/Catalytic_domain/structures/ThrRS_AF_Euk_Cyanidioschyzon_merolae_strain_10D_gene16997242.pdb
-0.706422 -0.655332  0.267410     5.688544
-0.703268  0.607240 -0.369694    10.733105
 0.079890 -0.449221 -0.889842    -2.077909
>../../../../class2/thr//data/domains/Catalytic_domain/structures/ThrRS_AF_Euk_Zymoseptoria_tritici_IPO323_gene13396560.pdb
-0.695625  0.635204 -0.335590    -4.379597
-0.323880  0.139677  0.935731    21.171657
 0.641255  0.759609  0.108567    -5.504065
>../../../../class2/thr//data/domains/Catalytic_domain/structures/ThrRS_AF_Mito_Cyanidioschyzon_merolae_strain_10D_gene16995590.pdb
-0.665299 -0.543807  0.511518     6.283068
-0.129664 -0.590574 -0.796499     8.424094
 0.735231 -0.596235  0.322396    -1.402491
>../../../../class2/thr//data/domains/Catalytic_domain/structures/ThrRS_AF_Mito_Oryza_sativa_Japonica_Group_gene4345200.pdb
-0.046368  0.824946 -0.563306     4.131620
-0.891034  0.220759  0.396641    10.895107
 0.451562  0.520316  0.724819    -1.827575
>../../../../class2/thr//data/domains/Catalytic_domain/structures/ThrRS_PDB_Bact_E_coli_1evk.pdb
-0.525423  0.662802  0.533502   -23.912998
 0.492956  0.748207 -0.444051   -50.840748
-0.693487  0.029678 -0.719857    33.147961
>../../../../class2/thr//data/domains/Catalytic_domain/structures/ThrRS_PDB_Bact_S_aureus_1nyr.pdb
 0.951087 -0.008914 -0.308796     8.773761
-0.307703 -0.116131 -0.944369    65.805367
-0.027443  0.993194 -0.113194   -44.286925
