>../../../../class2/his//data/domains/Catalytic_domain/structures/HisRS_AF_Arch_Candidatus_Methanomassiliicoccus_intestinalis_Issoire-Mx1_gene16154026.pdb
-0.792688  0.599095  0.112832    -6.403055
 0.525417  0.577524  0.624823     3.169211
 0.309165  0.554573 -0.772571    -2.119166
>../../../../class2/his//data/domains/Catalytic_domain/structures/HisRS_AF_Arch_Candidatus_Nitrosopumilus_koreensis_AR1_gene13725657.pdb
 0.631317  0.747065 -0.208166    -4.188917
-0.689078  0.417204 -0.592548     1.051111
-0.355824  0.517528  0.778173    -4.053756
>../../../../class2/his//data/domains/Catalytic_domain/structures/HisRS_AF_Arch_Desulfurococcus_amylolyticus_1221n_gene7171287.pdb
 0.692109 -0.632627 -0.347516    -1.335711
 0.655808  0.350046  0.668868     1.547442
-0.301497 -0.690833  0.657152    -3.606792
>../../../../class2/his//data/domains/Catalytic_domain/structures/HisRS_AF_Arch_Methanoregula_formicica_SMSP_gene14310605.pdb
-0.511258  0.759915  0.401427    -4.794073
 0.704618  0.103200  0.702042     5.338020
 0.492065  0.641777 -0.588212    -2.347713
>../../../../class2/his//data/domains/Catalytic_domain/structures/HisRS_AF_Bact_Chlamydia_muridarum_str_Nigg_gene1246198.pdb
 0.308510  0.876996 -0.368373    -3.596781
-0.397855 -0.232794 -0.887422     0.541502
-0.864021  0.420338  0.277098    -1.618163
>../../../../class2/his//data/domains/Catalytic_domain/structures/HisRS_AF_Bact_Lacticaseibacillus_paracasei_gene61269730.pdb
 0.973279  0.199363  0.113937     0.983890
-0.190035  0.977854 -0.087683    -0.106054
-0.128895  0.063688  0.989611    -0.467857
>../../../../class2/his//data/domains/Catalytic_domain/structures/HisRS_AF_Bact_Paracoccus_denitrificans_PD1222_gene75501415.pdb
 0.571908 -0.532837 -0.623703    -3.952483
 0.743328  0.015030  0.668759     1.087962
-0.346965 -0.846084  0.404668    -3.924233
>../../../../class2/his//data/domains/Catalytic_domain/structures/HisRS_AF_Bact_Prochlorococcus_marinus_subsp_marinus_str_CCMP1375_gene54200127.pdb
 0.410481 -0.759529 -0.504600    -0.890360
 0.738335 -0.047908  0.672731     7.922807
-0.535133 -0.648707  0.541121    -2.090227
>../../../../class2/his//data/domains/Catalytic_domain/structures/HisRS_AF_Bact_Streptobacillus_moniliformis_DSM_12112_gene29674169.pdb
 0.966869  0.234834  0.100090     1.231007
-0.209961  0.954575 -0.211431    -1.326052
-0.145195  0.183411  0.972254    -2.469473
>../../../../class2/his//data/domains/Catalytic_domain/structures/HisRS_AF_Bact_Streptomyces_albidoflavus_gene15149169.pdb
 0.831297  0.474178  0.290000    -3.537368
-0.427322  0.878869 -0.212098     2.378544
-0.355444  0.052393  0.933228    -1.938464
>../../../../class2/his//data/domains/Catalytic_domain/structures/HisRS_AF_Bact_Thermus_thermophilus_HB8_gene3168691.pdb
 1.000000  0.000000  0.000000     0.000000
 0.000000  1.000000  0.000000     0.000000
 0.000000  0.000000  1.000000     0.000000
>../../../../class2/his//data/domains/Catalytic_domain/structures/HisRS_AF_Bact_Treponema_denticola_ATCC_35405_gene2741405.pdb
-0.181279  0.353241 -0.917801    -3.738949
-0.326685 -0.901896 -0.282595     2.981776
-0.927585  0.248604  0.278893    -0.962828
>../../../../class2/his//data/domains/Catalytic_domain/structures/HisRS_AF_Euk_Arabidopsis_thaliana_gene823753.pdb
 0.844857  0.485424  0.224899    -3.078567
-0.461561  0.873923 -0.152379     1.747203
-0.270513  0.024934  0.962393    -2.884351
>../../../../class2/his//data/domains/Catalytic_domain/structures/HisRS_AF_Euk_Cryptococcus_gattii_WM276_gene10186972.pdb
-0.128786 -0.927434  0.351113    -1.986895
-0.775889 -0.126264 -0.618106     1.934180
 0.617585 -0.352028 -0.703324    -3.136631
>../../../../class2/his//data/domains/Catalytic_domain/structures/HisRS_AF_Euk_Plasmodium_falciparum_3D7_gene812010.pdb
 0.629962  0.385173 -0.674381   -17.630711
-0.690444  0.675335 -0.259249     2.790294
 0.355577  0.628939  0.691376    -6.898648
>../../../../class2/his//data/domains/Catalytic_domain/structures/HisRS_AF_Euk_Platysiphonia_delicata_gene33353157.pdb
 0.968305  0.217886  0.122109     3.002373
-0.201406  0.970272 -0.134191    -1.041062
-0.147717  0.105344  0.983403    -1.299963
>../../../../class2/his//data/domains/Catalytic_domain/structures/HisRS_AF_Mito_Fusarium_fujikuroi_IMI_58289_gene35396474.pdb
 0.395913  0.888791 -0.230874    -3.120770
-0.711991  0.138330 -0.688429    -4.087535
-0.579933  0.436938  0.687578    -5.102481
>../../../../class2/his//data/domains/Catalytic_domain/structures/HisRS_AF_Mito_Rattus_rattus_gene116884285.pdb
-0.700826  0.713022 -0.021058    -0.768440
 0.416855  0.433324  0.799038     1.162075
 0.578857  0.551208 -0.600912    -5.054422
>../../../../class2/his//data/domains/Catalytic_domain/structures/HisRS_PDB_Arch_T_acidophilum_1WU7.pdb
 0.010245 -0.775116 -0.631735    78.404340
-0.881464  0.291298 -0.371707    22.813573
 0.472140  0.560660 -0.680253    14.120268
>../../../../class2/his//data/domains/Catalytic_domain/structures/HisRS_PDB_Bact_B_thailandensis_4e51.pdb
-0.742799 -0.090506  0.663369   -29.356246
 0.216702  0.904984  0.366120   -16.203305
-0.633475  0.415706 -0.652608    30.362785
>../../../../class2/his//data/domains/Catalytic_domain/structures/HisRS_PDB_Bact_E_coli_1HTT.pdb
-0.686007  0.724687 -0.064990   -22.793893
-0.447788 -0.490908 -0.747326    21.416618
-0.573481 -0.483569  0.661272   -18.939476
>../../../../class2/phe2//data/domains/Catalytic_domain/structures/PheRS-Bβ_AF_Bact_Brachyspira_pilosicoli_95_1000_gene56440382.pdb
 0.159288  0.675389 -0.720054   -23.721379
-0.677923  0.605043  0.417544    26.642954
 0.717668  0.421631  0.554238    -1.549755
>../../../../class2/phe2//data/domains/Catalytic_domain/structures/PheRS-Bβ_AF_Bact_Chlamydia_psittaci_6BC_gene12242429.pdb
 0.258571 -0.672835 -0.693133   -21.746921
-0.581570 -0.681353  0.444448    29.225870
-0.771308  0.288184 -0.567480     0.818355
>../../../../class2/phe2//data/domains/Catalytic_domain/structures/PheRS-Bβ_AF_Bact_Ferrimonas_balearica_DSM_9799_gene67181907.pdb
 0.997572 -0.036619  0.059241   -24.731994
-0.061189 -0.054613  0.996631    28.146269
-0.033260 -0.997836 -0.056721     2.576231
>../../../../class2/phe2//data/domains/Catalytic_domain/structures/PheRS-Bβ_AF_Bact_Lacticaseibacillus_paracasei_gene61269867.pdb
-0.065121  0.592917 -0.802626   -23.585305
-0.781711  0.469623  0.410344    30.542979
 0.620232  0.654143  0.432908    -4.182214
>../../../../class2/phe2//data/domains/Catalytic_domain/structures/PheRS-Bβ_AF_Bact_Mycobacterium_intracellulare_ATCC_13950_gene11909688.pdb
 0.732190 -0.647974 -0.209828   -24.230949
-0.165273 -0.467893  0.868194    28.485738
-0.660744 -0.601004 -0.449679     2.165680
>../../../../class2/phe2//data/domains/Catalytic_domain/structures/PheRS-Bβ_AF_Bact_Mycoplasma_hyopneumoniae_168-L_gene57101148.pdb
-0.269242  0.187704 -0.944604   -32.114384
-0.963024 -0.042632  0.266020    30.076976
 0.009662  0.981300  0.192242    -0.638096
>../../../../class2/phe2//data/domains/Catalytic_domain/structures/PheRS-Bβ_AF_Bact_Porphyromonas_gingivalis_ATCC_33277_gene29257179.pdb
-0.720185  0.484630  0.496456   -24.913657
 0.204874  0.832224 -0.515199    23.776119
-0.662843 -0.269327 -0.698643     0.628724
>../../../../class2/phe2//data/domains/Catalytic_domain/structures/PheRS-Bβ_AF_Bact_Prochlorococcus_marinus_subsp_marinus_str_CCMP1375_gene54200309.pdb
 0.223895 -0.759995 -0.610146   -23.000894
-0.692412 -0.564613  0.449197    28.994957
-0.685884  0.321899 -0.652643     2.404366
>../../../../class2/phe2//data/domains/Catalytic_domain/structures/PheRS-Bβ_PDB_Bact.B_E_coli_3PCO.pdb
-0.417286  0.902828  0.103799   -28.616343
-0.246699 -0.002607 -0.969089    65.765898
-0.874650 -0.429994  0.223815   -29.376346
>../../../../class2/phe2//data/domains/Catalytic_domain/structures/PheRS-Bβ_PDB_Bact.B_T_thermophilus_1PYS.pdb
-0.506691 -0.770483 -0.386807    40.481417
-0.842400  0.537899  0.032044    -0.186594
 0.183374  0.342083 -0.921604    -3.241892
