>structures/AspRS_AF_Arch_Candidatus_Methanomassiliicoccus_intestinalis_Issoire-Mx1_gene16154434.pdb
 1.000000  0.000000  0.000000    -0.000000
 0.000000  1.000000  0.000000    -0.000000
 0.000000  0.000000  1.000000    -0.000000
>structures/AspRS_AF_Bact_Brachyspira_pilosicoli_95_1000_gene56440011.pdb
 0.996770  0.078339 -0.017684    -4.075861
-0.057815  0.852792  0.519040     1.955862
 0.055742 -0.516341  0.854567    -3.101159
>structures/AspRS_AF_Bact_Chlamydia_muridarum_str._Nigg_gene1246197.pdb
 0.850445 -0.408567 -0.331385    -3.843826
 0.503912  0.451812  0.736165     2.347254
-0.151049 -0.793057  0.590123    -3.337951
>structures/AspRS_AF_Bact_Mycoplasma_hyopneumoniae_168-L_gene57101115.pdb
 0.915716  0.400300 -0.034994    -0.463746
-0.376449  0.824162 -0.423135    -3.157492
-0.140540  0.400645  0.905391    -1.750691
>structures/AspRS_AF_Bact_Nocardia_cyriacigeorgica_GUH-2_gene45501717.pdb
 0.018610  0.425632 -0.904705    -6.880800
-0.630590 -0.697201 -0.340980     0.537686
-0.775893  0.576844  0.255424    -6.415950
>structures/AspRS_AF_Bact_Porphyromonas_gingivalis_ATCC_33277_gene29255515.pdb
-0.074421 -0.874026  0.480147    -4.767495
-0.884313 -0.164702 -0.436879     2.802224
 0.460924 -0.457113 -0.760655    -0.910413
>structures/AspRS_AF_Bact_Xylella_fastidiosa_Temecula1_gene58016479.pdb
 0.026154  0.378670 -0.925162    -5.208569
-0.562888 -0.759239 -0.326670     4.741509
-0.826119  0.529306  0.193292    -2.375203
>structures/AspRS_AF_Euk_Arabidopsis_thaliana_gene822661.pdb
-0.209801  0.977460  0.023584   -10.656517
-0.130967 -0.051998  0.990022    18.532640
 0.968933  0.204618  0.138925   -12.721871
>structures/AspRS_AF_Euk_Plasmodium_berghei_ANKA_gene55150502.pdb
-0.215625 -0.086632  0.972626     3.409433
-0.274999 -0.950354 -0.145614     6.815374
 0.936953 -0.298869  0.181096    -2.509466
>structures/AspRS_AF_Euk_Schizosaccharomyces_pombe_gene2538918.pdb
 0.718601  0.658708 -0.222973    -2.064150
-0.636434  0.493695 -0.592636    -2.574024
-0.280293  0.567776  0.773994    -3.836283
>structures/AspRS_AF_Mito_Oryza_sativa_Japonica_Group_gene4324505.pdb
-0.999534  0.025073  0.017425    -9.437782
 0.020844  0.977338 -0.210655     0.014008
-0.022312 -0.210194 -0.977405    -4.570651
>structures/AspRS_AF_Mito_Oryzias_melastigma_gene112147132.pdb
 0.603029  0.796905 -0.036036    -3.999938
-0.736544  0.538866 -0.408811     4.832951
-0.306365  0.273067  0.911907    -3.056600
>structures/AspRS_Bact_E_coli_1c0a.pdb
 0.378360  0.253599 -0.890242   -40.784576
-0.608257  0.793070 -0.032597     8.332428
 0.697758  0.553830  0.454320   -61.611967
