>structures/Aspartyl.B.Bacteroidota.NC_010729.1.pdb
 0.168189 -0.751131  0.638369    -5.096311
-0.760746 -0.510734 -0.400519     2.344139
 0.626879 -0.418274 -0.657320    -2.023559
>structures/Aspartyl.B.Chlamydiae.NC_002620.2.pdb
 1.000000  0.000000  0.000000     0.000000
 0.000000  1.000000  0.000000     0.000000
 0.000000  0.000000  1.000000     0.000000
>structures/Aspartyl.B.Firmicutes.NC_015687.1.pdb
 0.792895  0.519656 -0.318237    -6.942024
-0.607295  0.716828 -0.342565     2.644642
 0.050105  0.464882  0.883954    -3.938520
>structures/Aspartyl.B.Fusobacteria.NC_013515.1.pdb
 0.028395  0.022478 -0.999344    -4.686410
-0.490610 -0.870734 -0.033525     5.273435
-0.870916  0.491240 -0.013696    -2.826847
>structures/Aspartyl.B.Spirochaetes.NC_014330.1.pdb
 0.935817  0.328205 -0.128562    -4.779431
-0.234808  0.852471  0.467075     2.119350
 0.262892 -0.406909  0.874822    -3.937999
>structures/Aspartyl.E.Evosea.NC_007087.3.pdb
 0.983420 -0.074837 -0.165178     0.251985
 0.145160  0.870811  0.469699     1.902466
 0.108688 -0.485888  0.867237    -0.080201
>structures/Asp_Bact_1c0a_E_coli.pdb
 0.321947  0.117096 -0.939489   -32.845115
-0.301674  0.953286  0.015437   -15.173794
 0.897409  0.278449  0.342232   -64.644255
