>structures/AspRS_AF_Arch_Candidatus_Methanomassiliicoccus_intestinalis_Issoire-Mx1_gene16154434.pdb
 0.026154 -0.562888 -0.826119     0.842964
 0.378670 -0.759239  0.529306     6.829478
-0.925162 -0.326670  0.193292    -2.810754
>structures/AspRS_AF_Bact_Bacillus_anthracis_str_Ames_Ancestor_gene45024275.pdb
-0.954548  0.201707  0.219437    -3.746826
 0.284465  0.836313  0.468678     2.440767
-0.088982  0.509798 -0.855680    -4.014657
>structures/AspRS_AF_Bact_Brachyspira_pilosicoli_95_1000_gene56440011.pdb
 0.015572 -0.046838 -0.998781     2.211185
 0.450944 -0.891216  0.048824     2.107030
-0.892416 -0.451154  0.007243    -0.235773
>structures/AspRS_AF_Bact_Chlamydia_muridarum_str_Nigg_gene1246197.pdb
-0.132492  0.389362 -0.911506     2.204809
-0.139332 -0.917798 -0.371797     1.789602
-0.981342  0.077742  0.175852    -0.609997
>structures/AspRS_AF_Bact_Mycoplasma_hyopneumoniae_168-L_gene57101115.pdb
 0.350804 -0.781475 -0.515978     4.045522
 0.559898 -0.266630  0.784489     8.116731
-0.750633 -0.564097  0.344012    -1.685424
>structures/AspRS_AF_Bact_Nocardia_cyriacigeorgica_GUH-2_gene45501717.pdb
 0.995645 -0.078165 -0.050799     5.629095
 0.080683  0.995507  0.049565     0.430623
 0.046696 -0.053448  0.997478     2.276569
>structures/AspRS_AF_Bact_Porphyromonas_gingivalis_ATCC_33277_gene29255515.pdb
 0.111570  0.446109  0.887997    -0.068129
 0.885382 -0.450407  0.115032     2.370635
 0.451277  0.773382 -0.445229     0.563948
>structures/AspRS_AF_Bact_Xylella_fastidiosa_Temecula1_gene58016479.pdb
 1.000000  0.000000  0.000000     0.000000
 0.000000  1.000000  0.000000     0.000000
 0.000000  0.000000  1.000000     0.000000
>structures/AspRS_AF_Euk_Schizosaccharomyces_pombe_gene2538918.pdb
 0.607539 -0.726689 -0.320655     5.519358
 0.608260  0.166035  0.776178     6.129546
-0.510800 -0.666600  0.542889    -0.794402
>structures/AspRS_AF_Mito_Oryza_sativa_Japonica_Group_gene4324505.pdb
-0.021032 -0.371355  0.928253     4.249086
-0.407955 -0.844459 -0.347076     0.839590
 0.912760 -0.385985 -0.133735     5.070574
>structures/AspRS_AF_Mito_Oryzias_melastigma_gene112147132.pdb
 0.680584 -0.506208 -0.529678     0.523820
 0.628864  0.032644  0.776830     0.056083
-0.375947 -0.861793  0.340553    -1.263061
>structures/AspRS_PDB_Bact_E_coli_1c0a.pdb
-0.228417 -0.894562 -0.384167    46.064868
 0.973386 -0.217367 -0.072598   -47.324456
-0.018562 -0.390526  0.920405    20.541501
