>structures/Ala_Bact_3HXV_E_coli.pdb
 1.000000  0.000000  0.000000     0.000000
 0.000000  1.000000  0.000000     0.000000
 0.000000  0.000000  1.000000     0.000000
>structures/GlyT_Bact_5f5w_A_aeolicus.pdb
-0.637487 -0.762567 -0.110008    15.722870
 0.745873 -0.646603  0.159933   101.069644
-0.193091  0.019903  0.980979    22.628373
>structures/Glycyl.A.Candidatus_Thermoplasmatota.NC_002689.2.pdb
-0.195554  0.323499 -0.925801    15.938871
 0.148914 -0.923285 -0.354075    47.112913
-0.969321 -0.207105  0.132378    29.976603
>structures/Pro_Bact_2J3M_E_faecalis.pdb
 0.511722  0.057364 -0.857234    19.956773
 0.805911 -0.377824  0.455802    14.548115
-0.297737 -0.924099 -0.239571    29.927045
