>structures/LeuRS-A_AF_Arch_Aciduliprofundum_boonei_T469_gene8828435.pdb
 0.999836  0.013602 -0.011930    -0.291236
-0.013094  0.999045  0.041687     1.566918
 0.012486 -0.041524  0.999059    -0.399296
>structures/LeuRS-A_AF_Arch_Candidatus_Korarchaeum_cryptofilum_OPF8_gene6093520.pdb
 0.167414 -0.363436  0.916453     1.860440
-0.426557 -0.864763 -0.265016     2.723347
 0.888832 -0.346552 -0.299800     1.262113
>structures/LeuRS-A_AF_Arch_Candidatus_Nitrosopumilus_koreensis_AR1_gene13725794.pdb
-0.331506  0.317350 -0.888478     1.354484
 0.034585 -0.937009 -0.347589    -2.654216
-0.942819 -0.145956  0.299649     0.541705
>structures/LeuRS-A_AF_Arch_Methanobrevibacter_smithii_ATCC_35061_gene5216355.pdb
-0.310808  0.492743 -0.812774     2.360570
-0.075291 -0.865203 -0.495737    -2.427856
-0.947486 -0.092885  0.306011     2.173365
>structures/LeuRS-A_AF_Euk_Arabidopsis_thaliana_gene837489.pdb
-0.744397  0.615837  0.258106     6.636028
 0.454630  0.184321  0.871399    -4.641017
 0.489065  0.766010 -0.417186    -0.857988
>structures/LeuRS-A_AF_Euk_Drosophila_melanogaster_gene326262.pdb
-0.365287  0.486546 -0.793624     6.175990
 0.034977 -0.844763 -0.533996    -3.851584
-0.930238 -0.222820  0.291563     0.869972
>structures/LeuRS-A_AF_Euk_Leishmania_major_strain_Friedlin_gene5650139.pdb
-0.314353  0.336767 -0.887564     5.533627
 0.116866 -0.914121 -0.388234    -3.601160
-0.942085 -0.225768  0.248000    -3.077467
>structures/LeuRS-A_AF_Euk_Neurospora_crassa_OR74A_gene3879366.pdb
-0.330606  0.581312 -0.743489     4.538729
-0.071463 -0.800945 -0.594458    -3.207125
-0.941059 -0.143399  0.306340    -1.402281
>structures/LeuRS-A_PDB_Arch_P_hori_1WKB.pdb
-0.256512  0.242443 -0.935641    29.337790
 0.950474 -0.112497 -0.289729  -110.934750
-0.175500 -0.963621 -0.201579    53.329149
