>structures/Ala_Bact_1YFS_A_aeolicus.pdb
-0.766917  0.633194 -0.104422   104.117099
 0.526705  0.528090 -0.666110   -63.001834
-0.366633 -0.565851 -0.738507    64.306082
>structures/Ala_Bact_3HXV_E_coli.pdb
-0.761453  0.486956  0.427859    -4.031764
-0.485713  0.008490 -0.874077    21.937806
-0.429270 -0.873385  0.230056    23.686155
>structures/Alanyl.A.Candidatus_Thermoplasmatota.NC_013926.1.pdb
-0.535753  0.829049  0.160148     0.264300
 0.802204  0.558947 -0.209873     3.672991
-0.263509  0.016031 -0.964524   -11.832975
>structures/Alanyl.A.Crenarchaeota.NC_020247.1.pdb
 0.051672  0.651759 -0.756664    -2.003900
-0.987801  0.144808  0.057276     4.356843
 0.146901  0.744474  0.651290   -10.628119
>structures/Alanyl.A.Thaumarchaeota.NC_010085.1.pdb
 0.198716 -0.753868  0.626255     0.864468
 0.802332 -0.241829 -0.545694     3.775238
 0.562828  0.610902  0.556797   -10.358181
>structures/Alanyl.B.Actinobacteria.NC_010572.1.pdb
 0.862565  0.463226  0.203481     0.088901
-0.490869  0.668741  0.558421     6.518672
 0.122599 -0.581556  0.804215    -7.816343
>structures/Alanyl.B.Bacteroidota.NC_010729.1.pdb
 0.978948 -0.179288  0.097552    -0.355919
 0.025715  0.582469  0.812446     4.980458
-0.202483 -0.792834  0.574817    -6.598172
>structures/Alanyl.B.Chlamydiae.NC_017287.1.pdb
 0.918788 -0.394439 -0.015695     0.437365
 0.157203  0.329131  0.931107     6.439837
-0.362099 -0.857957  0.364408    -6.090152
>structures/Alanyl.B.Cyanobacteria.NC_005042.1.pdb
 0.963324 -0.120957  0.239535    -3.044412
-0.260113 -0.201534  0.944312     5.031573
-0.065947 -0.971984 -0.225605    -5.969330
>structures/Alanyl.B.Firmicutes.NC_008525.1.pdb
 1.000000  0.000000  0.000000     0.000000
 0.000000  1.000000  0.000000     0.000000
 0.000000  0.000000  1.000000     0.000000
>structures/Alanyl.B.Fusobacteria.NC_013515.1.pdb
 0.889918 -0.455321 -0.026999    -2.520900
 0.259795  0.457333  0.850502     4.597904
-0.374904 -0.763891  0.525279    -2.567927
>structures/Alanyl.B.Spirochaetes.NC_014330.1.pdb
 0.314130  0.842732 -0.437179    -5.001080
-0.553269 -0.211710 -0.805650     2.048309
-0.771502  0.494957  0.399753    -8.293491
