>../../../../class1/trp1//data/domains/Catalytic_domain/structures/TrpRS-A_AF_Arch_Natrialba_magadii_ATCC_43099_gene8824932.pdb
 0.696783 -0.608996 -0.378969    -1.244776
 0.692112  0.432097  0.578164     3.050336
-0.188349 -0.665143  0.722571    -2.317590
>../../../../class1/trp1//data/domains/Catalytic_domain/structures/TrpRS-A_AF_Arch_Nitrosopumilus_maritimus_SCM1_gene5773245.pdb
 0.792293 -0.558683 -0.245246    -0.401741
 0.593764  0.613493  0.520645     2.915911
-0.140419 -0.558122  0.817791    -4.423728
>../../../../class1/trp1//data/domains/Catalytic_domain/structures/TrpRS-A_AF_Arch_Sulfolobus_islandicus_M1627_gene7814138.pdb
-0.789937 -0.610974  0.052052    -2.034620
-0.612230  0.790600 -0.011278    -0.441076
-0.034261 -0.040777 -0.998581    -3.987489
>../../../../class1/trp1//data/domains/Catalytic_domain/structures/TrpRS-A_AF_Arch_Thermoplasma_acidophilum_DSM_1728_gene1456706.pdb
 0.544354  0.530674 -0.649665    -5.533721
-0.820367  0.175073 -0.544379     4.766766
-0.175149  0.829298  0.530649    -1.532497
>../../../../class1/trp1//data/domains/Catalytic_domain/structures/TrpRS-A_AF_Euk_Cryptococcus_neoformans_var_neoformans_JEC21_gene3254069.pdb
 0.194401  0.953558 -0.230078    -0.217539
-0.741169 -0.010855 -0.671230     3.243416
-0.642554  0.301015  0.704637    -2.146317
>../../../../class1/trp1//data/domains/Catalytic_domain/structures/TrpRS-A_AF_Euk_Cyanidioschyzon_merolae_strain_10D_gene16993299.pdb
 0.993510 -0.036279  0.107800     0.324906
 0.024003  0.993298  0.113060     3.009818
-0.111180 -0.109739  0.987723    -3.521426
>../../../../class1/trp1//data/domains/Catalytic_domain/structures/TrpRS-A_AF_Euk_Drosophila_melanogaster_gene45399.pdb
 0.931582 -0.363179 -0.015993     4.815608
 0.361036  0.919146  0.157553     3.970493
-0.042520 -0.152547  0.987381    -0.116195
>../../../../class1/trp1//data/domains/Catalytic_domain/structures/TrpRS-A_AF_Euk_Saccharomyces_cerevisiae_S288C_gene854056.pdb
-0.200627  0.160287 -0.966466    -0.273307
 0.084961 -0.979961 -0.180162     3.648018
-0.975977 -0.118257  0.182988    -1.621318
>../../../../class1/trp1//data/domains/Catalytic_domain/structures/TrpRS-A_AF_Vir_Megavirus_chiliensis_gene11257301.pdb
 0.878691 -0.475955 -0.037007    -1.222684
 0.420344  0.734614  0.532591     2.513921
-0.226304 -0.483539  0.845563    -2.704229
>../../../../class1/trp1//data/domains/Catalytic_domain/structures/TrpRS-A_PDB_Arch_P_hori_3JXE.pdb
-0.920464  0.221981  0.321668   -46.872027
-0.336431 -0.031176 -0.941192    -2.673618
-0.198898 -0.974553  0.103377    16.248978
>../../../../class1/trp1//data/domains/Catalytic_domain/structures/TrpRS-A_PDB_Euk_S_Cerevisiae_3KT3.pdb
 0.676753  0.734701  0.047114    84.405042
-0.562142  0.474359  0.677481   -82.612831
 0.475397 -0.484971  0.734030   101.811229
>../../../../class1/trp2//data/domains/Catalytic_domain/structures/TrpRS-B_AF_Bact_Anoxybacillus_flavithermus_WK1_gene7038388.pdb
-0.951655 -0.291610  0.096518    -2.877552
-0.259804  0.931779  0.253555    -3.662813
-0.163872  0.216222 -0.962494    -2.760196
>../../../../class1/trp2//data/domains/Catalytic_domain/structures/TrpRS-B_AF_Bact_Brachyspira_pilosicoli_95_1000_gene56440833.pdb
 0.158129  0.676114 -0.719628     0.061449
-0.035314 -0.724459 -0.688413    -0.062946
-0.986787  0.134271 -0.090681     0.783664
>../../../../class1/trp2//data/domains/Catalytic_domain/structures/TrpRS-B_AF_Bact_Helicobacter_cinaedi_PAGU611_gene66538868.pdb
-0.884986 -0.447481  0.128684    -2.291213
-0.454871  0.889921 -0.033661    -4.568022
-0.099456 -0.088324 -0.991114    -2.417501
>../../../../class1/trp2//data/domains/Catalytic_domain/structures/TrpRS-B_AF_Bact_Mycoplasma_hyopneumoniae_168-L_gene57101461.pdb
-0.763192 -0.612449  0.206017    -0.231597
-0.640464  0.759257 -0.115479    -4.618597
-0.085695 -0.220079 -0.971711    -1.582672
>../../../../class1/trp2//data/domains/Catalytic_domain/structures/TrpRS-B_AF_Bact_Porphyromonas_gingivalis_ATCC_33277_gene29255389.pdb
 0.082098 -0.236375  0.968187     1.020493
-0.124380 -0.966302 -0.225367    -0.018822
 0.988832 -0.101921 -0.108732    -0.120063
>../../../../class1/trp2//data/domains/Catalytic_domain/structures/TrpRS-B_AF_Bact_Prochlorococcus_marinus_subsp_marinus_str_CCMP1375_gene54200405.pdb
 0.840663 -0.441131 -0.314148     4.546647
 0.530737  0.786468  0.315889     1.193969
 0.107718 -0.432286  0.895279     4.126389
>../../../../class1/trp2//data/domains/Catalytic_domain/structures/TrpRS-B_AF_Bact_Streptomyces_albidoflavus_gene15147734.pdb
 0.044916 -0.596115  0.801642    -0.481264
-0.551159 -0.684058 -0.477796    -0.650661
 0.833190 -0.420371 -0.359280     0.258029
>../../../../class1/trp2//data/domains/Catalytic_domain/structures/TrpRS-B_AF_Bact_Thermus_thermophilus_HB8_gene3168998.pdb
 1.000000  0.000000  0.000000     0.000000
 0.000000  1.000000  0.000000     0.000000
 0.000000  0.000000  1.000000     0.000000
>../../../../class1/trp2//data/domains/Catalytic_domain/structures/TrpRS-B_AF_Mito_Bufo_gargarizans_gene122922343.pdb
 0.801521  0.597965  0.001274     0.938632
-0.479756  0.644341 -0.595533     0.433729
-0.356929  0.476721  0.803330    -0.161385
>../../../../class1/trp2//data/domains/Catalytic_domain/structures/TrpRS-B_AF_Mito_Cyanidioschyzon_merolae_strain_10D_gene16992222.pdb
 0.210870  0.614299 -0.760376    -2.377775
-0.234216 -0.723456 -0.649426    -1.218483
-0.949040  0.315036 -0.008677    -5.065761
>../../../../class1/trp2//data/domains/Catalytic_domain/structures/TrpRS-B_PDB_Bact_G_stearo_1I6M.pdb
 0.093142 -0.418309 -0.903516    39.818651
 0.846023  0.511700 -0.149691   -51.288902
 0.524947 -0.750453  0.401561   -29.995965
>../../../../class1/trp2//data/domains/Catalytic_domain/structures/TrpRS-B_PDB_Bact_Y_pestis_3N9I.pdb
 0.617193  0.736749 -0.276178   -69.263319
-0.070042 -0.298169 -0.951940    39.193452
-0.783688  0.606874 -0.132425   -15.479195
