>../../../../class2/phe3//data/domains/Catalytic_domain/structures/PheRS-Aα_AF_Arch_Candidatus_Nitrosopumilus_koreensis_AR1_gene13724458.pdb
 0.677140  0.626672  0.385700    66.189846
 0.701356 -0.391027 -0.595984    15.978520
-0.222668  0.674078 -0.704300    50.151697
>../../../../class2/phe3//data/domains/Catalytic_domain/structures/PheRS-Aα_AF_Arch_Haloterrigena_turkmenica_DSM_5511_gene8744248.pdb
-0.575046  0.660766 -0.482400    67.252359
 0.778685  0.622917 -0.074994    13.759340
 0.250942 -0.418763 -0.872735    38.382174
>../../../../class2/phe3//data/domains/Catalytic_domain/structures/PheRS-Aα_AF_Arch_Thermoplasma_volcanium_GSS1_gene1441177.pdb
-0.714304 -0.441848 -0.542716    66.684446
-0.033929 -0.752714  0.657472    14.535499
-0.699013  0.488049  0.522675    36.879161
>../../../../class2/phe3//data/domains/Catalytic_domain/structures/PheRS-Aα_AF_Arch_Thermosphaera_aggregans_DSM_11486_gene9165306.pdb
 0.473052  0.714879  0.514947    69.707426
 0.869508 -0.473052 -0.142049    12.183870
 0.142049  0.514947 -0.845371    31.985538
>../../../../class2/phe3//data/domains/Catalytic_domain/structures/PheRS-Aα_AF_Euk_Cyanidioschyzon_merolae_strain_10D_gene16993638.pdb
-0.406311  0.898316 -0.167151    63.654607
-0.913725 -0.398611  0.078838     5.408280
 0.004193  0.184763  0.982774    39.545800
>../../../../class2/phe3//data/domains/Catalytic_domain/structures/PheRS-Aα_AF_Euk_Megalobrama_amblycephala_gene125266654.pdb
 0.337760 -0.936563  0.093637    71.944380
 0.047357  0.116267  0.992088    10.393416
-0.940040 -0.330653  0.083624    33.766222
>../../../../class2/phe3//data/domains/Catalytic_domain/structures/PheRS-Aα_AF_Euk_Plasmodium_falciparum_3D7_gene813233.pdb
 0.470072 -0.819004  0.329036    73.446630
 0.133255 -0.302665 -0.943736     4.723251
 0.872511  0.487469 -0.033138    37.894167
>../../../../class2/phe3//data/domains/Catalytic_domain/structures/PheRS-Aα_AF_Euk_Schizosaccharomyces_pombe_gene2543647.pdb
-0.700561 -0.356320 -0.618264    65.507086
 0.203600  0.730589 -0.651757     6.025272
 0.683931 -0.582474 -0.439275    40.144283
>../../../../class2/phe3//data/domains/Catalytic_domain/structures/PheRS-Aα_PDB_Euk.B_H_sapiens_3L4G.C.pdb
-0.272805  0.161633 -0.948395    26.858543
 0.961246  0.086578 -0.261746   -42.143410
 0.039803 -0.983046 -0.178988   146.145852
>../../../../class2/sep//data/domains/Catalytic_domain/structures/SepRS_AF_Arch_Methanothrix_thermoacetophila_PT_gene4462697.pdb
 0.216438 -0.945159 -0.244599    67.658238
-0.176926  0.208417 -0.961904     8.675165
 0.960131  0.251468 -0.122114    30.730878
>../../../../class2/sep//data/domains/Catalytic_domain/structures/SepRS_AF_Arch_unclassified_Candidatus_Bathyarchaeota_proteinUCD26266.1.pdb
-0.371382 -0.636997 -0.675507    71.378025
 0.426775 -0.763244  0.485099    16.001092
-0.824584 -0.108133  0.555309    27.401484
>../../../../class2/sep//data/domains/Catalytic_domain/structures/SepRS_AF_Arch_unclassified_Lokiarchaeota_proteinTFF69421.1.pdb
 0.675308 -0.331416  0.658880    75.412798
-0.337484  0.655485  0.675607    13.419372
-0.655793 -0.678604  0.330806    26.953589
>../../../../class2/sep//data/domains/Catalytic_domain/structures/SepRS_AF_Arch_unclassified_Thermoprotei_proteinRLF12424.1.pdb
-0.804278  0.518076 -0.291090    66.606701
-0.530063 -0.846882 -0.042707    15.183100
-0.268644  0.119948  0.955742    28.141073
>../../../../class2/sep//data/domains/Catalytic_domain/structures/SepRS_PDB_Arch_2DU4_A_fulgidus.pdb
-0.300094  0.167017 -0.939175    50.287810
-0.790524  0.507475  0.342842     7.310325
 0.533868  0.845325 -0.020259   -40.096410
>../../../../class2/sep//data/domains/Catalytic_domain/structures/SepRS_PDB_Arch_2ODR_M_maripadulis.pdb
 1.000000  0.000000  0.000000     0.000000
 0.000000  1.000000  0.000000     0.000000
 0.000000  0.000000  1.000000     0.000000
