>../../../../class2/phe3//data/domains/Catalytic_domain/structures/Phe_Euk_3CMQ.H_sapiens.pdb
 0.717064  0.524424 -0.459129    66.369034
 0.600100 -0.129440  0.789383     7.561045
 0.354542 -0.841561 -0.407523    72.102282
>../../../../class2/phe3//data/domains/Catalytic_domain/structures/Phe_Euk_3TEG.H_sapiens.pdb
 0.703342  0.535486 -0.467508    66.250068
 0.615547 -0.129849  0.777330     7.720207
 0.355544 -0.834502 -0.420945    72.096993
>../../../../class2/sep//data/domains/Catalytic_domain/structures/Sep_Arch_2DU4_A_fulgidus.pdb
-0.299973  0.168943 -0.938869    50.123551
-0.791482  0.505321  0.343811     7.563390
 0.532515  0.846232 -0.017868   -40.113818
>../../../../class2/sep//data/domains/Catalytic_domain/structures/Sep_Arch_2DU6_A_fulgidus.pdb
-0.307402  0.177658 -0.934849    49.831476
-0.789588  0.500678  0.354785     7.933429
 0.531088  0.847207 -0.013633   -39.583822
>../../../../class2/sep//data/domains/Catalytic_domain/structures/Sep_Arch_2ODR_M_maripadulis.pdb
 1.000000  0.000000  0.000000     0.000000
 0.000000  1.000000  0.000000     0.000000
 0.000000  0.000000  1.000000     0.000000
