>../../../../class1/glu1//data/domains/Catalytic_domain/structures/GluRS_AF_Bact_Bifidobacterium_animalis_subsp_lactis_BLC1_gene66532600.pdb
 0.970245  0.057887  0.235103     0.197159
 0.033462  0.929625 -0.366986    -0.211346
-0.239802  0.363933  0.900027     1.917093
>../../../../class1/glu1//data/domains/Catalytic_domain/structures/GluRS_AF_Bact_Chlamydia_psittaci_6BC_gene12242467.pdb
 0.940666 -0.032297  0.337793    -7.487753
-0.117281  0.903170  0.412951    -5.991974
-0.318422 -0.428066  0.845794     1.115305
>../../../../class1/glu1//data/domains/Catalytic_domain/structures/GluRS_AF_Bact_[Eubacterium]_eligens_ATCC_27750_gene41357084.pdb
 0.955690 -0.267673 -0.122507    -1.526519
 0.286424  0.941598  0.177070     0.625302
 0.067956 -0.204313  0.976544     3.339605
>../../../../class1/glu1//data/domains/Catalytic_domain/structures/GluRS_AF_Bact_Mycoplasma_hyopneumoniae_168-L_gene57101016.pdb
 0.970005 -0.160001 -0.183003    -1.632210
 0.176302  0.981361  0.076474    -0.575408
 0.167356 -0.106444  0.980133     2.184853
>../../../../class1/glu1//data/domains/Catalytic_domain/structures/GluRS_AF_Bact_Paracoccus_denitrificans_PD1222_gene75500422.pdb
 0.931004 -0.256903 -0.259291    -2.218743
 0.307854  0.934317  0.179661     0.550082
 0.196105 -0.247089  0.948941     3.136400
>../../../../class1/glu1//data/domains/Catalytic_domain/structures/GluRS_AF_Bact_Porphyromonas_gingivalis_ATCC_33277_gene29255772.pdb
-0.085751  0.097463  0.991538    -1.328027
 0.054439 -0.993259  0.102340    -0.421525
 0.994828  0.062754  0.079867     1.557800
>../../../../class1/glu1//data/domains/Catalytic_domain/structures/GluRS_AF_Bact_Prochlorococcus_marinus_subsp_marinus_str_CCMP1375_gene54199839.pdb
-0.196797 -0.762135  0.616783    -0.938019
-0.829967 -0.205398 -0.518620     0.236124
 0.521945 -0.613972 -0.592125     2.652243
>../../../../class1/glu1//data/domains/Catalytic_domain/structures/GluRS_AF_Bact_Treponema_pallidum_subsp_pertenue_str_SamoaD_gene57879197.pdb
 1.000000  0.000000  0.000000     0.000000
 0.000000  1.000000  0.000000     0.000000
 0.000000  0.000000  1.000000     0.000000
>../../../../class1/glu1//data/domains/Catalytic_domain/structures/GluRS_AF_Euk_Arabidopsis_thaliana_gene836526.pdb
-0.945764 -0.324823  0.004499    -1.901984
-0.312350  0.913080  0.262148    -2.699080
-0.089260  0.246525 -0.965017    -2.341704
>../../../../class1/glu1//data/domains/Catalytic_domain/structures/GluRS_AF_Euk_Cryptococcus_neoformans_var_grubii_H99_gene23890400.pdb
 0.051510 -0.090869  0.994530     1.416279
-0.180311 -0.980332 -0.080233     1.537305
 0.982260 -0.175192 -0.066881     0.712422
>../../../../class1/glu1//data/domains/Catalytic_domain/structures/GluRS_AF_Euk_Ostreococcus_tauri_proteinOUS48355.1.pdb
-0.957277  0.283700  0.055987    -4.308317
 0.235393  0.652049  0.720709     0.979500
 0.167959  0.703098 -0.690973    -1.618083
>../../../../class1/glu1//data/domains/Catalytic_domain/structures/GluRS_AF_Euk_Plasmodium_knowlesi_strain_H_gene7321821.pdb
 0.998163  0.041647  0.044003    -1.485881
-0.041452  0.999126 -0.005334    -1.063856
-0.044187  0.003500  0.999017     1.070609
>../../../../class1/glu1//data/domains/Catalytic_domain/structures/GluRS_AF_Mito_Cyanidioschyzon_merolae_strain_10D_gene16997617.pdb
-0.965136  0.252614  0.068549    -1.720633
 0.218107  0.631352  0.744194     1.554946
 0.144715  0.733199 -0.664437    -0.952013
>../../../../class1/glu1//data/domains/Catalytic_domain/structures/GluRS_AF_Mito_Drosophila_melanogaster_gene39828.pdb
-0.972779 -0.190093  0.132533     0.518109
-0.153268  0.956743  0.247290    -3.474210
-0.173808  0.220246 -0.959835     2.660633
>../../../../class1/glu1//data/domains/Catalytic_domain/structures/GluRS_PDB_Bact_T_therm_1J09.pdb
 0.204234 -0.200000  0.958274    -7.958693
-0.127909 -0.975967 -0.176431    35.022539
 0.970530 -0.086539 -0.224907   -33.692178
>../../../../class1/trp2//data/domains/Catalytic_domain/structures/TrpRS-B_AF_Bact_Anoxybacillus_flavithermus_WK1_gene7038388.pdb
-0.884476  0.189414 -0.426409   -11.914326
-0.134921  0.771021  0.622353    -6.179781
 0.446653  0.607988 -0.656393     8.037256
>../../../../class1/trp2//data/domains/Catalytic_domain/structures/TrpRS-B_AF_Bact_Brachyspira_pilosicoli_95_1000_gene56440833.pdb
-0.484733  0.362176 -0.796155    -6.647093
 0.366097 -0.742662 -0.560738    -4.429333
-0.794359 -0.563278  0.227401     9.653193
>../../../../class1/trp2//data/domains/Catalytic_domain/structures/TrpRS-B_AF_Bact_Helicobacter_cinaedi_PAGU611_gene66538868.pdb
-0.857753 -0.123457 -0.499016   -11.456020
-0.337139  0.867912  0.364783    -7.260153
 0.388067  0.481132 -0.786076     7.558031
>../../../../class1/trp2//data/domains/Catalytic_domain/structures/TrpRS-B_AF_Bact_Mycoplasma_hyopneumoniae_168-L_gene57101461.pdb
-0.820206 -0.353658 -0.449653    -9.462032
-0.513855  0.800917  0.307385    -7.416862
 0.251426  0.483175 -0.838646     6.872575
>../../../../class1/trp2//data/domains/Catalytic_domain/structures/TrpRS-B_AF_Bact_Porphyromonas_gingivalis_ATCC_33277_gene29255389.pdb
 0.609442 -0.541113  0.579463    -6.463669
-0.522184 -0.823918 -0.220189    -4.231708
 0.596577 -0.168394 -0.784691     8.232196
>../../../../class1/trp2//data/domains/Catalytic_domain/structures/TrpRS-B_AF_Bact_Prochlorococcus_marinus_subsp_marinus_str_CCMP1375_gene54200405.pdb
 0.850539 -0.347124  0.395080    -0.715421
 0.401095  0.914043 -0.060396    -4.962879
-0.340155  0.209834  0.916659     9.262194
>../../../../class1/trp2//data/domains/Catalytic_domain/structures/TrpRS-B_AF_Bact_Streptomyces_albidoflavus_gene15147734.pdb
 0.347452 -0.907286  0.236875    -7.376758
-0.857889 -0.409552 -0.310312    -4.549645
 0.378554 -0.095394 -0.920650     9.478026
>../../../../class1/trp2//data/domains/Catalytic_domain/structures/TrpRS-B_AF_Bact_Thermus_thermophilus_HB8_gene3168998.pdb
 0.737464  0.301299  0.604455    -7.020832
-0.042955  0.914089 -0.403233    -4.062453
-0.674019  0.271406  0.687050     9.033093
>../../../../class1/trp2//data/domains/Catalytic_domain/structures/TrpRS-B_AF_Mito_Bufo_gargarizans_gene122922343.pdb
 0.238666  0.923558  0.300134    -6.373843
-0.331685  0.368005 -0.868653    -3.670420
-0.912701  0.107768  0.394160     8.367772
>../../../../class1/trp2//data/domains/Catalytic_domain/structures/TrpRS-B_AF_Mito_Cyanidioschyzon_merolae_strain_10D_gene16992222.pdb
-0.481113  0.422434 -0.768166   -12.154692
 0.167744 -0.815693 -0.553630    -2.989528
-0.860460 -0.395214  0.321580     6.813891
>../../../../class1/trp2//data/domains/Catalytic_domain/structures/TrpRS-B_PDB_Bact_G_stearo_1I6M.pdb
 0.636599 -0.597819 -0.487189   -10.532755
 0.538000  0.796880 -0.274841   -38.861103
 0.552537 -0.087144  0.828920   -53.355654
>../../../../class1/trp2//data/domains/Catalytic_domain/structures/TrpRS-B_PDB_Bact_Y_pestis_3N9I.pdb
-0.033665  0.823753 -0.565949   -56.010239
 0.227008 -0.545167 -0.807007    40.634433
-0.973311 -0.155643 -0.168646    55.567051
