>structures/IleRS_AF_Arch_Candidatus_Korarchaeum_cryptofilum_OPF8_gene6094904.pdb
 0.982310  0.073762  0.172124    -1.833810
-0.128629  0.933785  0.333918     0.873008
-0.136097 -0.350151  0.926754     1.038982
>structures/IleRS_AF_Arch_Candidatus_Nitrosopumilus_sediminis_gene13697091.pdb
 0.058985  0.562634  0.824599    -1.930300
 0.451557 -0.751734  0.480617     4.446567
 0.890290  0.344004 -0.298403    -2.430806
>structures/IleRS_AF_Arch_Pyrobaculum_aerophilum_str_IM2_gene1465853.pdb
-0.753491  0.634132  0.173572    -2.735456
 0.647663  0.670529  0.361833    -3.162953
 0.113065  0.385054 -0.915942    -0.954997
>structures/IleRS_AF_Arch_Thermoplasma_acidophilum_DSM_1728_gene1456418.pdb
 0.604297  0.791721 -0.089460    -0.665272
-0.450560  0.246960 -0.857908     1.613283
-0.657131  0.558738  0.505955     1.019318
>structures/IleRS_AF_Bact_Chlamydia_muridarum_str_Nigg_gene1246458.pdb
 0.001334 -0.563473 -0.826133     0.546358
 0.578234 -0.673584  0.460359     3.528599
-0.815870 -0.478312  0.324921     1.452700
>structures/IleRS_AF_Bact_Lactobacillus_acidophilus_La-14_gene56942445.pdb
-0.958664  0.284476  0.006008    -0.280076
 0.282595  0.949435  0.136794    -1.631598
 0.033211  0.132838 -0.990581    -0.144562
>structures/IleRS_AF_Bact_Mycoplasma_hyopneumoniae_168-L_gene57100872.pdb
-0.963364  0.264191  0.046182    -1.908469
 0.264456  0.964398 -0.000387    -1.964610
-0.044640  0.011840 -0.998933     2.335836
>structures/IleRS_AF_Bact_Orientia_tsutsugamushi_str_Ikeda_gene66653313.pdb
-0.031793 -0.850995  0.524211    -2.053593
-0.614250 -0.397107 -0.681912     1.567364
 0.788471 -0.343676 -0.510098     1.325468
>structures/IleRS_AF_Bact_Porphyromonas_gingivalis_ATCC_33277_gene29255747.pdb
-0.185204 -0.871171  0.454710    -3.825078
-0.617422 -0.256826 -0.743526     1.926264
 0.764519 -0.418451 -0.490315     3.647467
>structures/IleRS_AF_Bact_Streptobacillus_moniliformis_DSM_12112_gene29674186.pdb
-0.979443  0.183133 -0.084579    -7.088207
 0.167754  0.972316  0.162665    -2.076167
 0.112027  0.145133 -0.983050    -0.786627
>structures/IleRS_AF_Bact_Thermus_thermophilus_HB8_gene3168241.pdb
 0.189111 -0.713091 -0.675084     0.906563
 0.610842 -0.452850  0.649461     2.465809
-0.768836 -0.535190  0.349947     3.959394
>structures/IleRS_AF_Bact_Treponema_pallidum_subsp_pertenue_str_SamoaD_gene57878975.pdb
 0.830720 -0.539666 -0.136620     0.156074
 0.534121  0.703497  0.468835     1.437910
-0.156903 -0.462443  0.872656     1.710833
>structures/IleRS_AF_Euk_Cyanidioschyzon_merolae_strain_10D_gene16992835.pdb
-0.130673  0.243456 -0.961069    -0.399881
-0.063422 -0.969448 -0.236955    -0.664450
-0.989395  0.029990  0.142122     0.843855
>structures/IleRS_AF_Euk_Ostreococcus_lucimarinus_CCE9901_gene5000489.pdb
 0.952434 -0.304680  0.006274     1.051465
 0.297200  0.933211  0.201966     0.012898
-0.067390 -0.190495  0.979372    -0.279157
>structures/IleRS_AF_Euk_Trypanosoma_brucei_brucei_TREU927_gene3663037.pdb
 1.000000 -0.000000  0.000000     0.000000
 0.000000  1.000000  0.000000     0.000000
-0.000000  0.000000  1.000000     0.000000
>structures/IleRS_AF_Euk_Ustilago_maydis_521_gene23568123.pdb
-0.969222 -0.221693  0.107054    -1.389812
-0.244941  0.912073 -0.328826    -0.788934
-0.024743 -0.344927 -0.938303     3.540184
>structures/IleRS_AF_Mito_Drosophila_melanogaster_gene39762.pdb
 0.086963 -0.605403  0.791154    -3.965059
-0.180581 -0.790586 -0.585119    -0.189269
 0.979708 -0.091984 -0.178076     4.054067
>structures/IleRS_AF_Mito_Homo_sapiens_gene55699.pdb
-0.959407  0.270174  0.080895    -1.147229
 0.276157  0.958176  0.075069    -1.974054
-0.057230  0.094361 -0.993892     1.455422
>structures/IleRS_AF_Vir_Megavirus_chiliensis_gene11256744.pdb
-0.233421 -0.933714  0.271463    -3.276691
-0.716020 -0.023839 -0.697673     2.717473
 0.657899 -0.357224 -0.662993     2.261179
>structures/IleRS_PDB_Bact_S_aureus_1QU2.pdb
-0.600437  0.798355  0.045883   -60.732193
 0.699380  0.552088 -0.453945   -26.854415
-0.387740 -0.240476 -0.889848   103.025899
>structures/IleRS_PDB_Bact_T_therm_1ILE.pdb
 0.174558 -0.927259 -0.331241    -6.194070
 0.766532 -0.083179  0.636796    39.931110
-0.618027 -0.365065  0.696254     7.995741
>structures/IleRS_PDB_Euk_S_cere_7D5C.pdb
-0.981686 -0.002651  0.190486    -5.955027
-0.152843 -0.585896 -0.795842    35.524628
 0.113715 -0.810382  0.574761   -15.324313
