>structures/IleRS_AF_Arch_Candidatus_Korarchaeum_cryptofilum_OPF8_gene6094904.pdb
 0.012749  0.277756 -0.960567    -0.130647
 0.360982 -0.897139 -0.254624    -1.840777
-0.932486 -0.343501 -0.111703     1.024490
>structures/IleRS_AF_Arch_Candidatus_Nitrosopumilus_sediminis_gene13697091.pdb
-0.915611 -0.371102  0.154726     3.114228
-0.400783  0.873112 -0.277574    -5.373375
-0.032085 -0.316162 -0.948163    -0.240503
>structures/IleRS_AF_Arch_Pyrobaculum_aerophilum_str_IM2_gene1465853.pdb
-0.052973 -0.505409  0.861252     2.216659
-0.805700 -0.487893 -0.335867     1.827462
 0.589950 -0.711703 -0.381363     2.576293
>structures/IleRS_AF_Arch_Thermoplasma_acidophilum_DSM_1728_gene1456418.pdb
 0.596422 -0.672442 -0.438295    -0.308195
 0.567622 -0.032740  0.822638    -2.219834
-0.567526 -0.739425  0.362167    -0.254631
>structures/IleRS_AF_Bact_Chlamydia_muridarum_str_Nigg_gene1246458.pdb
 0.775137  0.585207 -0.238107    -0.965723
-0.578813  0.506703 -0.638927    -3.715475
-0.253255  0.633076  0.731489    -1.797113
>structures/IleRS_AF_Bact_Lactobacillus_acidophilus_La-14_gene56942445.pdb
 0.076058 -0.226646  0.971003     1.017743
-0.505595 -0.848113 -0.158359     0.970103
 0.859412 -0.478890 -0.179097    -0.031317
>structures/IleRS_AF_Bact_Mycoplasma_hyopneumoniae_168-L_gene57100872.pdb
 0.155308 -0.107247  0.982027    -1.216023
-0.491349 -0.870789 -0.017391     0.943763
 0.857004 -0.479817 -0.187936     1.939557
>structures/IleRS_AF_Bact_Orientia_tsutsugamushi_str_Ikeda_gene66653313.pdb
-0.740077  0.474456  0.476631    -0.404178
 0.609309  0.173062  0.773817    -2.495245
 0.284655  0.863100 -0.417169     1.164492
>structures/IleRS_AF_Bact_Porphyromonas_gingivalis_ATCC_33277_gene29255747.pdb
-0.695962  0.541063  0.472110    -2.492945
 0.575721  0.027500  0.817184    -3.249643
 0.429165  0.840532 -0.330640     3.153359
>structures/IleRS_AF_Bact_Streptobacillus_moniliformis_DSM_12112_gene29674186.pdb
 0.010403 -0.228186  0.973562     2.583508
-0.392939 -0.896225 -0.205860    -0.243868
 0.919505 -0.380409 -0.098987     6.452690
>structures/IleRS_AF_Bact_Thermus_thermophilus_HB8_gene3168241.pdb
 0.701523  0.648422 -0.295659    -3.444399
-0.565845  0.254606 -0.784216    -2.570202
-0.433227  0.717443  0.545518    -1.507823
>structures/IleRS_AF_Bact_Treponema_pallidum_subsp_pertenue_str_SamoaD_gene57878975.pdb
 0.015603  0.490033 -0.871564    -1.055788
-0.320554 -0.823209 -0.468585    -1.775196
-0.947102  0.286695  0.144237    -0.898166
>structures/IleRS_AF_Euk_Cyanidioschyzon_merolae_strain_10D_gene16992835.pdb
 0.999999 -0.001018 -0.000080    -0.004043
 0.001018  0.999999  0.000219     0.007549
 0.000080 -0.000219  1.000000    -0.000026
>structures/IleRS_AF_Euk_Ostreococcus_lucimarinus_CCE9901_gene5000489.pdb
-0.077336  0.176880 -0.981189     0.869615
-0.060101 -0.983174 -0.172501    -0.229626
-0.995192  0.045630  0.086666    -1.731642
>structures/IleRS_AF_Euk_Trypanosoma_brucei_brucei_TREU927_gene3663037.pdb
-0.131707 -0.057131 -0.989641     0.740757
 0.241606 -0.970081  0.023847    -0.482579
-0.961395 -0.235962  0.141569    -0.647997
>structures/IleRS_AF_Euk_Ustilago_maydis_521_gene23568123.pdb
 0.161530  0.317029  0.934559    -2.529239
 0.000875 -0.947041  0.321112     0.000722
 0.986867 -0.051051 -0.153253     1.397546
>structures/IleRS_AF_Mito_Drosophila_melanogaster_gene39762.pdb
-0.969153  0.220221  0.110653    -2.754651
 0.226110  0.615850  0.754720    -1.252733
 0.098060  0.756459 -0.646648     3.781158
>structures/IleRS_AF_Mito_Homo_sapiens_gene55699.pdb
 0.165059 -0.189300  0.967947    -0.423988
-0.502390 -0.860682 -0.082652     1.099759
 0.848740 -0.472644 -0.237165     1.104777
>structures/IleRS_PDB_Bact_S_aureus_1QU2.pdb
 0.419016  0.098663  0.902603   -91.537663
-0.835456 -0.347408  0.425819    13.606006
 0.355584 -0.932509 -0.063140    78.751717
>structures/IleRS_PDB_Bact_T_therm_1ILE.pdb
 0.542299  0.486912 -0.684710    -8.812861
-0.718704 -0.153267 -0.678214   -40.556288
-0.435174  0.859899  0.266829    -2.935964
>structures/IleRS_PDB_Euk_S_cere_7D5C.pdb
 0.026533  0.837639 -0.545579    14.535190
-0.083911  0.545711  0.833762   -36.868847
 0.996120  0.023658  0.084767    -5.437117
