>../../../../class1//ile/data/domains/LI_IM//structures/IleRS_AF_Arch_Candidatus_Korarchaeum_cryptofilum_OPF8_gene6094904.pdb
 0.971270 -0.077816 -0.224900    25.453420
 0.116500  0.979522  0.164210   -18.602490
 0.207516 -0.185693  0.960445    25.485483
>../../../../class1//ile/data/domains/LI_IM//structures/IleRS_AF_Arch_Candidatus_Nitrosopumilus_sediminis_gene13697091.pdb
-0.367470  0.624064  0.689572    25.975302
 0.314244 -0.614527  0.723607   -15.759346
 0.875338  0.482598  0.029712    24.283680
>../../../../class1//ile/data/domains/LI_IM//structures/IleRS_AF_Arch_Pyrobaculum_aerophilum_str_IM2_gene1465853.pdb
-0.924868  0.347042  0.155503    23.508243
 0.379468  0.815344  0.437285   -25.988306
 0.024968  0.463439 -0.885777    20.946761
>../../../../class1//ile/data/domains/LI_IM//structures/IleRS_AF_Arch_Thermoplasma_acidophilum_DSM_1728_gene1456418.pdb
 0.828630  0.505195  0.241146    23.530172
-0.034036  0.475443 -0.879088   -13.757698
-0.558761  0.720231  0.411161    23.301750
>../../../../class1//ile/data/domains/LI_IM//structures/IleRS_AF_Bact_Chlamydia_muridarum_str_Nigg_gene1246458.pdb
 0.293403 -0.267572 -0.917780    30.107787
 0.598746 -0.696983  0.394612   -22.966263
-0.745264 -0.665297 -0.044289    30.753573
>../../../../class1//ile/data/domains/LI_IM//structures/IleRS_AF_Bact_Lactobacillus_acidophilus_La-14_gene56942445.pdb
-0.908966 -0.239836  0.340969    30.895517
-0.134726  0.943041  0.304174   -16.154633
-0.394500  0.230546 -0.889505    29.945032
>../../../../class1//ile/data/domains/LI_IM//structures/IleRS_AF_Bact_Mycoplasma_hyopneumoniae_168-L_gene57100872.pdb
-0.916333 -0.153704  0.369743    27.314714
-0.084620  0.976870  0.196377   -21.488721
-0.391375  0.148659 -0.908144    30.416364
>../../../../class1//ile/data/domains/LI_IM//structures/IleRS_AF_Bact_Orientia_tsutsugamushi_str_Ikeda_gene66653313.pdb
-0.076837 -0.562545  0.823188    26.436646
-0.831153 -0.419890 -0.364523   -13.097699
 0.550709 -0.712204 -0.435298    25.306207
>../../../../class1//ile/data/domains/LI_IM//structures/IleRS_AF_Bact_Porphyromonas_gingivalis_ATCC_33277_gene29255747.pdb
-0.041658 -0.573581  0.818089    22.437248
-0.764521 -0.508852 -0.395698   -15.857872
 0.643251 -0.641930 -0.417317    26.096392
>../../../../class1//ile/data/domains/LI_IM//structures/IleRS_AF_Bact_Streptobacillus_moniliformis_DSM_12112_gene29674186.pdb
-0.946214 -0.205707  0.249726    23.903839
-0.109339  0.929752  0.351578   -20.426399
-0.304505  0.305363 -0.902236    21.086675
>../../../../class1//ile/data/domains/LI_IM//structures/IleRS_AF_Bact_Thermus_thermophilus_HB8_gene3168241.pdb
 0.057305 -0.416782 -0.907198    24.233707
 0.663848 -0.662791  0.346430   -17.979079
-0.745669 -0.622095  0.238698    24.433567
>../../../../class1//ile/data/domains/LI_IM//structures/IleRS_AF_Bact_Treponema_pallidum_subsp_pertenue_str_SamoaD_gene57878975.pdb
 0.578525 -0.606095 -0.545854    28.349986
 0.814750  0.461083  0.351547   -17.790825
 0.038613 -0.648113  0.760564    31.410257
>../../../../class1//ile/data/domains/LI_IM//structures/IleRS_AF_Euk_Cyanidioschyzon_merolae_strain_10D_gene16992835.pdb
 0.216991  0.612286 -0.760277    26.662355
 0.253973 -0.787423 -0.561661   -12.658379
-0.942556 -0.071215 -0.326368    25.183223
>../../../../class1//ile/data/domains/LI_IM//structures/IleRS_AF_Euk_Ostreococcus_lucimarinus_CCE9901_gene5000489.pdb
 0.624791 -0.342083 -0.701865    34.862628
 0.527203  0.847888  0.056055   -17.589293
 0.575928 -0.405048  0.710101    43.281097
>../../../../class1//ile/data/domains/LI_IM//structures/IleRS_AF_Euk_Trypanosoma_brucei_brucei_TREU927_gene3663037.pdb
 0.906548 -0.265663 -0.328015    27.805082
 0.248182  0.964055 -0.094888   -21.593964
 0.341433  0.004613  0.939895    27.079023
>../../../../class1//ile/data/domains/LI_IM//structures/IleRS_AF_Euk_Ustilago_maydis_521_gene23568123.pdb
-0.804904 -0.343537  0.483852    28.055956
-0.412226  0.910226 -0.039486   -17.418805
-0.426849 -0.231239 -0.874259    26.172715
>../../../../class1//ile/data/domains/LI_IM//structures/IleRS_AF_Mito_Drosophila_melanogaster_gene39762.pdb
-0.023409 -0.145640  0.989061    20.006387
-0.437558 -0.888047 -0.141122   -13.129236
 0.898885 -0.436075 -0.042937    20.288476
>../../../../class1//ile/data/domains/LI_IM//structures/IleRS_AF_Mito_Homo_sapiens_gene55699.pdb
-0.934162 -0.170048  0.313729    26.277780
-0.032578  0.916129  0.399558   -16.197137
-0.355360  0.363031 -0.861352    23.973212
>../../../../class1//ile/data/domains/LI_IM//structures/IleRS_AF_Vir_Megavirus_chiliensis_gene11256744.pdb
-0.439186 -0.663845  0.605331    24.731931
-0.761854 -0.081888 -0.642552   -24.201710
 0.476124 -0.743374 -0.469789    32.242021
>../../../../class1//ile/data/domains/LI_IM//structures/IleRS_PDB_Bact_S_aureus_1QU2.pdb
-0.525467  0.313164  0.791083   -50.015591
 0.609542  0.787252  0.093233   -96.825573
-0.593585  0.531189 -0.604561    59.164841
>../../../../class1//ile/data/domains/LI_IM//structures/IleRS_PDB_Bact_T_therm_1ILE.pdb
-0.047171 -0.793600 -0.606609     4.138872
 0.817139 -0.379936  0.433511    14.733868
-0.574507 -0.475235  0.666403    27.371119
>../../../../class1//ile/data/domains/LI_IM//structures/IleRS_PDB_Euk_S_cere_7D5C.pdb
-0.722113  0.677562  0.139510    22.746903
-0.442121 -0.296920 -0.846385    20.621827
-0.532055 -0.672865  0.513974    27.987974
>../../../../class1//leu2/data/domains/LI_IM//structures/LeuRS-A_AF_Arch_Aciduliprofundum_boonei_T469_gene8828435.pdb
 0.313362 -0.441714  0.840650    -6.957627
-0.272071 -0.889887 -0.366167    -0.286190
 0.909825 -0.113974 -0.399034    -1.577198
>../../../../class1//leu2/data/domains/LI_IM//structures/LeuRS-A_AF_Arch_Candidatus_Korarchaeum_cryptofilum_OPF8_gene6093520.pdb
 1.000000  0.000000  0.000000     0.000000
 0.000000  1.000000  0.000000     0.000000
 0.000000  0.000000  1.000000     0.000000
>../../../../class1//leu2/data/domains/LI_IM//structures/LeuRS-A_AF_Arch_Candidatus_Nitrosopumilus_koreensis_AR1_gene13725794.pdb
-0.951767  0.223676  0.210020     1.009936
 0.304323  0.775361  0.553356     7.684504
-0.039069  0.590580 -0.806033     2.260991
>../../../../class1//leu2/data/domains/LI_IM//structures/LeuRS-A_AF_Arch_Methanobrevibacter_smithii_ATCC_35061_gene5216355.pdb
-0.881438  0.294907  0.368914     5.178625
 0.471661  0.590267  0.655074     6.167484
-0.024572  0.751409 -0.659379     3.316672
>../../../../class1//leu2/data/domains/LI_IM//structures/LeuRS-A_AF_Euk_Arabidopsis_thaliana_gene837489.pdb
 0.385220  0.668275 -0.636407     8.883089
-0.184423 -0.619968 -0.762645    10.564388
-0.904209  0.411154 -0.115579    15.476594
>../../../../class1//leu2/data/domains/LI_IM//structures/LeuRS-A_AF_Euk_Drosophila_melanogaster_gene326262.pdb
-0.878720  0.040741  0.475597    10.060367
 0.410286  0.573687  0.708906     7.784733
-0.243962  0.818060 -0.520826    13.372447
>../../../../class1//leu2/data/domains/LI_IM//structures/LeuRS-A_AF_Euk_Leishmania_major_strain_Friedlin_gene5650139.pdb
-0.930292  0.056862  0.362387     5.828483
 0.300992  0.683004  0.665514    10.219126
-0.209669  0.728198 -0.652508    12.374791
>../../../../class1//leu2/data/domains/LI_IM//structures/LeuRS-A_AF_Euk_Neurospora_crassa_OR74A_gene3879366.pdb
-0.868602  0.050112  0.492970     8.911113
 0.450979  0.492149  0.744585     8.712589
-0.205303  0.869067 -0.450081    12.333146
>../../../../class1//leu2/data/domains/LI_IM//structures/LeuRS-A_PDB_Arch_P_hori_1WKB.pdb
-0.524041 -0.828343 -0.198063    94.390997
-0.729696  0.316737  0.605987    78.156505
-0.439231  0.462089 -0.770422    44.410562
