>structures/GlxRS_AF_Arch_Candidatus_Korarchaeum_cryptofilum_OPF8_gene6094352.pdb
-0.581509  0.455582  0.674012    -5.669244
 0.708953 -0.122593  0.694519     5.797277
 0.399039  0.881712 -0.251697    -9.107167
>structures/GlxRS_AF_Arch_Methanothrix_soehngenii_GP6_gene10459943.pdb
-0.491833 -0.672321  0.553249    -0.846462
-0.762501  0.025826 -0.646472     7.275633
 0.420348 -0.739809 -0.525347    -7.668583
>structures/GlxRS_AF_Arch_Nitrosopumilus_maritimus_SCM1_gene5773999.pdb
 0.070706  0.245220 -0.966886    -3.401942
 0.200868 -0.952955 -0.226998     2.758672
-0.977063 -0.178166 -0.116637    -9.438238
>structures/GlxRS_AF_Arch_Sulfolobus_islandicus_LAL14_1_gene15298417.pdb
 0.910965 -0.401292 -0.095434     0.776885
 0.360764  0.662956  0.656002    12.123562
-0.199980 -0.632024  0.748701    -5.970222
>structures/GlxRS_AF_Euk_Cyathus_striatus_proteinKAF9013924.1.pdb
-0.825879 -0.523032  0.210620   -11.587981
-0.563800  0.761224 -0.320417    -0.359721
 0.007260 -0.383374 -0.923565    -9.349891
>structures/GlxRS_AF_Euk_Lichtheimia_hyalospora_proteinKAI7879902.1.pdb
-0.996255  0.073418  0.045663    -4.331976
 0.086451  0.838260  0.538374     1.453512
 0.001249  0.540306 -0.841468    -1.163344
>structures/GlxRS_AF_Euk_Medicago_truncatula_gene11407510.pdb
-0.971461 -0.224003  0.078018   -12.930208
-0.225611  0.974139 -0.012338     4.584902
-0.073236 -0.029587 -0.996876    -8.561864
>structures/GlxRS_AF_Euk_Xylariaceae_sp_FL0804_proteinKAI0483267.1.pdb
 0.999995  0.001248  0.002815     0.097489
-0.001249  0.999999  0.000642     0.035700
-0.002814 -0.000645  0.999996     0.042438
>structures/GlxRS_PDB_Arch_M_thermau_3AII.pdb
 0.650303  0.740788 -0.168342   -19.298165
 0.205785  0.041534  0.977715   -52.678300
 0.731272 -0.670453 -0.125433    26.814523
