>../../../../class1//arg/data/domains/Anticodon_binding_domain_1a//structures/ArgRS_AF_Bact_Streptobacillus_moniliformis_DSM_12112_gene29674021.pdb
-0.340604  0.640344  0.688440    -7.661675
 0.803226 -0.182408  0.567059     2.724194
 0.488690  0.746115 -0.452212     6.804609
>../../../../class1//cys/data/domains/Anticodon_binding_domain_1a//structures/CysRS_AF_Arch_Aciduliprofundum_boonei_T469_gene8827372.pdb
 1.000000  0.000000  0.000000     0.000000
 0.000000  1.000000  0.000000     0.000000
 0.000000  0.000000  1.000000     0.000000
>../../../../class1//ile/data/domains/Anticodon_binding_domain_1a//structures/IleRS_AF_Arch_Candidatus_Nitrosopumilus_sediminis_gene13697091.pdb
 0.860890 -0.503077 -0.076032     0.977630
 0.503976  0.822659  0.263135    -2.410427
-0.069829 -0.264849  0.961758     3.497478
>../../../../class1//met/data/domains/Anticodon_binding_domain_1a//structures/MetRS_AF_Bact_Brucella_suis_1330_gene45052047.pdb
 0.809367  0.461609 -0.363102    -5.084972
-0.585237  0.582082 -0.564516     3.008319
-0.049231  0.669400  0.741269     0.167369
>../../../../class1//val/data/domains/Anticodon_binding_domain_1a//structures/ValRS_AF_Mito_Falco_naumanni_gene121082178.pdb
 0.412884 -0.405181 -0.815693     9.243025
 0.501132 -0.646775  0.574934    -2.237508
-0.760522 -0.646151 -0.063993   -11.601969
