>structures/LeuRS-A_AF_Arch_Aciduliprofundum_boonei_T469_gene8828435.pdb
-0.302666 -0.140265 -0.942719     1.627123
 0.330300 -0.943253  0.034300     1.449788
-0.894033 -0.300998  0.331820     0.236042
>structures/LeuRS-A_AF_Arch_Candidatus_Korarchaeum_cryptofilum_OPF8_gene6093520.pdb
-0.865900  0.500211  0.002499    -0.383295
 0.416447  0.718114  0.557570    -2.376589
 0.277108  0.483841 -0.830126    -1.385391
>structures/LeuRS-A_AF_Arch_Candidatus_Nitrosopumilus_koreensis_AR1_gene13725794.pdb
 1.000000 -0.000000  0.000000     0.000000
 0.000000  1.000000  0.000000     0.000000
-0.000000  0.000000  1.000000     0.000000
>structures/LeuRS-A_AF_Arch_Methanobrevibacter_smithii_ATCC_35061_gene5216355.pdb
 0.996395 -0.083080 -0.017152    -1.294115
 0.084770  0.982874  0.163625     0.470864
 0.003264 -0.164489  0.986373    -0.112384
>structures/LeuRS-A_AF_Euk_Arabidopsis_thaliana_gene837489.pdb
-0.148477 -0.914149  0.377208    -0.828840
-0.772895 -0.130682 -0.620931     1.923115
 0.616918 -0.383736 -0.687138    -3.602046
>structures/LeuRS-A_AF_Euk_Drosophila_melanogaster_gene326262.pdb
 0.999833 -0.003372 -0.017975    -1.748852
 0.006668  0.982411  0.186614     1.929099
 0.017030 -0.186703  0.982269    -2.783364
>structures/LeuRS-A_AF_Euk_Leishmania_major_strain_Friedlin_gene5650139.pdb
 0.997476  0.036464  0.060918     2.101306
-0.038134  0.998922  0.026466     1.885528
-0.059887 -0.028722  0.997792    -3.631824
>structures/LeuRS-A_AF_Euk_Neurospora_crassa_OR74A_gene3879366.pdb
 0.991340 -0.117778 -0.058081     1.012196
 0.128750  0.958789  0.253272     0.804372
 0.025858 -0.258557  0.965650    -2.495788
>structures/LeuRS-A_PDB_Arch_P_hori_1WKB.pdb
-0.084986  0.800328  0.593509   -14.694535
-0.993725 -0.024608 -0.109111   129.122103
-0.072719 -0.599058  0.797397    26.678838
