>structures/TrpRS_AF_Arch_Natrialba_magadii_ATCC_43099_gene8824932.pdb
 0.899697 -0.423967  0.103907    -4.840444
 0.383120  0.881027  0.277507     6.887692
-0.209199 -0.209863  0.955088    -3.248117
>structures/TrpRS_AF_Arch_Nitrosopumilus_maritimus_SCM1_gene5773245.pdb
 0.953643 -0.230939  0.192957    -4.142224
 0.196343  0.963377  0.182633     7.126847
-0.228067 -0.136281  0.964061    -5.404407
>structures/TrpRS_AF_Arch_Sulfolobus_islandicus_M1627_gene7814138.pdb
-0.989458 -0.075750 -0.123429    -7.310516
-0.119769  0.907159  0.403382     5.365073
 0.081413  0.413913 -0.906669    -5.211965
>structures/TrpRS_AF_Arch_Thermoplasma_acidophilum_DSM_1728_gene1456706.pdb
-0.024944  0.637131 -0.770351    -6.586497
-0.838748 -0.432630 -0.330655    10.149505
-0.543947  0.637883  0.545184    -0.996607
>structures/TrpRS_AF_Bact_Anoxybacillus_flavithermus_WK1_gene7038388.pdb
-0.958362  0.263542  0.109942    -9.370107
 0.277458  0.768368  0.576739     2.584023
 0.067519  0.583229 -0.809497    -5.446661
>structures/TrpRS_AF_Bact_Brachyspira_pilosicoli_95_1000_gene56440833.pdb
 0.018960  0.185344 -0.982491    -4.870592
 0.318370 -0.932636 -0.169795     2.566283
-0.947777 -0.309576 -0.076690    -2.097832
>structures/TrpRS_AF_Bact_Helicobacter_cinaedi_PAGU611_gene66538868.pdb
-0.998372  0.056051 -0.010601    -9.327542
 0.049157  0.939627  0.338650     1.027552
 0.028943  0.337578 -0.940853    -5.546625
>structures/TrpRS_AF_Bact_Mycoplasma_hyopneumoniae_168-L_gene57101461.pdb
-0.986783 -0.156305  0.042755    -7.106547
-0.140813  0.957665  0.251096     0.060855
-0.080193  0.241757 -0.967017    -5.740261
>structures/TrpRS_AF_Bact_Porphyromonas_gingivalis_ATCC_33277_gene29255389.pdb
 0.124152 -0.747224  0.652872    -4.318181
-0.552566 -0.598566 -0.579991     2.468345
 0.824170 -0.288748 -0.487204    -3.140691
>structures/TrpRS_AF_Bact_Prochlorococcus_marinus_subsp_marinus_str_CCMP1375_gene54200405.pdb
 0.999957 -0.008968 -0.002387     0.063844
 0.008987  0.999927  0.008035    -0.020474
 0.002315 -0.008056  0.999965     0.070326
>structures/TrpRS_AF_Bact_Streptomyces_albidoflavus_gene15147734.pdb
-0.188848 -0.903448  0.384862    -5.436884
-0.812069 -0.076690 -0.578500     2.682967
 0.552159 -0.421783 -0.719180    -2.473570
>structures/TrpRS_AF_Bact_Thermus_thermophilus_HB8_gene3168998.pdb
 0.835706  0.539656  0.101817    -4.904340
-0.450380  0.779569 -0.435235     2.965132
-0.314251  0.317872  0.894541    -2.872151
>structures/TrpRS_AF_Euk_Cryptococcus_neoformans_var_neoformans_JEC21_gene3254069.pdb
-0.319701  0.840712 -0.437030    -3.561707
-0.390200 -0.537126 -0.747823     6.774471
-0.863444 -0.068550  0.499765    -3.219770
>structures/TrpRS_AF_Euk_Cyanidioschyzon_merolae_strain_10D_gene16993299.pdb
 0.826174  0.494080  0.270778    -3.338698
-0.373915  0.840331 -0.392469     6.879536
-0.421455  0.223000  0.879003    -4.767973
>structures/TrpRS_AF_Euk_Drosophila_melanogaster_gene45399.pdb
 0.957372  0.174624  0.230100     1.208410
-0.101322  0.948979 -0.298617     4.062140
-0.270505  0.262573  0.926219    -3.017558
>structures/TrpRS_AF_Euk_Saccharomyces_cerevisiae_S288C_gene854056.pdb
-0.279455 -0.420240 -0.863309    -3.404891
 0.585638 -0.787118  0.193580     6.756194
-0.760877 -0.451489  0.466073    -2.676665
>structures/TrpRS_AF_Mito_Bufo_gargarizans_gene122922343.pdb
 0.376123  0.887247 -0.267065    -3.742191
-0.582214  0.002086 -0.813033     3.104663
-0.720804  0.461289  0.517352    -3.185571
>structures/TrpRS_AF_Mito_Cyanidioschyzon_merolae_strain_10D_gene16992222.pdb
-0.023620  0.169089 -0.985318    -7.834270
 0.133726 -0.976201 -0.170731     5.196594
-0.990737 -0.135795  0.000446    -7.059076
>structures/TrpRS_PDB_Arch_P_hori_3JXE.pdb
-0.974082  0.020198 -0.225291   -42.387274
 0.222093  0.274224 -0.935669    14.981553
 0.042882 -0.961454 -0.271603    27.059305
>structures/TrpRS_PDB_Bact_G_stearo_1I6M.pdb
 0.560313 -0.100797 -0.822125    -0.136721
 0.400220  0.901954  0.162183   -43.914341
 0.725172 -0.419904  0.545717   -56.945598
>structures/TrpRS_PDB_Euk_S_Cerevisiae_3KT3.pdb
 0.327690  0.794758  0.510860    35.573074
-0.944770  0.272546  0.182014  -143.674101
 0.005425 -0.542290  0.840174    31.800247
