>../../../../class2/ala//data/domains/Catalytic_domain/structures/AlaRS_AF_Arch_Candidatus_Korarchaeum_cryptofilum_OPF8_gene6094822.pdb
-0.664883  0.746748  0.017262    -5.731169
-0.170640 -0.129352 -0.976806    -1.206877
-0.727195 -0.652407  0.213429    -9.697383
>../../../../class2/ala//data/domains/Catalytic_domain/structures/AlaRS_AF_Arch_Candidatus_Nitrosopumilus_koreensis_AR1_gene13725795.pdb
-0.389249 -0.326392  0.861367    -1.197769
 0.869466 -0.438969  0.226574     3.153281
 0.304162  0.837123  0.454655    -9.427938
>../../../../class2/ala//data/domains/Catalytic_domain/structures/AlaRS_AF_Arch_Sulfolobus_islandicus_YG5714_gene7807284.pdb
 0.357229  0.917512 -0.174813    -2.747227
-0.519194  0.039482 -0.853744    -3.038612
-0.776418  0.395744  0.490470   -11.440574
>../../../../class2/ala//data/domains/Catalytic_domain/structures/AlaRS_AF_Arch_Thermoplasma_acidophilum_DSM_1728_gene1456391.pdb
-0.412675 -0.339680  0.845173    -2.860288
 0.865748 -0.434710  0.248009     2.051157
 0.283161  0.834053  0.473471   -10.093288
>../../../../class2/ala//data/domains/Catalytic_domain/structures/AlaRS_AF_Bact_Brucella_melitensis_bv_1_str_16M_gene29593597.pdb
-0.166964  0.036498  0.985287    -5.396123
 0.974312  0.159281  0.159204    10.083413
-0.151127  0.986558 -0.062154    -6.607686
>../../../../class2/ala//data/domains/Catalytic_domain/structures/AlaRS_AF_Bact_Chlamydia_psittaci_6BC_gene12242512.pdb
 0.578364 -0.528615 -0.621338    -4.378617
 0.687169 -0.094790  0.720287     4.207625
-0.439651 -0.843552  0.308425    -6.200539
>../../../../class2/ala//data/domains/Catalytic_domain/structures/AlaRS_AF_Bact_Lactobacillus_acidophilus_La-14_gene56942022.pdb
 1.000000 -0.000000  0.000000     0.000000
 0.000000  1.000000  0.000000    -0.000000
-0.000000  0.000000  1.000000    -0.000000
>../../../../class2/ala//data/domains/Catalytic_domain/structures/AlaRS_AF_Bact_Nocardia_farcinica_IFM_10152_gene61134339.pdb
 0.917014 -0.357466 -0.176928    -4.283239
 0.384963  0.677175  0.627086     3.478167
-0.104351 -0.643157  0.758590    -4.364195
>../../../../class2/ala//data/domains/Catalytic_domain/structures/AlaRS_AF_Bact_Porphyromonas_gingivalis_ATCC_33277_gene29256567.pdb
 0.674213 -0.533978 -0.510200    -3.352337
 0.656069  0.115816  0.745761     2.611418
-0.339131 -0.837528  0.428411    -6.551429
>../../../../class2/ala//data/domains/Catalytic_domain/structures/AlaRS_AF_Bact_Prochlorococcus_marinus_subsp_marinus_str_CCMP1375_gene54199407.pdb
 0.481337 -0.120049  0.868276    -6.098266
-0.246646 -0.969102  0.002741     2.865645
 0.841119 -0.215476 -0.496074    -4.085255
>../../../../class2/ala//data/domains/Catalytic_domain/structures/AlaRS_AF_Bact_Streptobacillus_moniliformis_DSM_12112_gene29672963.pdb
 0.442464 -0.583974 -0.680588    -5.035061
 0.691525 -0.261023  0.673543     1.733417
-0.570981 -0.768662  0.288339    -2.155772
>../../../../class2/ala//data/domains/Catalytic_domain/structures/AlaRS_AF_Bact_Treponema_pallidum_subsp_pertenue_str_SamoaD_gene57879528.pdb
-0.105895  0.573245 -0.812513     7.666482
-0.456716 -0.753860 -0.472340    -1.430234
-0.883287  0.321069  0.341640   -10.059231
>../../../../class2/ala//data/domains/Catalytic_domain/structures/AlaRS_AF_Euk_Cyanidioschyzon_merolae_strain_10D_gene16993235.pdb
 0.293625  0.765029 -0.573162    -8.115372
-0.478793 -0.401260 -0.780863    -4.301718
-0.827370  0.503707  0.248471    -5.937515
>../../../../class2/ala//data/domains/Catalytic_domain/structures/AlaRS_AF_Euk_Marasmius_oreades_gene66078979.pdb
-0.325946 -0.392701  0.859968    -5.532383
 0.937645 -0.250471  0.241010    -0.967794
 0.120752  0.884901  0.449854    -4.831599
>../../../../class2/ala//data/domains/Catalytic_domain/structures/AlaRS_AF_Euk_Plasmodium_berghei_ANKA_gene55150801.pdb
 0.711153 -0.638050 -0.295218    -1.795340
 0.696215  0.580795  0.421856     3.668462
-0.097704 -0.505539  0.857254    -2.660137
>../../../../class2/ala//data/domains/Catalytic_domain/structures/AlaRS_AF_Euk_Saccharomyces_cerevisiae_S288C_gene854513.pdb
-0.514498 -0.087631  0.853002    -5.471300
 0.638746 -0.702849  0.313062     0.041155
 0.572097  0.705921  0.417588    -9.956905
>../../../../class2/ala//data/domains/Catalytic_domain/structures/AlaRS_AF_Mito_Caenorhabditis_elegans_gene174749.pdb
 0.228012 -0.321604 -0.919011    -2.342506
 0.761038 -0.529870  0.374244     0.644586
-0.607315 -0.784734  0.123936    -8.977994
>../../../../class2/ala//data/domains/Catalytic_domain/structures/AlaRS_AF_Mito_Gadus_morhua_gene115539928.pdb
-0.902586  0.152365 -0.402645    -3.561762
-0.146391  0.770920  0.619881     1.911158
 0.404855  0.618440 -0.673517    -9.600452
>../../../../class2/ala//data/domains/Catalytic_domain/structures/AlaRS_PDB_Bact_E_coli_3HXV.pdb
-0.187877  0.379366  0.905971   -19.451547
-0.942366  0.190376 -0.275143    16.622716
-0.276855 -0.905449  0.321734    20.499364
>../../../../class2/phe1//data/domains/Catalytic_domain/structures/PheRS-Bα_AF_Bact_Brachyspira_pilosicoli_95_1000_gene56440383.pdb
 0.058270  0.958976  0.277436    15.876439
 0.969798 -0.120310  0.212173     4.867259
 0.236847  0.256693 -0.937023   -11.472486
>../../../../class2/phe1//data/domains/Catalytic_domain/structures/PheRS-Bα_AF_Bact_Chlamydia_psittaci_6BC_gene12243227.pdb
 0.869141  0.173088  0.463286    17.073287
 0.464880 -0.605575 -0.645883     7.509873
 0.168760  0.776736 -0.606796   -13.346497
>../../../../class2/phe1//data/domains/Catalytic_domain/structures/PheRS-Bα_AF_Bact_Ferrimonas_balearica_DSM_9799_gene67181906.pdb
-0.472752  0.713294  0.517414    20.234113
-0.871131 -0.289810 -0.396411     7.732651
-0.132805 -0.638139  0.758381   -13.401639
>../../../../class2/phe1//data/domains/Catalytic_domain/structures/PheRS-Bα_AF_Bact_Mycobacterium_intracellulare_ATCC_13950_gene11909689.pdb
-0.000888 -0.653428  0.756988    26.730687
-0.290347  0.724547  0.625085     9.249635
-0.956921 -0.219234 -0.190364   -16.554448
>../../../../class2/phe1//data/domains/Catalytic_domain/structures/PheRS-Bα_AF_Bact_Mycoplasma_capricolum_subsp_capricolum_ATCC_27343_gene23778662.pdb
-0.611148  0.716751  0.335805    18.572947
-0.785318 -0.602077 -0.144151     6.687436
 0.098860 -0.351812  0.930836   -10.671383
>../../../../class2/phe1//data/domains/Catalytic_domain/structures/PheRS-Bα_AF_Bact_Porphyromonas_gingivalis_ATCC_33277_gene29256875.pdb
 0.509269  0.664797  0.546525    16.011369
 0.735498 -0.665951  0.124708     3.328292
 0.446864  0.338459 -0.828105   -14.625116
>../../../../class2/phe1//data/domains/Catalytic_domain/structures/PheRS-Bα_AF_Bact_Prochlorococcus_marinus_subsp_marinus_str_CCMP1375_gene54200681.pdb
-0.911948 -0.404504  0.068760    25.332729
 0.238316 -0.385777  0.891281    11.843840
-0.334001  0.829188  0.448208   -14.957030
>../../../../class2/phe1//data/domains/Catalytic_domain/structures/PheRS-Bα_AF_Bact_Staphylococcus_argenteus_gene66839332.pdb
-0.994929  0.092969  0.038389    17.967565
-0.062947 -0.873198  0.483283    11.907188
 0.078452  0.478416  0.874622   -13.174325
>../../../../class2/phe1//data/domains/Catalytic_domain/structures/PheRS-Bα_PDB_Bact.A_E_coli_3PCO.pdb
-0.973589  0.147863 -0.173955     3.771530
-0.148395  0.169189  0.974348   -56.552145
 0.173502  0.974429 -0.142778    -0.819064
>../../../../class2/phe1//data/domains/Catalytic_domain/structures/PheRS-Bα_PDB_Bact.A_T_thermophilus_1PYS.pdb
-0.402146  0.136636 -0.905323    28.084356
 0.643443 -0.661270 -0.385621    33.887400
-0.651352 -0.737599  0.178010    33.691211
