>../../../../class1//glu1/data/domains/Anticodon_binding_domain_E//structures/GluRS-B_AF_Bact_Chlamydia_psittaci_6BC_gene12242467.pdb
 0.703165 -0.558483  0.440063   -32.932740
 0.043519  0.651556  0.757351     1.808404
-0.709694 -0.513392  0.482456    48.624906
>../../../../class1//glu1/data/domains/Anticodon_binding_domain_E//structures/GluRS-B_AF_Bact_[Eubacterium]_eligens_ATCC_27750_gene41357084.pdb
 0.197483 -0.097052  0.975490    -2.462294
-0.204443 -0.977284 -0.055842     0.742945
 0.958751 -0.188405 -0.212838    -1.096298
>../../../../class1//glu1/data/domains/Anticodon_binding_domain_E//structures/GluRS-B_AF_Bact_Porphyromonas_gingivalis_ATCC_33277_gene29255772.pdb
 1.000000  0.000000  0.000000     0.000000
 0.000000  1.000000  0.000000     0.000000
 0.000000  0.000000  1.000000     0.000000
>../../../../class1//glu1/data/domains/Anticodon_binding_domain_E//structures/GluRS-B_AF_Bact_Treponema_pallidum_subsp_pertenue_str_SamoaD_gene57879197.pdb
 0.043959  0.165079  0.985300    -3.925556
 0.116245 -0.980399  0.159072    -1.403044
 0.992247  0.107544 -0.062287     0.907608
>../../../../class1//glu1/data/domains/Anticodon_binding_domain_E//structures/GluRS-B_AF_Euk_Cryptococcus_neoformans_var_grubii_H99_gene23890400.pdb
 0.971104 -0.220377 -0.091604    -1.746488
 0.238497  0.910206  0.338592    -3.439636
 0.008760 -0.350655  0.936464     1.896216
>../../../../class1//glu1/data/domains/Anticodon_binding_domain_E//structures/GluRS-B_AF_Mito_Drosophila_melanogaster_gene39828.pdb
 0.418472  0.547990 -0.724284     5.549019
-0.442017 -0.573771 -0.689498     5.085134
-0.793411  0.608682  0.002114    11.328854
>../../../../class1//glu1/data/domains/Anticodon_binding_domain_E//structures/GluRS-B_PDB_Bact_T_therm_1J09.pdb
 0.891418 -0.419086 -0.172454   -26.236587
 0.450639  0.859984  0.239482   -45.097419
 0.047944 -0.291193  0.955462     1.846494
>../../../../class1//glu1/data/domains/Anticodon_binding_domain_E//structures/GlxRS-B_AF_Bact_Bifidobacterium_animalis_subsp_lactis_BLC1_gene66532600.pdb
-0.211142  0.489546  0.846028    -3.280451
 0.064325 -0.856706  0.511778    -0.017119
 0.975337  0.162478  0.149397     1.086246
>../../../../class1//glu1/data/domains/Anticodon_binding_domain_E//structures/GlxRS-B_AF_Bact_Mycoplasma_hyopneumoniae_168-L_gene57101016.pdb
 0.176398 -0.012400  0.984241    -0.631917
-0.125555 -0.992036  0.010004    -0.208216
 0.976279 -0.125341 -0.176550    -0.277921
>../../../../class1//glu1/data/domains/Anticodon_binding_domain_E//structures/GlxRS-B_AF_Bact_Paracoccus_denitrificans_PD1222_gene75500422.pdb
 0.099396 -0.151264  0.983483     0.634017
-0.180625 -0.974700 -0.131658    -1.707609
 0.978517 -0.164555 -0.124203    -0.473324
>../../../../class1//glu1/data/domains/Anticodon_binding_domain_E//structures/GlxRS-B_AF_Bact_Prochlorococcus_marinus_subsp_marinus_str_CCMP1375_gene54199839.pdb
 0.416883 -0.626387 -0.658671     0.418030
 0.878229  0.090739  0.469553     0.178800
-0.234355 -0.774213  0.587938     0.590560
>../../../../class1//glu1/data/domains/Anticodon_binding_domain_E//structures/GlxRS-B_AF_Euk_Arabidopsis_thaliana_gene836526.pdb
 0.009491  0.187734 -0.982174    -2.523984
 0.398333 -0.901633 -0.168490     3.336418
-0.917192 -0.389633 -0.083338     0.905608
>../../../../class1//glu1/data/domains/Anticodon_binding_domain_E//structures/GlxRS-B_AF_Euk_Ostreococcus_tauri_proteinOUS48355.1.pdb
 0.145124  0.736872 -0.660272    -3.382038
-0.237439 -0.621898 -0.746234    -1.039167
-0.960501  0.265070  0.084710    -2.641416
>../../../../class1//glu1/data/domains/Anticodon_binding_domain_E//structures/GlxRS-B_AF_Euk_Plasmodium_knowlesi_strain_H_gene7321821.pdb
 0.217760  0.328107  0.919199    -6.239976
 0.041841 -0.944072  0.327074     2.611975
 0.975105 -0.032763 -0.219310    -0.997430
>../../../../class1//glu1/data/domains/Anticodon_binding_domain_E//structures/GlxRS-B_AF_Mito_Cyanidioschyzon_merolae_strain_10D_gene16997617.pdb
 0.247191  0.698368 -0.671699    -2.301120
-0.214172 -0.636688 -0.740783    -0.866985
-0.945001  0.326973 -0.007813     0.339016
>../../../../class1//glu1/data/domains/Anticodon_binding_domain_E//structures/GlxRS-B_PDB_Bact_S_elong_2CFO.pdb
 0.267181 -0.414718 -0.869841    36.050614
 0.757867  0.647951 -0.076140    13.982466
 0.595191 -0.638881  0.487421   -32.050840
