>structures/AsxRS_AF_Arch_Candidatus_Korarchaeum_cryptofilum_OPF8_gene6094477.pdb
 0.894493 -0.440872 -0.074254     4.415310
 0.360913  0.614040  0.701924     1.475662
-0.263864 -0.654665  0.708371    -3.764724
>structures/AsxRS_AF_Arch_Candidatus_Methanomassiliicoccus_intestinalis_Issoire-Mx1_gene16154831.pdb
 0.827087 -0.542649 -0.146489     3.221565
 0.445208  0.473391  0.760060     1.284646
-0.343099 -0.693854  0.633127    -2.757310
>structures/AsxRS_AF_Arch_Candidatus_Nitrosopumilus_koreensis_AR1_gene13725312.pdb
 0.430030 -0.752684 -0.498539     5.987532
 0.637563 -0.137786  0.757977     6.333400
-0.639209 -0.643802  0.420631    -3.230376
>structures/AsxRS_AF_Arch_Methanobacterium_lacus_gene10277817.pdb
-0.046694 -0.512948 -0.857149     2.594037
 0.412348 -0.791461  0.451175     6.784389
-0.909829 -0.332376  0.248469    -4.453779
>structures/AsxRS_AF_Bact_Candidatus_Liptonbacteria_bacterium_proteinMBI4085034.1.pdb
-0.591803 -0.800864  0.091576     2.569947
-0.581153  0.345177 -0.736963    -5.143833
 0.558597 -0.489356 -0.669701    -1.109787
>structures/AsxRS_AF_Bact_Clostridium_acetobutylicum_DSM_1731_gene45000055.pdb
 0.996036 -0.066210  0.059399     2.835914
 0.052579  0.976880  0.207222     0.359199
-0.071745 -0.203277  0.976489    -2.774653
>structures/AsxRS_AF_Bact_Spirochaetes_bacterium_GWE1_32_154_proteinOHD39701.1.pdb
 0.220276 -0.515970 -0.827800     3.929371
 0.529092 -0.649755  0.545784     1.704792
-0.819476 -0.558206  0.129870    -2.637947
>structures/AsxRS_AF_Bact_Tropheryma_whipplei_TW08_27_gene67388547.pdb
-0.011951  0.518027  0.855281     3.522080
 0.777729 -0.532794  0.333570     1.617957
 0.628486  0.669163 -0.396517    -2.554523
>structures/AsxRS_AF_Euk_Caenorhabditis_elegans_gene176334.pdb
 0.993947 -0.100903  0.043449     0.902774
 0.093771  0.985272  0.142992    -0.016103
-0.057237 -0.138052  0.988770    -0.451817
>structures/AsxRS_AF_Euk_Cryptococcus_neoformans_var_neoformans_JEC21_gene3258977.pdb
 0.221676 -0.781217 -0.583575     2.297098
 0.229855 -0.539738  0.809845   -12.475250
-0.947643 -0.313661  0.059920    -0.363333
>structures/AsxRS_AF_Euk_Thalassiosira_pseudonana_CCMP1335_gene7443135.pdb
 0.979588 -0.197251  0.038722     2.571041
 0.178958  0.943494  0.278916     0.935309
-0.091551 -0.266293  0.959535    -1.879312
>structures/AsxRS_AF_Euk_Theileria_orientalis_strain_Shintoku_gene20715543.pdb
 1.000000 -0.000000  0.000000     0.000000
 0.000000  1.000000  0.000000     0.000000
-0.000000  0.000000  1.000000     0.000000
>structures/AsxRS_PDB_Arch_T_kodarensis_1b8a.pdb
 0.388193 -0.515011  0.764245   -28.918096
-0.625009 -0.756547 -0.192355    37.517546
 0.677252 -0.402989 -0.615572    -0.487855
>structures/AsxRS_PDB_Bact_T_thermophilus_1n9w.pdb
 0.678784 -0.664544  0.312462   -43.567429
-0.525236 -0.736728 -0.425864    44.545008
 0.513205  0.124953 -0.849122    33.311007
>structures/AsxRS_PDB_Euk_S_cerevisiae_1EOV.pdb
-0.320506  0.212614  0.923077   -50.991715
 0.687428 -0.618236  0.381085    -9.121144
 0.651704  0.756690  0.051992   -13.077525
