>structures/Ser_Bact_1ser_T_thermophilus.pdb
-0.369716  0.390024  0.843322   -14.274823
 0.242455  0.916683 -0.317660   -66.998637
-0.896954  0.087024 -0.433475   127.673427
>structures/Ser_Bact_2dq3_A_aeolicus.pdb
-0.388015 -0.162292  0.907252     1.486061
 0.368317 -0.929659 -0.008778    54.048909
 0.844859  0.330750  0.420497    -3.658286
>structures/Ser_Bact_6h9x_K_pneumoniae.pdb
-0.578096 -0.813575 -0.062455   -30.918929
 0.812058 -0.566152 -0.141542    -7.048704
 0.079796 -0.132542  0.987960     4.754196
>structures/Seryl.A.Candidatus_Korarchaeota.NC_010482.1.pdb
 0.743064  0.633303 -0.216295    -0.533674
-0.633510  0.561493 -0.532344     3.024327
-0.215687  0.532590  0.818429     0.199098
>structures/Seryl.A.Crenarchaeota.NC_003106.2.pdb
 0.157696 -0.139562  0.977576     4.344654
 0.098357 -0.982820 -0.156177     6.172945
 0.982577  0.120780 -0.141260     5.210257
>structures/Seryl.A.Euryarchaeota.NC_018092.1.pdb
 0.470531 -0.778337 -0.415683     2.898624
 0.705146  0.048485  0.707403     2.715767
-0.530444 -0.625972  0.571655     2.792206
>structures/Seryl.A.Thaumarchaeota.NC_018656.1.pdb
 0.111639 -0.426895  0.897384     5.087029
-0.180839 -0.896678 -0.404062     3.639380
 0.977156 -0.117173 -0.177303     3.234751
>structures/Seryl.B.Actinobacteria.NC_021064.1.pdb
 0.428551 -0.545086 -0.720573     2.097262
 0.723389 -0.270837  0.635103     2.502457
-0.541344 -0.793428  0.278242     0.626651
>structures/Seryl.B.Bacteroidota.NC_010729.1.pdb
 0.006969  0.024767 -0.999669     2.510008
 0.254104 -0.966922 -0.022185     2.018082
-0.967152 -0.253865 -0.013032    -0.049141
>structures/Seryl.B.Chlamydiae.NC_017287.1.pdb
-0.141080 -0.245551 -0.959063     2.341149
 0.169731 -0.960407  0.220928     4.624626
-0.975340 -0.131614  0.177172     0.966595
>structures/Seryl.B.Cyanobacteria.NC_005042.1.pdb
 0.138472 -0.116260  0.983519     5.137489
 0.127073 -0.982792 -0.134065     5.062817
 0.982180  0.143543 -0.121315     3.094041
>structures/Seryl.B.Firmicutes.NC_015687.1.pdb
 0.080674 -0.096931  0.992016     3.987271
 0.102638 -0.989162 -0.104999     5.998756
 0.991442  0.110289 -0.069850     2.923891
>structures/Seryl.B.Fusobacteria.NC_013515.1.pdb
 0.119207 -0.305852  0.944587     1.935844
-0.277108 -0.923814 -0.264155     5.672741
 0.953415 -0.230264 -0.194879    -1.016987
>structures/Seryl.B.Proteobacteria.NC_012751.1.pdb
 1.000000  0.000000  0.000000     0.000000
 0.000000  1.000000  0.000000     0.000000
 0.000000  0.000000  1.000000     0.000000
>structures/Seryl.B.Spirochaetes.NC_016842.1.pdb
-0.111664  0.432952 -0.894474     1.437160
-0.512720 -0.796148 -0.321352     5.228311
-0.851263  0.422731  0.310884    -0.360639
>structures/Seryl.E.Apicomplexa.NC_011904.2.pdb
 0.019869 -0.144203 -0.989349     3.712030
 0.407936 -0.902259  0.139702     3.458124
-0.912794 -0.406367  0.040899    -0.698071
>structures/Seryl.E.Arthropoda.NT_033777.3.pdb
-0.087528 -0.788840  0.608334     3.537164
-0.311406 -0.558405 -0.768902     2.998256
 0.946238 -0.256739 -0.196773    -2.333854
>structures/Seryl.E.Ascomycota.NC_001136.10.pdb
 0.210331  0.061606  0.975687     0.632288
 0.087783 -0.995171  0.043913     5.914071
 0.973681  0.076412 -0.214724    -0.996422
>structures/Seryl.E.Evosea.NC_007087.3.pdb
-0.005665 -0.227738 -0.973706     2.147647
 0.432858 -0.878328  0.202912     1.991640
-0.901444 -0.420327  0.103554    -0.075047
