>structures/SerRS_AF_Arch_Candidatus_Methanomassiliicoccus_intestinalis_Issoire-Mx1_gene16154337.pdb
-0.014967 -0.533387  0.845739    -2.625728
-0.707362 -0.592164 -0.385981     4.735480
 0.706693 -0.604020 -0.368434    -1.213325
>structures/SerRS_AF_Arch_Methanospirillum_hungatei_JF-1_gene3924775.pdb
-0.967948  0.248380  0.037194    -4.667914
 0.244817  0.900093  0.360411     0.843206
 0.056041  0.357965 -0.932052    -2.766664
>structures/SerRS_AF_Arch_Nitrosopumilus_maritimus_SCM1_gene5773574.pdb
 1.000000  0.000000  0.000000     0.000000
 0.000000  1.000000  0.000000     0.000000
 0.000000  0.000000  1.000000     0.000000
>structures/SerRS_AF_Arch_Thermoproteus_uzoniensis_768-20_gene10361450.pdb
 0.909587 -0.394476 -0.130542     2.050874
 0.415010  0.847003  0.332194     2.660334
-0.020473 -0.356336  0.934134    -0.398641
>structures/SerRS_AF_Bact_Bifidobacterium_longum_subsp_longum_JCM_1217_gene69578844.pdb
-0.031302  0.570794  0.820497    -5.114632
 0.366430 -0.757190  0.540733     4.040482
 0.929919  0.317580 -0.185454    -3.885292
>structures/SerRS_AF_Bact_Brucella_suis_1330_gene45051948.pdb
 0.664809 -0.707678 -0.239210    -3.270328
 0.737228  0.569890  0.362933     0.610534
-0.120516 -0.417633  0.900588    -0.813365
>structures/SerRS_AF_Bact_Chlamydia_psittaci_6BC_gene12242544.pdb
-0.876434 -0.463960  0.128856    -2.097555
-0.481349  0.837014 -0.260213     1.664805
 0.012874 -0.290084 -0.956915    -1.695437
>structures/SerRS_AF_Bact_Clostridium_acetobutylicum_DSM_1731_gene44996495.pdb
 0.988709 -0.148754 -0.018089    -5.043521
 0.146332  0.984439 -0.097293    -0.247761
 0.032281  0.093548  0.995091    -2.400336
>structures/SerRS_AF_Bact_Mycoplasma_hyopneumoniae_168-L_gene57101125.pdb
-0.970706 -0.229229 -0.072005    -3.946643
-0.239007  0.951927  0.191598     3.419088
 0.024624  0.203195 -0.978829    -0.982769
>structures/SerRS_AF_Bact_Prochlorococcus_marinus_subsp_marinus_str_CCMP1375_gene54200639.pdb
 0.638256 -0.627297 -0.446237    -1.159286
 0.732066  0.315268  0.603891     6.762309
-0.238135 -0.712113  0.660445     0.107776
>structures/SerRS_AF_Bact_Streptobacillus_moniliformis_DSM_12112_gene29673293.pdb
 0.768739 -0.605252 -0.206667    -3.592979
 0.635876  0.688660  0.348437     0.086976
-0.068569 -0.399272  0.914265    -1.461209
>structures/SerRS_AF_Bact_Treponema_pallidum_subsp_pertenue_str_SamoaD_gene57879171.pdb
-0.993056  0.089982  0.075778    -3.160281
 0.104662  0.969897  0.219876     0.358313
-0.053712  0.226281 -0.972580    -2.069525
>structures/SerRS_AF_Euk_Cyanidioschyzon_merolae_strain_10D_gene16995416.pdb
-0.679597  0.669814  0.299159    -4.675862
 0.640194  0.342403  0.687686     1.252416
 0.358189  0.658869 -0.661507    -3.745150
>structures/SerRS_AF_Euk_Thunnus_albacares_gene122982782.pdb
-0.074354  0.615801  0.784385    -6.612872
 0.491900 -0.661566  0.566007     3.785286
 0.867471  0.427925 -0.253722    -2.341252
>structures/SerRS_AF_Euk_Trichomonas_vaginalis_G3_gene4762654.pdb
-0.929600 -0.166814 -0.328660    -4.019273
-0.181988  0.983175  0.015726     2.775077
 0.320507  0.074431 -0.944317    -2.775080
>structures/SerRS_AF_Euk_Vitis_vinifera_gene100261399.pdb
-0.267976  0.751399  0.602983    -5.274273
 0.608334 -0.353355  0.710682     2.731291
 0.747073  0.557261 -0.362411    -3.491033
>structures/SerRS_AF_Mito_Drechmeria_coniospora_gene63718051.pdb
-0.857931 -0.505745 -0.090421    -4.867146
-0.499966  0.862372 -0.079677     4.090889
 0.118273 -0.023150 -0.992711    -1.154602
>structures/SerRS_AF_Mito_Gambusia_affinis_gene122832256.pdb
 0.294057 -0.635276 -0.714111    -3.350436
 0.833645 -0.194984  0.516737     8.885836
-0.467511 -0.747265  0.472259    -0.622127
>structures/SerRS_PDB_Bact_K_pneumoniae_6h9x.pdb
 0.279786 -0.401381  0.872131    -6.134881
-0.806268  0.394928  0.440414     9.842820
-0.521203 -0.826393 -0.213126   -35.816154
>structures/SerRS_PDB_Bact_T_thermophilus_1ser.pdb
-0.799844  0.428403 -0.420381    90.961411
-0.558659 -0.787433  0.260481   107.389830
-0.219431  0.443194  0.869154   -41.373514
