>structures/ThrRS_AF_Arch_Candidatus_Nitrosopumilus_koreensis_AR1_gene13725077.pdb
 0.999886 -0.008407 -0.012578    -0.339094
 0.008314  0.999938 -0.007442    -0.145243
 0.012640  0.007337  0.999893     0.084584
>structures/ThrRS_AF_Arch_Pyrococcus_furiosus_DSM_3638_gene1469226.pdb
 0.253793 -0.958373 -0.130808     3.166399
 0.899950  0.184397  0.395079    44.955847
-0.354512 -0.217989  0.909286    -0.711760
>structures/ThrRS_AF_Arch_Sulfolobus_islandicus_M164_gene7940156.pdb
 0.809136  0.587619  0.001985   -37.209974
 0.335575 -0.464846  0.819334    26.214966
 0.482378 -0.662286 -0.573313   -28.344375
