>structures/ProRS-A_AF_Arch_Candidatus_Nitrosopumilus_sediminis_gene13697692.pdb
-0.214856 -0.816835  0.535367    -0.696386
-0.822821 -0.143905 -0.549780     0.355882
 0.526121 -0.558634 -0.641190     0.931254
>structures/ProRS-A_AF_Arch_Halogeometricum_borinquense_DSM_11551_gene9994169.pdb
 0.966078  0.250217  0.063909    -0.645795
-0.216149  0.918860 -0.330115     0.785052
-0.141324  0.305103  0.941775     1.594079
>structures/ProRS-A_AF_Arch_Picrophilus_torridus_DSM_9790_gene2845069.pdb
 0.783274  0.619557  0.051290     0.827446
-0.456486  0.629190 -0.629079     2.173267
-0.422022  0.469328  0.775647     1.452338
>structures/ProRS-A_AF_Arch_Sulfurisphaera_tokodaii_str_7_gene1459472.pdb
 0.058838 -0.373857  0.925618    -0.086657
-0.399152 -0.858689 -0.321451     1.193145
 0.914995 -0.350549 -0.199750     1.622172
>structures/ProRS-A_AF_Bact_Bacillus_anthracis_str_Ames_Ancestor_gene45020455.pdb
 0.172918 -0.186973 -0.967027    -0.221451
 0.816949 -0.521207  0.246856     1.060975
-0.550177 -0.832697  0.062622     1.262308
>structures/ProRS-A_AF_Bact_Mycoplasma_hyopneumoniae_168-L_gene57101275.pdb
 0.956857 -0.264028 -0.121298    -0.371003
 0.283790  0.938816  0.195161    -0.583052
 0.062349 -0.221164  0.973241    -0.734472
>structures/ProRS-A_AF_Bact_Porphyromonas_gingivalis_ATCC_33277_gene29256199.pdb
 0.935871  0.343719  0.077477    -0.281849
-0.301703  0.895329 -0.327660     1.099182
-0.181990  0.283272  0.941614    -0.009330
>structures/ProRS-A_AF_Bact_Thermus_thermophilus_HB8_gene3169620.pdb
 0.999998 -0.001204 -0.001514     0.023551
 0.001203  0.999999 -0.000371    -0.011212
 0.001514  0.000369  0.999999    -0.034369
>structures/ProRS-A_AF_Euk_Cryptococcus_gattii_WM276_gene10188341.pdb
 0.986910  0.005128 -0.161189    -0.580137
-0.029635  0.988241 -0.150004    -2.292256
 0.158525  0.152817  0.975457     1.893302
>structures/ProRS-A_AF_Euk_Ostreococcus_tauri_gene9837972.pdb
 0.930295 -0.348844 -0.113401     4.448516
 0.361669  0.923910  0.124848    -1.291502
 0.061220 -0.157158  0.985674     4.731090
>structures/ProRS-A_AF_Euk_Plasmodium_yoelii_gene3807174.pdb
 0.089387 -0.483814 -0.870594    -3.323182
 0.638141 -0.643297  0.423019     3.088127
-0.764713 -0.593374  0.251239     2.475130
>structures/ProRS-A_AF_Euk_Scheffersomyces_stipitis_CBS_6054_gene4840393.pdb
 0.913744  0.395391 -0.093472     0.307087
-0.377679  0.741811 -0.554143    -3.573116
-0.149765  0.541648  0.827157    -0.518140
>structures/ProRS-A_AF_Mito_Mauremys_reevesii_gene120369760.pdb
 0.172662  0.656051 -0.734701    -1.671572
-0.267924 -0.686497 -0.675972     2.264877
-0.947842  0.313559  0.057240    -0.179186
>structures/ProRS-A_AF_Mito_Oryza_sativa_Japonica_Group_gene4342480.pdb
 0.990797 -0.123991 -0.054299     4.128722
 0.118757  0.988758 -0.090852    -2.565218
 0.064953  0.083568  0.994383     3.960817
>structures/ProRS-A_PDB_Arch_M_janacshii_1nj8.pdb
 0.439870  0.889400  0.124425   -89.151271
 0.823116 -0.343864 -0.451927   -43.453562
-0.359159  0.301206 -0.883335    58.937617
