>../../../../class2/asn//data/domains/Catalytic_domain/structures/AsnRS_AF_Arch_Candidatus_Korarchaeum_cryptofilum_OPF8_gene6094562.pdb
 0.189416  0.217184  0.957576    -1.776073
 0.252912 -0.953117  0.166144     6.373336
 0.948766  0.210713 -0.235464    -5.592439
>../../../../class2/asn//data/domains/Catalytic_domain/structures/AsnRS_AF_Arch_Candidatus_Nitrososphaera_gargensis_Ga92_gene13796664.pdb
 0.382278  0.741603 -0.551261    -3.274673
-0.767885 -0.076903 -0.635955     4.406577
-0.514019  0.666417  0.540067    -6.565209
>../../../../class2/asn//data/domains/Catalytic_domain/structures/AsnRS_AF_Arch_Ferroplasma_acidarmanus_Fer1_gene16025664.pdb
 0.977056 -0.191079  0.094078     4.088378
 0.173635  0.970426  0.167704     2.374139
-0.123341 -0.147521  0.981338    -1.892690
>../../../../class2/asn//data/domains/Catalytic_domain/structures/AsnRS_AF_Arch_Pyrococcus_sp_ST04_gene13021535.pdb
 0.991160 -0.106294  0.079397     3.560187
 0.093072  0.983543  0.154856     1.749450
-0.094551 -0.146098  0.984741    -2.486899
>../../../../class2/asn//data/domains/Catalytic_domain/structures/AsnRS_AF_Bact_Clostridium_acetobutylicum_DSM_1731_gene44999755.pdb
 0.283046  0.795982 -0.535068    -3.926507
-0.792559 -0.120059 -0.597860     6.035934
-0.540126  0.593295  0.596880    -5.644067
>../../../../class2/asn//data/domains/Catalytic_domain/structures/AsnRS_AF_Bact_Mycoplasma_hyopneumoniae_168-L_gene57101291.pdb
 0.966899  0.233277  0.103383     3.554159
-0.225871  0.970990 -0.078495     0.558690
-0.118695  0.052545  0.991539    -3.344089
>../../../../class2/asn//data/domains/Catalytic_domain/structures/AsnRS_AF_Bact_Porphyromonas_gingivalis_ATCC_33277_gene29256423.pdb
 0.989438  0.008207  0.144725     2.586063
-0.030898  0.987392  0.155249     2.324554
-0.141626 -0.158081  0.977217    -3.797824
>../../../../class2/asn//data/domains/Catalytic_domain/structures/AsnRS_AF_Bact_Streptobacillus_moniliformis_DSM_12112_gene29673200.pdb
 0.211459  0.806501 -0.552124    -3.731138
-0.768309 -0.212012 -0.603947     5.772540
-0.604141  0.551912  0.574810    -5.931902
>../../../../class2/asn//data/domains/Catalytic_domain/structures/AsnRS_AF_Bact_Thermus_thermophilus_HB8_gene3168522.pdb
 0.945945  0.305312  0.109417     3.175920
-0.277017  0.936044 -0.216985    -0.335535
-0.168667  0.174945  0.970024    -3.199621
>../../../../class2/asn//data/domains/Catalytic_domain/structures/AsnRS_AF_Bact_Treponema_pallidum_subsp_pertenue_str_SamoaD_gene57879132.pdb
 0.374065  0.782793 -0.497303    -4.127647
-0.778283 -0.026641 -0.627349     5.362258
-0.504333  0.621711  0.599269    -6.445763
>../../../../class2/asn//data/domains/Catalytic_domain/structures/AsnRS_AF_Bact_unclassified_Blastocatellia_proteinRPI49177.1.pdb
 0.850278  0.525788  0.023959     1.481789
-0.476683  0.788570 -0.388497    -0.696619
-0.223160  0.318910  0.921138    -4.191976
>../../../../class2/asn//data/domains/Catalytic_domain/structures/AsnRS_AF_Euk_Candida_albicans_SC5314_gene3646227.pdb
 1.000000  0.000000  0.000000     0.000000
 0.000000  1.000000  0.000000     0.000000
 0.000000  0.000000  1.000000     0.000000
>../../../../class2/asn//data/domains/Catalytic_domain/structures/AsnRS_AF_Euk_Cryptococcus_gattii_WM276_gene10190222.pdb
 0.992549  0.039835 -0.115153    -3.388735
-0.047199  0.996963 -0.061949    -0.223504
 0.112336  0.066922  0.991414     0.398438
>../../../../class2/asn//data/domains/Catalytic_domain/structures/AsnRS_AF_Euk_Encephalitozoon_intestinalis_ATCC_50506_gene9698489.pdb
 0.989725 -0.103308  0.098853     3.966223
 0.071925  0.957229  0.280248     3.201971
-0.123577 -0.270258  0.954824    -2.823237
>../../../../class2/asn//data/domains/Catalytic_domain/structures/AsnRS_AF_Euk_Vitis_vinifera_gene100257593.pdb
 0.219693  0.910215 -0.351059    -5.231427
-0.677243 -0.116718 -0.726443     7.415612
-0.702195  0.397347  0.590795    -8.562451
>../../../../class2/asn//data/domains/Catalytic_domain/structures/AsnRS_AF_Mito_Homo_sapiens_gene79731.pdb
 0.172500 -0.444620  0.878952    -2.142651
-0.147092 -0.893951 -0.423339     3.567953
 0.973965 -0.056261 -0.219607    -4.211040
>../../../../class2/asn//data/domains/Catalytic_domain/structures/AsnRS_AF_Mito_Zeugodacus_cucurbitae_gene105213230.pdb
-0.989118 -0.023031 -0.145314    -5.954254
-0.026970  0.999319  0.025193     2.585152
 0.144634  0.028838 -0.989065    -6.788390
>../../../../class2/asn//data/domains/Catalytic_domain/structures/AsnRS_PDB_Arch_P_horikoshii_1X54.pdb
 0.333731 -0.521018  0.785598   -21.845716
-0.931064 -0.312544  0.188244    -6.727211
 0.147455 -0.794265 -0.589407    15.887342
>../../../../class2/asn//data/domains/Catalytic_domain/structures/AsnRS_PDB_Bact_E_anophelis_6pqh.pdb
-0.047387 -0.036080 -0.998225   -59.469096
-0.437222 -0.897778  0.053205     1.359917
-0.898104  0.438967  0.026768   -15.267388
>../../../../class2/asn//data/domains/Catalytic_domain/structures/AsnRS_PDB_Euk_S_cerevisiae_1asz.pdb
-0.552437  0.826645  0.107103    -9.104130
-0.665098 -0.514590  0.541149    95.520020
 0.502452  0.227717  0.834079   -49.969810
>../../../../class2/ser1//data/domains/Catalytic_domain/structures/SerRS_AF_Arch_Candidatus_Methanomassiliicoccus_intestinalis_Issoire-Mx1_gene16154337.pdb
 0.618762  0.779334  0.098850     5.007914
-0.460042  0.461470 -0.758556     4.338598
-0.636785  0.423891  0.644066   -19.753676
>../../../../class2/ser1//data/domains/Catalytic_domain/structures/SerRS_AF_Arch_Methanospirillum_hungatei_JF-1_gene3924775.pdb
 0.086978 -0.940230 -0.329245     9.852698
 0.940540 -0.031431  0.338226     5.828688
-0.328359 -0.339086  0.881590   -18.499285
>../../../../class2/ser1//data/domains/Catalytic_domain/structures/SerRS_AF_Arch_Nitrosopumilus_maritimus_SCM1_gene5773574.pdb
-0.313332 -0.947872 -0.057981     8.559210
-0.904945  0.316538 -0.284392     0.384390
 0.287920 -0.036639 -0.956953   -19.862876
>../../../../class2/ser1//data/domains/Catalytic_domain/structures/SerRS_AF_Arch_Thermoproteus_uzoniensis_768-20_gene10361450.pdb
-0.698984 -0.652894 -0.291807     5.959284
-0.672323  0.739007 -0.043011    -0.687341
 0.243729  0.166125 -0.955510   -19.112805
>../../../../class2/ser1//data/domains/Catalytic_domain/structures/SerRS_AF_Bact_Bifidobacterium_longum_subsp_longum_JCM_1217_gene69578844.pdb
-0.385787  0.505224 -0.771957     6.761707
-0.119865 -0.857086 -0.501035     7.308013
-0.914768 -0.100762  0.391212   -17.804045
>../../../../class2/ser1//data/domains/Catalytic_domain/structures/SerRS_AF_Bact_Brucella_suis_1330_gene45051948.pdb
-0.906001 -0.284365 -0.313526     9.292829
-0.319667  0.945196  0.066463     3.649303
 0.277443  0.160439 -0.947251   -20.189084
>../../../../class2/ser1//data/domains/Catalytic_domain/structures/SerRS_AF_Bact_Chlamydia_psittaci_6BC_gene12242544.pdb
 0.732197 -0.622069  0.277341     7.773810
 0.622766  0.776348  0.097190     2.956926
-0.275772  0.101557  0.955843   -19.106379
>../../../../class2/ser1//data/domains/Catalytic_domain/structures/SerRS_AF_Bact_Clostridium_acetobutylicum_DSM_1731_gene44996495.pdb
-0.493670 -0.868539  0.043936    11.014897
-0.843052  0.465562 -0.269286     5.446434
 0.213431 -0.169979 -0.962057   -18.936872
>../../../../class2/ser1//data/domains/Catalytic_domain/structures/SerRS_AF_Bact_Mycoplasma_hyopneumoniae_168-L_gene57101125.pdb
 0.564459 -0.818933 -0.103606     7.109951
 0.770277  0.477437  0.422762     5.304059
-0.296749 -0.318437  0.900299   -20.261923
>../../../../class2/ser1//data/domains/Catalytic_domain/structures/SerRS_AF_Bact_Prochlorococcus_marinus_subsp_marinus_str_CCMP1375_gene54200639.pdb
-0.891659 -0.034119 -0.451419     2.813649
-0.260557  0.854116  0.450107     4.045364
 0.370207  0.518963 -0.770470   -20.491894
>../../../../class2/ser1//data/domains/Catalytic_domain/structures/SerRS_AF_Bact_Streptobacillus_moniliformis_DSM_12112_gene29673293.pdb
-0.854279 -0.421847 -0.303731     9.939621
-0.446750  0.894548  0.014115     3.728554
 0.265748  0.147750 -0.952653   -19.618714
>../../../../class2/ser1//data/domains/Catalytic_domain/structures/SerRS_AF_Bact_Treponema_pallidum_subsp_pertenue_str_SamoaD_gene57879171.pdb
 0.247146 -0.951155 -0.184994     9.498263
 0.944705  0.194058  0.264339     3.930363
-0.215527 -0.240095  0.946521   -18.702194
>../../../../class2/ser1//data/domains/Catalytic_domain/structures/SerRS_AF_Euk_Cyanidioschyzon_merolae_strain_10D_gene16995416.pdb
-0.395656 -0.580264 -0.711864     9.419594
 0.725075 -0.673090  0.145659     6.254587
-0.563669 -0.458524  0.687047   -17.542131
>../../../../class2/ser1//data/domains/Catalytic_domain/structures/SerRS_AF_Euk_Thunnus_albacares_gene122982782.pdb
-0.488020  0.414325 -0.768226     7.341616
-0.049729 -0.891922 -0.449447     8.028799
-0.871415 -0.181136  0.455880   -19.829170
>../../../../class2/ser1//data/domains/Catalytic_domain/structures/SerRS_AF_Euk_Trichomonas_vaginalis_G3_gene4762654.pdb
 0.443565 -0.884638  0.143756     7.543007
 0.666296  0.432768  0.607258     5.445833
-0.599416 -0.173575  0.781391   -18.638118
>../../../../class2/ser1//data/domains/Catalytic_domain/structures/SerRS_AF_Euk_Vitis_vinifera_gene100261399.pdb
-0.524143  0.061234 -0.849426     8.193563
 0.234886 -0.948331 -0.213302     7.123893
-0.818598 -0.311319  0.482678   -17.983101
>../../../../class2/ser1//data/domains/Catalytic_domain/structures/SerRS_AF_Mito_Cervus_elaphus_gene122688911.pdb
-0.912575  0.038598 -0.407083     1.127093
-0.164857  0.876314  0.452655     4.050193
 0.374204  0.480192 -0.793339   -21.053817
>../../../../class2/ser1//data/domains/Catalytic_domain/structures/SerRS_AF_Mito_Drechmeria_coniospora_gene63718051.pdb
 0.715410 -0.677504  0.170813     5.890028
 0.581941  0.713076  0.390984     5.789412
-0.386695 -0.180311  0.904409   -20.924289
>../../../../class2/ser1//data/domains/Catalytic_domain/structures/SerRS_PDB_Bact_K_pneumoniae_6h9x.pdb
 0.733644 -0.172218 -0.657349     4.304491
-0.360405  0.721476 -0.591254    19.157000
 0.576086  0.670682  0.467238    12.467645
>../../../../class2/ser1//data/domains/Catalytic_domain/structures/SerRS_PDB_Bact_T_thermophilus_1ser.pdb
 0.797634  0.577931 -0.172557  -118.798311
 0.603036 -0.769515  0.210223   -34.809058
-0.011291 -0.271739 -0.962305    43.330482
>../../../../class2/ser1//data/domains/Catalytic_domain/structures/SerRS_PDB_Mito_B_taurus_1wle.pdb
 0.979332  0.103981  0.173483   -80.002549
-0.153707 -0.174888  0.972517   -46.963590
 0.131463 -0.979082 -0.155291    17.756732
