>../../../../class2/asn//data/domains/Catalytic_domain/structures/AsnRS_AF_Arch_Candidatus_Korarchaeum_cryptofilum_OPF8_gene6094562.pdb
-0.320427 -0.670495  0.669151   -11.362699
-0.222478 -0.633371 -0.741178     6.475503
 0.920777 -0.386364  0.053779     9.465341
>../../../../class2/asn//data/domains/Catalytic_domain/structures/AsnRS_AF_Arch_Candidatus_Nitrososphaera_gargensis_Ga92_gene13796664.pdb
-0.039813 -0.123579 -0.991536   -12.795289
-0.578754 -0.806066  0.123702     7.166849
-0.814530  0.578780 -0.039430     7.189505
>../../../../class2/asn//data/domains/Catalytic_domain/structures/AsnRS_AF_Arch_Ferroplasma_acidarmanus_Fer1_gene16025664.pdb
 0.613878  0.665140 -0.425139   -13.686926
-0.775583  0.608517 -0.167861    -1.021486
 0.147053  0.432777  0.889427    10.895855
>../../../../class2/asn//data/domains/Catalytic_domain/structures/AsnRS_AF_Arch_Pyrococcus_sp_ST04_gene13021535.pdb
 0.562970  0.702158 -0.435934   -14.020170
-0.818080  0.548427 -0.173127    -0.911549
 0.117515  0.454095  0.883169     9.885895
>../../../../class2/asn//data/domains/Catalytic_domain/structures/AsnRS_AF_Bact_Clostridium_acetobutylicum_DSM_1731_gene44999755.pdb
-0.075106 -0.075073 -0.994346   -12.577971
-0.502448 -0.858478  0.102767     7.721543
-0.861339  0.507325  0.026757     9.028167
>../../../../class2/asn//data/domains/Catalytic_domain/structures/AsnRS_AF_Bact_Mycoplasma_hyopneumoniae_168-L_gene57101291.pdb
 0.336804  0.725877 -0.599721   -14.245126
-0.937520  0.199482 -0.285067    -1.418267
-0.087290  0.658262  0.747711     8.553429
>../../../../class2/asn//data/domains/Catalytic_domain/structures/AsnRS_AF_Bact_Porphyromonas_gingivalis_ATCC_33277_gene29256423.pdb
 0.492957  0.762970 -0.418175   -13.270178
-0.870021  0.436429 -0.229332     0.155523
 0.007531  0.476872  0.878941     9.218240
>../../../../class2/asn//data/domains/Catalytic_domain/structures/AsnRS_AF_Bact_Streptobacillus_moniliformis_DSM_12112_gene29673200.pdb
-0.059329 -0.112101 -0.991924   -12.369308
-0.413711 -0.901558  0.126633     7.539304
-0.908473  0.417883  0.007111     8.809072
>../../../../class2/asn//data/domains/Catalytic_domain/structures/AsnRS_AF_Bact_Thermus_thermophilus_HB8_gene3168522.pdb
 0.333899  0.661345 -0.671666   -15.210338
-0.927779  0.104680 -0.358146    -1.371971
-0.166548  0.742742  0.648534     8.098616
>../../../../class2/asn//data/domains/Catalytic_domain/structures/AsnRS_AF_Bact_Treponema_pallidum_subsp_pertenue_str_SamoaD_gene57879132.pdb
-0.058185 -0.037921 -0.997585   -12.591827
-0.577745 -0.813655  0.064627     7.838149
-0.814141  0.580110  0.025434     8.044555
>../../../../class2/asn//data/domains/Catalytic_domain/structures/AsnRS_AF_Bact_unclassified_Blastocatellia_proteinRPI49177.1.pdb
 0.190326  0.574479 -0.796084   -15.514188
-0.921521 -0.175050 -0.346637     0.178443
-0.338490  0.799582  0.496078     6.833827
>../../../../class2/asn//data/domains/Catalytic_domain/structures/AsnRS_AF_Euk_Candida_albicans_SC5314_gene3646227.pdb
 0.447094  0.663782 -0.599584   -18.158301
-0.882708  0.435834 -0.175714     0.991145
 0.144683  0.607818  0.780784    10.132190
>../../../../class2/asn//data/domains/Catalytic_domain/structures/AsnRS_AF_Euk_Cryptococcus_gattii_WM276_gene10190222.pdb
 0.341227  0.644240 -0.684484   -20.109452
-0.918975  0.381727 -0.098841     3.848674
 0.197609  0.662751  0.722296     9.884558
>../../../../class2/asn//data/domains/Catalytic_domain/structures/AsnRS_AF_Euk_Encephalitozoon_intestinalis_ATCC_50506_gene9698489.pdb
 0.569322  0.757096 -0.320435   -12.654234
-0.818744  0.557407 -0.137682    -0.810280
 0.074374  0.340739  0.937211    10.728745
>../../../../class2/asn//data/domains/Catalytic_domain/structures/AsnRS_AF_Euk_Vitis_vinifera_gene100257593.pdb
 0.058327  0.093884 -0.993873   -10.454234
-0.366816 -0.923909 -0.108802    10.073267
-0.928463  0.370915 -0.019451     7.502987
>../../../../class2/asn//data/domains/Catalytic_domain/structures/AsnRS_AF_Mito_Solanum_lycopersicum_gene543755.pdb
 0.266758  0.457929 -0.848022   -11.538924
-0.714327 -0.496737 -0.492939    10.165740
-0.646975  0.737260  0.194602     5.866030
>../../../../class2/asn//data/domains/Catalytic_domain/structures/AsnRS_AF_Mito_Zeugodacus_cucurbitae_gene105213230.pdb
-0.541701  0.646420  0.537309   -14.771131
 0.839898  0.441817  0.315227     8.563597
-0.033623  0.622044 -0.782260     5.968339
>../../../../class2/asn//data/domains/Catalytic_domain/structures/AsnRS_PDB_Arch_P_horikoshii_1X54.pdb
-0.556665  0.037820  0.829876   -41.986214
-0.728107  0.458767 -0.509307    14.644418
-0.399981 -0.887752 -0.227842    15.103690
>../../../../class2/asn//data/domains/Catalytic_domain/structures/AsnRS_PDB_Bact_E_anophelis_6pqh.pdb
 0.218250 -0.877599 -0.426833   -34.759259
 0.012321 -0.434864  0.900412    56.477680
-0.975815 -0.201774 -0.084096    -8.698661
>../../../../class2/asn//data/domains/Catalytic_domain/structures/AsnRS_PDB_Euk_S_cerevisiae_1asz.pdb
-0.990724 -0.106126 -0.084868    70.964683
 0.104939 -0.994309  0.018349    59.862493
-0.086332  0.009273  0.996223    25.910682
>../../../../class2/ser1//data/domains/Catalytic_domain/structures/SerRS_AF_Arch_Candidatus_Methanomassiliicoccus_intestinalis_Issoire-Mx1_gene16154337.pdb
 0.354490  0.402410 -0.844040    -1.243606
-0.631617 -0.562549 -0.533478     1.958219
-0.689491  0.722222  0.054751    -1.841743
>../../../../class2/ser1//data/domains/Catalytic_domain/structures/SerRS_AF_Arch_Methanospirillum_hungatei_JF-1_gene3924775.pdb
 0.866946 -0.239213 -0.437244     1.131407
 0.380082  0.884810  0.269534    -1.830677
 0.322402 -0.399860  0.858003     0.615389
>../../../../class2/ser1//data/domains/Catalytic_domain/structures/SerRS_AF_Arch_Nitrosopumilus_maritimus_SCM1_gene5773574.pdb
-0.922305 -0.190700  0.336135    -2.475817
-0.163147  0.980598  0.108675    -2.781720
-0.350337  0.045392 -0.935523    -3.870191
>../../../../class2/ser1//data/domains/Catalytic_domain/structures/SerRS_AF_Arch_Thermoproteus_uzoniensis_768-20_gene10361450.pdb
-0.904948  0.105434  0.412252    -4.591434
 0.290253  0.861391  0.416843    -1.050606
-0.311161  0.496879 -0.810117    -4.238906
>../../../../class2/ser1//data/domains/Catalytic_domain/structures/SerRS_AF_Bact_Bifidobacterium_longum_subsp_longum_JCM_1217_gene69578844.pdb
 0.275887 -0.294748 -0.914883     0.415783
 0.463972 -0.792753  0.395314     1.397189
-0.841794 -0.533542 -0.081955     1.721248
>../../../../class2/ser1//data/domains/Catalytic_domain/structures/SerRS_AF_Bact_Brucella_suis_1330_gene45051948.pdb
-0.783969  0.413354  0.463175     0.389154
 0.614239  0.624670  0.482181    -1.912381
-0.090020  0.662515 -0.743619    -2.041975
>../../../../class2/ser1//data/domains/Catalytic_domain/structures/SerRS_AF_Bact_Chlamydia_psittaci_6BC_gene12242544.pdb
 0.903020  0.178209 -0.390891    -1.245241
-0.331552  0.867708 -0.370345    -1.154174
 0.273181  0.464030  0.842644    -1.723587
>../../../../class2/ser1//data/domains/Catalytic_domain/structures/SerRS_AF_Bact_Clostridium_acetobutylicum_DSM_1731_gene44996495.pdb
-0.913978  0.015698  0.405459     1.668625
 0.026509  0.999427  0.021061    -2.897996
-0.404896  0.029997 -0.913870     0.423185
>../../../../class2/ser1//data/domains/Catalytic_domain/structures/SerRS_AF_Bact_Mycoplasma_hyopneumoniae_168-L_gene57101125.pdb
 0.942637  0.142674 -0.301793     0.634237
-0.112188  0.986877  0.116136     0.660437
 0.314402 -0.075616  0.946273    -1.489531
>../../../../class2/ser1//data/domains/Catalytic_domain/structures/SerRS_AF_Bact_Prochlorococcus_marinus_subsp_marinus_str_CCMP1375_gene54200639.pdb
-0.796016  0.245018  0.553466    -2.059442
 0.605136  0.302497  0.736415     3.974749
 0.013013  0.921120 -0.389061    -2.902560
>../../../../class2/ser1//data/domains/Catalytic_domain/structures/SerRS_AF_Bact_Streptobacillus_moniliformis_DSM_12112_gene29673293.pdb
-0.837954  0.322222  0.440460     0.434965
 0.517649  0.724891  0.454502    -2.588066
-0.172835  0.608856 -0.774224    -1.378372
>../../../../class2/ser1//data/domains/Catalytic_domain/structures/SerRS_AF_Bact_Treponema_pallidum_subsp_pertenue_str_SamoaD_gene57879171.pdb
 0.877640 -0.146961 -0.456234    -0.217784
 0.213394  0.972102  0.097366    -2.360746
 0.429197 -0.182810  0.884517    -0.595003
>../../../../class2/ser1//data/domains/Catalytic_domain/structures/SerRS_AF_Euk_Cyanidioschyzon_merolae_strain_10D_gene16995416.pdb
 0.646422 -0.435292 -0.626625     0.710759
 0.760767  0.305206  0.572786    -1.584962
-0.058079 -0.846977  0.528448     1.528642
>../../../../class2/ser1//data/domains/Catalytic_domain/structures/SerRS_AF_Euk_Thunnus_albacares_gene122982782.pdb
 0.272675 -0.305362 -0.912361     2.351980
 0.568230 -0.714119  0.408838     1.461751
-0.776378 -0.629911 -0.021207     0.607359
>../../../../class2/ser1//data/domains/Catalytic_domain/structures/SerRS_AF_Euk_Trichomonas_vaginalis_G3_gene4762654.pdb
 1.000000  0.000000  0.000000     0.000000
 0.000000  1.000000  0.000000     0.000000
 0.000000  0.000000  1.000000     0.000000
>../../../../class2/ser1//data/domains/Catalytic_domain/structures/SerRS_AF_Euk_Vitis_vinifera_gene100261399.pdb
 0.413290 -0.419807 -0.808056     0.951007
 0.712949 -0.402858  0.573942     0.090896
-0.566476 -0.813307  0.132804     1.644383
>../../../../class2/ser1//data/domains/Catalytic_domain/structures/SerRS_AF_Mito_Cervus_elaphus_gene122688911.pdb
-0.737222  0.324838  0.592439    -2.394743
 0.670258  0.241049  0.701890     5.650408
 0.085194  0.914536 -0.395431    -3.366038
>../../../../class2/ser1//data/domains/Catalytic_domain/structures/SerRS_AF_Mito_Drechmeria_coniospora_gene63718051.pdb
 0.925798  0.314081 -0.210361     1.080581
-0.348218  0.925135 -0.151224     1.626986
 0.147116  0.213255  0.965857    -1.460232
>../../../../class2/ser1//data/domains/Catalytic_domain/structures/SerRS_PDB_Bact_K_pneumoniae_6h9x.pdb
-0.254054  0.020053 -0.966982   -10.554228
-0.903948  0.350669  0.244765     3.503114
 0.343999  0.936285 -0.070962    32.397685
>../../../../class2/ser1//data/domains/Catalytic_domain/structures/SerRS_PDB_Bact_T_thermophilus_1ser.pdb
 0.769419 -0.100472  0.630793  -120.331843
-0.449389 -0.786947  0.422805    83.564085
 0.453921 -0.608785 -0.650643     8.873615
>../../../../class2/ser1//data/domains/Catalytic_domain/structures/SerRS_PDB_Euk_B_taurus_1wle.pdb
 0.255279  0.504024  0.825102   -95.862266
-0.958137  0.017453  0.285778    48.786540
 0.129638 -0.863513  0.487379   -13.642458
