>structures/Alanyl.A.Candidatus_Thermoplasmatota.NC_013926.1.pdb
 0.192022 -0.670313  0.716804   -34.208402
-0.966676 -0.255197  0.020314    -1.015969
 0.169309 -0.696818 -0.696978   -28.951652
>structures/Alanyl.A.Crenarchaeota.NC_020247.1.pdb
 0.434879 -0.805664 -0.402226   -16.563144
 0.606577  0.592223 -0.530412    16.999081
 0.665541 -0.013316  0.746242    -9.577324
>structures/Alanyl.A.Thaumarchaeota.NC_010085.1.pdb
-0.895414  0.096390 -0.434676   -23.653997
-0.318917  0.542402  0.777233   -30.352321
 0.310687  0.834571 -0.454934   -26.010599
>structures/Alanyl.B.Actinobacteria.NC_010572.1.pdb
 0.375819 -0.380607 -0.844925   -28.116397
 0.616074 -0.578483  0.534612   -31.332453
-0.692252 -0.721454  0.017077   -24.967227
>structures/Alanyl.B.Bacteroidota.NC_010729.1.pdb
 0.124366 -0.205216 -0.970783   -25.852108
 0.320593 -0.917592  0.235043   -24.277120
-0.939017 -0.340458 -0.048327   -21.092783
>structures/Alanyl.B.Chlamydiae.NC_017287.1.pdb
 0.476513 -0.066095 -0.876679    -2.385781
 0.533481 -0.770865  0.348087     1.037311
-0.698808 -0.633560 -0.332067    -5.708411
>structures/Alanyl.B.Cyanobacteria.NC_005042.1.pdb
 0.643643  0.125560 -0.754956   -25.323340
 0.037124 -0.990411 -0.133070   -44.280389
-0.764425  0.057623 -0.642133   -14.401866
>structures/Alanyl.B.Firmicutes.NC_008525.1.pdb
-0.081647 -0.581785 -0.809234   -23.883941
 0.724456 -0.592256  0.352699    -8.996909
-0.684469 -0.557458  0.469834   -16.196206
>structures/Alanyl.B.Fusobacteria.NC_013515.1.pdb
-0.272296 -0.216588 -0.937520   -48.434257
 0.523875 -0.850639  0.044361    -8.891562
-0.807100 -0.479064  0.345091   -25.891930
>structures/Alanyl.B.Spirochaetes.NC_014330.1.pdb
 1.000000 -0.000000  0.000000     0.000000
 0.000000  1.000000  0.000000     0.000000
-0.000000  0.000000  1.000000     0.000000
