>structures/Asparaginyl.E.Evosea.NC_007087.3.pdb
 0.361778 -0.833924  0.416758    38.387766
-0.709034 -0.536379 -0.457787     4.063350
 0.605299 -0.129878 -0.785331    31.833677
>structures/Asp_Arch_1b8a_T_kodarensis.pdb
 1.000000  0.000000  0.000000     0.000000
 0.000000  1.000000  0.000000     0.000000
 0.000000  0.000000  1.000000     0.000000
>structures/Aspartyl.B.Bacteroidota.NC_010729.1.pdb
 0.308088  0.853169  0.420932    42.593243
-0.913752  0.388539 -0.118720     5.502016
-0.264837 -0.348052  0.899289    35.953952
>structures/Aspartyl.B.Chlamydiae.NC_002620.2.pdb
-0.331265 -0.827208 -0.453862    42.268167
-0.478208  0.561857 -0.675006     1.438433
 0.813376 -0.006566 -0.581701    39.229748
>structures/Aspartyl.B.Firmicutes.NC_015687.1.pdb
 0.150375 -0.987695  0.042970    41.709130
-0.734271 -0.140685 -0.664119     9.721614
 0.661992  0.068315 -0.746391    36.287577
>structures/Aspartyl.B.Fusobacteria.NC_013515.1.pdb
 0.765132  0.552917  0.329933    41.029295
 0.328107 -0.775716  0.539083     6.975982
 0.554003 -0.304216 -0.774941    36.971096
>structures/Aspartyl.B.Spirochaetes.NC_014330.1.pdb
-0.317930 -0.700566 -0.638849    38.772696
-0.737594  0.606123 -0.297608     8.883661
 0.595714  0.376593 -0.709438    38.232619
>structures/Aspartyl.E.Apicomplexa.NC_011903.2.pdb
-0.442999 -0.567443 -0.694090    40.773845
-0.565168  0.777749 -0.275122     8.086685
 0.695944  0.270399 -0.665242    31.287904
>structures/Aspartyl.E.Evosea.NC_007087.3.pdb
-0.520432 -0.524175 -0.674085    39.222482
-0.502160  0.826358 -0.254888     1.175769
 0.690641  0.205846 -0.693283    39.604640
>structures/Aspartyl.E.Rhodophyta.NC_010136.1.pdb
-0.578649 -0.542744 -0.608765    36.444887
-0.516706  0.821473 -0.241239     8.005744
 0.631015  0.174959 -0.755784    30.435318
>structures/Asp_Bact_1c0a_E_coli.pdb
-0.205945 -0.961321  0.182890    90.419904
-0.933683  0.248989  0.257373    53.527727
-0.292956 -0.117756 -0.948847    53.687718
>structures/Asp_Euk_1EOV_S_cerevisiae.pdb
-0.346683  0.918621  0.189594    14.938663
-0.480061 -0.000120 -0.877235    54.164641
-0.805824 -0.395139  0.441036    10.810430
