>structures/Asp_Arch_1b8a_T_kodarensis.pdb
 1.000000  0.000000  0.000000     0.000000
 0.000000  1.000000  0.000000     0.000000
 0.000000  0.000000  1.000000     0.000000
>structures/Aspartyl.B.Bacteroidota.NC_010729.1.pdb
 0.311997  0.843594  0.437044    43.314876
-0.909791  0.397820 -0.118401     5.414629
-0.273747 -0.360678  0.891613    35.809090
>structures/Aspartyl.B.Chlamydiae.NC_002620.2.pdb
-0.328329 -0.835255 -0.441077    42.180080
-0.472017  0.549563 -0.689333     2.121207
 0.818169 -0.018132 -0.574692    39.385878
>structures/Aspartyl.B.Firmicutes.NC_015687.1.pdb
 0.161172 -0.985956  0.043745    42.001188
-0.738993 -0.149943 -0.656815     9.424020
 0.654150  0.073534 -0.752782    36.277790
>structures/Aspartyl.B.Fusobacteria.NC_013515.1.pdb
 0.761778  0.558026  0.329090    40.959108
 0.332456 -0.772725  0.540712     7.046000
 0.556028 -0.302495 -0.774164    36.936081
>structures/Aspartyl.B.Spirochaetes.NC_014330.1.pdb
-0.299135 -0.706766 -0.641093    39.229006
-0.746922  0.591541 -0.303623     8.753525
 0.593824  0.388022 -0.704849    38.179216
>structures/Aspartyl.E.Apicomplexa.NC_011903.2.pdb
-0.434360 -0.586492 -0.683637    40.688394
-0.563944  0.768881 -0.301312     8.794656
 0.702352  0.254655 -0.664720    31.401125
>structures/Aspartyl.E.Evosea.NC_007087.3.pdb
-0.515121 -0.529372 -0.674103    39.406663
-0.504734  0.823000 -0.260604     1.195490
 0.692744  0.206000 -0.691137    39.641418
>structures/Aspartyl.E.Rhodophyta.NC_010136.1.pdb
-0.585794 -0.540660 -0.603765    36.159242
-0.510438  0.824771 -0.243322     8.241514
 0.629523  0.165648 -0.759119    30.470491
>structures/Asp_Bact_1c0a_E_coli.pdb
-0.195820 -0.959833  0.200935    89.007945
-0.938889  0.242656  0.244141    54.627785
-0.283093 -0.140848 -0.948694    54.210379
>structures/Asp_Bact_1n9w_T_thermophilus.pdb
 0.927582  0.373104 -0.019617     7.016477
-0.322004  0.824961  0.464493    -8.688374
 0.189487 -0.424539  0.885359   -32.189770
>structures/Asp_Euk_1EOV_S_cerevisiae.pdb
-0.335396  0.924155  0.182887    14.772145
-0.480657 -0.000904 -0.876908    54.250916
-0.810233 -0.382018  0.444505    10.520754
