>../../../../class2/asp2//data/domains/Catalytic_domain/structures/Asp_Arch_1b8a_T_kodarensis.pdb
-0.980575 -0.186145  0.061822    27.712829
-0.186803  0.790185 -0.583706    22.709487
 0.059803 -0.583916 -0.809608    34.119290
>../../../../class2/asp2//data/domains/Catalytic_domain/structures/Aspartyl.E.Apicomplexa.NC_011903.2.pdb
 0.725824  0.507332  0.464536    -7.269802
-0.657747  0.709555  0.252787     6.458077
-0.201367 -0.489026  0.848708     3.991325
>../../../../class2/asp2//data/domains/Catalytic_domain/structures/Aspartyl.E.Rhodophyta.NC_010136.1.pdb
 0.756499  0.444760  0.479476    -6.377257
-0.607937  0.748501  0.264875     6.474005
-0.241083 -0.491869  0.836626     4.621877
>../../../../class2/asp2//data/domains/Catalytic_domain/structures/Asp_Bact_1n9w_T_thermophilus.pdb
-0.850888 -0.497555  0.168605    11.878824
-0.499706  0.865585  0.032516    24.195140
-0.162120 -0.056586 -0.985147    70.206581
>../../../../class2/asp2//data/domains/Catalytic_domain/structures/Asp_Euk_1EOV_S_cerevisiae.pdb
 0.182839 -0.983142  0.001577     7.158573
-0.028524 -0.006908 -0.999569    60.836727
 0.982729  0.182715 -0.029307     5.125664
>../../../../class2/pyl//data/domains/Catalytic_domain/structures/Pyl_Arch_2Q7E_M_mazei.pdb
-0.418997  0.495083 -0.761140     5.203711
 0.809758  0.582976 -0.066564   -30.557672
 0.410772 -0.644229 -0.645163    35.038771
>../../../../class2/pyl//data/domains/Catalytic_domain/structures/Pyl_Arch_2ZNJ_D_hafniense.pdb
 0.358806  0.591253 -0.722273   -48.497555
-0.257356  0.806470  0.532329    26.050293
 0.897233 -0.005121  0.441528   -28.520361
>../../../../class2/pyl//data/domains/Catalytic_domain/structures/Pyl_Arch_6jp2_M_alvus.pdb
-0.535835 -0.312175 -0.784492    32.668102
-0.434123  0.898777 -0.061131    -0.021031
 0.724167  0.307810 -0.617118   -27.176253
>../../../../class2/pyl//data/domains/Catalytic_domain/structures/Pyrrolysyl.A.Euryarchaeota.NC_007955.1.pdb
 1.000000  0.000000  0.000000    -0.000000
 0.000000  1.000000  0.000000     0.000000
 0.000000  0.000000  1.000000    -0.000000
