>../../../../class1/cys//data/domains/Catalytic_domain/structures/CysRS_AF_Arch_Aciduliprofundum_boonei_T469_gene8827372.pdb
-0.529801 -0.719192 -0.449526    79.653281
-0.270228 -0.359258  0.893258    92.167555
-0.803920  0.594724 -0.004011    51.381324
>../../../../class1/cys//data/domains/Catalytic_domain/structures/CysRS_AF_Arch_Candidatus_Nitrosopumilus_sediminis_gene13696907.pdb
-0.411335 -0.906294 -0.097130    85.868632
-0.193177 -0.017462  0.981009    93.122406
-0.890778  0.422287 -0.167892    56.480355
>../../../../class1/cys//data/domains/Catalytic_domain/structures/CysRS_AF_Arch_Methanospirillum_hungatei_JF-1_gene3922979.pdb
 0.612667  0.228567  0.756569    79.812127
-0.790339  0.175123  0.587108    87.389289
 0.001701 -0.957648  0.287937    54.470542
>../../../../class1/cys//data/domains/Catalytic_domain/structures/CysRS_AF_Arch_Pyrobaculum_ferrireducens_gene11593896.pdb
 0.301552  0.635887  0.710432    82.263998
-0.933327  0.044595  0.356247    92.368741
 0.194851 -0.770493  0.606938    57.072274
>../../../../class1/cys//data/domains/Catalytic_domain/structures/CysRS_AF_Bact_Bordetella_avium_197N_gene41394405.pdb
 0.427706 -0.216834  0.877525    82.685716
-0.866691  0.177363  0.466251    91.272011
-0.256740 -0.959961 -0.112069    56.476240
>../../../../class1/cys//data/domains/Catalytic_domain/structures/CysRS_AF_Bact_Lactobacillus_amylovorus_GRL1118_gene66523130.pdb
 0.535929  0.234074  0.811165    81.115351
-0.844263  0.148334  0.514992    91.481172
 0.000223 -0.960836  0.277116    56.160104
>../../../../class1/cys//data/domains/Catalytic_domain/structures/CysRS_AF_Bact_Mycobacterium_canettii_CIPT_140010059_gene45427568.pdb
 0.175316 -0.899041 -0.401235    82.116995
 0.376059  0.437797 -0.816648    91.301841
 0.909859 -0.007717  0.414845    54.913605
>../../../../class1/cys//data/domains/Catalytic_domain/structures/CysRS_AF_Bact_Mycoplasma_hyopneumoniae_168-L_gene57101512.pdb
 0.379881  0.446633  0.810068    82.323400
-0.913052  0.040542  0.405823    89.377345
 0.148412 -0.893798  0.423200    55.690255
>../../../../class1/cys//data/domains/Catalytic_domain/structures/CysRS_AF_Bact_Porphyromonas_gingivalis_ATCC_33277_gene29256960.pdb
-0.220307 -0.951455 -0.214938    83.073394
-0.318669 -0.138057  0.937758    91.779946
-0.921908  0.275089 -0.272784    50.822822
>../../../../class1/cys//data/domains/Catalytic_domain/structures/CysRS_AF_Bact_Prochlorococcus_marinus_subsp_marinus_str_CCMP1375_gene54200571.pdb
-0.214118  0.910292  0.354292    81.494601
-0.904725 -0.321559  0.279416    90.082687
 0.368276 -0.260709  0.892415    54.584945
>../../../../class1/cys//data/domains/Catalytic_domain/structures/CysRS_AF_Bact_Streptobacillus_moniliformis_DSM_12112_gene29673427.pdb
-0.728554 -0.329708 -0.600418    76.850678
-0.436098 -0.452686  0.777749    91.768598
-0.528231  0.828473  0.186022    52.064020
>../../../../class1/cys//data/domains/Catalytic_domain/structures/CysRS_AF_Bact_Treponema_pallidum_subsp_pertenue_str_SamoaD_gene57878631.pdb
-0.325374 -0.915495 -0.236646    81.370499
-0.220147 -0.170045  0.960531    89.968618
-0.919602  0.364628 -0.146215    50.826279
>../../../../class1/cys//data/domains/Catalytic_domain/structures/CysRS_AF_Euk_Arabidopsis_thaliana_gene833874.pdb
 0.347984  0.337773  0.874538    83.091046
-0.924650 -0.030266  0.379614    94.722623
 0.154691 -0.940741  0.301789    56.628277
>../../../../class1/cys//data/domains/Catalytic_domain/structures/CysRS_AF_Euk_Cyanidioschyzon_merolae_strain_10D_gene16993418.pdb
-0.419493  0.879907  0.223135    84.421854
-0.865423 -0.461850  0.194260    99.160546
 0.273986 -0.111615  0.955235    60.646417
>../../../../class1/cys//data/domains/Catalytic_domain/structures/CysRS_AF_Euk_Drosophila_melanogaster_gene36784.pdb
-0.631587  0.720387 -0.286601    86.855398
-0.762057 -0.508776  0.400520    95.291417
 0.142714  0.471370  0.870312    54.743760
>../../../../class1/cys//data/domains/Catalytic_domain/structures/CysRS_AF_Euk_Micromonas_commoda_gene8246535.pdb
 0.495536 -0.782899  0.376182    83.911050
 0.601572 -0.003063 -0.798813    94.840967
 0.626542  0.622141  0.469452    56.898197
>../../../../class1/cys//data/domains/Catalytic_domain/structures/CysRS_AF_Mito_Morone_saxatilis_gene118339815.pdb
 0.015201 -0.985976 -0.166191    80.315039
-0.383793 -0.159232  0.909587    91.122967
-0.923294  0.049957 -0.380832    58.185140
>../../../../class1/cys//data/domains/Catalytic_domain/structures/CysRS_AF_Mito_Saccharomyces_cerevisiae_S288C_gene855474.pdb
-0.243077 -0.709091 -0.661894    85.686623
-0.622339 -0.409403  0.667146    94.827743
-0.744048  0.574090 -0.341778    54.573813
>../../../../class1/cys//data/domains/Catalytic_domain/structures/CysRS_AF_Vir_Megavirus_chiliensis_gene11257271.pdb
 0.797666 -0.161644  0.581034    87.744703
 0.550016 -0.200250 -0.810792    91.911594
 0.247411  0.966318 -0.070826    55.213828
>../../../../class1/cys//data/domains/Catalytic_domain/structures/CysRS_PDB_Bact_E_coli_1LI5.pdb
 1.000000  0.000000  0.000000     0.000000
 0.000000  1.000000  0.000000     0.000000
 0.000000  0.000000  1.000000     0.000000
>../../../../class1/cys//data/domains/Catalytic_domain/structures/CysRS_PDB_Bact_M_smegmatis_3C8Z.pdb
 0.234638  0.593577 -0.769813    42.618238
 0.971299 -0.111362  0.210183    63.088195
 0.039032 -0.797035 -0.602670    37.969442
>../../../../class1/trp1//data/domains/Catalytic_domain/structures/TrpRS-A_AF_Arch_Natrialba_magadii_ATCC_43099_gene8824932.pdb
 0.103037 -0.722207 -0.683959    81.938200
 0.955736  0.262402 -0.133097    88.261408
 0.275596 -0.639970  0.717276    51.461122
>../../../../class1/trp1//data/domains/Catalytic_domain/structures/TrpRS-A_AF_Arch_Nitrosopumilus_maritimus_SCM1_gene5773245.pdb
 0.263438 -0.776426 -0.572505    82.744659
 0.898025  0.414147 -0.148436    89.535128
 0.352351 -0.475020  0.806353    50.006789
>../../../../class1/trp1//data/domains/Catalytic_domain/structures/TrpRS-A_AF_Arch_Sulfolobus_islandicus_M1627_gene7814138.pdb
-0.234176 -0.964850  0.119274    83.667131
-0.830093  0.262301  0.492081    86.107364
-0.506070  0.016225 -0.862340    48.664431
>../../../../class1/trp1//data/domains/Catalytic_domain/structures/TrpRS-A_AF_Arch_Thermoplasma_acidophilum_DSM_1728_gene1456706.pdb
 0.949199  0.258568 -0.179344    77.517155
-0.198239  0.048733 -0.978942    86.619961
-0.244383  0.964763  0.097516    51.395795
>../../../../class1/trp1//data/domains/Catalytic_domain/structures/TrpRS-A_AF_Euk_Cryptococcus_neoformans_var_neoformans_JEC21_gene3254069.pdb
 0.663842  0.722014  0.194962    82.512053
-0.122793  0.362378 -0.923907    88.810897
-0.737724  0.589388  0.329220    51.878869
>../../../../class1/trp1//data/domains/Catalytic_domain/structures/TrpRS-A_AF_Euk_Cyanidioschyzon_merolae_strain_10D_gene16993299.pdb
 0.760447 -0.646911 -0.056801    83.130139
 0.600451  0.733748 -0.317920    89.450363
 0.247344  0.207655  0.946414    50.721621
>../../../../class1/trp1//data/domains/Catalytic_domain/structures/TrpRS-A_AF_Euk_Drosophila_melanogaster_gene45399.pdb
 0.498310 -0.848834 -0.176544    85.864405
 0.768806  0.526744 -0.362599    91.047430
 0.400780  0.044959  0.915071    55.682310
>../../../../class1/trp1//data/domains/Catalytic_domain/structures/TrpRS-A_AF_Euk_Saccharomyces_cerevisiae_S288C_gene854056.pdb
-0.153056  0.746818 -0.647176    82.446201
 0.365143 -0.565808 -0.739278    88.798811
-0.918284 -0.349462 -0.186095    52.515300
>../../../../class1/trp1//data/domains/Catalytic_domain/structures/TrpRS-A_AF_Vir_Megavirus_chiliensis_gene11257301.pdb
 0.465516 -0.793945 -0.391084    82.147588
 0.859130  0.511513 -0.015790    87.975446
 0.212581 -0.328641  0.920220    50.711408
>../../../../class1/trp1//data/domains/Catalytic_domain/structures/TrpRS-A_PDB_Arch_P_hori_3JXE.pdb
-0.492543  0.247070  0.834480    49.462613
-0.667668  0.507765 -0.544421    51.033345
-0.558230 -0.825307 -0.085136    52.659639
>../../../../class1/trp1//data/domains/Catalytic_domain/structures/TrpRS-A_PDB_Euk_S_Cerevisiae_3KT3.pdb
 0.850228  0.309864 -0.425555   195.966118
-0.262613  0.950293  0.167267    24.323616
 0.456232 -0.030459  0.889340   143.048625
