>../../../../class2/asp2//data/domains/Catalytic_domain/structures/Asp_Arch_1b8a_T_kodarensis.pdb
-0.623459 -0.483734  0.614248     7.473257
-0.617145  0.786820 -0.006761    12.976046
-0.480032 -0.383296 -0.789084    45.001969
>../../../../class2/asp2//data/domains/Catalytic_domain/structures/Aspartyl.E.Apicomplexa.NC_011903.2.pdb
 0.997980  0.062889 -0.009041    -0.495573
-0.063006  0.997925 -0.013274     0.027685
 0.008187  0.013817  0.999871    -0.924059
>../../../../class2/asp2//data/domains/Catalytic_domain/structures/Aspartyl.E.Rhodophyta.NC_010136.1.pdb
 1.000000  0.000000  0.000000     0.000000
 0.000000  1.000000  0.000000     0.000000
 0.000000  0.000000  1.000000     0.000000
>../../../../class2/asp2//data/domains/Catalytic_domain/structures/Asp_Bact_1n9w_T_thermophilus.pdb
-0.299367 -0.897424  0.324051   -11.413756
-0.670789  0.439483  0.597408   -12.172985
-0.678543 -0.038525 -0.733550    68.728027
>../../../../class2/asp2//data/domains/Catalytic_domain/structures/Asp_Euk_1EOV_S_cerevisiae.pdb
-0.071792 -0.800554  0.594945   -21.928740
-0.450313 -0.506216 -0.735502    46.337000
 0.889980 -0.320715 -0.324158    23.092671
>../../../../class2/gly2//data/domains/Catalytic_domain/structures/GlyT_Bact_1j5w_T_maritima.pdb
-0.560748 -0.297852 -0.772558    52.882202
-0.819690  0.331457  0.467167    18.072397
 0.116923  0.895221 -0.430010   -64.797744
>../../../../class2/gly2//data/domains/Catalytic_domain/structures/GlyT_Bact_3ufg_C_jejuni.pdb
-0.264813 -0.505710  0.821055    27.950685
-0.883575 -0.213774 -0.416647    36.018064
 0.386223 -0.835798 -0.390223     2.204657
>../../../../class2/gly2//data/domains/Catalytic_domain/structures/GlyT_Bact_5f5w_A_aeolicus.pdb
 0.386655  0.843874  0.371988    16.276846
-0.143243 -0.343510  0.928161     6.645791
 0.911032 -0.412163 -0.011941    37.120511
