>../../../../class2/asp2//data/domains/Catalytic_domain/structures/AsxRS_AF_Arch_Candidatus_Korarchaeum_cryptofilum_OPF8_gene6094477.pdb
 0.942396 -0.322977 -0.087042     1.683395
 0.312716  0.758302  0.572003     1.663913
-0.118740 -0.566272  0.815620    -0.603292
>../../../../class2/asp2//data/domains/Catalytic_domain/structures/AsxRS_AF_Arch_Candidatus_Methanomassiliicoccus_intestinalis_Issoire-Mx1_gene16154831.pdb
 0.873608 -0.458940 -0.161809     0.460682
 0.446569  0.623962  0.641286     1.353040
-0.193350 -0.632492  0.750047     0.149815
>../../../../class2/asp2//data/domains/Catalytic_domain/structures/AsxRS_AF_Arch_Candidatus_Nitrosopumilus_koreensis_AR1_gene13725312.pdb
 0.503219 -0.709225 -0.493730     3.536561
 0.715866  0.022094  0.697888     6.274496
-0.484051 -0.704636  0.518829     0.707445
>../../../../class2/asp2//data/domains/Catalytic_domain/structures/AsxRS_AF_Arch_Methanobacterium_lacus_gene10277817.pdb
 0.046485 -0.527903 -0.848032     0.383599
 0.566556 -0.685263  0.457634     7.192032
-0.822711 -0.501731  0.267232    -0.757726
>../../../../class2/asp2//data/domains/Catalytic_domain/structures/AsxRS_AF_Bact_Candidatus_Liptonbacteria_bacterium_proteinMBI4085034.1.pdb
-0.676000 -0.732822  0.077431    -0.628179
-0.618262  0.506851 -0.600712    -5.249943
 0.400969 -0.453953 -0.795707     0.426477
>../../../../class2/asp2//data/domains/Catalytic_domain/structures/AsxRS_AF_Bact_Clostridium_acetobutylicum_DSM_1731_gene45000055.pdb
 1.000000  0.000000  0.000000     0.000000
 0.000000  1.000000  0.000000     0.000000
 0.000000  0.000000  1.000000     0.000000
>../../../../class2/asp2//data/domains/Catalytic_domain/structures/AsxRS_AF_Bact_Spirochaetes_bacterium_GWE1_32_154_proteinOHD39701.1.pdb
 0.336678 -0.535656 -0.774417     1.437136
 0.642337 -0.470711  0.604842     1.545250
-0.688514 -0.701073  0.185593     0.432759
>../../../../class2/asp2//data/domains/Catalytic_domain/structures/AsxRS_AF_Bact_Tropheryma_whipplei_TW08_27_gene67388547.pdb
-0.000130  0.432402  0.901681     1.006027
 0.641948 -0.691327  0.331619     1.443469
 0.766749  0.578875 -0.277489     0.352245
>../../../../class2/asp2//data/domains/Catalytic_domain/structures/AsxRS_AF_Euk_Caenorhabditis_elegans_gene176334.pdb
 0.999302 -0.010562 -0.035836    -2.265743
 0.008438  0.998227 -0.058924    -0.500080
 0.036394  0.058581  0.997619     1.985351
>../../../../class2/asp2//data/domains/Catalytic_domain/structures/AsxRS_AF_Euk_Cryptococcus_neoformans_var_neoformans_JEC21_gene3258977.pdb
 0.322137 -0.792008 -0.518606    -1.836721
 0.371995 -0.397846  0.838653   -12.600948
-0.870545 -0.463079  0.166462    -0.479196
>../../../../class2/asp2//data/domains/Catalytic_domain/structures/AsxRS_AF_Euk_Thalassiosira_pseudonana_CCMP1335_gene7443135.pdb
 0.994449 -0.101535 -0.027619    -0.458710
 0.103386  0.991664  0.076896     0.477576
 0.019581 -0.079325  0.996656     0.902081
>../../../../class2/asp2//data/domains/Catalytic_domain/structures/AsxRS_AF_Euk_Theileria_orientalis_strain_Shintoku_gene20715543.pdb
 0.993880  0.076287 -0.079898    -3.148467
-0.090315  0.977617 -0.190020    -0.446362
 0.063613  0.196073  0.978524     2.346818
>../../../../class2/asp2//data/domains/Catalytic_domain/structures/AsxRS_PDB_Arch_T_kodarensis_1b8a.pdb
 0.294112 -0.518908  0.802641   -29.802313
-0.764059 -0.632174 -0.128727    38.513644
 0.574206 -0.575405 -0.582406     6.617859
>../../../../class2/asp2//data/domains/Catalytic_domain/structures/AsxRS_PDB_Bact_T_thermophilus_1n9w.pdb
 0.615409 -0.748933  0.245707   -38.914591
-0.681092 -0.662176 -0.312468    43.390276
 0.396719  0.024946 -0.917601    44.682585
>../../../../class2/asp2//data/domains/Catalytic_domain/structures/AsxRS_PDB_Euk_S_cerevisiae_1EOV.pdb
-0.284929  0.042925  0.957587   -53.559675
 0.587093 -0.781877  0.209737     1.264297
 0.757718  0.621953  0.197578   -15.894314
>../../../../class2/gly2//data/domains/Catalytic_domain/structures/GlyRS-Bα_AF_Bact_Brachyspira_pilosicoli_95_1000_gene56440230.pdb
-0.683438  0.340621 -0.645670     6.291965
-0.109217 -0.922224 -0.370910    -3.623324
-0.721792 -0.182976  0.667485   -12.612437
>../../../../class2/gly2//data/domains/Catalytic_domain/structures/GlyRS-Bα_AF_Bact_Chlamydia_pneumoniae_TW-183_gene45051002.pdb
 0.018050  0.999728 -0.014798    27.403085
-0.209485  0.018254  0.977642     0.797677
 0.977645 -0.014547  0.209757   -10.137097
>../../../../class2/gly2//data/domains/Catalytic_domain/structures/GlyRS-Bα_AF_Bact_Lacticaseibacillus_paracasei_gene61269714.pdb
-0.671174 -0.198749 -0.714160     5.487703
-0.141961  0.980019 -0.139320    -2.623989
 0.727580  0.007876 -0.685978   -11.338453
>../../../../class2/gly2//data/domains/Catalytic_domain/structures/GlyRS-Bα_AF_Bact_Prochlorococcus_marinus_subsp_marinus_str_CCMP1375_gene54200602.pdb
-0.267037 -0.732658 -0.626022     4.883761
-0.801392  0.529617 -0.277988    -2.360169
 0.535222  0.427455 -0.728574   -11.464608
>../../../../class2/gly2//data/domains/Catalytic_domain/structures/GlyRS-Bα_AF_Bact_Salmonella_enterica_subsp_enterica_serovar_Typhimurium_str_LT2_gene1255180.pdb
 0.302482 -0.869435  0.390625     6.257069
-0.657306 -0.487059 -0.575085    -1.083696
 0.690256 -0.082808 -0.718811   -11.218920
>../../../../class2/gly2//data/domains/Catalytic_domain/structures/GlyRS-Bα_AF_Bact_Streptobacillus_moniliformis_DSM_12112_gene29673275.pdb
-0.437774 -0.501023 -0.746545     5.447625
-0.677610  0.729606 -0.092304    -2.399429
 0.590930  0.465459 -0.658900   -11.596364
>../../../../class2/gly2//data/domains/Catalytic_domain/structures/GlyRS-Bα_AF_Euk_Ostreococcus_tauri_gene9837276.pdb
 0.843134  0.350912  0.407414    25.936427
-0.128573 -0.604142  0.786436    -0.357257
 0.522106 -0.715453 -0.464255   -10.085681
>../../../../class2/gly2//data/domains/Catalytic_domain/structures/GlyRS-Bα_AF_Euk_Vulpes_lagopus_gene121489478.pdb
 0.852306  0.390102  0.348418     1.950268
-0.337524 -0.098669  0.936131    -2.932295
 0.399565 -0.915470  0.047573   -13.468305
>../../../../class2/gly2//data/domains/Catalytic_domain/structures/GlyRS-Bα_AF_Mito_Nymphaea_colorata_gene116265348.pdb
 0.022940  0.947129 -0.320032    27.971562
-0.492257  0.289323  0.820960     0.967448
 0.870147  0.138706  0.472868   -12.004621
>../../../../class2/gly2//data/domains/Catalytic_domain/structures/GlyRS-Bα_PDB_Bact_A_aeolicus_5f5w.pdb
-0.240672  0.912409 -0.331039   -17.291522
 0.920593  0.322653  0.220006    38.925064
 0.307546 -0.251803 -0.917611     4.392482
>../../../../class2/gly2//data/domains/Catalytic_domain/structures/GlyRS-Bα_PDB_Bact_C_jejuni_3ufg.pdb
 0.136987  0.348475  0.927254    -7.395352
 0.123365 -0.934792  0.333083    21.242477
 0.982861  0.068762 -0.171044   -38.351774
>../../../../class2/gly2//data/domains/Catalytic_domain/structures/GlyRS-Bα_PDB_Bact_T_maritima_1j5w.pdb
 0.114877 -0.889791 -0.441673    56.092331
-0.286865  0.395960 -0.872310    -6.399105
 0.951058  0.226908 -0.209763   -61.667858
