>structures/Asp_Arch_1b8a_T_kodarensis.pdb
-0.384811 -0.765929  0.515047     0.452628
-0.724753  0.596277  0.345235     9.018981
-0.571536 -0.240432 -0.784563    53.432956
>structures/Aspartyl.B.Bacteroidota.NC_010729.1.pdb
 0.468123 -0.711407  0.524176    -0.823096
-0.867752 -0.482145  0.120595    -1.463401
 0.166936 -0.511308 -0.843028     1.792454
>structures/Aspartyl.B.Chlamydiae.NC_002620.2.pdb
 0.947964 -0.190963  0.254751     4.627411
 0.288680  0.852999 -0.434806    -2.795990
-0.134270  0.485722  0.863739     1.448480
>structures/Aspartyl.B.Firmicutes.NC_015687.1.pdb
 0.875262  0.483503  0.011904    -2.829093
-0.299025  0.560326 -0.772412    -0.268063
-0.380133  0.672503  0.635011     0.051939
>structures/Aspartyl.B.Fusobacteria.NC_013515.1.pdb
-0.120438  0.318845 -0.940124    -0.902710
-0.014162 -0.947473 -0.319523     1.678834
-0.992620 -0.025169  0.118627     2.074680
>structures/Aspartyl.B.Spirochaetes.NC_014330.1.pdb
 1.000000  0.000000  0.000000     0.000000
 0.000000  1.000000  0.000000     0.000000
 0.000000  0.000000  1.000000     0.000000
>structures/Aspartyl.E.Apicomplexa.NC_011903.2.pdb
 0.947891 -0.310699  0.070493    -5.222799
 0.318517  0.929094 -0.187969     1.047566
-0.007093  0.200627  0.979642     5.783739
>structures/Aspartyl.E.Evosea.NC_007087.3.pdb
 0.932759 -0.360498 -0.001683     4.883171
 0.360294  0.932370 -0.029567    -0.666614
 0.012228  0.026973  0.999561     1.970777
>structures/Aspartyl.E.Rhodophyta.NC_010136.1.pdb
 0.923406 -0.380492  0.050477    -4.961603
 0.383660  0.911134 -0.150467     1.238113
 0.011260  0.158308  0.987326     6.866956
>structures/Asp_Bact_1c0a_E_coli.pdb
 0.621095  0.025247 -0.783329   -42.337450
-0.563029  0.709651 -0.423549     4.452615
 0.545197  0.704101  0.454975   -55.958406
>structures/Asp_Bact_1n9w_T_thermophilus.pdb
-0.100618 -0.991895  0.077590    -9.099946
-0.629966  0.123877  0.766680   -22.980473
-0.770078  0.028263 -0.637324    73.097298
>structures/Asp_Euk_1EOV_S_cerevisiae.pdb
 0.131084 -0.524455  0.841287   -43.102674
-0.561050 -0.738882 -0.373197    30.884448
 0.817337 -0.423084 -0.391101    35.134395
