>structures/Asp_Arch_1b8a_T_kodarensis.pdb
-0.501314 -0.518777  0.692499    -7.445294
-0.820493  0.539124 -0.190095    36.265632
-0.274726 -0.663488 -0.695923    38.690897
>structures/Aspartyl.B.Bacteroidota.NC_010729.1.pdb
 0.171249 -0.744520  0.645263    -4.838371
-0.748147 -0.524415 -0.406529     2.344479
 0.641054 -0.413133 -0.646815    -1.672930
>structures/Aspartyl.B.Chlamydiae.NC_002620.2.pdb
 1.000000  0.000000  0.000000     0.000000
 0.000000  1.000000  0.000000     0.000000
 0.000000  0.000000  1.000000     0.000000
>structures/Aspartyl.B.Firmicutes.NC_015687.1.pdb
 0.795063  0.529482 -0.295844    -6.124874
-0.606062  0.712631 -0.353334     2.896979
 0.023744  0.460223  0.887486    -4.217405
>structures/Aspartyl.B.Fusobacteria.NC_013515.1.pdb
 0.015270  0.033196 -0.999332    -4.018414
-0.470484 -0.881654 -0.036476     5.165596
-0.882276  0.470727  0.002156    -2.839158
>structures/Aspartyl.B.Spirochaetes.NC_014330.1.pdb
 0.948383  0.287225 -0.134430    -3.370275
-0.189488  0.853147  0.486040     2.582604
 0.254292 -0.435479  0.863535    -3.659140
>structures/Aspartyl.E.Apicomplexa.NC_011903.2.pdb
 0.991671 -0.048539 -0.119300    -8.881336
 0.082816  0.949703  0.302002     7.246604
 0.098640 -0.309367  0.945813    -0.427212
>structures/Aspartyl.E.Evosea.NC_007087.3.pdb
 0.986885 -0.077487 -0.141613     0.841187
 0.134811  0.878164  0.458970     2.022005
 0.088795 -0.472042  0.877093    -0.429414
>structures/Aspartyl.E.Rhodophyta.NC_010136.1.pdb
 0.984420 -0.119854 -0.128652    -8.636289
 0.157872  0.924628  0.346610     7.970184
 0.077413 -0.361521  0.929145     0.587428
>structures/Asp_Bact_1c0a_E_coli.pdb
 0.355581  0.133370 -0.925081   -34.767984
-0.333547  0.942702  0.007702   -12.813245
 0.873103  0.305819  0.379693   -64.627543
>structures/Asp_Bact_1n9w_T_thermophilus.pdb
-0.185096 -0.906632  0.379154   -28.111200
-0.895591  0.314450  0.314703    21.280550
-0.404545 -0.281316 -0.870175    67.418024
>structures/Asp_Euk_1EOV_S_cerevisiae.pdb
-0.154977 -0.652615  0.741671   -40.129228
-0.103119 -0.735954 -0.669132    54.287012
 0.982522 -0.180181  0.046759     1.899256
