>structures/Asparaginyl.E.Evosea.NC_007087.3.pdb
 0.737722  0.673428  0.047550    -4.090545
-0.192894  0.277759 -0.941086     2.529289
-0.646961  0.685088  0.334809     4.769074
>structures/Asp_Arch_1b8a_T_kodarensis.pdb
-0.388175 -0.760678  0.520277     0.230659
-0.722598  0.601610  0.340467     9.061145
-0.571990 -0.243791 -0.783195    53.499679
>structures/Aspartyl.B.Bacteroidota.NC_010729.1.pdb
 0.467447 -0.712167  0.523748    -0.835417
-0.868392 -0.480830  0.121234    -1.501731
 0.165494 -0.511489 -0.843203     1.751924
>structures/Aspartyl.B.Chlamydiae.NC_002620.2.pdb
 0.947635 -0.188929  0.257476     4.664484
 0.288692  0.851506 -0.437714    -2.849917
-0.136545  0.489125  0.861460     1.332417
>structures/Aspartyl.B.Firmicutes.NC_015687.1.pdb
 0.874697  0.484515  0.012247    -2.821750
-0.298482  0.558415 -0.774004    -0.300102
-0.381855  0.673363  0.633063    -0.017483
>structures/Aspartyl.B.Fusobacteria.NC_013515.1.pdb
-0.123716  0.318997 -0.939646    -0.851293
-0.012399 -0.947344 -0.319977     1.662303
-0.992240 -0.027936  0.121156     2.002791
>structures/Aspartyl.B.Spirochaetes.NC_014330.1.pdb
 1.000000  0.000000  0.000000     0.000000
 0.000000  1.000000  0.000000     0.000000
 0.000000  0.000000  1.000000     0.000000
>structures/Aspartyl.E.Apicomplexa.NC_011903.2.pdb
 0.950715 -0.303684  0.062591    -5.419536
 0.310065  0.931889 -0.188262     0.988049
-0.001156  0.198391  0.980122     5.813271
>structures/Aspartyl.E.Evosea.NC_007087.3.pdb
 0.932817 -0.360348  0.001116     4.914507
 0.360198  0.932329 -0.031932    -0.680497
 0.010467  0.030189  0.999489     1.914250
>structures/Aspartyl.E.Rhodophyta.NC_010136.1.pdb
 0.925415 -0.376118  0.046275    -5.074358
 0.378678  0.913155 -0.150837     1.194786
 0.014476  0.157111  0.987475     6.887711
>structures/Asp_Bact_1c0a_E_coli.pdb
 0.622519  0.026412 -0.782159   -42.407918
-0.563051  0.709256 -0.424180     4.423870
 0.543548  0.704456  0.456397   -55.895112
>structures/Asp_Euk_1EOV_S_cerevisiae.pdb
 0.115018 -0.524832  0.843399   -43.503521
-0.560958 -0.735017 -0.380888    31.224203
 0.819815 -0.429303 -0.378949    34.605391
