>structures/Arg_Arch_2ZUF_P.hori.pdb
-0.638164  0.418705  0.646091    50.432443
 0.765966  0.260547  0.587718   -14.354540
 0.077743  0.869943 -0.486986    13.161834
>structures/Cys_Bact_3C8Z_M_smegmatis.pdb
-0.513931 -0.857793 -0.008110    73.239557
-0.757077  0.457994 -0.465914    35.079498
 0.403373 -0.233308 -0.884793   -46.166990
>structures/Gln_Bact_2HZ7_D_radio.pdb
-0.760637  0.271797  0.589540     4.862808
-0.595988  0.067636 -0.800140   104.602002
-0.257350 -0.959975  0.110541    51.391260
>structures/Glu_Bact_1J09_T_therm.pdb
 1.000000  0.000000  0.000000     0.000000
 0.000000  1.000000  0.000000     0.000000
 0.000000  0.000000  1.000000     0.000000
>structures/Glutamyl.A.Candidatus_Korarchaeota.NC_010482.1.pdb
 0.168094 -0.240402  0.956008    38.496932
-0.238601 -0.950893 -0.197162    35.221419
 0.956459 -0.194963 -0.217199     7.047694
>structures/Ile_Euk_7D5C_S_cere.pdb
-0.396390 -0.096734  0.912972    12.285435
 0.913914 -0.136233  0.382364    11.132544
 0.087389  0.985943  0.142408   -17.029454
>structures/Leu_Bact_2V0C_T_therm.pdb
-0.370713 -0.139487  0.918213    30.769552
-0.091286  0.989343  0.113438    66.257866
-0.924250 -0.041767 -0.379496    18.028076
>structures/Lys_Arch_1IRX_P_hori.pdb
-0.314032 -0.879438  0.357732    61.759082
 0.876091 -0.123226  0.466132   -44.351062
-0.365853  0.459786  0.809165   -81.040211
>structures/Met_Bact_1PFV_E_coli.pdb
-0.852577 -0.387841 -0.350274    70.180438
 0.492900 -0.374027 -0.785591    51.454339
 0.173672 -0.842427  0.510054    -9.150347
>structures/Trp_Arch_3JXE_P_hori.pdb
 0.272674 -0.445675 -0.852656    75.688225
-0.522793  0.675349 -0.520184    -0.047476
 0.807673  0.587604 -0.048846     0.719699
>structures/Tyr_Bact_1H3F_T_therm.pdb
 0.375662 -0.383341 -0.843758    77.589763
 0.039065  0.916182 -0.398853     1.514095
 0.925933  0.116873  0.359150   -26.703653
>structures/Valyl.A.Candidatus_Korarchaeota.NC_010482.1.pdb
-0.652643 -0.333363 -0.680387    48.679944
-0.727690  0.525885  0.440355    29.875040
 0.211007  0.782505 -0.585800    -6.488917
