>structures/Arg_Arch_2ZUF_P.hori.pdb
-0.040783 -0.725960 -0.686527    46.248273
-0.243537 -0.659153  0.711482    41.755334
-0.969034  0.196211 -0.149916   117.763400
>structures/Cys_Bact_3C8Z_M_smegmatis.pdb
 0.721574  0.395547  0.568219    16.790886
-0.608613 -0.028835  0.792943   107.766507
 0.330030 -0.917993  0.219928    83.653326
>structures/Gln_Bact_2HZ7_D_radio.pdb
 1.000000  0.000000  0.000000     0.000000
 0.000000  1.000000  0.000000     0.000000
 0.000000  0.000000  1.000000     0.000000
>structures/Glu_Bact_1J09_T_therm.pdb
-0.760637 -0.595988 -0.257350    79.265913
 0.271797  0.067636 -0.959975    40.937759
 0.589540 -0.800140  0.110541    75.148534
>structures/Glutamyl.A.Candidatus_Korarchaeota.NC_010482.1.pdb
-0.214983  0.822773 -0.526144    27.305821
-0.897811  0.045515  0.438023    47.103443
 0.384341  0.566545  0.728909    69.433137
>structures/Ile_Euk_7D5C_S_cere.pdb
-0.352147 -0.163283 -0.921591    66.019711
-0.087970 -0.974531  0.206277    56.938294
-0.931801  0.153712  0.328815    66.324230
>structures/Leu_Bact_2V0C_T_therm.pdb
 0.581708 -0.558876 -0.590993     6.920221
 0.736494  0.053506  0.674325    35.335421
-0.345242 -0.827523  0.442734    44.626573
>structures/Lys_Arch_1IRX_P_hori.pdb
-0.094588  0.378542 -0.920739    95.534675
 0.369011 -0.845668 -0.385587   112.463733
-0.924599 -0.376235 -0.059696   137.122918
>structures/Met_Bact_1PFV_E_coli.pdb
 0.204410  0.759102  0.618045    -1.901711
-0.428061  0.637126 -0.640963    73.083253
-0.880330 -0.133542  0.455177    75.475045
>structures/Trp_Arch_3JXE_P_hori.pdb
-0.374965 -0.019383  0.926836     3.407868
-0.653026 -0.704104 -0.278917    60.144402
 0.657995 -0.709833  0.251357   123.240851
>structures/Tyr_Bact_1H3F_T_therm.pdb
-0.452977 -0.298586  0.840035    26.339840
-0.779778 -0.324050 -0.535666    97.437265
 0.432155 -0.897685 -0.086044   114.122157
>structures/Valyl.A.Candidatus_Korarchaeota.NC_010482.1.pdb
 0.854343 -0.373577  0.361300    25.520543
-0.497272 -0.789670  0.359364    61.072796
 0.151058 -0.486684 -0.860419    78.280671
