>structures/IleRS_AF_Arch_Candidatus_Korarchaeum_cryptofilum_OPF8_gene6094904.pdb
-0.912059 -0.354536 -0.206040    -1.819856
-0.368807  0.928875  0.034240     6.149851
 0.179246  0.107218 -0.977944     5.119570
>structures/IleRS_AF_Arch_Candidatus_Nitrosopumilus_sediminis_gene13697091.pdb
-0.091195 -0.332493 -0.938686    -1.622760
 0.104519 -0.940604  0.323018     7.312482
-0.990333 -0.068653  0.120530     6.140835
>structures/IleRS_AF_Arch_Pyrobaculum_aerophilum_str_IM2_gene1465853.pdb
 0.545447 -0.757924 -0.357826     0.835580
 0.746710  0.245529  0.618174     1.776454
-0.380672 -0.604373  0.699873     6.473988
>structures/IleRS_AF_Arch_Thermoplasma_acidophilum_DSM_1728_gene1456418.pdb
-0.448718 -0.821743  0.351270    -2.441482
-0.398429 -0.167885 -0.901703     5.313843
 0.799941 -0.544567 -0.252073     3.969626
>structures/IleRS_AF_Bact_Chlamydia_muridarum_str_Nigg_gene1246458.pdb
-0.217349  0.720081  0.658971    -3.939885
 0.676048 -0.375914  0.633757     8.124994
 0.704072  0.583243 -0.405105     4.702571
>structures/IleRS_AF_Bact_Lactobacillus_acidophilus_La-14_gene56942445.pdb
 0.873178 -0.476874 -0.100752    -0.774604
 0.463937  0.749828  0.471721     1.164821
-0.149405 -0.458639  0.875973     4.852436
>structures/IleRS_AF_Bact_Mycoplasma_hyopneumoniae_168-L_gene57100872.pdb
 0.884400 -0.465040  0.039676    -0.981191
 0.417756  0.826642  0.377019    -1.459866
-0.208127 -0.316860  0.925355     0.402148
>structures/IleRS_AF_Bact_Orientia_tsutsugamushi_str_Ikeda_gene66653313.pdb
 0.362859  0.854855 -0.370886     1.161432
-0.676327 -0.032196 -0.735897     9.447066
-0.641026  0.517868  0.566479     8.000970
>structures/IleRS_AF_Bact_Porphyromonas_gingivalis_ATCC_33277_gene29255747.pdb
 0.361243  0.892140 -0.271276     1.177418
-0.703195  0.069579 -0.707584     6.798457
-0.612389  0.446369  0.652483     1.958573
>structures/IleRS_AF_Bact_Streptobacillus_moniliformis_DSM_12112_gene29674186.pdb
 0.918136 -0.390188 -0.069131     5.474046
 0.366781  0.770755  0.520969     2.977300
-0.149993 -0.503677  0.850771     5.410843
>structures/IleRS_AF_Bact_Thermus_thermophilus_HB8_gene3168241.pdb
-0.398506  0.782807  0.477920    -3.372356
 0.669540 -0.107832  0.734907     7.796659
 0.626825  0.612851 -0.481149     3.103667
>structures/IleRS_AF_Bact_Treponema_pallidum_subsp_pertenue_str_SamoaD_gene57878975.pdb
-0.951885  0.305788  0.020217    -3.158970
 0.296103  0.900724  0.317836     5.708055
 0.078980  0.308530 -0.947930     4.247813
>structures/IleRS_AF_Euk_Cyanidioschyzon_merolae_strain_10D_gene16992835.pdb
 0.149334  0.073838  0.986026    -2.643612
 0.394099 -0.919023  0.009134     1.564212
 0.906855  0.387228 -0.166341     0.624099
>structures/IleRS_AF_Euk_Ostreococcus_lucimarinus_CCE9901_gene5000489.pdb
-0.993953  0.088521 -0.064981    -3.592868
 0.089977  0.995746 -0.019828     3.126003
 0.062949 -0.025555 -0.997690     5.437320
>structures/IleRS_AF_Euk_Trypanosoma_brucei_brucei_TREU927_gene3663037.pdb
-0.974710 -0.220942  0.033539    -2.209120
-0.222788  0.948963 -0.223239     4.258671
 0.017495 -0.225065 -0.974187     5.594112
>structures/IleRS_AF_Euk_Ustilago_maydis_521_gene23568123.pdb
 1.000000 -0.000000  0.000000     0.000000
 0.000000  1.000000  0.000000     0.000000
-0.000000  0.000000  1.000000     0.000000
>structures/IleRS_AF_Mito_Drosophila_melanogaster_gene39762.pdb
-0.136429  0.655914 -0.742405     2.767691
-0.481097 -0.698973 -0.529133    -0.460500
-0.865986  0.284980  0.410918    -2.146593
>structures/IleRS_AF_Mito_Homo_sapiens_gene55699.pdb
 0.914027 -0.397380 -0.081515     0.644915
 0.392843  0.817003  0.422115    -2.116553
-0.101142 -0.417847  0.902870     2.333668
>structures/IleRS_AF_Vir_Megavirus_chiliensis_gene11256744.pdb
 0.465853  0.868067 -0.171582    -0.150493
-0.720274  0.259369 -0.643376     8.706538
-0.513991  0.423305  0.746074     5.049980
>structures/IleRS_PDB_Bact_S_aureus_1QU2.pdb
 0.433032 -0.900879  0.030014    64.527770
 0.898653  0.428896 -0.092037   -48.542137
 0.070041  0.066827  0.995303   -86.447030
>structures/IleRS_PDB_Bact_T_therm_1ILE.pdb
-0.459189  0.874310  0.157251    -7.790166
 0.769597  0.303114  0.561999    45.566269
 0.443696  0.379083 -0.812053    -7.651817
>structures/IleRS_PDB_Euk_S_cere_7D5C.pdb
 0.981707  0.135277  0.133985   -10.865372
 0.178392 -0.407560 -0.895585    43.185121
-0.066545  0.903103 -0.424236    14.917962
