>structures/Ala_Bact_3HXV_E_coli.pdb
 0.624217  0.698829 -0.349273   -44.636941
-0.758993  0.436498 -0.483114     4.978373
-0.185157  0.566664  0.802875   -38.365424
>structures/Asn_Arch_1X54_P_horikoshii.pdb
-0.378889  0.604707  0.700552   -26.357827
 0.850762  0.525511  0.006516    11.137867
-0.364207  0.598472 -0.713572    48.930326
>structures/Asp_Arch_1b8a_T_kodarensis.pdb
 0.361878  0.318423  0.876157   -48.242756
-0.155439 -0.906088  0.393501    -4.592373
 0.919175 -0.278588 -0.278398     9.872519
>structures/Asp_Bact_1c0a_E_coli.pdb
 0.037826  0.154938 -0.987200   -22.184206
-0.548035  0.829302  0.109157     1.838463
 0.835600  0.536891  0.116280   -66.999846
>structures/Glycyl.A.Candidatus_Thermoplasmatota.NC_002689.2.pdb
 0.193304 -0.319163 -0.927776   -11.031422
 0.674936 -0.643064  0.361843    -2.336676
-0.712106 -0.696135  0.091108    10.372269
>structures/His_Bact_1HTT_E_coli.pdb
-0.626317  0.707943 -0.326410   -16.854681
-0.506906 -0.687941 -0.519407    29.570087
-0.592262 -0.159854  0.789729   -20.926685
>structures/His_Bact_4e51_B_thailandensis.pdb
-0.400440  0.529747  0.747674   -35.361377
 0.890406  0.417645  0.180972     4.872155
-0.216393  0.738201 -0.638931    47.197585
>structures/Lys_Bact_3E9H_G_stearothermophilus.pdb
-0.551742  0.596701 -0.582690   101.027920
 0.713559 -0.023949 -0.700185   -33.491883
-0.431757 -0.802106 -0.412568   -22.797248
>structures/Phe_Bact_1EIY.B_T_thermophilus.pdb
-0.418238 -0.887599  0.192991    26.889005
-0.651812  0.145295 -0.744332    20.683359
 0.632628 -0.437102 -0.639316    18.405912
>structures/Phe_Bact_1PYS.A_T_thermophilus.pdb
 0.516934  0.855989  0.007893   -71.414952
 0.854649 -0.516604  0.051911    19.050010
 0.048513 -0.020089 -0.998621    17.808632
>structures/Phe_Euk_3CMQ.H_sapiens.pdb
 0.282837 -0.876887 -0.388681    17.725867
 0.123411 -0.368589  0.921364     4.971291
-0.951196 -0.308563  0.003967     6.994187
>structures/Phe_Euk_3L4G.B_H_sapiens.pdb
-0.306719  0.934223  0.182073  -110.532702
 0.936662  0.330248 -0.116620   -63.081149
-0.169078  0.134772 -0.976345    -7.564702
>structures/Phe_Euk_3L4G.C_H_sapiens.pdb
-0.199127 -0.914762 -0.351511    82.837169
 0.786220 -0.363244  0.499912    28.056308
-0.584984 -0.176819  0.791536    76.613977
>structures/Pro_Arch_1nj8_M_janacshii.pdb
 0.168737  0.537167  0.826426   -85.145498
 0.250351  0.787595 -0.563044   -39.258989
-0.953337  0.301903 -0.001583    88.176846
>structures/Pro_Bact_2J3M_E_faecalis.pdb
 0.792803  0.289897  0.536119   -40.195010
-0.497627  0.815768  0.294770    28.074412
-0.351896 -0.500482  0.791004     2.689656
>structures/Pyl_Arch_2Q7E_M_mazei.pdb
-0.991096  0.129068 -0.032701    -0.677650
 0.128808  0.867246 -0.480929   -22.069694
-0.033713 -0.480859 -0.876150    50.879103
>structures/Ser_Arch_2cim_M_barkeri.pdb
 0.338316 -0.856959 -0.388797     9.944323
 0.609325 -0.115362  0.784483   -76.961775
-0.717123 -0.502307  0.483138    -8.734280
>structures/Seryl.B.Actinobacteria.NC_021064.1.pdb
 1.000000  0.000000  0.000000     0.000000
 0.000000  1.000000  0.000000     0.000000
 0.000000  0.000000  1.000000     0.000000
>structures/Thr_Bact_1evk_E_coli.pdb
-0.166632  0.153637 -0.973976    -1.213165
-0.696971 -0.717073  0.006129    65.342124
-0.697470  0.679854  0.226568   -11.854397
