>structures/Aspartyl.B.Bacteroidota.NC_010729.1.pdb
 0.528751 -0.381094  0.758412     3.428519
-0.188417 -0.923943 -0.332910    -0.133554
 0.827599  0.033129 -0.560341     3.584401
>structures/Aspartyl.B.Chlamydiae.NC_002620.2.pdb
 0.836206 -0.547019  0.039122     8.067682
 0.458261  0.736147  0.498081     1.198877
-0.301259 -0.398570  0.866247     3.270073
>structures/Aspartyl.B.Firmicutes.NC_015687.1.pdb
 1.000000  0.000000  0.000000     0.000000
 0.000000  1.000000  0.000000     0.000000
 0.000000  0.000000  1.000000     0.000000
>structures/Aspartyl.B.Fusobacteria.NC_013515.1.pdb
 0.240095  0.459060 -0.855347     2.171077
-0.757141 -0.462881 -0.460954     1.471077
-0.607529  0.758291  0.236438     1.085937
>structures/Aspartyl.B.Spirochaetes.NC_014330.1.pdb
 0.887933 -0.293250 -0.354373     1.724095
 0.458196  0.631562  0.625449     3.057919
 0.040396 -0.717729  0.695150    -0.785167
>structures/Aspartyl.E.Evosea.NC_007087.3.pdb
 0.735967 -0.562271 -0.377099     7.821431
 0.644583  0.411612  0.644273     4.444230
-0.207038 -0.717236  0.665363     2.798918
>structures/Asp_Bact_1c0a_E_coli.pdb
 0.465303 -0.411080 -0.783905   -13.525675
 0.313916  0.904689 -0.288088   -52.776091
 0.827617 -0.112032  0.549999   -40.299382
