>../../../../class2/asn//data/domains/Catalytic_domain/structures/AsnRS_AF_Arch_Candidatus_Korarchaeum_cryptofilum_OPF8_gene6094562.pdb
-0.032501  0.991089  0.129173    -8.680507
-0.931022  0.016985 -0.364569     2.531567
-0.363514 -0.132112  0.922173    30.884323
>../../../../class2/asn//data/domains/Catalytic_domain/structures/AsnRS_AF_Arch_Candidatus_Nitrososphaera_gargensis_Ga92_gene13796664.pdb
 0.765954  0.421866  0.485123    -7.519199
 0.452608 -0.889748  0.059115     4.725950
 0.456575  0.174291 -0.872446    29.904202
>../../../../class2/asn//data/domains/Catalytic_domain/structures/AsnRS_AF_Arch_Ferroplasma_acidarmanus_Fer1_gene16025664.pdb
 0.142443 -0.989596  0.020244    -2.426378
-0.462157 -0.084581 -0.882755    -2.268265
 0.875283  0.116386 -0.469397    32.682078
>../../../../class2/asn//data/domains/Catalytic_domain/structures/AsnRS_AF_Arch_Pyrococcus_sp_ST04_gene13021535.pdb
 0.231343 -0.972440  0.028990    -2.101260
-0.470768 -0.137973 -0.871402    -1.268060
 0.851386  0.187945 -0.489713    32.363798
>../../../../class2/asn//data/domains/Catalytic_domain/structures/AsnRS_AF_Bact_Clostridium_acetobutylicum_DSM_1731_gene44999755.pdb
 0.754681  0.458322  0.469464    -9.008681
 0.523229 -0.852142 -0.009192     3.813171
 0.395837  0.252575 -0.882904    29.141519
>../../../../class2/asn//data/domains/Catalytic_domain/structures/AsnRS_AF_Bact_Mycoplasma_hyopneumoniae_168-L_gene57101291.pdb
 0.516018 -0.818655  0.252051    -1.164029
-0.342563 -0.466928 -0.815248    -0.158605
 0.785096  0.334339 -0.521384    32.605168
>../../../../class2/asn//data/domains/Catalytic_domain/structures/AsnRS_AF_Bact_Porphyromonas_gingivalis_ATCC_33277_gene29256423.pdb
 0.337578 -0.940272  0.043937    -3.136944
-0.399592 -0.185412 -0.897747     0.129885
 0.852272  0.285503 -0.438316    32.444142
>../../../../class2/asn//data/domains/Catalytic_domain/structures/AsnRS_AF_Bact_Streptobacillus_moniliformis_DSM_12112_gene29673200.pdb
 0.700119  0.543144  0.463496    -8.783459
 0.605193 -0.795864  0.018471     3.969076
 0.378912  0.267573 -0.885907    29.446542
>../../../../class2/asn//data/domains/Catalytic_domain/structures/AsnRS_AF_Bact_Thermus_thermophilus_HB8_gene3168522.pdb
 0.546619 -0.746685  0.379038    -0.387118
-0.271793 -0.586343 -0.763106     0.081100
 0.792045  0.314108 -0.523450    32.174537
>../../../../class2/asn//data/domains/Catalytic_domain/structures/AsnRS_AF_Bact_Treponema_pallidum_subsp_pertenue_str_SamoaD_gene57879132.pdb
 0.775366  0.372041  0.510287    -8.559361
 0.443434 -0.896073 -0.020474     4.811135
 0.449637  0.242153 -0.859760    29.347258
>../../../../class2/asn//data/domains/Catalytic_domain/structures/AsnRS_AF_Bact_unclassified_Blastocatellia_proteinRPI49177.1.pdb
 0.692137 -0.513081  0.507636    -0.764941
-0.113908 -0.772161 -0.625134     1.874292
 0.712721  0.374854 -0.592885    31.368888
>../../../../class2/asn//data/domains/Catalytic_domain/structures/AsnRS_AF_Euk_Candida_albicans_SC5314_gene3646227.pdb
 0.333731 -0.931064  0.147455    -1.315546
-0.521018 -0.312544 -0.794265    -0.865800
 0.785598  0.188244 -0.589407    27.792409
>../../../../class2/asn//data/domains/Catalytic_domain/structures/AsnRS_AF_Euk_Cryptococcus_gattii_WM276_gene10190222.pdb
 0.392609 -0.904615  0.165919    -2.143885
-0.590661 -0.386290 -0.708449     0.641997
 0.704966  0.180142 -0.685982    24.829599
>../../../../class2/asn//data/domains/Catalytic_domain/structures/AsnRS_AF_Euk_Encephalitozoon_intestinalis_ATCC_50506_gene9698489.pdb
 0.244429 -0.965450 -0.090333    -3.379518
-0.438423 -0.026942 -0.898365    -1.722859
 0.864893  0.259190 -0.429861    33.180357
>../../../../class2/asn//data/domains/Catalytic_domain/structures/AsnRS_AF_Euk_Vitis_vinifera_gene100257593.pdb
 0.601537  0.468855  0.646783   -11.202923
 0.651128 -0.756828 -0.056952     6.429575
 0.462801  0.455397 -0.760545    30.128966
>../../../../class2/asn//data/domains/Catalytic_domain/structures/AsnRS_AF_Mito_Homo_sapiens_gene79731.pdb
 0.333832  0.681842  0.650882    -5.974588
-0.819404  0.551241 -0.157195     2.466870
-0.465975 -0.480859  0.742726    29.320245
>../../../../class2/asn//data/domains/Catalytic_domain/structures/AsnRS_AF_Mito_Zeugodacus_cucurbitae_gene105213230.pdb
-0.279854 -0.935564 -0.215409    -6.618416
 0.412815 -0.319840  0.852811     6.851779
-0.866756  0.149738  0.475723    27.608467
>../../../../class2/asn//data/domains/Catalytic_domain/structures/AsnRS_PDB_Arch_P_horikoshii_1X54.pdb
 1.000000  0.000000  0.000000     0.000000
 0.000000  1.000000  0.000000     0.000000
 0.000000  0.000000  1.000000     0.000000
>../../../../class2/asn//data/domains/Catalytic_domain/structures/AsnRS_PDB_Bact_E_anophelis_6pqh.pdb
 0.261399  0.889663 -0.374393   -24.373703
 0.873534 -0.053038  0.483864    41.920051
 0.410619 -0.453527 -0.791015    -9.686311
>../../../../class2/asn//data/domains/Catalytic_domain/structures/AsnRS_PDB_Euk_S_cerevisiae_1asz.pdb
 0.508918  0.790501 -0.340749  -100.712955
 0.096261 -0.445623 -0.890030    13.390701
-0.855416  0.420152 -0.302880    67.993735
>../../../../class2/asp1//data/domains/Catalytic_domain/structures/AspRS_AF_Arch_Candidatus_Methanomassiliicoccus_intestinalis_Issoire-Mx1_gene16154434.pdb
 0.430201 -0.898404 -0.088301     2.733548
-0.462037 -0.135098 -0.876510     2.530384
 0.775531  0.417873 -0.473215    33.575859
>../../../../class2/asp1//data/domains/Catalytic_domain/structures/AspRS_AF_Arch_unclassified_Euryarchaeota_proteinHHT76046.1.pdb
 0.580608 -0.735419 -0.349361    -2.064582
-0.489834  0.027234 -0.871390     7.278180
 0.650352  0.677065 -0.344422    33.744764
>../../../../class2/asp1//data/domains/Catalytic_domain/structures/AspRS_AF_Bact_Bacillus_anthracis_str_Ames_Ancestor_gene45024275.pdb
-0.304542  0.719408  0.624265    -3.376025
-0.941347 -0.127327 -0.312496     0.958269
-0.145326 -0.682818  0.715989    35.271945
>../../../../class2/asp1//data/domains/Catalytic_domain/structures/AspRS_AF_Bact_Brachyspira_pilosicoli_95_1000_gene56440011.pdb
 0.482717 -0.679205 -0.552870    -0.713984
-0.486157  0.317274 -0.814241     6.592464
 0.728448  0.661829 -0.177046    32.893046
>../../../../class2/asp1//data/domains/Catalytic_domain/structures/AspRS_AF_Bact_Chlamydia_muridarum_str_Nigg_gene1246197.pdb
-0.055655 -0.517735 -0.853729    -0.656267
-0.327713  0.817157 -0.474192     6.977069
 0.943137  0.253387 -0.215147    32.648288
>../../../../class2/asp1//data/domains/Catalytic_domain/structures/AspRS_AF_Bact_Mycoplasma_hyopneumoniae_168-L_gene57101115.pdb
 0.750896 -0.606973  0.260266     5.132637
-0.276081 -0.646504 -0.711204     4.878776
 0.599945  0.462186 -0.653031    32.164052
>../../../../class2/asp1//data/domains/Catalytic_domain/structures/AspRS_AF_Bact_Nocardia_cyriacigeorgica_GUH-2_gene45501717.pdb
 0.627587  0.767841 -0.128667    -0.473181
 0.772171 -0.592783  0.228824    11.360911
 0.099429 -0.242960 -0.964927    31.373413
>../../../../class2/asp1//data/domains/Catalytic_domain/structures/AspRS_AF_Bact_Porphyromonas_gingivalis_ATCC_33277_gene29255515.pdb
 0.707615 -0.196581  0.678703    -1.816121
-0.251737  0.827360  0.502099     5.172019
-0.660235 -0.526148  0.535965    31.042361
>../../../../class2/asp1//data/domains/Catalytic_domain/structures/AspRS_AF_Bact_Prochlorococcus_marinus_subsp_marinus_str_CCMP1375_gene54201182.pdb
-0.098655 -0.697698 -0.709567    -1.729673
-0.270516  0.704996 -0.655593     2.084613
 0.957647  0.127272 -0.258290    36.286610
>../../../../class2/asp1//data/domains/Catalytic_domain/structures/AspRS_AF_Bact_Xylella_fastidiosa_Temecula1_gene58016479.pdb
 0.576465  0.804804 -0.141346    -3.916291
 0.801126 -0.522601  0.291696     6.398648
 0.160890 -0.281388 -0.946010    32.771040
>../../../../class2/asp1//data/domains/Catalytic_domain/structures/AspRS_AF_Mito_Oryza_sativa_Japonica_Group_gene4324505.pdb
-0.453603 -0.842147  0.291605    -1.176272
 0.479602  0.045113  0.876326    10.759645
-0.751150  0.537358  0.383432    28.513809
>../../../../class2/asp1//data/domains/Catalytic_domain/structures/AspRS_AF_Mito_Oryzias_melastigma_gene112147132.pdb
 0.950906 -0.131050  0.280364    -3.157713
 0.121415 -0.675319 -0.727463     6.417383
 0.284669  0.725789 -0.626254    34.223784
>../../../../class2/asp1//data/domains/Catalytic_domain/structures/AspRS_PDB_Bact_E_coli_1c0a.pdb
 0.668392 -0.627700 -0.399056   -19.356140
-0.683873 -0.729598  0.002188    73.945424
-0.292524  0.271442 -0.916924    34.701574
