>../../../../class2/asn//data/domains/Catalytic_domain/structures/AsnRS_AF_Arch_Candidatus_Korarchaeum_cryptofilum_OPF8_gene6094562.pdb
-0.055258  0.431029  0.900644    -6.251141
 0.456291 -0.791423  0.406753     4.338898
 0.888113  0.433432 -0.152942    -4.392571
>../../../../class2/asn//data/domains/Catalytic_domain/structures/AsnRS_AF_Arch_Candidatus_Nitrososphaera_gargensis_Ga92_gene13796664.pdb
 0.657851  0.609463 -0.442478    -6.965316
-0.694388  0.263310 -0.669697     1.913315
-0.291646  0.747812  0.596422    -5.054744
>../../../../class2/asn//data/domains/Catalytic_domain/structures/AsnRS_AF_Arch_Ferroplasma_acidarmanus_Fer1_gene16025664.pdb
 0.896550 -0.425556 -0.122879    -0.103818
 0.440038  0.824002  0.356912     3.070028
-0.050633 -0.374061  0.926021     0.761201
>../../../../class2/asn//data/domains/Catalytic_domain/structures/AsnRS_AF_Arch_Pyrococcus_sp_ST04_gene13021535.pdb
 0.928606 -0.345485 -0.135390    -0.416996
 0.371064  0.865926  0.335386     2.128991
 0.001367 -0.361679  0.932302     0.279129
>../../../../class2/asn//data/domains/Catalytic_domain/structures/AsnRS_AF_Bact_Clostridium_acetobutylicum_DSM_1731_gene44999755.pdb
 0.583067  0.680499 -0.443795    -8.148066
-0.747593  0.235581 -0.620972     3.315807
-0.318021  0.693847  0.646096    -4.567101
>../../../../class2/asn//data/domains/Catalytic_domain/structures/AsnRS_AF_Bact_Mycoplasma_hyopneumoniae_168-L_gene57101291.pdb
 0.996852 -0.054623 -0.057470    -0.010204
 0.061644  0.989791  0.128509     0.876728
 0.049864 -0.131647  0.990042    -0.315708
>../../../../class2/asn//data/domains/Catalytic_domain/structures/AsnRS_AF_Bact_Porphyromonas_gingivalis_ATCC_33277_gene29256423.pdb
 0.968840 -0.233874 -0.081561    -1.354421
 0.247435  0.899016  0.361312     2.197768
-0.011177 -0.370234  0.928871    -1.204713
>../../../../class2/asn//data/domains/Catalytic_domain/structures/AsnRS_AF_Bact_Streptobacillus_moniliformis_DSM_12112_gene29673200.pdb
 0.517949  0.723900 -0.455738    -7.797018
-0.759648  0.144309 -0.634121     3.134919
-0.393273  0.674643  0.624654    -4.752040
>../../../../class2/asn//data/domains/Catalytic_domain/structures/AsnRS_AF_Bact_Thermus_thermophilus_HB8_gene3168522.pdb
 1.000000  0.000000  0.000000     0.000000
 0.000000  1.000000  0.000000     0.000000
 0.000000  0.000000  1.000000    -0.000000
>../../../../class2/asn//data/domains/Catalytic_domain/structures/AsnRS_AF_Bact_Treponema_pallidum_subsp_pertenue_str_SamoaD_gene57879132.pdb
 0.654651  0.640817 -0.400980    -7.974239
-0.702480  0.319801 -0.635806     2.507301
-0.279202  0.697912  0.659519    -5.188181
>../../../../class2/asn//data/domains/Catalytic_domain/structures/AsnRS_AF_Bact_unclassified_Blastocatellia_proteinRPI49177.1.pdb
 0.973984  0.225435 -0.023135    -1.327937
-0.225498  0.953961 -0.197763    -1.025738
-0.022512  0.197834  0.979977    -1.095320
>../../../../class2/asn//data/domains/Catalytic_domain/structures/AsnRS_AF_Euk_Candida_albicans_SC5314_gene3646227.pdb
 0.945916 -0.277088 -0.168714    -3.636760
 0.305381  0.936040  0.174846    -0.099087
 0.109475 -0.216912  0.970033     2.681944
>../../../../class2/asn//data/domains/Catalytic_domain/structures/AsnRS_AF_Euk_Cryptococcus_gattii_WM276_gene10190222.pdb
 0.933268 -0.249182 -0.258687    -6.854403
 0.277856  0.957257  0.080343    -1.289906
 0.227610 -0.146860  0.962614     2.770374
>../../../../class2/asn//data/domains/Catalytic_domain/structures/AsnRS_AF_Euk_Encephalitozoon_intestinalis_ATCC_50506_gene9698489.pdb
 0.936726 -0.318738 -0.144744    -0.255753
 0.348805  0.814802  0.463069     3.646934
-0.029660 -0.484256  0.874424    -0.302295
>../../../../class2/asn//data/domains/Catalytic_domain/structures/AsnRS_AF_Euk_Vitis_vinifera_gene100257593.pdb
 0.517397  0.822449 -0.236386    -9.237618
-0.688768  0.236307 -0.685389     3.765290
-0.507838  0.517433  0.688741    -7.855143
>../../../../class2/asn//data/domains/Catalytic_domain/structures/AsnRS_AF_Mito_Solanum_lycopersicum_gene543755.pdb
 0.860367  0.492871  0.129793    -9.432786
-0.383262  0.793513 -0.472703     1.857473
-0.335974  0.356954  0.871611    -8.218228
>../../../../class2/asn//data/domains/Catalytic_domain/structures/AsnRS_AF_Mito_Zeugodacus_cucurbitae_gene105213230.pdb
-0.951330 -0.306871  0.028298    -8.788838
-0.306307  0.931489 -0.196226    -0.705205
 0.033856 -0.195344 -0.980150    -5.130827
>../../../../class2/asn//data/domains/Catalytic_domain/structures/AsnRS_PDB_Arch_P_horikoshii_1X54.pdb
 0.546509 -0.271662  0.792166   -25.255112
-0.746751 -0.586245  0.314134   -10.348163
 0.379065 -0.763228 -0.523252    17.040726
>../../../../class2/asn//data/domains/Catalytic_domain/structures/AsnRS_PDB_Bact_E_anophelis_6pqh.pdb
 0.233934  0.140789 -0.962005   -57.550924
-0.583001 -0.771522 -0.254683   -19.925831
-0.778065  0.620429 -0.098405   -19.102149
>../../../../class2/asn//data/domains/Catalytic_domain/structures/AsnRS_PDB_Euk_S_cerevisiae_1asz.pdb
-0.422769  0.887017 -0.185651   -30.288606
-0.705808 -0.193790  0.681381    78.207712
 0.568420  0.419101  0.707992   -66.966669
>../../../../class2/asp1//data/domains/Catalytic_domain/structures/AspRS_AF_Arch_Candidatus_Methanomassiliicoccus_intestinalis_Issoire-Mx1_gene16154434.pdb
 0.975221 -0.128409 -0.180154     2.346331
 0.195364  0.881966  0.428916    -3.475832
 0.103814 -0.453483  0.885198    -1.434816
>../../../../class2/asp1//data/domains/Catalytic_domain/structures/AspRS_AF_Arch_unclassified_Euryarchaeota_proteinHHT76046.1.pdb
 0.966841  0.119534 -0.225676    -1.444850
 0.061438  0.748866  0.659867    -2.604186
 0.247878 -0.651852  0.716691    -6.948601
>../../../../class2/asp1//data/domains/Catalytic_domain/structures/AspRS_AF_Bact_Bacillus_anthracis_str_Ames_Ancestor_gene45024275.pdb
-0.018897 -0.111801  0.993551     0.729284
 0.725554 -0.685247 -0.063309     2.536106
 0.687905  0.719679  0.094067    -3.440153
>../../../../class2/asp1//data/domains/Catalytic_domain/structures/AspRS_AF_Bact_Brachyspira_pilosicoli_95_1000_gene56440011.pdb
 0.973877  0.058336 -0.219457    -1.194872
 0.155484  0.533046  0.831677    -3.520303
 0.165497 -0.844073  0.510051    -5.438735
>../../../../class2/asp1//data/domains/Catalytic_domain/structures/AspRS_AF_Bact_Chlamydia_muridarum_str_Nigg_gene1246197.pdb
 0.802206 -0.313222 -0.508289    -1.471641
 0.533230 -0.007093  0.845941    -3.830558
-0.268573 -0.949653  0.161330    -5.651971
>../../../../class2/asp1//data/domains/Catalytic_domain/structures/AspRS_AF_Bact_Mycoplasma_hyopneumoniae_168-L_gene57101115.pdb
 0.963027  0.204805 -0.175023     1.973804
-0.206143  0.978463  0.010702    -7.085593
 0.173446  0.025774  0.984506    -1.620644
>../../../../class2/asp1//data/domains/Catalytic_domain/structures/AspRS_AF_Bact_Nocardia_cyriacigeorgica_GUH-2_gene45501717.pdb
 0.211428  0.392804 -0.894988    -3.593389
-0.884009 -0.313752 -0.346538    -6.866609
-0.416925  0.864445  0.280906    -8.321551
>../../../../class2/asp1//data/domains/Catalytic_domain/structures/AspRS_AF_Bact_Porphyromonas_gingivalis_ATCC_33277_gene29255515.pdb
-0.062091 -0.751963  0.656275    -2.887852
-0.595906 -0.499550 -0.628766    -2.507790
 0.800650 -0.430119 -0.417082    -3.868902
>../../../../class2/asp1//data/domains/Catalytic_domain/structures/AspRS_AF_Bact_Prochlorococcus_marinus_subsp_marinus_str_CCMP1375_gene54201182.pdb
 0.774972 -0.476323 -0.415374     2.176667
 0.539585  0.156493  0.827259     0.960819
-0.329039 -0.865232  0.378294    -4.231096
>../../../../class2/asp1//data/domains/Catalytic_domain/structures/AspRS_AF_Bact_Xylella_fastidiosa_Temecula1_gene58016479.pdb
 0.224365  0.369004 -0.901940    -2.972674
-0.842782 -0.391204 -0.369700    -0.950150
-0.489263  0.843087  0.223217    -6.526024
>../../../../class2/asp1//data/domains/Catalytic_domain/structures/AspRS_AF_Mito_Oryza_sativa_Japonica_Group_gene4324505.pdb
-0.973692 -0.052944  0.221633    -6.064235
-0.179712  0.776419 -0.604050    -6.994848
-0.140100 -0.627989 -0.765508    -6.576410
>../../../../class2/asp1//data/domains/Catalytic_domain/structures/AspRS_AF_Mito_Oryzias_melastigma_gene112147132.pdb
 0.710467  0.690242 -0.137120    -1.489363
-0.695653  0.718289  0.011335    -1.102333
 0.106315  0.087335  0.990490    -6.979741
>../../../../class2/asp1//data/domains/Catalytic_domain/structures/AspRS_PDB_Bact_E_coli_1c0a.pdb
 0.327035  0.071829 -0.942278   -28.778001
-0.197728  0.980238  0.006098   -28.019111
 0.924095  0.184321  0.334775   -64.893153
