>structures/His_Arch_1WU7_T_acidophilum.pdb
-0.024434 -0.821544 -0.569621    72.094331
-0.822896  0.340076 -0.455182    24.066082
 0.567666  0.457617 -0.684355    14.712529
>structures/His_Bact_1HTT_E_coli.pdb
-0.647025  0.761077  0.046048   -30.222990
-0.469639 -0.350227 -0.810420    24.181087
-0.600664 -0.545988  0.584037   -21.269129
>structures/His_Bact_4e51_B_thailandensis.pdb
-0.806123 -0.134874  0.576172   -31.714203
 0.197646  0.856394  0.476997   -18.426066
-0.557764  0.498396 -0.663702    24.287147
>structures/Histidyl.A.Candidatus_Korarchaeota.NC_010482.1.pdb
 0.995201 -0.097188 -0.011338    -4.212242
 0.093426  0.909397  0.405301    -1.253119
-0.029080 -0.404415  0.914113    -4.109248
>structures/Histidyl.A.Candidatus_Thermoplasmatota.NC_002689.2.pdb
-0.641712 -0.618890  0.452969    -2.672882
-0.698482  0.227686 -0.678440    -0.277512
 0.316745 -0.751754 -0.578393    -1.791825
>structures/Histidyl.A.Crenarchaeota.NC_000854.2.pdb
 1.000000 -0.000000  0.000000     0.000000
 0.000000  1.000000  0.000000     0.000000
-0.000000  0.000000  1.000000     0.000000
>structures/Histidyl.A.Euryarchaeota.NC_015680.1.pdb
 0.990985  0.123074  0.052933     1.572487
-0.110667  0.974672 -0.194339     1.886631
-0.075510  0.186729  0.979505    -1.321662
>structures/Histidyl.B.Actinobacteria.NC_010572.1.pdb
 0.979472  0.086629  0.182017    -6.543898
-0.104281  0.990490  0.089749     1.905050
-0.172512 -0.106887  0.979191    -4.232965
>structures/Histidyl.B.Bacteroidota.NC_010729.1.pdb
 0.997471 -0.032617 -0.063150    -2.833319
 0.057265  0.895074  0.442226     0.711021
 0.042100 -0.444724  0.894678    -4.814568
>structures/Histidyl.B.Chlamydiae.NC_002620.2.pdb
 0.917870  0.393010 -0.055290    -1.550661
-0.389019  0.863324 -0.321458    -3.633453
-0.078603  0.316565  0.945308    -1.332998
>structures/Histidyl.B.Cyanobacteria.NC_005042.1.pdb
-0.750508  0.609931  0.254406   -10.799154
 0.522188  0.311380  0.793953    10.669463
 0.405039  0.728716 -0.552192    -6.630168
>structures/Histidyl.B.Deinococcus-Thermus.NC_006461.1.pdb
 0.915435  0.397295  0.064305    -3.117739
-0.308164  0.794707 -0.522948     2.086982
-0.258869  0.458909  0.849935    -6.593865
>structures/Histidyl.B.Firmicutes.NC_015687.1.pdb
 0.895365 -0.333258 -0.295400    -3.054487
 0.444167  0.620297  0.646488    -0.260287
-0.032212 -0.710049  0.703415    -4.071029
>structures/Histidyl.B.Fusobacteria.NC_013515.1.pdb
 0.995537  0.053767 -0.077554     4.000466
-0.065716  0.984790 -0.160843     1.088045
 0.067727  0.165222  0.983928    -0.563840
>structures/Histidyl.B.Proteobacteria.NC_005126.1.pdb
 0.947028  0.320301  0.023366    -2.832661
-0.281865  0.863845 -0.417521     1.569055
-0.153917  0.388818  0.908367    -5.460886
>structures/Histidyl.B.Spirochaetes.NC_002967.9.pdb
-0.748346 -0.605673  0.270440    -3.673185
-0.627020  0.512930 -0.586301    -0.445912
 0.216390 -0.608328 -0.763618    -2.346660
>structures/Histidyl.E.Basidiomycota.NC_026498.1.pdb
-0.050449 -0.822714  0.566213    -4.904128
-0.475112 -0.478905 -0.738186    -4.438259
 0.878478 -0.306255 -0.366720    -3.172653
>structures/Histidyl.E.Chlorophyta.NC_014436.2.pdb
 0.357798  0.829815 -0.428238    -5.691814
-0.420791 -0.266119 -0.867246    -0.207802
-0.833616  0.490498  0.253961    -4.558036
>structures/Histidyl.E.Euglenozoa.NC_009414.2.pdb
-0.997400  0.067985  0.023922    -8.874080
 0.071535  0.974262  0.213769    -1.658714
-0.008773  0.214924 -0.976591    -6.234576
>structures/Histidyl.E.Evosea.NC_007087.3.pdb
 0.963602 -0.233340 -0.130476    -2.456500
 0.266809  0.808571  0.524430     0.135053
-0.016871 -0.540154  0.841397    -4.783191
