>structures/IleRS_AF_Arch_Candidatus_Korarchaeum_cryptofilum_OPF8_gene6094904.pdb
 0.999944 -0.007961  0.006931     0.310776
 0.007921  0.999952  0.005733     0.181766
-0.006976 -0.005678  0.999960    -0.039781
>structures/IleRS_AF_Arch_Pyrobaculum_aerophilum_str_IM2_gene1465853.pdb
-0.780804  0.456914  0.426116    -9.381284
 0.607117  0.393873  0.690125     1.488667
 0.147492  0.797555 -0.584938    -3.751553
>structures/IleRS_AF_Bact_Lactobacillus_acidophilus_La-14_gene56942445.pdb
-0.897417  0.100183 -0.429658    15.460887
 0.375530 -0.337692 -0.863100    80.622520
-0.231561 -0.935910  0.265429   -62.969705
>structures/IleRS_AF_Bact_Mycoplasma_hyopneumoniae_168-L_gene57100872.pdb
 0.617697  0.016374  0.786246    -7.695347
 0.067554  0.994983 -0.073793    11.567487
-0.783509  0.098695  0.613492  -111.658948
>structures/IleRS_AF_Bact_Streptobacillus_moniliformis_DSM_12112_gene29674186.pdb
-0.666614  0.212763 -0.714393    26.377595
 0.738802  0.315852 -0.595322    81.570485
 0.098980 -0.924646 -0.367741   -24.591109
>structures/IleRS_AF_Mito_Drosophila_melanogaster_gene39762.pdb
 0.620374 -0.245637  0.744848    15.358984
 0.717699  0.560790 -0.412824    84.279012
-0.316299  0.790682  0.524193   -68.714504
>structures/IleRS_AF_Mito_Homo_sapiens_gene55699.pdb
-0.760161 -0.643653  0.088689    13.062619
-0.473698  0.455592 -0.753688    27.977509
 0.444707 -0.614937 -0.651221     7.075610
>structures/IleRS_PDB_Bact_S_aureus_1QU2.pdb
 0.527304 -0.844732 -0.091533   123.034068
 0.675141  0.481957 -0.558482    17.468576
 0.515882  0.232692  0.824451  -201.933142
>structures/IleRS_PDB_Euk_S_cere_7D5C.pdb
-0.615707  0.628414  0.475395    -9.117011
-0.290012 -0.741686  0.604810    26.576755
 0.732665  0.234516  0.638909   -34.102075
