>structures/Asp_Arch_1b8a_T_kodarensis.pdb
 1.000000  0.000000  0.000000     0.000000
 0.000000  1.000000  0.000000     0.000000
 0.000000  0.000000  1.000000     0.000000
>structures/Aspartyl.E.Apicomplexa.NC_011903.2.pdb
-0.444550 -0.556800 -0.701676    41.082518
-0.555804  0.785765 -0.271395     8.259930
 0.702465  0.269346 -0.658783    31.350241
>structures/Aspartyl.E.Rhodophyta.NC_010136.1.pdb
-0.582783 -0.529496 -0.616439    36.570781
-0.516724  0.826927 -0.221784     7.563080
 0.627184  0.189277 -0.755523    30.354657
>structures/Asp_Bact_1n9w_T_thermophilus.pdb
 0.928212  0.372002 -0.006050     6.551011
-0.325609  0.820106  0.470536    -8.788751
 0.180002 -0.434787  0.882360   -31.784416
>structures/Asp_Euk_1EOV_S_cerevisiae.pdb
-0.357760  0.911545  0.202716    14.985471
-0.474359  0.009588 -0.880279    53.907392
-0.804358 -0.411089  0.428969    11.647244
