>../../../../class2/phe1//data/domains/Catalytic_domain/structures/PheRS-Bα_AF_Bact_Brachyspira_pilosicoli_95_1000_gene56440383.pdb
 0.437534 -0.611147  0.659593    15.369321
-0.826015  0.016699  0.563401    51.047815
-0.355336 -0.791341 -0.497510    14.161854
>../../../../class2/phe1//data/domains/Catalytic_domain/structures/PheRS-Bα_AF_Bact_Chlamydia_psittaci_6BC_gene12243227.pdb
-0.147071 -0.973443 -0.175437    17.933434
-0.329747 -0.118968  0.936543    50.677554
-0.932543  0.195588 -0.303493    11.723147
>../../../../class2/phe1//data/domains/Catalytic_domain/structures/PheRS-Bα_AF_Bact_Ferrimonas_balearica_DSM_9799_gene67181906.pdb
-0.288120 -0.037257 -0.956869    16.967878
 0.630974  0.744261 -0.218970    50.934828
 0.720319 -0.666849 -0.190928     8.865206
>../../../../class2/phe1//data/domains/Catalytic_domain/structures/PheRS-Bα_AF_Bact_Mycobacterium_intracellulare_ATCC_13950_gene11909689.pdb
 0.443965  0.865873  0.230562    17.493382
 0.893824 -0.409851 -0.181936    53.094089
-0.063037  0.286855 -0.955898     1.747673
>../../../../class2/phe1//data/domains/Catalytic_domain/structures/PheRS-Bα_AF_Bact_Mycoplasma_capricolum_subsp_capricolum_ATCC_27343_gene23778662.pdb
-0.339306 -0.429455 -0.836923    15.102369
 0.387526  0.746881 -0.540362    49.379213
 0.857144 -0.507677 -0.086996    11.280800
>../../../../class2/phe1//data/domains/Catalytic_domain/structures/PheRS-Bα_AF_Bact_Porphyromonas_gingivalis_ATCC_33277_gene29256875.pdb
-0.021739 -0.909396  0.415363    16.516815
-0.759136  0.285365  0.585047    54.217611
-0.650569 -0.302599 -0.696559    14.144885
>../../../../class2/phe1//data/domains/Catalytic_domain/structures/PheRS-Bα_AF_Bact_Prochlorococcus_marinus_subsp_marinus_str_CCMP1375_gene54200681.pdb
 0.726976 -0.638262  0.253236    18.673949
-0.023395 -0.391600 -0.919838    49.787694
 0.686264  0.662776 -0.299616     2.486708
>../../../../class2/phe1//data/domains/Catalytic_domain/structures/PheRS-Bα_AF_Bact_Staphylococcus_argenteus_gene66839332.pdb
 0.279845 -0.919306 -0.276701    20.399195
-0.124959  0.250886 -0.959917    47.708277
 0.951878  0.303204 -0.044667     9.578660
>../../../../class2/phe1//data/domains/Catalytic_domain/structures/PheRS-Bα_PDB_Bact.A_E_coli_3PCO.pdb
 0.196204 -0.572865  0.795820   -25.994145
-0.144480 -0.819626 -0.554381    81.735592
 0.969861 -0.006208 -0.243581    50.940063
>../../../../class2/phe1//data/domains/Catalytic_domain/structures/PheRS-Bα_PDB_Bact.A_T_thermophilus_1PYS.pdb
 1.000000  0.000000  0.000000     0.000000
 0.000000  1.000000  0.000000     0.000000
 0.000000  0.000000  1.000000     0.000000
>../../../../class2/sep//data/domains/Catalytic_domain/structures/SepRS_AF_Arch_Methanothrix_thermoacetophila_PT_gene4462697.pdb
 0.329124  0.842930 -0.425612     5.958487
 0.944276 -0.291677  0.152535    46.827167
 0.004435 -0.452098 -0.891957     7.613968
>../../../../class2/sep//data/domains/Catalytic_domain/structures/SepRS_AF_Arch_unclassified_Candidatus_Bathyarchaeota_proteinUCD26266.1.pdb
-0.024796 -0.055230  0.998166     5.560491
-0.994500 -0.100275 -0.030253    43.101124
 0.101762 -0.993426 -0.052440    15.594744
>../../../../class2/sep//data/domains/Catalytic_domain/structures/SepRS_AF_Arch_unclassified_Lokiarchaeota_proteinTFF69421.1.pdb
-0.980254  0.151843  0.126674     1.327896
-0.104450 -0.941531  0.320328    45.547462
 0.167907  0.300772  0.938799    16.190183
>../../../../class2/sep//data/domains/Catalytic_domain/structures/SepRS_AF_Arch_unclassified_Thermoprotei_proteinRLF12424.1.pdb
 0.070109 -0.704817  0.705916     8.767972
-0.383947  0.634074  0.671219    41.641497
-0.920689 -0.318093 -0.226158    11.977914
>../../../../class2/sep//data/domains/Catalytic_domain/structures/SepRS_PDB_Arch_2DU4_A_fulgidus.pdb
 0.077874  0.652199  0.754037   -24.850996
 0.598353  0.574392 -0.558612   -18.137190
-0.797439  0.494682 -0.345515    -4.622406
>../../../../class2/sep//data/domains/Catalytic_domain/structures/SepRS_PDB_Arch_2ODR_M_maripadulis.pdb
-0.618544  0.524218  0.585320    25.229663
 0.448329 -0.376305  0.810799    -5.073020
 0.645294  0.763931 -0.002261   -42.499919
