>structures/GlyRS-E_AF_Euk_Cryptococcus_neoformans_var_neoformans_JEC21_gene3258293.pdb
 0.071069 -0.363072  0.929047     0.056973
-0.358364 -0.878509 -0.315908     0.668506
 0.930873 -0.310485 -0.192547    -0.239984
>structures/GlyRS-E_AF_Euk_Girardinichthys_multiradiatus_gene124858359.pdb
 0.903725 -0.343425 -0.255618     1.058383
 0.422447  0.812177  0.402376    -1.072593
 0.069421 -0.471623  0.879064    -0.758608
>structures/GlyRS-E_AF_Euk_Plasmodium_yoelii_gene3801472.pdb
 0.999988 -0.003850 -0.002926     0.095223
 0.003833  0.999976 -0.005728     0.201291
 0.002948  0.005717  0.999979    -0.003497
>structures/GlyRS-E_AF_Euk_Schizosaccharomyces_pombe_gene2543181.pdb
 0.767376 -0.470606 -0.435505     1.496780
 0.639866  0.605791  0.472851     0.394438
 0.041299 -0.641520  0.765994    -1.670487
>structures/GlyRS-E_PDB_Euk_H_sapiens_2q5h.pdb
-0.276701  0.214102 -0.936801  -100.645018
 0.424285 -0.847477 -0.319007   -70.270330
-0.862217 -0.485740  0.143658    89.923476
