>../../../../class1/arg//data/domains/Catalytic_domain/structures/ArgRS_AF_Arch_Candidatus_Korarchaeum_cryptofilum_OPF8_gene6093502.pdb
 0.842437 -0.520637 -0.138696     3.719529
 0.537352  0.793048  0.286927    -0.573153
-0.039392 -0.316246  0.947859    -2.637701
>../../../../class1/arg//data/domains/Catalytic_domain/structures/ArgRS_AF_Arch_Candidatus_Nitrosopumilus_sediminis_gene13697696.pdb
 0.489198 -0.583975 -0.647811     2.725916
 0.872148  0.333158  0.358279     0.353955
 0.006597 -0.740256  0.672292    -0.595564
>../../../../class1/arg//data/domains/Catalytic_domain/structures/ArgRS_AF_Arch_Desulfurococcus_mucosus_DSM_2162_gene10153309.pdb
 0.809360 -0.582408 -0.075749     2.339138
 0.530784  0.670140  0.518825     3.932085
-0.251406 -0.460123  0.851518    -7.373748
>../../../../class1/arg//data/domains/Catalytic_domain/structures/ArgRS_AF_Arch_Methanothermococcus_okinawensis_IH1_gene10773248.pdb
 0.918660 -0.272597  0.285927     2.463026
 0.292881  0.955682 -0.029877     1.303460
-0.265111  0.111190  0.957786     0.413109
>../../../../class1/arg//data/domains/Catalytic_domain/structures/ArgRS_AF_Bact_Anoxybacillus_flavithermus_WK1_gene7039015.pdb
-0.053732 -0.583133 -0.810598     4.091449
 0.858313 -0.441822  0.260946    -0.032013
-0.510306 -0.681726  0.524250     2.053001
>../../../../class1/arg//data/domains/Catalytic_domain/structures/ArgRS_AF_Bact_Brachyspira_pilosicoli_95_1000_gene56439668.pdb
 0.987112  0.148043  0.060772    -0.593576
-0.144201  0.987516 -0.063383    -0.511461
-0.069396  0.053803  0.996137     0.711542
>../../../../class1/arg//data/domains/Catalytic_domain/structures/ArgRS_AF_Bact_Chlamydia_psittaci_6BC_gene12242456.pdb
 0.934657 -0.306365 -0.180435     2.143182
 0.346112  0.900136  0.264503    -1.056964
 0.081381 -0.309670  0.947355    -0.816548
>../../../../class1/arg//data/domains/Catalytic_domain/structures/ArgRS_AF_Bact_Corynebacterium_ulcerans_809_gene75260071.pdb
 1.000000  0.000000  0.000000     0.000000
 0.000000  1.000000  0.000000     0.000000
 0.000000  0.000000  1.000000     0.000000
>../../../../class1/arg//data/domains/Catalytic_domain/structures/ArgRS_AF_Bact_Cupriavidus_taiwanensis_LMG_19424_gene29762022.pdb
 0.942334 -0.330325 -0.053772     1.180535
 0.334648  0.928030  0.163621     1.524964
-0.004146 -0.172181  0.985057    -0.097989
>../../../../class1/arg//data/domains/Catalytic_domain/structures/ArgRS_AF_Bact_Mycoplasma_hyopneumoniae_168-L_gene57100855.pdb
 0.884096 -0.438750 -0.160850     3.079289
 0.464557  0.862470  0.200831     1.630402
 0.050613 -0.252277  0.966330    -2.292639
>../../../../class1/arg//data/domains/Catalytic_domain/structures/ArgRS_AF_Bact_Prochlorococcus_marinus_subsp_marinus_str_CCMP1375_gene54199571.pdb
-0.061442 -0.118185 -0.991089    -0.033908
 0.675112 -0.736283  0.045946     4.271279
-0.735152 -0.666273  0.125027    -1.427876
>../../../../class1/arg//data/domains/Catalytic_domain/structures/ArgRS_AF_Bact_Streptobacillus_moniliformis_DSM_12112_gene29674021.pdb
 0.137896 -0.451134  0.881738     0.946840
-0.469020 -0.813843 -0.343045     0.317810
 0.872356 -0.366249 -0.323816     0.410146
>../../../../class1/arg//data/domains/Catalytic_domain/structures/ArgRS_AF_Euk_Micromonas_commoda_gene8250062.pdb
-0.766280 -0.565032  0.305865     4.068896
-0.632944  0.745679 -0.208197    -1.957362
-0.110439 -0.353133 -0.929032     0.581128
>../../../../class1/arg//data/domains/Catalytic_domain/structures/ArgRS_AF_Euk_Paulinella_chromatophora_gene6481434.pdb
-0.041677  0.161897 -0.985927    -0.677301
 0.459782 -0.872984 -0.162786     2.900908
-0.887054 -0.460096 -0.038054    -3.940467
>../../../../class1/arg//data/domains/Catalytic_domain/structures/ArgRS_AF_Euk_Polyodon_spathula_gene121324634.pdb
 0.939899  0.276498  0.200348     6.942860
-0.074799  0.739227 -0.669290    -5.833241
-0.333160  0.614079  0.715480    -0.191966
>../../../../class1/arg//data/domains/Catalytic_domain/structures/ArgRS_AF_Euk_Thalassiosira_pseudonana_CCMP1335_gene7449555.pdb
 0.160470 -0.127338  0.978792     6.206199
-0.376228 -0.924671 -0.058615     0.546289
 0.912525 -0.358843 -0.196290     4.356724
>../../../../class1/arg//data/domains/Catalytic_domain/structures/ArgRS_AF_Mito_Caenorhabditis_elegans_gene174023.pdb
 0.055657  0.401231 -0.914284     4.391496
-0.019991 -0.915072 -0.402794     4.628152
-0.998250  0.040695 -0.042909    -3.369806
>../../../../class1/arg//data/domains/Catalytic_domain/structures/ArgRS_AF_Mito_Saccharomyces_cerevisiae_S288C_gene851942.pdb
-0.848360  0.503732  0.162908     0.731194
 0.281784  0.169128  0.944454    -1.327998
 0.448199  0.847142 -0.285425     1.148962
>../../../../class1/arg//data/domains/Catalytic_domain/structures/ArgRS_AF_Vir_Megavirus_chiliensis_gene11257368.pdb
-0.151960  0.539940  0.827873     1.390060
 0.153755 -0.814490  0.559434     2.307295
 0.976354  0.212301  0.040751     4.768660
>../../../../class1/arg//data/domains/Catalytic_domain/structures/ArgRS_PDB_Arch_2ZUF.pdb
 0.194103  0.380184  0.904314   -27.796754
 0.448523  0.785454 -0.426485     5.293696
-0.872440  0.488388 -0.018062    19.300980
>../../../../class1/arg//data/domains/Catalytic_domain/structures/ArgRS_PDB_Bact_1IQ0.pdb
-0.886474  0.164899  0.432402    -0.798938
-0.268634 -0.944184 -0.190661    68.588308
 0.376827 -0.285174  0.881293    15.599199
>../../../../class1/arg//data/domains/Catalytic_domain/structures/ArgRS_PDB_Bact_3FNR.pdb
-0.448291  0.125565 -0.885025   125.025604
-0.733828  0.513656  0.444582   -37.975076
 0.510422  0.848758 -0.138124   -51.030241
>../../../../class1/leu1//data/domains/Catalytic_domain/structures/LeuRS-B_AF_Bact_Bifidobacterium_longum_subsp_longum_JCM_1217_gene69578373.pdb
-0.300591  0.258121 -0.918161    10.924394
-0.604324 -0.796314 -0.026020    -2.746221
-0.737860  0.547045  0.395353   -14.601374
>../../../../class1/leu1//data/domains/Catalytic_domain/structures/LeuRS-B_AF_Bact_Brachyspira_pilosicoli_95_1000_gene56439070.pdb
-0.142145 -0.616257 -0.774611     9.428457
 0.278153 -0.775893  0.566234    -1.329180
-0.949961 -0.134973  0.281703   -11.734658
>../../../../class1/leu1//data/domains/Catalytic_domain/structures/LeuRS-B_AF_Bact_Chlamydia_psittaci_6BC_gene12243068.pdb
-0.075847 -0.928437  0.363665     9.029510
-0.347628 -0.317212 -0.882344    -0.706934
 0.934560 -0.193343 -0.298691   -12.794433
>../../../../class1/leu1//data/domains/Catalytic_domain/structures/LeuRS-B_AF_Bact_Clostridium_botulinum_A_str_ATCC_3502_gene5187707.pdb
-0.471674  0.814004  0.339000     7.514894
 0.862038  0.344796  0.371492    -4.835901
 0.185510  0.467454 -0.864334   -13.813292
>../../../../class1/leu1//data/domains/Catalytic_domain/structures/LeuRS-B_AF_Bact_Mycoplasma_hyopneumoniae_168-L_gene57101518.pdb
 0.973399 -0.171773  0.151618    10.429808
 0.041256  0.782347  0.621476    -3.160175
-0.225370 -0.598689  0.768622   -13.484206
>../../../../class1/leu1//data/domains/Catalytic_domain/structures/LeuRS-B_AF_Bact_Orientia_tsutsugamushi_str_Ikeda_gene66652454.pdb
-0.240379 -0.949546  0.201447     8.927490
-0.429491 -0.082068 -0.899334    -0.885028
 0.870492 -0.302700 -0.388094   -14.272452
>../../../../class1/leu1//data/domains/Catalytic_domain/structures/LeuRS-B_AF_Bact_Porphyromonas_gingivalis_ATCC_33277_gene29256038.pdb
-0.169944 -0.420497 -0.891236     9.725169
-0.047760 -0.899814  0.433651    -0.513068
-0.984296  0.116261  0.132835   -13.375701
>../../../../class1/leu1//data/domains/Catalytic_domain/structures/LeuRS-B_AF_Bact_Thermus_thermophilus_HB8_gene3168656.pdb
-0.577870  0.764349  0.286070     4.545442
 0.789285  0.434248  0.434117     1.519381
 0.207592  0.476654 -0.854228   -15.747725
>../../../../class1/leu1//data/domains/Catalytic_domain/structures/LeuRS-B_AF_Euk_Bathycoccus_prasinos_gene19015540.pdb
-0.099291 -0.833015  0.544268    10.182388
-0.437071 -0.454871 -0.775926    -1.621451
 0.893930 -0.314927 -0.318922   -13.885281
>../../../../class1/leu1//data/domains/Catalytic_domain/structures/LeuRS-B_AF_Euk_Plasmodium_falciparum_3D7_gene2655460.pdb
-0.262834  0.480061 -0.836934     4.516731
-0.612071 -0.753507 -0.239991    -1.563579
-0.745847  0.449185  0.491879   -15.411961
>../../../../class1/leu1//data/domains/Catalytic_domain/structures/LeuRS-B_AF_Euk_Thalassiosira_pseudonana_CCMP1335_gene7441753.pdb
-0.117165 -0.453680 -0.883429     7.448224
 0.195941 -0.882630  0.427283     1.011102
-0.973591 -0.123037  0.192308   -17.276115
>../../../../class1/leu1//data/domains/Catalytic_domain/structures/LeuRS-B_AF_Mito_Homo_sapiens_gene23395.pdb
-0.148370 -0.858513  0.490859     9.836539
-0.285409 -0.438059 -0.852435    -2.689067
 0.946852 -0.266572 -0.180032   -11.610530
>../../../../class1/leu1//data/domains/Catalytic_domain/structures/LeuRS-B_AF_Mito_Treponema_denticola_ATCC_35405_gene2739434.pdb
 0.666919  0.724177  0.175461     8.652400
-0.731523  0.681125 -0.030712    -1.588610
-0.141752 -0.107871  0.984007   -13.673718
>../../../../class1/leu1//data/domains/Catalytic_domain/structures/LeuRS-B_PDB_Bact_T_therm_2V0C.pdb
-0.199884  0.552593  0.809128    15.383405
-0.680604  0.515751 -0.520365    41.265649
-0.704858 -0.654708  0.273006   -27.539956
