>structures/AlaRS_AF_Arch_Candidatus_Korarchaeum_cryptofilum_OPF8_gene6094822.pdb
 0.499314  0.809827  0.308003     2.714388
-0.805549  0.303016  0.509188    -1.655061
 0.319025 -0.502356  0.803655    -4.501255
>structures/AlaRS_AF_Arch_Candidatus_Nitrosopumilus_koreensis_AR1_gene13725795.pdb
-0.788955 -0.560325 -0.252162     1.788666
-0.492397  0.331061  0.804949     0.036979
-0.367553  0.759233 -0.537095   -10.416569
>structures/AlaRS_AF_Arch_Sulfolobus_islandicus_YG5714_gene7807284.pdb
 0.995505 -0.087233 -0.036888     5.764125
 0.094487  0.887876  0.450276     0.570355
-0.006527 -0.451738  0.892127    -5.311904
>structures/AlaRS_AF_Arch_Thermoplasma_acidophilum_DSM_1728_gene1456391.pdb
-0.775953 -0.566009 -0.278444     2.282343
-0.520741  0.325674  0.789155    -0.930241
-0.355987  0.757344 -0.547452    -8.722694
>structures/AlaRS_AF_Bact_Brucella_melitensis_bv_1_str_16M_gene29593597.pdb
-0.399886 -0.878232  0.262297    -5.353363
-0.590186  0.465674  0.659415    -3.971771
-0.701264  0.108887 -0.704537   -12.830096
>structures/AlaRS_AF_Bact_Chlamydia_psittaci_6BC_gene12242512.pdb
 0.195690  0.587245 -0.785397    -2.570426
-0.054889 -0.793068 -0.606656    -0.691644
-0.979129  0.161826 -0.122962    -8.731731
>structures/AlaRS_AF_Bact_Lactobacillus_acidophilus_La-14_gene56942022.pdb
 0.294696 -0.479917 -0.826338    -4.573871
 0.765117 -0.399564  0.504920     7.493930
-0.572495 -0.781043  0.249443    -6.513650
>structures/AlaRS_AF_Bact_Nocardia_farcinica_IFM_10152_gene61134339.pdb
 0.167097  0.095590 -0.981296    -3.692807
 0.495940 -0.868357 -0.000139     0.605748
-0.852128 -0.486641 -0.192507    -7.730356
>structures/AlaRS_AF_Bact_Porphyromonas_gingivalis_ATCC_33277_gene29256567.pdb
 0.162011  0.475190 -0.864839    -1.406517
 0.076963 -0.879833 -0.469011     0.708642
-0.983783  0.009424 -0.179115    -8.198390
>structures/AlaRS_AF_Bact_Prochlorococcus_marinus_subsp_marinus_str_CCMP1375_gene54199407.pdb
-0.440942  0.607062  0.661094    -4.329771
 0.888581  0.191478  0.416845    -0.517202
 0.126465  0.771241 -0.623855    -6.221571
>structures/AlaRS_AF_Bact_Streptobacillus_moniliformis_DSM_12112_gene29672963.pdb
 0.266112  0.589433 -0.762727    -5.021567
-0.227434 -0.730526 -0.643899     1.906665
-0.936727  0.344819 -0.060345    -5.395579
>structures/AlaRS_AF_Bact_Treponema_pallidum_subsp_pertenue_str_SamoaD_gene57879528.pdb
 0.920214  0.267080 -0.286135     6.857496
-0.342222  0.903794 -0.256983     8.865181
 0.189972  0.334401  0.923085   -12.251512
>structures/AlaRS_AF_Euk_Cyanidioschyzon_merolae_strain_10D_gene16993235.pdb
 1.000000  0.000000  0.000000     0.000000
 0.000000  1.000000  0.000000     0.000000
 0.000000  0.000000  1.000000     0.000000
>structures/AlaRS_AF_Euk_Marasmius_oreades_gene66078979.pdb
-0.646962 -0.724852 -0.236707    -1.630490
-0.563265  0.245050  0.789103     1.173438
-0.513978  0.643848 -0.566821    -3.716041
>structures/AlaRS_AF_Euk_Plasmodium_berghei_ANKA_gene55150801.pdb
-0.047365 -0.046006 -0.997818    -4.623038
 0.214982 -0.975998  0.034795     3.238128
-0.975469 -0.212865  0.056119    -8.944410
>structures/AlaRS_AF_Euk_Saccharomyces_cerevisiae_S288C_gene854513.pdb
-0.930727 -0.271545 -0.244970     2.069814
-0.360577  0.569492  0.738690    -1.748149
-0.061079  0.775850 -0.627954    -5.878162
>structures/AlaRS_PDB_Bact_E_coli_3HXV.pdb
 0.631963  0.764258  0.128579   -34.993588
 0.093288 -0.239718  0.966350    -3.908765
 0.769364 -0.598703 -0.222789    -2.922857
