>structures/Ala_Bact_1YFS_A_aeolicus.pdb
-0.973374  0.212762  0.085292   135.695644
 0.206417  0.975394 -0.077449   -39.541668
-0.099671 -0.057781 -0.993341    34.107379
>structures/Ala_Bact_3HXV_E_coli.pdb
-0.453153  0.319236  0.832311    -8.151166
-0.394954  0.765137 -0.508504   -11.767454
-0.799165 -0.559154 -0.220641    31.667202
>structures/Alanyl.A.Candidatus_Thermoplasmatota.NC_013926.1.pdb
-0.881274  0.455859  0.124697     1.016221
 0.455140  0.747562  0.483734     1.006837
 0.127295  0.483057 -0.866286    -4.587814
>structures/Alanyl.A.Crenarchaeota.NC_020247.1.pdb
 0.534635  0.601296 -0.593808    -0.958839
-0.713415 -0.055516 -0.698539    -0.650692
-0.452995  0.797095  0.399293    -3.787470
>structures/Alanyl.A.Thaumarchaeota.NC_010085.1.pdb
-0.131788 -0.483269  0.865496     1.757965
 0.312158 -0.848923 -0.426483     0.159193
 0.940845  0.213966  0.262733    -2.919650
>structures/Alanyl.B.Actinobacteria.NC_010572.1.pdb
 1.000000 -0.000000  0.000000     0.000000
 0.000000  1.000000  0.000000     0.000000
-0.000000  0.000000  1.000000    -0.000000
>structures/Alanyl.B.Bacteroidota.NC_010729.1.pdb
 0.804790 -0.537026 -0.252816     0.276118
 0.590355  0.768406  0.247049    -2.222170
 0.061594 -0.348074  0.935442    -0.103016
>structures/Alanyl.B.Chlamydiae.NC_017287.1.pdb
 0.667216 -0.602676 -0.437727     0.435397
 0.744862  0.541384  0.389980    -1.104535
 0.001947 -0.586247  0.810130     1.215079
>structures/Alanyl.B.Cyanobacteria.NC_005042.1.pdb
 0.947987 -0.129985 -0.290560    -1.878115
 0.318310  0.386789  0.865490    -3.848943
-0.000115 -0.912961  0.408047    -0.070235
>structures/Alanyl.B.Firmicutes.NC_008525.1.pdb
 0.867876 -0.470433  0.159639     4.733886
 0.465811  0.658921 -0.590629    -9.291750
 0.172661  0.586955  0.790995     3.009395
>structures/Alanyl.B.Fusobacteria.NC_013515.1.pdb
 0.578887 -0.717807 -0.386838    -0.549394
 0.814426  0.532263  0.231100    -6.162844
 0.040014 -0.448832  0.892720     2.225749
>structures/Alanyl.B.Spirochaetes.NC_014330.1.pdb
 0.400727  0.911711  0.090560    -1.556900
 0.274789 -0.025306 -0.961172    -5.932216
-0.874019  0.410052 -0.260669    -3.670928
