>structures/AlaRS_AF_Arch_Candidatus_Korarchaeum_cryptofilum_OPF8_gene6094822.pdb
-0.297481  0.642768 -0.705942    -3.022407
 0.949513  0.122004 -0.289034     3.850711
-0.099654 -0.756283 -0.646611    -3.080111
>structures/AlaRS_AF_Arch_Candidatus_Nitrosopumilus_koreensis_AR1_gene13725795.pdb
 0.200463 -0.803081  0.561137     2.706839
 0.051059 -0.563421 -0.824590     1.685449
 0.978370  0.193952 -0.071940    -2.088190
>structures/AlaRS_AF_Arch_Sulfolobus_islandicus_YG5714_gene7807284.pdb
 0.174715  0.497838 -0.849489    -1.684527
 0.399430 -0.824415 -0.400993     3.432779
-0.899961 -0.269252 -0.342889    -6.777553
>structures/AlaRS_AF_Arch_Thermoplasma_acidophilum_DSM_1728_gene1456391.pdb
 0.187371 -0.808672  0.557621     1.071562
 0.076821 -0.553873 -0.829050     2.929828
 0.979281  0.198177 -0.041657    -2.361898
>structures/AlaRS_AF_Bact_Brucella_melitensis_bv_1_str_16M_gene29593597.pdb
 0.577120 -0.212717  0.788469     3.483780
 0.318743 -0.830235 -0.457288     1.940145
 0.751888  0.515229 -0.411343     6.398780
>structures/AlaRS_AF_Bact_Chlamydia_psittaci_6BC_gene12242512.pdb
 0.990700 -0.125486 -0.052606     0.174935
 0.132147  0.979469  0.152243     0.509040
 0.032421 -0.157779  0.986942     1.679001
>structures/AlaRS_AF_Bact_Lactobacillus_acidophilus_La-14_gene56942022.pdb
 0.671913  0.655460 -0.344826    -1.779469
-0.536347  0.109554 -0.836857    -7.539688
-0.510749  0.747242  0.425165    -1.040531
>structures/AlaRS_AF_Bact_Nocardia_farcinica_IFM_10152_gene61134339.pdb
 0.901597  0.431395  0.031953    -0.823685
-0.366206  0.800496 -0.474447    -1.087246
-0.230253  0.416058  0.879704     1.927935
>structures/AlaRS_AF_Bact_Porphyromonas_gingivalis_ATCC_33277_gene29256567.pdb
 0.999954  0.005648  0.007767     0.080786
-0.005620  0.999978 -0.003545     0.046802
-0.007786  0.003501  0.999964     0.051217
>structures/AlaRS_AF_Bact_Prochlorococcus_marinus_subsp_marinus_str_CCMP1375_gene54199407.pdb
-0.130872 -0.648833  0.749592    -2.444339
-0.988996  0.138057 -0.053170    -0.441843
-0.068988 -0.748302 -0.659761     2.736548
>structures/AlaRS_AF_Bact_Streptobacillus_moniliformis_DSM_12112_gene29672963.pdb
 0.947577 -0.298960 -0.112784    -3.240299
 0.316165  0.928323  0.195591    -2.892264
 0.046226 -0.220996  0.974179     1.933565
>structures/AlaRS_AF_Bact_Treponema_pallidum_subsp_pertenue_str_SamoaD_gene57879528.pdb
-0.066898 -0.214886 -0.974345     5.908190
 0.749856 -0.655035  0.092979    -3.476245
-0.658210 -0.724399  0.204954   -10.410487
>structures/AlaRS_AF_Euk_Cyanidioschyzon_merolae_strain_10D_gene16993235.pdb
 0.163674  0.077442 -0.983470    -7.999415
 0.475736 -0.879532  0.009917     1.380511
-0.864226 -0.469495 -0.180798    -2.409143
>structures/AlaRS_AF_Euk_Marasmius_oreades_gene66078979.pdb
 0.360262 -0.733798  0.575979    -4.430848
 0.178902 -0.551631 -0.814677    -0.414084
 0.915536  0.396541 -0.067454    -0.889573
>structures/AlaRS_AF_Euk_Plasmodium_berghei_ANKA_gene55150801.pdb
 0.967608  0.128914 -0.217063     0.306756
-0.225319  0.828786 -0.512196    -3.876059
 0.113869  0.544513  0.830987     1.530220
>structures/AlaRS_AF_Euk_Saccharomyces_cerevisiae_S288C_gene854513.pdb
-0.117878 -0.767243  0.630431    -1.893914
-0.132376 -0.617050 -0.775710     3.796293
 0.984165 -0.174893 -0.028828    -2.333762
>structures/AlaRS_AF_Mito_Caenorhabditis_elegans_gene174749.pdb
 0.866090 -0.298425 -0.401037     0.324598
 0.466360  0.771221  0.433274     1.343879
 0.179988 -0.562282  0.807120    -2.826980
>structures/AlaRS_AF_Mito_Gadus_morhua_gene115539928.pdb
-0.836450  0.400654  0.373936     0.530038
 0.131676 -0.515402  0.846772     2.685254
 0.531989  0.757521  0.378351    -1.724551
>structures/AlaRS_PDB_Bact_E_coli_3HXV.pdb
-0.644491  0.695678  0.317276   -11.244505
 0.231460  0.572989 -0.786199   -12.314092
-0.728737 -0.433262 -0.530308    29.941312
