>structures/Thr_Bact_1nyr_S_aureus.pdb
-0.716678 -0.027068  0.696879   -17.387154
-0.693173 -0.082264 -0.716062    47.841650
 0.076710 -0.996243  0.040194    48.015356
>structures/Threonyl.A.Candidatus_Thermoplasmatota.NC_020913.1.pdb
-0.292347  0.654356 -0.697389    -0.928300
 0.500004 -0.517042 -0.694740    -0.378790
-0.815187 -0.551802 -0.176025    -3.499659
>structures/Threonyl.A.Crenarchaeota.NC_020247.1.pdb
 0.773527  0.511607  0.374051     3.625839
 0.301770  0.221679 -0.927251     9.721504
-0.557307  0.830130  0.017087   -10.285701
>structures/Threonyl.A.Euryarchaeota.NC_019974.1.pdb
-0.636517  0.143870 -0.757725    -1.499620
 0.771253  0.113761 -0.626281     2.199880
-0.003904 -0.983036 -0.183371    -2.175594
>structures/Threonyl.A.Thaumarchaeota.NC_018655.1.pdb
-0.630740  0.732485  0.256188     6.766208
 0.208916 -0.157663  0.965141    56.531655
 0.747342  0.662275 -0.053583    30.186611
>structures/Threonyl.B.Actinobacteria.NC_013929.1.pdb
 0.978689  0.046336  0.200051    -0.118087
-0.040296  0.998604 -0.034160    -2.188859
-0.201355  0.025371  0.979190    -0.377593
>structures/Threonyl.B.Bacteroidota.NC_010729.1.pdb
-0.850390 -0.458108 -0.258792     1.993495
-0.431601  0.888671 -0.154869     2.410079
 0.300927 -0.020004 -0.953437    -2.183466
>structures/Threonyl.B.Chlamydiae.NC_017287.1.pdb
-0.263045 -0.213180 -0.940937    -0.189093
 0.797968 -0.596242 -0.087992    -3.580204
-0.542268 -0.773983  0.326949    -2.604447
>structures/Threonyl.B.Cyanobacteria.NC_005042.1.pdb
-0.222966 -0.812851 -0.538107     3.104962
-0.772807 -0.189072  0.605822    -0.489559
-0.594184  0.550931 -0.586020    -2.144429
>structures/Threonyl.B.Firmicutes.NC_011567.1.pdb
-0.468793  0.525915 -0.709680    -0.952558
 0.616645 -0.380399 -0.689235     0.325596
-0.632441 -0.760730 -0.145975    -0.454589
>structures/Threonyl.B.Fusobacteria.NC_013515.1.pdb
-0.462975  0.509728 -0.725143     0.706766
 0.702028 -0.288572 -0.651064    -0.083762
-0.541121 -0.810496 -0.224241     0.903313
>structures/Threonyl.B.Proteobacteria.NC_009379.1.pdb
-0.593564  0.725076 -0.349208     1.076362
 0.779164  0.409128 -0.474888    -0.578579
-0.201459 -0.553967 -0.807797    -1.234314
>structures/Threonyl.B.Spirochaetes.NC_016842.1.pdb
 0.648261  0.598051  0.471267     1.166512
 0.758423 -0.452324 -0.469252    -1.939443
-0.067471  0.661618 -0.746799    -3.516436
>structures/Threonyl.E.Basidiomycota.NC_026494.1.pdb
 0.153014 -0.985770 -0.069594     0.999846
 0.355349  0.120597 -0.926921     2.823286
 0.922125  0.117102  0.368746     0.266474
>structures/Threonyl.E.Rhodophyta.NC_010145.1.pdb
 1.000000  0.000000  0.000000     0.000000
 0.000000  1.000000  0.000000     0.000000
 0.000000  0.000000  1.000000     0.000000
