>../../../../class1//ile/data/domains/LIV_IM1//structures/IleRS_AF_Arch_Candidatus_Nitrosopumilus_sediminis_gene13697091.pdb
 0.738361  0.431861 -0.517995   -15.301854
-0.493898 -0.176743 -0.851367    -7.308403
-0.459225  0.884453  0.082795     3.353851
>../../../../class1//leu1/data/domains/LIV_IM1//structures/LeuRS-B_AF_Bact_Brachyspira_pilosicoli_95_1000_gene56439070.pdb
 0.814065  0.407706 -0.413612   -23.698820
-0.559660  0.740986 -0.371108   -11.573334
 0.155177  0.533588  0.831387   -24.637808
>../../../../class1//leu2/data/domains/LIV_IM1//structures/LeuRS-A_AF_Arch_Aciduliprofundum_boonei_T469_gene8828435.pdb
 0.814850  0.431884 -0.386646   -30.728287
-0.499340  0.861741 -0.089786    12.606990
 0.294412  0.266230  0.917847   -25.728872
>../../../../class1//val/data/domains/LIV_IM1//structures/ValRS_AF_Mito_Falco_naumanni_gene121082178.pdb
 1.000000  0.000000  0.000000     0.000000
 0.000000  1.000000  0.000000     0.000000
 0.000000  0.000000  1.000000     0.000000
