>../../../../class1//ile/data/domains/LIV_IM1//structures/IleRS_AF_Arch_Candidatus_Korarchaeum_cryptofilum_OPF8_gene6094904.pdb
-0.139746  0.611252 -0.779001    -2.306855
-0.326119 -0.771240 -0.546659    -2.854912
-0.934943  0.177653  0.307119    -2.147141
>../../../../class1//ile/data/domains/LIV_IM1//structures/IleRS_AF_Arch_Candidatus_Nitrosopumilus_sediminis_gene13697091.pdb
-0.690139 -0.665382  0.284560     3.805625
-0.605682  0.315887 -0.730318    -3.497681
 0.396051 -0.676374 -0.621016    -0.674029
>../../../../class1//ile/data/domains/LIV_IM1//structures/IleRS_AF_Arch_Pyrobaculum_aerophilum_str_IM2_gene1465853.pdb
 0.110161 -0.180054  0.977469     2.912780
-0.264283 -0.953357 -0.145828     5.256290
 0.958133 -0.242263 -0.152608    -0.509909
>../../../../class1//ile/data/domains/LIV_IM1//structures/IleRS_AF_Arch_Thermoplasma_acidophilum_DSM_1728_gene1456418.pdb
 0.513737 -0.427962 -0.743588     3.816293
 0.230461 -0.766014  0.600092    -2.626434
-0.826415 -0.479657 -0.294901     1.710361
>../../../../class1//ile/data/domains/LIV_IM1//structures/IleRS_AF_Bact_Chlamydia_muridarum_str_Nigg_gene1246458.pdb
 0.924583  0.310917  0.220176    -8.565862
-0.265210  0.940158 -0.213930    -2.127047
-0.273515  0.139403  0.951712    -6.477358
>../../../../class1//ile/data/domains/LIV_IM1//structures/IleRS_AF_Bact_Lactobacillus_acidophilus_La-14_gene56942445.pdb
 0.303014  0.157928  0.939809    -3.335218
 0.310657 -0.948673  0.059255    -3.146857
 0.900930  0.274004 -0.336522    -4.841022
>../../../../class1//ile/data/domains/LIV_IM1//structures/IleRS_AF_Bact_Mycoplasma_hyopneumoniae_168-L_gene57100872.pdb
 0.286841  0.233891  0.928987    -3.710823
 0.311945 -0.939689  0.140267    -1.218402
 0.905766  0.249558 -0.342502    -2.301331
>../../../../class1//ile/data/domains/LIV_IM1//structures/IleRS_AF_Bact_Orientia_tsutsugamushi_str_Ikeda_gene66653313.pdb
-0.930032  0.332978  0.155457    -2.033280
 0.363969  0.776328  0.514627    -1.959002
 0.050673  0.535201 -0.843203    -0.388834
>../../../../class1//ile/data/domains/LIV_IM1//structures/IleRS_AF_Bact_Porphyromonas_gingivalis_ATCC_33277_gene29255747.pdb
-0.914515  0.344265  0.212470    -0.358295
 0.404541  0.774450  0.486388    -1.917984
 0.002900  0.530762 -0.847516     2.472815
>../../../../class1//ile/data/domains/LIV_IM1//structures/IleRS_AF_Bact_Streptobacillus_moniliformis_DSM_12112_gene29674186.pdb
 0.263960  0.177001  0.948154    -1.967662
 0.349261 -0.933848  0.077098     1.808276
 0.899078  0.310803 -0.308318    -0.960132
>../../../../class1//ile/data/domains/LIV_IM1//structures/IleRS_AF_Bact_Thermus_thermophilus_HB8_gene3168241.pdb
 0.942530  0.325383 -0.075914     0.357815
-0.332710  0.893143 -0.302654    -3.004023
-0.030677  0.310518  0.950072    -0.610601
>../../../../class1//ile/data/domains/LIV_IM1//structures/IleRS_AF_Bact_Treponema_pallidum_subsp_pertenue_str_SamoaD_gene57878975.pdb
 0.216389  0.726876 -0.651788    -0.490036
-0.809962 -0.239090 -0.535535    -2.867486
-0.545103  0.643807  0.537005    -1.883496
>../../../../class1//ile/data/domains/LIV_IM1//structures/IleRS_AF_Euk_Cyanidioschyzon_merolae_strain_10D_gene16992835.pdb
 0.927082 -0.374586 -0.014309    -2.315427
 0.275760  0.655642  0.702916    -4.241144
-0.253921 -0.655606  0.711129    -2.323123
>../../../../class1//ile/data/domains/LIV_IM1//structures/IleRS_AF_Euk_Ostreococcus_lucimarinus_CCE9901_gene5000489.pdb
-0.357568  0.694075 -0.624824   -16.436398
-0.762504 -0.603271 -0.233776   -10.712904
-0.539196  0.392840  0.744945    -9.329526
>../../../../class1//ile/data/domains/LIV_IM1//structures/IleRS_AF_Euk_Trypanosoma_brucei_brucei_TREU927_gene3663037.pdb
-0.184530  0.389079 -0.902533    -1.902876
-0.474705 -0.839369 -0.264792    -0.980423
-0.860583  0.379575  0.339587    -4.164007
>../../../../class1//ile/data/domains/LIV_IM1//structures/IleRS_AF_Euk_Ustilago_maydis_521_gene23568123.pdb
 0.148399  0.696739  0.701807    -5.877612
 0.629702 -0.613774  0.476190    -0.145385
 0.762530  0.371263 -0.529822    -3.208351
>../../../../class1//ile/data/domains/LIV_IM1//structures/IleRS_AF_Mito_Drosophila_melanogaster_gene39762.pdb
-0.974596 -0.094926 -0.202858    -4.289141
-0.099094  0.995023  0.010466    -3.522484
 0.200855  0.030302 -0.979152     1.521999
>../../../../class1//ile/data/domains/LIV_IM1//structures/IleRS_AF_Mito_Homo_sapiens_gene55699.pdb
 0.335992  0.146535  0.930396    -2.820415
 0.299556 -0.953156  0.041941    -2.978756
 0.892959  0.264614 -0.364148    -2.825853
>../../../../class1//ile/data/domains/LIV_IM1//structures/IleRS_AF_Vir_Megavirus_chiliensis_gene11256744.pdb
-0.768047  0.615108  0.178173    -7.971476
 0.552042  0.494925  0.671044    -2.741309
 0.324583  0.613752 -0.719691    -1.953117
>../../../../class1//ile/data/domains/LIV_IM1//structures/IleRS_PDB_Bact_S_aureus_1QU2.pdb
 0.861604 -0.219073  0.457871   -57.901619
-0.287245 -0.954167  0.083996    62.461381
 0.418484 -0.203893 -0.885042    76.883595
>../../../../class1//ile/data/domains/LIV_IM1//structures/IleRS_PDB_Bact_T_therm_1ILE.pdb
 0.847335  0.305855 -0.434138    10.309858
-0.524074  0.613742 -0.590480   -31.408856
 0.085848  0.727855  0.680336    22.818367
>../../../../class1//ile/data/domains/LIV_IM1//structures/IleRS_PDB_Euk_S_cere_7D5C.pdb
 0.317233  0.557635 -0.767077    14.721391
 0.666248  0.444573  0.598722   -39.645271
 0.674890 -0.700998 -0.230490     6.505539
>../../../../class1//leu1/data/domains/LIV_IM1//structures/LeuRS-B_AF_Bact_Bifidobacterium_longum_subsp_longum_JCM_1217_gene69578373.pdb
-0.893597  0.406207  0.191001    18.232372
 0.440469  0.711584  0.547389   -21.880567
 0.086440  0.573275 -0.814791    23.856560
>../../../../class1//leu1/data/domains/LIV_IM1//structures/LeuRS-B_AF_Bact_Brachyspira_pilosicoli_95_1000_gene56439070.pdb
-0.920239 -0.371147  0.124139    18.633661
-0.359880  0.927160  0.104211   -20.121125
-0.153774  0.051224 -0.986777    18.035725
>../../../../class1//leu1/data/domains/LIV_IM1//structures/LeuRS-B_AF_Bact_Chlamydia_psittaci_6BC_gene12243068.pdb
 0.816020 -0.477818 -0.325270    18.648680
 0.576968  0.707312  0.408434   -21.874778
 0.034910 -0.520961  0.852867    19.053608
>../../../../class1//leu1/data/domains/LIV_IM1//structures/LeuRS-B_AF_Bact_Clostridium_botulinum_A_str_ATCC_3502_gene5187707.pdb
 0.141931  0.699601 -0.700295    15.801123
-0.454667 -0.582340 -0.673912   -20.234979
-0.879280  0.414050  0.235433    19.782735
>../../../../class1//leu1/data/domains/LIV_IM1//structures/LeuRS-B_AF_Bact_Mycoplasma_hyopneumoniae_168-L_gene57101518.pdb
 0.078921 -0.582331  0.809112    15.771901
-0.618826 -0.664946 -0.418212   -23.804349
 0.781554 -0.467694 -0.412839    19.445672
>../../../../class1//leu1/data/domains/LIV_IM1//structures/LeuRS-B_AF_Bact_Orientia_tsutsugamushi_str_Ikeda_gene66652454.pdb
 0.752040 -0.582600 -0.308241    14.321963
 0.646351  0.560264  0.518010   -22.161764
-0.129097 -0.588797  0.797905    15.634805
>../../../../class1//leu1/data/domains/LIV_IM1//structures/LeuRS-B_AF_Bact_Porphyromonas_gingivalis_ATCC_33277_gene29256038.pdb
-0.984484 -0.103646 -0.141590    16.035139
-0.128026  0.976091  0.175656   -22.327271
 0.119999  0.191058 -0.974216    17.683669
>../../../../class1//leu1/data/domains/LIV_IM1//structures/LeuRS-B_AF_Bact_Thermus_thermophilus_HB8_gene3168656.pdb
 0.168005  0.631345 -0.757085    14.934146
-0.311487 -0.694655 -0.648406   -23.694244
-0.935281  0.344757  0.079950    15.239314
>../../../../class1//leu1/data/domains/LIV_IM1//structures/LeuRS-B_AF_Euk_Bathycoccus_prasinos_gene19015540.pdb
 0.784764 -0.589575 -0.191174    15.599649
 0.619742  0.742404  0.254472   -23.040075
-0.008102 -0.318179  0.947996    18.520217
>../../../../class1//leu1/data/domains/LIV_IM1//structures/LeuRS-B_AF_Euk_Klebsormidium_nitens_protein971510658.pdb
 0.141394 -0.422383  0.895321    16.055495
-0.439729 -0.837085 -0.325465   -21.298308
 0.886931 -0.347680 -0.304093    18.789710
>../../../../class1//leu1/data/domains/LIV_IM1//structures/LeuRS-B_AF_Euk_Plasmodium_falciparum_3D7_gene2655460.pdb
-0.816449  0.508340  0.273862    11.205139
 0.510950  0.415115  0.752735   -22.682575
 0.268961  0.754500 -0.598657    13.905904
>../../../../class1//leu1/data/domains/LIV_IM1//structures/LeuRS-B_AF_Euk_Thalassiosira_pseudonana_CCMP1335_gene7441753.pdb
-0.964439 -0.261926 -0.035383    11.754753
-0.264124  0.960064  0.092277   -26.641991
 0.009800  0.098341 -0.995105    17.220999
>../../../../class1//leu1/data/domains/LIV_IM1//structures/LeuRS-B_AF_Mito_Homo_sapiens_gene23395.pdb
 0.721039  0.047374 -0.691274    22.014411
 0.656697  0.271519  0.703581   -20.016506
 0.221025 -0.961267  0.164665    44.581681
>../../../../class1//leu1/data/domains/LIV_IM1//structures/LeuRS-B_AF_Mito_Treponema_denticola_ATCC_35405_gene2739434.pdb
-0.094510  0.093789  0.991096    16.700739
 0.067451 -0.992661  0.100369   -21.450606
 0.993236  0.076337  0.087490    17.969618
>../../../../class1//leu1/data/domains/LIV_IM1//structures/LeuRS-B_PDB_Bact_T_therm_2V0C.pdb
-0.877351 -0.368131  0.307791    19.540343
 0.254944 -0.901021 -0.350947   -36.685491
 0.406521 -0.229434  0.884365   -16.439480
>../../../../class1//val/data/domains/LIV_IM1//structures/ValRS_AF_Arch_Candidatus_Korarchaeum_cryptofilum_OPF8_gene6094666.pdb
 0.143213 -0.086726 -0.985885    -3.044635
-0.030649 -0.996064  0.083169    -0.118338
-0.989217  0.018305 -0.145307     0.927299
>../../../../class1//val/data/domains/LIV_IM1//structures/ValRS_AF_Arch_Methanobacterium_paludis_gene10668809.pdb
-0.659999  0.705628  0.257857    -0.186624
 0.736143  0.538904  0.409482    -2.102091
 0.149981  0.460077 -0.875120    -5.913056
>../../../../class1//val/data/domains/LIV_IM1//structures/ValRS_AF_Arch_Thermoplasma_acidophilum_DSM_1728_gene1455707.pdb
 1.000000  0.000000  0.000000     0.000000
 0.000000  1.000000  0.000000     0.000000
 0.000000  0.000000  1.000000     0.000000
>../../../../class1//val/data/domains/LIV_IM1//structures/ValRS_AF_Arch_Thermosphaera_aggregans_DSM_11486_gene9166030.pdb
-0.752336 -0.658084 -0.030261    -1.538614
-0.538165  0.640438 -0.547922    -0.429238
 0.379959 -0.395936 -0.835982     0.847915
>../../../../class1//val/data/domains/LIV_IM1//structures/ValRS_AF_Bact_Brucella_abortus_2308_gene3789053.pdb
-0.945545  0.325466 -0.004159    -3.033387
 0.277468  0.812650  0.512457     1.716934
 0.170167  0.483397 -0.858703    -0.443797
>../../../../class1//val/data/domains/LIV_IM1//structures/ValRS_AF_Bact_Chlamydia_psittaci_6BC_gene12243133.pdb
-0.924564  0.374201  0.071795    -1.667531
 0.352221  0.767488  0.535632     3.523320
 0.145332  0.520514 -0.841394    -3.912675
>../../../../class1//val/data/domains/LIV_IM1//structures/ValRS_AF_Bact_Corynebacterium_jeikeium_K411_gene3433539.pdb
 0.061506  0.834265 -0.547923    -0.021320
-0.566617 -0.422744 -0.707272     1.543036
-0.821683  0.353964  0.446707    -3.404404
>../../../../class1//val/data/domains/LIV_IM1//structures/ValRS_AF_Bact_Lacticaseibacillus_paracasei_gene61269477.pdb
-0.001441  0.765521 -0.643409    -1.119996
-0.455547 -0.573273 -0.681054     3.134839
-0.890211  0.292122  0.349557    -4.012942
>../../../../class1//val/data/domains/LIV_IM1//structures/ValRS_AF_Bact_Mycoplasma_hyopneumoniae_168-L_gene57101556.pdb
 0.646564  0.723017 -0.243312    -2.642591
-0.706398  0.447022 -0.548792    -1.663906
-0.288020  0.526705  0.799766    -1.595608
>../../../../class1//val/data/domains/LIV_IM1//structures/ValRS_AF_Bact_Porphyromonas_gingivalis_ATCC_33277_gene29256433.pdb
-0.977027 -0.213093  0.003199     0.066092
-0.211628  0.971865  0.103403     4.121389
-0.025144  0.100351 -0.994634     0.045165
>../../../../class1//val/data/domains/LIV_IM1//structures/ValRS_AF_Bact_Prochlorococcus_marinus_subsp_marinus_str_CCMP1375_gene54201173.pdb
-0.125762  0.545130 -0.828865    -0.653970
-0.198498 -0.832430 -0.517357     1.574303
-0.971999  0.099464  0.212895    -3.101753
>../../../../class1//val/data/domains/LIV_IM1//structures/ValRS_AF_Bact_Streptobacillus_moniliformis_DSM_12112_gene29673078.pdb
-0.273093 -0.841608  0.465957     0.676557
-0.646466 -0.198139 -0.736765     2.981748
 0.712392 -0.502431 -0.489961    -1.774406
>../../../../class1//val/data/domains/LIV_IM1//structures/ValRS_AF_Euk_Arabidopsis_thaliana_gene838023.pdb
 0.696886  0.702584  0.143961    -3.903655
-0.374117  0.527387 -0.762823     5.489827
-0.611871  0.477742  0.630378    -1.027297
>../../../../class1//val/data/domains/LIV_IM1//structures/ValRS_AF_Euk_Giardia_intestinalis_gene5702288.pdb
 0.029455 -0.795268 -0.605542    -1.862526
 0.796224 -0.347570  0.495200     4.930952
-0.604285 -0.496733  0.622974     2.095391
>../../../../class1//val/data/domains/LIV_IM1//structures/ValRS_AF_Euk_Plasmodium_knowlesi_strain_H_gene7322020.pdb
-0.921098  0.371627  0.116067     0.017122
 0.361911  0.707399  0.607130     3.953682
 0.143520  0.601233 -0.786080    -0.255073
>../../../../class1//val/data/domains/LIV_IM1//structures/ValRS_AF_Euk_Trypanosoma_brucei_brucei_TREU927_gene3658082.pdb
-0.859460  0.451147  0.240407    -0.872081
 0.493597  0.610008  0.619880     1.462271
 0.133007  0.651426 -0.746962    -0.787310
>../../../../class1//val/data/domains/LIV_IM1//structures/ValRS_AF_Mito_Falco_naumanni_gene121082178.pdb
-0.947399  0.210814 -0.240817    -8.042522
 0.060801  0.857269  0.511267     2.873513
 0.314227  0.469732 -0.824993    10.354647
>../../../../class1//val/data/domains/LIV_IM1//structures/ValRS_AF_Mito_Oryza_sativa_Japonica_Group_gene4333799.pdb
 0.770527 -0.576705 -0.271476    -2.794681
 0.566286  0.423857  0.706870     3.580807
-0.292589 -0.698395  0.653174    -1.488570
>../../../../class1//val/data/domains/LIV_IM1//structures/ValRS_PDB_Bact_T_therm_1GAX.pdb
-0.225106  0.974266  0.011500   -21.956226
-0.911006 -0.206275 -0.357099    99.945666
-0.345537 -0.090861  0.933996    15.072682
