>../../../../class2/ala//data/domains/Catalytic_domain/structures/AlaRS_AF_Arch_Candidatus_Korarchaeum_cryptofilum_OPF8_gene6094822.pdb
 1.000000  0.000000  0.000000     0.000000
 0.000000  1.000000  0.000000     0.000000
 0.000000  0.000000  1.000000     0.000000
>../../../../class2/ala//data/domains/Catalytic_domain/structures/AlaRS_AF_Arch_Candidatus_Nitrosopumilus_koreensis_AR1_gene13725795.pdb
-0.107631 -0.311120 -0.944256    -3.793613
-0.600456 -0.736638  0.311155     2.690225
-0.792381  0.600475 -0.107529    -4.253380
>../../../../class2/ala//data/domains/Catalytic_domain/structures/AlaRS_AF_Arch_Sulfolobus_islandicus_YG5714_gene7807284.pdb
 0.421097 -0.901783 -0.097287    -0.589581
 0.837720  0.427801 -0.339427     3.531231
 0.347709  0.061433  0.935588     1.458189
>../../../../class2/ala//data/domains/Catalytic_domain/structures/AlaRS_AF_Arch_Thermoplasma_acidophilum_DSM_1728_gene1456391.pdb
-0.083400 -0.304179 -0.948957    -2.185292
-0.609502 -0.737814  0.290066     1.965900
-0.788386  0.602583 -0.123864    -3.101542
>../../../../class2/ala//data/domains/Catalytic_domain/structures/AlaRS_AF_Bact_Brucella_melitensis_bv_1_str_16M_gene29593597.pdb
 0.050516 -0.777742 -0.626550    -4.735471
-0.152708 -0.625989  0.764734    -3.161751
-0.986979  0.057048 -0.150390   -10.298409
>../../../../class2/ala//data/domains/Catalytic_domain/structures/AlaRS_AF_Bact_Chlamydia_psittaci_6BC_gene12242512.pdb
-0.166681  0.984087  0.061570    -4.767485
 0.633392  0.154719 -0.758207    -1.955694
-0.755667 -0.087381 -0.649101    -4.513475
>../../../../class2/ala//data/domains/Catalytic_domain/structures/AlaRS_AF_Bact_Lactobacillus_acidophilus_La-14_gene56942022.pdb
-0.664883 -0.170640 -0.727195   -11.068388
 0.746748 -0.129352 -0.652407    -2.203015
 0.017262 -0.976806  0.213429     0.989756
>../../../../class2/ala//data/domains/Catalytic_domain/structures/AlaRS_AF_Bact_Nocardia_farcinica_IFM_10152_gene61134339.pdb
-0.597210  0.582641 -0.551244    -5.860737
 0.706360  0.056447 -0.705598    -2.937369
-0.379994 -0.810767 -0.445265    -3.238172
>../../../../class2/ala//data/domains/Catalytic_domain/structures/AlaRS_AF_Bact_Porphyromonas_gingivalis_ATCC_33277_gene29256567.pdb
-0.300395  0.948942 -0.096290    -4.773568
 0.643410  0.127076 -0.754901    -0.857007
-0.704121 -0.288723 -0.648731    -3.011521
>../../../../class2/ala//data/domains/Catalytic_domain/structures/AlaRS_AF_Bact_Prochlorococcus_marinus_subsp_marinus_str_CCMP1375_gene54199407.pdb
-0.893690  0.398161 -0.206847    -4.860766
-0.150641  0.167990  0.974211    -4.482991
 0.422641  0.901802 -0.090151    -2.810407
>../../../../class2/ala//data/domains/Catalytic_domain/structures/AlaRS_AF_Bact_Streptobacillus_moniliformis_DSM_12112_gene29672963.pdb
 0.014023  0.992212  0.123766    -6.853414
 0.617231  0.088791 -0.781756    -4.825693
-0.786657  0.087354 -0.611179    -1.333622
>../../../../class2/ala//data/domains/Catalytic_domain/structures/AlaRS_AF_Bact_Treponema_pallidum_subsp_pertenue_str_SamoaD_gene57879528.pdb
 0.785710 -0.487619  0.380642    -8.468609
 0.564173  0.312487 -0.764239    10.289844
 0.253712  0.815217  0.520626     0.428070
>../../../../class2/ala//data/domains/Catalytic_domain/structures/AlaRS_AF_Euk_Cyanidioschyzon_merolae_strain_10D_gene16993235.pdb
 0.498858 -0.805625  0.319545    -1.232241
 0.810229  0.302614 -0.501950    -3.961155
 0.307685  0.509306  0.803702     3.632866
>../../../../class2/ala//data/domains/Catalytic_domain/structures/AlaRS_AF_Euk_Marasmius_oreades_gene66078979.pdb
-0.026962 -0.348795 -0.936811    -4.007453
-0.444493 -0.835226  0.323765    -3.103156
-0.895377  0.425135 -0.132518     0.870202
>../../../../class2/ala//data/domains/Catalytic_domain/structures/AlaRS_AF_Euk_Plasmodium_berghei_ANKA_gene55150801.pdb
-0.507295  0.696758 -0.507129    -8.971017
 0.516937 -0.224809 -0.825977    -2.314062
-0.689513 -0.681167 -0.246136    -3.411796
>../../../../class2/ala//data/domains/Catalytic_domain/structures/AlaRS_AF_Euk_Saccharomyces_cerevisiae_S288C_gene854513.pdb
-0.187409 -0.346416 -0.919170    -0.529393
-0.839054 -0.430101  0.333170     0.115464
-0.510751  0.833672 -0.210056    -1.178726
>../../../../class2/ala//data/domains/Catalytic_domain/structures/AlaRS_AF_Mito_Caenorhabditis_elegans_gene174749.pdb
 0.170140  0.877246  0.448878    -3.425184
 0.465762  0.329837 -0.821142     1.759904
-0.868400  0.348780 -0.352469    -1.560762
>../../../../class2/ala//data/domains/Catalytic_domain/structures/AlaRS_AF_Mito_Gadus_morhua_gene115539928.pdb
 0.317396 -0.680116  0.660834    -2.363473
-0.924186 -0.377980  0.054875     1.101832
 0.212460 -0.628151 -0.748523    -3.057337
>../../../../class2/ala//data/domains/Catalytic_domain/structures/AlaRS_PDB_Bact_E_coli_3HXV.pdb
 0.483064  0.384574 -0.786608   -16.442335
 0.146998  0.850008  0.505844   -32.053012
 0.863157 -0.359984  0.354077   -11.917032
>../../../../class2/pro1//data/domains/Catalytic_domain/structures/ProRS-A_AF_Arch_Candidatus_Nitrosopumilus_sediminis_gene13697692.pdb
-0.578291 -0.303662  0.757211   -14.752708
 0.796741 -0.010601  0.604228    27.952525
-0.175454  0.952721  0.248070    -2.511188
>../../../../class2/pro1//data/domains/Catalytic_domain/structures/ProRS-A_AF_Arch_Halogeometricum_borinquense_DSM_11551_gene9994169.pdb
 0.810182  0.095614 -0.578328   -15.285210
 0.364798 -0.854512  0.369772    27.799561
-0.458833 -0.510556 -0.727190    -3.107154
>../../../../class2/pro1//data/domains/Catalytic_domain/structures/ProRS-A_AF_Arch_Picrophilus_torridus_DSM_9790_gene2845069.pdb
 0.822889  0.261826 -0.504282   -13.699669
 0.562084 -0.504988  0.655018    26.558202
-0.083156 -0.822456 -0.562718    -3.996559
>../../../../class2/pro1//data/domains/Catalytic_domain/structures/ProRS-A_AF_Arch_Sulfurisphaera_tokodaii_str_7_gene1459472.pdb
-0.569916 -0.136352  0.810311   -14.356098
 0.459735  0.764435  0.451978    27.710403
-0.681058  0.630117 -0.372977    -2.974395
>../../../../class2/pro1//data/domains/Catalytic_domain/structures/ProRS-A_AF_Bact_Bacillus_anthracis_str_Ames_Ancestor_gene45020455.pdb
 0.568922  0.310997 -0.761320   -14.427872
-0.793745  0.449855 -0.409388    27.157107
 0.215165  0.837204  0.502785    -3.208982
>../../../../class2/pro1//data/domains/Catalytic_domain/structures/ProRS-A_AF_Bact_Mycoplasma_hyopneumoniae_168-L_gene57101275.pdb
 0.736133  0.059550 -0.674212   -13.695714
-0.120101 -0.968822 -0.216702    28.716047
-0.666096  0.240495 -0.706030    -1.656853
>../../../../class2/pro1//data/domains/Catalytic_domain/structures/ProRS-A_AF_Bact_Porphyromonas_gingivalis_ATCC_33277_gene29256199.pdb
 0.801565  0.193707 -0.565660   -13.696974
 0.452121 -0.815447  0.361431    26.983120
-0.391254 -0.545458 -0.741213    -2.154585
>../../../../class2/pro1//data/domains/Catalytic_domain/structures/ProRS-A_AF_Bact_Thermus_thermophilus_HB8_gene3169620.pdb
 0.768773  0.120756 -0.628017   -13.566974
 0.170358 -0.985197  0.019105    28.208350
-0.616414 -0.121676 -0.777965    -2.383446
>../../../../class2/pro1//data/domains/Catalytic_domain/structures/ProRS-A_AF_Euk_Cryptococcus_gattii_WM276_gene10188341.pdb
 0.688253 -0.028439 -0.724913   -14.796904
 0.177054 -0.962432  0.205857    31.044818
-0.703534 -0.270031 -0.657361    -2.798728
>../../../../class2/pro1//data/domains/Catalytic_domain/structures/ProRS-A_AF_Euk_Ostreococcus_tauri_gene9837972.pdb
 0.717010 -0.075322 -0.692981   -13.004091
-0.209186 -0.971574 -0.110837    30.431450
-0.664934  0.224433 -0.712385    -8.570515
>../../../../class2/pro1//data/domains/Catalytic_domain/structures/ProRS-A_AF_Euk_Plasmodium_yoelii_gene3807174.pdb
 0.578171 -0.066233 -0.813223   -17.041866
-0.676179  0.518896 -0.523000    25.350967
 0.456618  0.852267  0.255225    -2.338356
>../../../../class2/pro1//data/domains/Catalytic_domain/structures/ProRS-A_AF_Euk_Scheffersomyces_stipitis_CBS_6054_gene4840393.pdb
 0.789297  0.022153 -0.613612   -12.626779
 0.485868 -0.633562  0.602106    32.207036
-0.375423 -0.773375 -0.510832    -1.175114
>../../../../class2/pro1//data/domains/Catalytic_domain/structures/ProRS-A_AF_Mito_Mauremys_reevesii_gene120369760.pdb
 0.746958  0.225776 -0.625362   -13.981571
 0.189505  0.829265  0.525744    25.985501
 0.637292 -0.511219  0.576641    -0.043499
>../../../../class2/pro1//data/domains/Catalytic_domain/structures/ProRS-A_AF_Mito_Oryza_sativa_Japonica_Group_gene4342480.pdb
 0.739164 -0.049146 -0.671730   -12.828639
 0.049461 -0.990681  0.126908    31.677510
-0.671707 -0.127031 -0.729844    -7.330784
>../../../../class2/pro1//data/domains/Catalytic_domain/structures/ProRS-A_PDB_Arch_M_janacshii_1nj8.pdb
 0.632849  0.463682  0.620081  -122.781985
-0.764871  0.498824  0.407611    61.120775
-0.120309 -0.732238  0.670338    14.916842
