>structures/MetRS_AF_Arch_Aciduliprofundum_boonei_T469_gene8827030.pdb
 0.661870  0.747186  0.060337     2.591324
-0.679843  0.632227 -0.371621     8.356512
-0.315817  0.204945  0.926422    -1.659299
>structures/MetRS_AF_Arch_Candidatus_Korarchaeum_cryptofilum_OPF8_gene6093355.pdb
-0.136448 -0.516536 -0.845324     5.050751
 0.338138 -0.826342  0.450356     7.293341
-0.931152 -0.224386  0.287413     0.792707
>structures/MetRS_AF_Arch_Candidatus_Nitrosopumilus_sediminis_gene13696902.pdb
-0.750519 -0.654776 -0.089385     2.239196
-0.510982  0.660756 -0.549817     6.910708
 0.419069 -0.366974 -0.830489    -0.821791
>structures/MetRS_AF_Arch_Halalkalicoccus_jeotgali_B3_gene9420443.pdb
 0.730273  0.663288  0.163557     2.576195
-0.582223  0.729522 -0.358908     5.403206
-0.357378  0.166874  0.918931    -2.555795
>structures/MetRS_AF_Bact_Bacillus_anthracis_str_Ames_Ancestor_gene45024892.pdb
-0.377643  0.719033  0.583419     2.898436
 0.478071 -0.388193  0.787880     4.328798
 0.792990  0.576453 -0.197151    -0.812606
>structures/MetRS_AF_Bact_Brucella_suis_1330_gene45052047.pdb
-0.069344 -0.540399 -0.838546     2.232055
 0.460729 -0.762903  0.453551     3.846474
-0.884828 -0.354891  0.301880     2.237970
>structures/MetRS_AF_Bact_Chlamydia_psittaci_6BC_gene12243105.pdb
 0.999655 -0.013874  0.022288     0.141002
 0.014343  0.999676 -0.021027    -0.809549
-0.021989  0.021339  0.999530     0.481326
>structures/MetRS_AF_Bact_Mycoplasma_hyopneumoniae_168-L_gene57101263.pdb
 0.958707  0.254007  0.127911    -0.316579
-0.276557  0.937532  0.211067     3.229274
-0.066308 -0.237726  0.969066    -0.321300
>structures/MetRS_AF_Bact_Nocardia_farcinica_IFM_10152_gene61135500.pdb
 0.372356 -0.792575 -0.482883     1.660019
 0.735114 -0.065736  0.674749     2.866463
-0.566532 -0.606221  0.558156     3.313031
>structures/MetRS_AF_Bact_Prochlorococcus_marinus_subsp_marinus_str_CCMP1375_gene54200313.pdb
-0.981089 -0.124695 -0.148039     0.572768
-0.129728  0.991239  0.024805     2.884426
 0.143649  0.043541 -0.988670     1.365001
>structures/MetRS_AF_Bact_Streptobacillus_moniliformis_DSM_12112_gene29673607.pdb
-0.180020 -0.273499  0.944876    -0.218744
 0.176037 -0.954019 -0.242607     6.523733
 0.967783  0.122659  0.219889     0.753251
>structures/MetRS_AF_Bact_Treponema_denticola_ATCC_35405_gene2740824.pdb
-0.952469 -0.304380  0.012491     2.878356
-0.276919  0.847990 -0.451916     4.440340
 0.126962 -0.433895 -0.891973     2.459598
>structures/MetRS_AF_Euk_Drosophila_melanogaster_gene37177.pdb
 0.674704  0.670662 -0.308200    -4.231876
-0.703376  0.457684 -0.543864    -2.439044
-0.223691  0.583727  0.780528    -1.901022
>structures/MetRS_AF_Euk_Oryza_sativa_Japonica_Group_gene4341140.pdb
 0.269528  0.851687 -0.449426    -2.614724
-0.784567 -0.076410 -0.615318     2.314012
-0.558399  0.518451  0.647611    -4.987010
>structures/MetRS_AF_Euk_Scheffersomyces_stipitis_CBS_6054_gene4836672.pdb
-0.522585 -0.852336 -0.020688    -3.189432
-0.652419  0.415397 -0.633873     3.613488
 0.548867 -0.317755 -0.773161     8.018649
>structures/MetRS_AF_Euk_Trypanosoma_brucei_brucei_TREU927_gene3662741.pdb
 0.030618 -0.152806  0.987782    -0.655270
 0.093129 -0.983510 -0.155032     4.076415
 0.995183  0.096738 -0.015882     3.352569
>structures/MetRS_AF_Mito_Arvicanthis_niloticus_gene117706247.pdb
-0.078797 -0.855320  0.512072    -1.401916
-0.439500 -0.431249 -0.787949     4.886875
 0.894780 -0.287144 -0.341933     1.564482
>structures/MetRS_AF_Mito_Brachypodium_distachyon_gene100843706.pdb
 0.780332  0.618914  0.089600     0.013528
-0.612760  0.785336 -0.088159     5.407862
-0.124928  0.013890  0.992069    -0.540600
>structures/MetRS_AF_Vir_Megavirus_chiliensis_gene11256705.pdb
-0.698597 -0.714668 -0.034805     2.517132
-0.535875  0.554818 -0.636408     6.396132
 0.474131 -0.425942 -0.770567    -1.855779
>structures/MetRS_PDB_Arch_P_abyssi_1RQG.pdb
-0.160964 -0.027740  0.986570   -86.799331
 0.259922 -0.965509  0.015260    25.005612
 0.952119  0.258888  0.162623   -40.137470
>structures/MetRS_PDB_Bact_E_coli_1PFV.pdb
 0.232557 -0.650520 -0.723009    28.141944
 0.913714 -0.108573  0.391585   -13.259894
-0.333233 -0.751689  0.569140    -9.823973
>structures/MetRS_PDB_Bact_T_therm_1WOY.pdb
-0.396822 -0.899663  0.182040   -40.322233
 0.376134  0.021529  0.926315  -111.986560
-0.837290  0.436054  0.329851   -31.102496
