>structures/MetRS_AF_Arch_Aciduliprofundum_boonei_T469_gene8827030.pdb
 0.994156  0.095055 -0.051171    -1.983176
-0.098551  0.992612 -0.070782     1.948929
 0.044065  0.075412  0.996178     0.178230
>structures/MetRS_AF_Arch_Candidatus_Korarchaeum_cryptofilum_OPF8_gene6093355.pdb
 0.026254  0.186101 -0.982180    -0.448627
-0.005487 -0.982477 -0.186304     3.491931
-0.999640  0.010280 -0.024773     2.885879
>structures/MetRS_AF_Arch_Candidatus_Nitrosopumilus_sediminis_gene13696902.pdb
-0.387744 -0.741649  0.547367    -1.704900
-0.797299 -0.028147 -0.602928     1.053924
 0.462568 -0.670197 -0.580402     1.209156
>structures/MetRS_AF_Arch_Halalkalicoccus_jeotgali_B3_gene9420443.pdb
 0.999989  0.004440  0.001786    -0.063677
-0.004456  0.999950  0.008970     0.131610
-0.001746 -0.008978  0.999958    -0.025351
>structures/MetRS_AF_Bact_Bacillus_anthracis_str_Ames_Ancestor_gene45024892.pdb
-0.832241  0.553639  0.029285     0.355179
 0.230705  0.297802  0.926331    -0.447596
 0.504132  0.777687 -0.375570     2.278225
>structures/MetRS_AF_Bact_Brucella_suis_1330_gene45052047.pdb
-0.006546  0.169782 -0.985460    -0.994662
 0.139579 -0.975679 -0.169024    -0.477318
-0.990189 -0.138656 -0.017311     5.006037
>structures/MetRS_AF_Bact_Chlamydia_psittaci_6BC_gene12243105.pdb
 0.727477 -0.603409 -0.326611     0.688658
 0.674382  0.716533  0.178298    -5.556011
 0.126441 -0.349968  0.928189     4.589861
>structures/MetRS_AF_Bact_Mycoplasma_hyopneumoniae_168-L_gene57101263.pdb
 0.889039 -0.277942 -0.363811    -1.469950
 0.419712  0.812231  0.405120    -3.062121
 0.182899 -0.512863  0.838761     2.574299
>structures/MetRS_AF_Bact_Nocardia_farcinica_IFM_10152_gene61135500.pdb
 0.016870 -0.336028 -0.941701    -0.959636
 0.681893 -0.684955  0.256629    -1.677779
-0.731258 -0.646468  0.217580     6.860614
>structures/MetRS_AF_Bact_Prochlorococcus_marinus_subsp_marinus_str_CCMP1375_gene54200313.pdb
-0.691926 -0.682944  0.234148    -1.462431
-0.721371  0.640789 -0.262704    -2.314019
 0.029373 -0.350679 -0.936035     4.087740
>structures/MetRS_AF_Bact_Streptobacillus_moniliformis_DSM_12112_gene29673607.pdb
-0.581815  0.310555  0.751696    -3.895917
 0.182214 -0.850966  0.492601    -0.386271
 0.792647  0.423572  0.438517     2.049388
>structures/MetRS_AF_Bact_Treponema_denticola_ATCC_35405_gene2740824.pdb
-0.573052 -0.566939  0.591769    -0.939711
-0.816206  0.329975 -0.474261     0.367029
 0.073608 -0.754782 -0.651833     5.034653
>structures/MetRS_AF_Euk_Drosophila_melanogaster_gene37177.pdb
 0.983522  0.015539 -0.180119    -0.592077
-0.098420  0.881745 -0.461345   -10.114532
 0.151650  0.471470  0.868745     2.548268
>structures/MetRS_AF_Euk_Oryza_sativa_Japonica_Group_gene4341140.pdb
 0.856454  0.478236 -0.194362    -1.125718
-0.482405  0.607421 -0.631130    -6.288104
-0.183769  0.634295  0.750932    -1.874923
>structures/MetRS_AF_Euk_Scheffersomyces_stipitis_CBS_6054_gene4836672.pdb
-0.187218 -0.759445  0.623051    -6.684159
-0.725078 -0.321075 -0.609239    -3.308362
 0.662730 -0.565821 -0.490546     9.888555
>structures/MetRS_AF_Euk_Trypanosoma_brucei_brucei_TREU927_gene3662741.pdb
-0.395466  0.411807  0.820988    -3.844590
 0.259935 -0.807133  0.530067    -1.904449
 0.880932  0.423027  0.212151     5.131608
>structures/MetRS_AF_Mito_Arvicanthis_niloticus_gene117706247.pdb
-0.130042 -0.275736  0.952396    -4.096225
-0.219533 -0.928705 -0.298852    -2.162917
 0.966899 -0.247946  0.060238     3.144603
>structures/MetRS_AF_Mito_Brachypodium_distachyon_gene100843706.pdb
 0.972250 -0.006874 -0.233842    -2.523143
 0.047157  0.984808  0.167118    -1.184709
 0.229141 -0.173508  0.957804     1.515503
>structures/MetRS_AF_Vir_Megavirus_chiliensis_gene11256705.pdb
-0.355902 -0.697348  0.622125    -0.832823
-0.771148 -0.156895 -0.617021     0.673353
 0.527887 -0.699349 -0.481919     0.324039
>structures/MetRS_PDB_Arch_P_abyssi_1RQG.pdb
-0.602001  0.459698  0.652895   -63.576703
 0.243017 -0.673392  0.698202   -52.122011
 0.760617  0.578983  0.293668   -54.934181
>structures/MetRS_PDB_Bact_E_coli_1PFV.pdb
-0.253942 -0.152039 -0.955195    32.240631
 0.759145 -0.643282 -0.099430     2.196712
-0.599343 -0.750381  0.278777     3.964391
>structures/MetRS_PDB_Bact_T_therm_1WOY.pdb
-0.218268 -0.822834 -0.524693    47.352001
-0.135044 -0.507017  0.851291  -118.827816
-0.966500  0.256666 -0.000453     9.402396
