>structures/Pro_Arch_1nj8_M_janacshii.pdb
 0.073715  0.799256  0.596453   -69.201128
 0.617958  0.432815 -0.656352   -54.136584
-0.782747  0.416966 -0.462002    75.628435
>structures/Prolyl.A.Candidatus_Thermoplasmatota.NC_005877.1.pdb
 1.000000  0.000000  0.000000     0.000000
 0.000000  1.000000  0.000000    -0.000000
 0.000000  0.000000  1.000000    -0.000000
>structures/Prolyl.A.Crenarchaeota.NC_007181.1.pdb
 0.080721 -0.406323  0.910157    -1.149968
-0.392618 -0.852273 -0.345661    -1.861218
 0.916153 -0.329442 -0.228326     0.993331
>structures/Prolyl.A.Euryarchaeota.NC_022084.1.pdb
 0.918635 -0.350954 -0.181497    -0.380980
 0.393883  0.849582  0.350808    -1.656339
 0.031080 -0.393753  0.918691     0.586474
>structures/Prolyl.A.Thaumarchaeota.NC_018656.1.pdb
 0.016759 -0.288408  0.957361    -1.059063
-0.262958 -0.925060 -0.274074    -2.659732
 0.964662 -0.247153 -0.091343    -0.155556
>structures/Prolyl.B.Bacteroidota.NC_010729.1.pdb
 0.932199 -0.289794 -0.216849    -0.550752
 0.355636  0.844738  0.399925    -1.838116
 0.067285 -0.449929  0.890526    -1.753224
>structures/Prolyl.E.Apicomplexa.NC_036186.2.pdb
 0.985555  0.064202 -0.156715     0.822121
-0.094478  0.976413 -0.194143    -6.775403
 0.140554  0.206145  0.968374     1.488684
>structures/Prolyl.E.Ascomycota.NC_032095.1.pdb
-0.644489  0.660529  0.385142    -2.360012
 0.363526 -0.178433  0.914336    -2.604713
 0.672668  0.729289 -0.125121    -0.963415
>structures/Prolyl.E.Evosea.NC_007090.3.pdb
 0.993127  0.115165 -0.020878     4.767928
-0.115755  0.940069 -0.320734    -5.752933
-0.017310  0.320946  0.946939     1.751228
>structures/Prolyl.E.Rhodophyta.NC_010136.1.pdb
 0.933643  0.343790 -0.100593     3.222425
-0.349064  0.810173 -0.470928    -6.583837
-0.080403  0.474792  0.876418     0.072724
