>../../../../class1/trp2//data/domains/Catalytic_domain/structures/TrpRS-B_AF_Bact_Anoxybacillus_flavithermus_WK1_gene7038388.pdb
 0.944780 -0.259591 -0.200006     7.187997
 0.320211  0.601521  0.731872     1.661761
-0.069679 -0.755503  0.651429    -4.489231
>../../../../class1/trp2//data/domains/Catalytic_domain/structures/TrpRS-B_AF_Bact_Brachyspira_pilosicoli_95_1000_gene56440833.pdb
-0.089026 -0.180572  0.979524     2.744460
 0.518997 -0.847783 -0.109115     0.545425
 0.850127  0.498656  0.169191    -8.033209
>../../../../class1/trp2//data/domains/Catalytic_domain/structures/TrpRS-B_AF_Bact_Helicobacter_cinaedi_PAGU611_gene66538868.pdb
 0.991551 -0.105751 -0.075116     7.226682
 0.129647  0.826637  0.547597     0.530117
 0.004184 -0.552709  0.833364    -4.046537
>../../../../class1/trp2//data/domains/Catalytic_domain/structures/TrpRS-B_AF_Bact_Mycoplasma_hyopneumoniae_168-L_gene57101461.pdb
 0.987697  0.114828 -0.106153     5.320113
-0.053016  0.884505  0.463509    -0.756181
 0.147116 -0.452179  0.879711    -4.117861
>../../../../class1/trp2//data/domains/Catalytic_domain/structures/TrpRS-B_AF_Bact_Porphyromonas_gingivalis_ATCC_33277_gene29255389.pdb
-0.021338  0.731465 -0.681545     1.954430
-0.727194 -0.479177 -0.491507     0.600216
-0.686101  0.485128  0.542141    -6.892899
>../../../../class1/trp2//data/domains/Catalytic_domain/structures/TrpRS-B_AF_Bact_Prochlorococcus_marinus_subsp_marinus_str_CCMP1375_gene54200405.pdb
-0.996177 -0.045242  0.074723    -1.744044
-0.059877  0.976506 -0.207006    -2.608592
-0.063602 -0.210689 -0.975482    -9.867340
>../../../../class1/trp2//data/domains/Catalytic_domain/structures/TrpRS-B_AF_Bact_Streptomyces_albidoflavus_gene15147734.pdb
 0.251671  0.874902 -0.413773     3.403165
-0.907199  0.064336 -0.415754     0.769367
-0.337124  0.480007  0.809902    -7.684436
>../../../../class1/trp2//data/domains/Catalytic_domain/structures/TrpRS-B_AF_Bact_Thermus_thermophilus_HB8_gene3168998.pdb
-0.833968 -0.551480 -0.019179     2.884464
-0.419421  0.656084 -0.627407     1.063928
 0.358586 -0.515193 -0.778455    -7.431305
>../../../../class1/trp2//data/domains/Catalytic_domain/structures/TrpRS-B_AF_Mito_Bufo_gargarizans_gene122922343.pdb
-0.402537 -0.863064  0.305098     1.714545
-0.420065 -0.121973 -0.899260     1.121429
 0.813332 -0.490147 -0.313444    -7.191267
>../../../../class1/trp2//data/domains/Catalytic_domain/structures/TrpRS-B_AF_Mito_Cyanidioschyzon_merolae_strain_10D_gene16992222.pdb
-0.036020 -0.125243  0.991472     5.453681
 0.361659 -0.926503 -0.103897     4.426294
 0.931615  0.354832  0.078668    -3.861591
>../../../../class1/trp2//data/domains/Catalytic_domain/structures/TrpRS-B_PDB_Bact_G_stearo_1I6M.pdb
-0.552665  0.097900  0.827634    -1.821881
 0.204949  0.978545  0.021106   -31.008808
-0.807810  0.181287 -0.560872    56.240533
>../../../../class1/trp2//data/domains/Catalytic_domain/structures/TrpRS-B_PDB_Bact_Y_pestis_3N9I.pdb
-0.490442 -0.456817  0.742149    39.697078
 0.204067 -0.888125 -0.411815    65.048321
 0.847245 -0.050523  0.528794   -41.044016
>../../../../class1/tyr//data/domains/Catalytic_domain/structures/TyrRS_AF_Arch_Candidatus_Korarchaeum_cryptofilum_OPF8_gene6094625.pdb
-0.679912 -0.729989  0.069534    -0.249826
-0.646624  0.552130 -0.526336     3.503939
 0.345827 -0.402825 -0.847429    -4.009232
>../../../../class1/tyr//data/domains/Catalytic_domain/structures/TyrRS_AF_Arch_Desulfurococcus_amylolyticus_1221n_gene7171652.pdb
-0.994718 -0.068500  0.076447     0.486271
-0.075429  0.992920 -0.091767     4.274788
-0.069620 -0.097048 -0.992842    -4.979826
>../../../../class1/tyr//data/domains/Catalytic_domain/structures/TyrRS_AF_Arch_Methanothermococcus_okinawensis_IH1_gene10772133.pdb
 0.119010  0.180778  0.976297    -0.671255
 0.506573 -0.856736  0.096888     6.464019
 0.853944  0.483035 -0.193538    -7.444433
>../../../../class1/tyr//data/domains/Catalytic_domain/structures/TyrRS_AF_Arch_Thermoplasma_acidophilum_DSM_1728_gene1456112.pdb
 0.883053  0.408804 -0.230428     3.769592
-0.360313  0.905242  0.225192     0.261176
 0.300652 -0.115830  0.946674    -2.524667
>../../../../class1/tyr//data/domains/Catalytic_domain/structures/TyrRS_AF_Bact_Bifidobacterium_animalis_subsp_lactis_BLC1_gene66533077.pdb
-0.959529 -0.255416  0.118605    -5.276957
-0.205266  0.922683  0.326377     1.634408
-0.192797  0.288822 -0.937769    -3.048118
>../../../../class1/tyr//data/domains/Catalytic_domain/structures/TyrRS_AF_Bact_Brachyspira_pilosicoli_95_1000_gene56440491.pdb
 0.984615 -0.090846 -0.149267     2.498023
 0.149496  0.880217  0.450410     4.151439
 0.090470 -0.465795  0.880256    -1.073441
>../../../../class1/tyr//data/domains/Catalytic_domain/structures/TyrRS_AF_Bact_Chlamydia_psittaci_6BC_gene12242888.pdb
-0.983983 -0.076326  0.161098    -0.043251
-0.010508  0.926965  0.375000     2.406342
-0.177954  0.367300 -0.912920    -3.753780
>../../../../class1/tyr//data/domains/Catalytic_domain/structures/TyrRS_AF_Bact_Lactococcus_lactis_subsp_cremoris_KW2_gene61108704.pdb
-0.992092 -0.074603  0.100933    -4.616339
-0.029282  0.919556  0.391866     2.521225
-0.122048  0.385812 -0.914469    -1.826907
>../../../../class1/tyr//data/domains/Catalytic_domain/structures/TyrRS_AF_Bact_Porphyromonas_gingivalis_ATCC_33277_gene29255602.pdb
 1.000000  0.000000  0.000000     0.000000
 0.000000  1.000000  0.000000     0.000000
 0.000000  0.000000  1.000000     0.000000
>../../../../class1/tyr//data/domains/Catalytic_domain/structures/TyrRS_AF_Bact_Prochlorococcus_marinus_subsp_marinus_str_CCMP1375_gene54200747.pdb
-0.628752  0.333623  0.702400    -0.955079
 0.647369 -0.275843  0.710510     2.658863
 0.430794  0.901447 -0.042540    -5.035615
>../../../../class1/tyr//data/domains/Catalytic_domain/structures/TyrRS_AF_Bact_Serratia_plymuthica_AS9_gene57666950.pdb
-0.482305  0.769696  0.418269    -6.013588
 0.622878 -0.034411  0.781562     0.630894
 0.615959  0.637482 -0.462830    -3.282290
>../../../../class1/tyr//data/domains/Catalytic_domain/structures/TyrRS_AF_Bact_Streptobacillus_moniliformis_DSM_12112_gene29673957.pdb
-0.694270  0.654779  0.298754    -5.731786
 0.604086  0.304503  0.736449     8.642407
 0.391240  0.691768 -0.606950    -6.382821
>../../../../class1/tyr//data/domains/Catalytic_domain/structures/TyrRS_AF_Euk_Cryptococcus_neoformans_var_neoformans_JEC21_gene3254328.pdb
-0.958311  0.117259  0.260558    -4.295436
 0.253079  0.771641  0.583542     1.788215
-0.132632  0.625156 -0.769148    -3.595540
>../../../../class1/tyr//data/domains/Catalytic_domain/structures/TyrRS_AF_Euk_Drosophila_melanogaster_gene39829.pdb
 0.585037  0.722990 -0.367448     3.864698
 0.256994  0.264458  0.929525     2.666016
 0.769211 -0.638238 -0.031086     3.759707
>../../../../class1/tyr//data/domains/Catalytic_domain/structures/TyrRS_AF_Euk_Plasmodium_falciparum_3D7_gene2655248.pdb
-0.961145 -0.223794 -0.161607     0.052475
-0.078351  0.782531 -0.617662     3.324546
 0.264692 -0.581001 -0.769660    -7.248203
>../../../../class1/tyr//data/domains/Catalytic_domain/structures/TyrRS_AF_Euk_Seriola_dumerili_gene111223086.pdb
 0.590290  0.499381  0.634174     5.572888
 0.113941 -0.829337  0.547007     3.793554
 0.799109 -0.250634 -0.546449     4.595255
>../../../../class1/tyr//data/domains/Catalytic_domain/structures/TyrRS_AF_Mito_Aspergillus_fumigatus_Af293_gene3509181.pdb
 0.516239 -0.802570 -0.298964     3.063512
-0.651660 -0.594600  0.470945    -0.545180
-0.555730 -0.048298 -0.829959   -14.023401
>../../../../class1/tyr//data/domains/Catalytic_domain/structures/TyrRS_AF_Mito_Cyanidioschyzon_merolae_strain_10D_gene16996209.pdb
-0.977455  0.004246  0.211101    -4.025355
 0.146926  0.731712  0.665590     2.458002
-0.151639  0.681601 -0.715839    -4.752078
>../../../../class1/tyr//data/domains/Catalytic_domain/structures/TyrRS_AF_Vir_Megavirus_chiliensis_gene11257765.pdb
 0.423463  0.182442  0.887352     1.666305
 0.089022 -0.983151  0.159655     4.618617
 0.901529  0.011386 -0.432569   -11.078208
>../../../../class1/tyr//data/domains/Catalytic_domain/structures/TyrRS_PDB_Arch_M_jannashii_1U7D.pdb
 0.150831 -0.930805 -0.332946    50.182222
 0.903680  0.266364 -0.335280    -3.712459
 0.400765 -0.250306  0.881325   -11.482989
>../../../../class1/tyr//data/domains/Catalytic_domain/structures/TyrRS_PDB_E_coli_Bact_1WQ4.pdb
-0.288844 -0.526700 -0.799472    58.200136
-0.817834 -0.298380  0.492054     2.950293
-0.497711  0.795962 -0.344568    17.605548
>../../../../class1/tyr//data/domains/Catalytic_domain/structures/TyrRS_PDB_Vir_Acanthamoeba_polyphaga_mimivirus_2J5B.pdb
-0.751123  0.297954 -0.589100    47.054617
-0.312027  0.626155  0.714541   -59.493097
 0.581768  0.720523 -0.377349   -70.371109
