>structures/LeuRS-B_AF_Bact_Bifidobacterium_longum_subsp_longum_JCM_1217_gene69578373.pdb
 0.814855 -0.540639 -0.209094     1.014539
 0.568921  0.676784  0.467217     1.239036
-0.111085 -0.499672  0.859062    -2.166437
>structures/LeuRS-B_AF_Bact_Brachyspira_pilosicoli_95_1000_gene56439070.pdb
 0.947544  0.265361 -0.178166    -1.559493
-0.296316  0.938273 -0.178437     0.653791
 0.119819  0.221871  0.967686    -0.208057
>structures/LeuRS-B_AF_Bact_Chlamydia_psittaci_6BC_gene12243068.pdb
-0.889936  0.369391  0.267515    -0.509919
 0.454983  0.678280  0.576998     0.478413
 0.031688  0.635206 -0.771692     0.431029
>structures/LeuRS-B_AF_Bact_Clostridium_botulinum_A_str_ATCC_3502_gene5187707.pdb
-0.126165 -0.635151  0.762014     1.175231
-0.539126 -0.600908 -0.590129     4.403894
 0.832722 -0.485275 -0.266613     0.001921
>structures/LeuRS-B_AF_Bact_Mycoplasma_hyopneumoniae_168-L_gene57101518.pdb
 0.039209  0.602875 -0.796871     0.255119
-0.470725 -0.692306 -0.546928     2.056930
-0.881408  0.396552  0.256644    -1.871022
>structures/LeuRS-B_AF_Bact_Orientia_tsutsugamushi_str_Ikeda_gene66652454.pdb
-0.805812  0.469738  0.360574     0.729566
 0.557417  0.396162  0.729618     0.564096
 0.199883  0.788925 -0.581072     0.067929
>structures/LeuRS-B_AF_Bact_Porphyromonas_gingivalis_ATCC_33277_gene29256038.pdb
 1.000000 -0.000000  0.000000     0.000000
 0.000000  1.000000  0.000000     0.000000
-0.000000  0.000000  1.000000     0.000000
>structures/LeuRS-B_AF_Bact_Thermus_thermophilus_HB8_gene3168656.pdb
-0.126530 -0.603151  0.787527     3.148606
-0.448090 -0.673539 -0.587844    -0.025558
 0.884989 -0.427263 -0.185043     4.761946
>structures/LeuRS-B_AF_Euk_Bathycoccus_prasinos_gene19015540.pdb
-0.833451  0.486103  0.262798     0.520644
 0.552196  0.714626  0.429405     0.529014
 0.020933  0.503004 -0.864030    -1.102529
>structures/LeuRS-B_AF_Euk_Klebsormidium_nitens_protein971510658.pdb
-0.050603  0.499195 -0.865011     0.865700
-0.267022 -0.841352 -0.469920     0.895584
-0.962361  0.207197  0.175871    -0.412949
>structures/LeuRS-B_AF_Euk_Plasmodium_falciparum_3D7_gene2655460.pdb
 0.804493 -0.486122 -0.341287     2.903634
 0.585492  0.552348  0.593389     2.342858
-0.099950 -0.677198  0.728980     4.054980
>structures/LeuRS-B_AF_Euk_Thalassiosira_pseudonana_CCMP1335_gene7441753.pdb
 0.968875  0.243920 -0.042240     4.254323
-0.243526  0.969789  0.014302    -0.928562
 0.044453 -0.003570  0.999005     2.075882
>structures/LeuRS-B_AF_Mito_Homo_sapiens_gene23395.pdb
-0.896003  0.427158  0.121304    -1.609575
 0.416123  0.712374  0.565124     1.593764
 0.154984  0.556830 -0.816039    -0.885643
>structures/LeuRS-B_AF_Mito_Treponema_denticola_ATCC_35405_gene2739434.pdb
 0.061138 -0.053551 -0.996692     0.552702
 0.357122 -0.931283  0.071943     1.212797
-0.932055 -0.360339 -0.037813     0.264032
>structures/LeuRS-B_PDB_Bact_T_therm_2V0C.pdb
 0.741523  0.552925 -0.380024    12.197887
 0.636674 -0.758574  0.138607   -41.190649
-0.211637 -0.344732 -0.914532    11.385623
