>structures/TrpRS-A_AF_Arch_Natrialba_magadii_ATCC_43099_gene8824932.pdb
 0.943240 -0.204869 -0.261395     0.130574
 0.271951  0.928233  0.253825     0.215994
 0.190634 -0.310504  0.931260     0.557525
>structures/TrpRS-A_AF_Arch_Nitrosopumilus_maritimus_SCM1_gene5773245.pdb
 0.976416 -0.106646 -0.187717     1.288459
 0.127762  0.986315  0.104209     0.789108
 0.174034 -0.125734  0.976680    -1.189292
>structures/TrpRS-A_AF_Arch_Sulfolobus_islandicus_M1627_gene7814138.pdb
-0.943208 -0.195551  0.268550    -1.687673
-0.057190  0.891903  0.448597    -1.141474
-0.327244  0.407762 -0.852433    -2.596513
>structures/TrpRS-A_AF_Arch_Thermoplasma_acidophilum_DSM_1728_gene1456706.pdb
 0.174478  0.344172 -0.922553    -3.097094
-0.772512 -0.533113 -0.344987     3.157883
-0.610560  0.772875  0.172861     2.354176
>structures/TrpRS-A_AF_Euk_Cryptococcus_neoformans_var_neoformans_JEC21_gene3254069.pdb
 0.014931  0.760079 -0.649659     1.029706
-0.323145 -0.611198 -0.722506    -0.229710
-0.946232  0.220721  0.236490     0.793554
>structures/TrpRS-A_AF_Euk_Cyanidioschyzon_merolae_strain_10D_gene16993299.pdb
 0.909822  0.404725 -0.091771     1.728705
-0.401144  0.801013 -0.444367     0.050206
-0.106336  0.441108  0.891132    -0.486712
>structures/TrpRS-A_AF_Euk_Drosophila_melanogaster_gene45399.pdb
 0.978094  0.097846 -0.183736     5.299024
-0.158092  0.923369 -0.349852    -3.014071
 0.135425  0.371236  0.918610     2.827536
>structures/TrpRS-A_AF_Euk_Saccharomyces_cerevisiae_S288C_gene854056.pdb
 0.088191 -0.243135 -0.965975     1.028200
 0.627120 -0.739889  0.243484    -0.092808
-0.773914 -0.627256  0.087224     1.462970
>structures/TrpRS-A_AF_Vir_Megavirus_chiliensis_gene11257301.pdb
 1.000000  0.000000  0.000000     0.000000
 0.000000  1.000000  0.000000     0.000000
 0.000000  0.000000  1.000000     0.000000
>structures/TrpRS-A_PDB_Arch_P_hori_3JXE.pdb
-0.901799  0.408286 -0.141639   -46.467626
 0.292202  0.334595 -0.895915     9.155013
-0.318398 -0.849323 -0.421039    14.704039
>structures/TrpRS-A_PDB_Euk_S_Cerevisiae_3KT3.pdb
 0.247689  0.956874  0.151799    15.017836
-0.965453  0.230685  0.121183  -153.757693
 0.080939 -0.176570  0.980955    40.193646
