>structures/TrpRS-A_AF_Arch_Natrialba_magadii_ATCC_43099_gene8824932.pdb
 0.730047 -0.521013 -0.442241    -1.657288
 0.682612  0.524933  0.508416    -0.039155
-0.032745 -0.673046  0.738875     1.008526
>structures/TrpRS-A_AF_Arch_Nitrosopumilus_maritimus_SCM1_gene5773245.pdb
 0.817073 -0.475424 -0.326135    -0.615700
 0.576348  0.687945  0.441083     0.083538
 0.014662 -0.548364  0.836111    -0.957936
>structures/TrpRS-A_AF_Arch_Sulfolobus_islandicus_M1627_gene7814138.pdb
-0.797609 -0.580793  0.162787    -2.386005
-0.574594  0.813712  0.087829    -3.270085
-0.183472 -0.023483 -0.982744    -1.097416
>structures/TrpRS-A_AF_Arch_Thermoplasma_acidophilum_DSM_1728_gene1456706.pdb
 0.537876  0.436739 -0.721075    -5.962406
-0.816707  0.057903 -0.574141     1.790884
-0.208997  0.897723  0.387833     1.526769
>structures/TrpRS-A_AF_Euk_Cryptococcus_neoformans_var_neoformans_JEC21_gene3254069.pdb
 0.248078  0.912854 -0.324274    -0.638342
-0.672734 -0.078523 -0.735706     0.061865
-0.697055  0.400663  0.594628     1.353315
>structures/TrpRS-A_AF_Euk_Cyanidioschyzon_merolae_strain_10D_gene16993299.pdb
 1.000000  0.000000  0.000000     0.000000
 0.000000  1.000000  0.000000     0.000000
 0.000000  0.000000  1.000000     0.000000
>structures/TrpRS-A_AF_Euk_Drosophila_melanogaster_gene45399.pdb
 0.937998 -0.323359 -0.124897     4.166214
 0.332133  0.941523  0.056764     0.468422
 0.099239 -0.094727  0.990545     3.954166
>structures/TrpRS-A_AF_Euk_Saccharomyces_cerevisiae_S288C_gene854056.pdb
-0.087840  0.144886 -0.985542    -0.783783
 0.195971 -0.967518 -0.159702     0.442910
-0.976668 -0.207166  0.056593     1.871300
>structures/TrpRS-A_AF_Vir_Megavirus_chiliensis_gene11257301.pdb
 0.909719 -0.401323 -0.106540    -1.609649
 0.404895  0.800517  0.441851    -0.527090
-0.092038 -0.445098  0.890740     0.607111
>structures/TrpRS-A_PDB_Arch_P_hori_3JXE.pdb
-0.902188  0.333111  0.274033   -49.213670
-0.272837  0.051367 -0.960688    -5.433267
-0.334092 -0.941487  0.044542    13.610911
>structures/TrpRS-A_PDB_Euk_S_Cerevisiae_3KT3.pdb
 0.604322  0.796502 -0.019508    69.436105
-0.634754  0.496110  0.592420   -99.493871
 0.481542 -0.345629  0.805393   103.812146
