>structures/TrpRS-A_AF_Arch_Natrialba_magadii_ATCC_43099_gene8824932.pdb
 0.730708 -0.521710 -0.440324    -1.648352
 0.681839  0.525500  0.508867    -0.039450
-0.034091 -0.672063  0.739709     1.005430
>structures/TrpRS-A_AF_Arch_Nitrosopumilus_maritimus_SCM1_gene5773245.pdb
 0.816881 -0.476133 -0.325581    -0.623833
 0.576629  0.688077  0.440510     0.090264
 0.014284 -0.547584  0.836629    -0.956930
>structures/TrpRS-A_AF_Arch_Sulfolobus_islandicus_M1627_gene7814138.pdb
-0.797449 -0.581169  0.162226    -2.395292
-0.574974  0.813450  0.087774    -3.271858
-0.182974 -0.023280 -0.982842    -1.098607
>structures/TrpRS-A_AF_Arch_Thermoplasma_acidophilum_DSM_1728_gene1456706.pdb
 0.538710  0.436381 -0.720668    -5.993017
-0.815266  0.054316 -0.576534     1.759588
-0.212445  0.898121  0.385027     1.583936
>structures/TrpRS-A_AF_Euk_Cryptococcus_neoformans_var_neoformans_JEC21_gene3254069.pdb
 0.247360  0.912206 -0.326638    -0.667973
-0.673295 -0.080598 -0.734967     0.030601
-0.696768  0.401726  0.594248     1.356542
>structures/TrpRS-A_AF_Euk_Cyanidioschyzon_merolae_strain_10D_gene16993299.pdb
 1.000000  0.000000  0.000000     0.000000
 0.000000  1.000000  0.000000     0.000000
 0.000000  0.000000  1.000000     0.000000
>structures/TrpRS-A_AF_Euk_Drosophila_melanogaster_gene45399.pdb
 0.938242 -0.322412 -0.125507     4.159682
 0.331238  0.941840  0.056736     0.450709
 0.099915 -0.094805  0.990469     3.959090
>structures/TrpRS-A_AF_Euk_Saccharomyces_cerevisiae_S288C_gene854056.pdb
-0.088161  0.144535 -0.985564    -0.781776
 0.195759 -0.967608 -0.159413     0.441985
-0.976681 -0.206987  0.057011     1.869024
>structures/TrpRS-A_PDB_Arch_P_hori_3JXE.pdb
-0.902141  0.333048  0.274265   -49.216132
-0.272885  0.051916 -0.960645    -5.450251
-0.334180 -0.941480  0.044048    13.617185
>structures/TrpRS-A_PDB_Euk_S_Cerevisiae_3KT3.pdb
 0.604364  0.796482 -0.019006    69.455235
-0.634915  0.495904  0.592421   -99.513315
 0.481277 -0.345971  0.805404   103.782207
