>structures/AlaRS_AF_Arch_Candidatus_Korarchaeum_cryptofilum_OPF8_gene6094822.pdb
-0.181032 -0.870353 -0.457944    -0.411449
-0.188737 -0.426237  0.884703     1.915774
-0.965197  0.246591 -0.087106    -0.232462
>structures/AlaRS_AF_Arch_Candidatus_Nitrosopumilus_koreensis_AR1_gene13725795.pdb
 0.945675  0.324330 -0.022557    -0.380846
-0.318089  0.937358  0.142053    -2.520897
 0.067216 -0.127161  0.989602     3.630498
>structures/AlaRS_AF_Arch_Sulfolobus_islandicus_YG5714_gene7807284.pdb
-0.969088 -0.209848 -0.129741    -4.394683
-0.144761  0.057812  0.987776     1.570681
-0.199782  0.976023 -0.086403     0.760400
>structures/AlaRS_AF_Arch_Thermoplasma_acidophilum_DSM_1728_gene1456391.pdb
 0.914459  0.404242 -0.018813    -0.155692
-0.402419  0.913275  0.063156    -2.273535
 0.042712 -0.050182  0.997826     2.972942
>structures/AlaRS_AF_Bact_Brucella_melitensis_bv_1_str_16M_gene29593597.pdb
 0.594185  0.700249 -0.395721     6.566654
-0.788516  0.604204 -0.114805    -6.938013
 0.158704  0.380248  0.911167     4.043572
>structures/AlaRS_AF_Bact_Chlamydia_psittaci_6BC_gene12242512.pdb
-0.071572 -0.262572  0.962254     4.550267
-0.835574 -0.511051 -0.201600    -0.873539
 0.544695 -0.818464 -0.182822     3.234215
>structures/AlaRS_AF_Bact_Lactobacillus_acidophilus_La-14_gene56942022.pdb
-0.438548  0.628130  0.642750     2.208375
-0.020635 -0.722043  0.691540     5.591381
 0.898471  0.290011  0.329612     6.362451
>structures/AlaRS_AF_Bact_Nocardia_farcinica_IFM_10152_gene61134339.pdb
-0.164195  0.214047  0.962925     2.985115
-0.377621 -0.915452  0.139103     0.266589
 0.911286 -0.340780  0.231142     2.252099
>structures/AlaRS_AF_Bact_Porphyromonas_gingivalis_ATCC_33277_gene29256567.pdb
-0.057350 -0.228233  0.971916     0.825399
-0.712647 -0.672423 -0.199955    -0.703168
 0.699175 -0.704100 -0.124087     2.606880
>structures/AlaRS_AF_Bact_Prochlorococcus_marinus_subsp_marinus_str_CCMP1375_gene54199407.pdb
 0.203068 -0.706020 -0.678454     3.532432
 0.769015  0.543906 -0.335831     0.153044
 0.606118 -0.453545  0.653389     1.622836
>structures/AlaRS_AF_Bact_Streptobacillus_moniliformis_DSM_12112_gene29672963.pdb
-0.102675 -0.239155  0.965538     6.524562
-0.903054 -0.384581 -0.191287     2.791321
 0.417075 -0.891573 -0.176483     3.398173
>structures/AlaRS_AF_Bact_Treponema_pallidum_subsp_pertenue_str_SamoaD_gene57879528.pdb
-0.853638 -0.458693  0.246787    -9.420403
-0.262763  0.788325  0.556327    -1.088546
-0.449731  0.410055 -0.793471    10.897710
>structures/AlaRS_AF_Euk_Cyanidioschyzon_merolae_strain_10D_gene16993235.pdb
-0.968675 -0.238293 -0.069891    -0.980485
-0.210161  0.636719  0.741904     4.072286
-0.132289  0.733352 -0.666854    -2.245025
>structures/AlaRS_AF_Euk_Marasmius_oreades_gene66078979.pdb
 0.812784  0.576205 -0.085847     3.311050
-0.562440  0.814538  0.142088     2.789741
 0.151798 -0.067203  0.986124     2.426298
>structures/AlaRS_AF_Euk_Plasmodium_berghei_ANKA_gene55150801.pdb
 0.068436  0.370447  0.926329     4.385463
-0.614989 -0.715447  0.331549     1.730721
 0.785560 -0.592372  0.178858     6.163287
>structures/AlaRS_AF_Euk_Saccharomyces_cerevisiae_S288C_gene854513.pdb
 0.999299  0.029791  0.022679    -0.568635
-0.030191  0.999391  0.017498    -0.237757
-0.022144 -0.018170  0.999590     0.130333
>structures/AlaRS_AF_Mito_Caenorhabditis_elegans_gene174749.pdb
 0.117257 -0.620935  0.775042    -0.131851
-0.963891 -0.259048 -0.061712    -1.835399
 0.239092 -0.739820 -0.628889     2.804887
>structures/AlaRS_AF_Mito_Gadus_morhua_gene115539928.pdb
 0.597944  0.780667  0.181718     0.437209
 0.444989 -0.134751 -0.885340    -1.980595
-0.666669  0.610247 -0.427962     1.734835
>structures/AlaRS_PDB_Bact_E_coli_3HXV.pdb
-0.623231 -0.674980 -0.394949    36.226503
 0.502717 -0.732641  0.458817     4.925075
-0.599048  0.087401  0.795928     5.011387
