>structures/AlaRS_AF_Arch_Candidatus_Korarchaeum_cryptofilum_OPF8_gene6094822.pdb
-0.188017 -0.868478 -0.458688    -0.476786
-0.187556 -0.426675  0.884744     1.986833
-0.964091  0.252376 -0.082667    -0.264543
>structures/AlaRS_AF_Arch_Candidatus_Nitrosopumilus_koreensis_AR1_gene13725795.pdb
 0.947144  0.319273 -0.031346    -0.329746
-0.312116  0.939662  0.140068    -2.373830
 0.074175 -0.122881  0.989646     3.551041
>structures/AlaRS_AF_Arch_Sulfolobus_islandicus_YG5714_gene7807284.pdb
-0.970637 -0.202221 -0.130270    -4.433022
-0.145420  0.061900  0.987432     1.614722
-0.191616  0.977382 -0.089489     0.739914
>structures/AlaRS_AF_Arch_Thermoplasma_acidophilum_DSM_1728_gene1456391.pdb
 0.909658  0.414539 -0.026081    -0.216484
-0.412367  0.908846  0.062867    -2.211594
 0.049765 -0.046433  0.997681     2.956450
>structures/AlaRS_AF_Bact_Brucella_melitensis_bv_1_str_16M_gene29593597.pdb
 0.597038  0.693731 -0.402844     6.742684
-0.786688  0.604625 -0.124702    -6.781660
 0.157060  0.391364  0.906734     4.035862
>structures/AlaRS_AF_Bact_Chlamydia_psittaci_6BC_gene12242512.pdb
-0.062697 -0.241666  0.968332     4.806691
-0.841546 -0.508793 -0.181468    -0.658199
 0.536535 -0.826273 -0.171473     3.235415
>structures/AlaRS_AF_Bact_Lactobacillus_acidophilus_La-14_gene56942022.pdb
-0.448073  0.632748  0.631554     2.321322
-0.035700 -0.718539  0.694569     5.714424
 0.893284  0.288672  0.344547     6.420084
>structures/AlaRS_AF_Bact_Nocardia_farcinica_IFM_10152_gene61134339.pdb
-0.171127  0.231197  0.957739     3.245947
-0.386664 -0.909849  0.150548     0.392837
 0.906204 -0.344561  0.245095     2.306373
>structures/AlaRS_AF_Bact_Porphyromonas_gingivalis_ATCC_33277_gene29256567.pdb
-0.056301 -0.217871  0.974352     0.982062
-0.715566 -0.671767 -0.191559    -0.671451
 0.696273 -0.707998 -0.118080     2.625146
>structures/AlaRS_AF_Bact_Prochlorococcus_marinus_subsp_marinus_str_CCMP1375_gene54199407.pdb
 0.180578 -0.708618 -0.682094     3.839583
 0.764692  0.537299 -0.355748     0.397708
 0.618578 -0.457351  0.638898     1.671142
>structures/AlaRS_AF_Bact_Streptobacillus_moniliformis_DSM_12112_gene29672963.pdb
-0.098478 -0.221596  0.970153     6.713664
-0.907713 -0.379571 -0.178839     2.961806
 0.407872 -0.898232 -0.163766     3.471108
>structures/AlaRS_AF_Bact_Treponema_pallidum_subsp_pertenue_str_SamoaD_gene57879528.pdb
-0.843412 -0.475619  0.249886    -9.239327
-0.267168  0.774803  0.572976    -1.127652
-0.466130  0.416493 -0.780548    10.669065
>structures/AlaRS_AF_Euk_Cyanidioschyzon_merolae_strain_10D_gene16993235.pdb
-0.963186 -0.258451 -0.074004    -0.768730
-0.225574  0.627203  0.745475     4.211046
-0.146253  0.734724 -0.662413    -2.221557
>structures/AlaRS_AF_Euk_Marasmius_oreades_gene66078979.pdb
 0.817328  0.568005 -0.096669     3.463928
-0.554497  0.821017  0.135883     2.893702
 0.156549 -0.057459  0.985997     2.470533
>structures/AlaRS_AF_Euk_Plasmodium_berghei_ANKA_gene55150801.pdb
 0.062693  0.376661  0.924227     4.471877
-0.621444 -0.709887  0.331463     1.776580
 0.780946 -0.595136  0.189569     6.183610
>structures/AlaRS_AF_Euk_Saccharomyces_cerevisiae_S288C_gene854513.pdb
 0.999777  0.018139  0.010832    -0.274809
-0.018204  0.999817  0.005892    -0.083280
-0.010723 -0.006088  0.999924     0.057000
>structures/AlaRS_PDB_Bact_E_coli_3HXV.pdb
-0.623054 -0.665915 -0.410318    36.345581
 0.501969 -0.742723  0.443160     5.601571
-0.599859  0.070146  0.797025     5.424193
