>structures/Ala_Bact_1YFS_A_aeolicus.pdb
-0.953625  0.277396  0.116841   132.273396
 0.252832  0.948844 -0.189134   -42.676406
-0.163329 -0.150822 -0.974975    41.931084
>structures/Ala_Bact_3HXV_E_coli.pdb
-0.560186  0.342830  0.754095    -4.031722
-0.450208  0.638151 -0.624560    -4.113555
-0.695344 -0.689370 -0.203139    34.435193
>structures/Alanyl.A.Candidatus_Thermoplasmatota.NC_013926.1.pdb
-0.885705  0.463510 -0.026170     2.107413
 0.402689  0.795090  0.453512    -0.277687
 0.231015  0.391140 -0.890866    -3.332502
>structures/Alanyl.A.Crenarchaeota.NC_020247.1.pdb
 0.566134  0.685085 -0.458422     0.096650
-0.689430  0.088674 -0.718904    -1.746603
-0.451860  0.723046  0.522520    -2.326559
>structures/Alanyl.A.Thaumarchaeota.NC_010085.1.pdb
-0.004885 -0.466103  0.884717     2.313647
 0.312253 -0.841200 -0.441453     0.148389
 0.949986  0.274100  0.149651    -1.483992
>structures/Alanyl.B.Actinobacteria.NC_010572.1.pdb
 1.000000  0.000000  0.000000     0.000000
 0.000000  1.000000  0.000000     0.000000
 0.000000  0.000000  1.000000     0.000000
>structures/Alanyl.B.Bacteroidota.NC_010729.1.pdb
 0.856324 -0.447576 -0.257654     1.683558
 0.515822  0.765633  0.384361    -1.164849
 0.025237 -0.462041  0.886499    -1.388713
>structures/Alanyl.B.Chlamydiae.NC_017287.1.pdb
 0.660590 -0.694955 -0.284005     1.652712
 0.747680  0.574836  0.332473    -0.786083
-0.067798 -0.431973  0.899335     4.698782
>structures/Alanyl.B.Cyanobacteria.NC_005042.1.pdb
 0.970591 -0.084849 -0.225287    -0.395923
 0.240292  0.284667  0.928022    -2.587599
-0.014610 -0.954864  0.296684    -0.852502
>structures/Alanyl.B.Firmicutes.NC_008525.1.pdb
 0.905239 -0.406194  0.124695     5.013444
 0.404071  0.732191 -0.548291    -7.668614
 0.131412  0.546720  0.826939     3.435471
>structures/Alanyl.B.Fusobacteria.NC_013515.1.pdb
 0.670686 -0.691439 -0.268501     0.791451
 0.739027  0.591970  0.321576    -3.654845
-0.063406 -0.414106  0.908018     3.857312
>structures/Alanyl.B.Spirochaetes.NC_014330.1.pdb
 0.406592  0.911067  0.068117    -0.491537
 0.076327  0.040424 -0.996263    -5.248440
-0.910416  0.410272 -0.053103    -4.192781
