>../../../../class1/cys//data/domains/Catalytic_domain/structures/CysRS_AF_Arch_Aciduliprofundum_boonei_T469_gene8827372.pdb
 0.030342  0.707712 -0.705849     1.887934
 0.065113 -0.706074 -0.705138    -5.229233
-0.997416 -0.024565 -0.067505    -9.178746
>../../../../class1/cys//data/domains/Catalytic_domain/structures/CysRS_AF_Arch_Candidatus_Nitrosopumilus_sediminis_gene13696907.pdb
-0.096712  0.372511 -0.922975     1.790872
 0.171065 -0.907302 -0.384110    -3.136591
-0.980502 -0.195037  0.024024    -1.422262
>../../../../class1/cys//data/domains/Catalytic_domain/structures/CysRS_AF_Arch_Methanospirillum_hungatei_JF-1_gene3922979.pdb
 0.574895 -0.586615 -0.570420     7.393728
 0.796219  0.561679  0.224840    -4.751934
 0.188498 -0.583438  0.789980    -7.827082
>../../../../class1/cys//data/domains/Catalytic_domain/structures/CysRS_AF_Arch_Pyrobaculum_ferrireducens_gene11593896.pdb
 0.850425 -0.475361 -0.225410     3.346809
 0.510376  0.849406  0.134255    -5.897240
 0.127645 -0.229218  0.964969    -3.258513
>../../../../class1/cys//data/domains/Catalytic_domain/structures/CysRS_AF_Bact_Bordetella_avium_197N_gene41394405.pdb
 0.586683 -0.492636 -0.642739     4.090084
 0.797527  0.213734  0.564153    -4.860930
-0.140546 -0.843580  0.518285    -3.757979
>../../../../class1/cys//data/domains/Catalytic_domain/structures/CysRS_AF_Bact_Lactobacillus_amylovorus_GRL1118_gene66523130.pdb
 0.645456 -0.559920 -0.519496     4.089904
 0.753057  0.580174  0.310327    -6.055351
 0.127640 -0.591512  0.796129    -4.860720
>../../../../class1/cys//data/domains/Catalytic_domain/structures/CysRS_AF_Bact_Mycobacterium_canettii_CIPT_140010059_gene45427568.pdb
-0.003769 -0.200393  0.979708     3.543910
-0.436759 -0.881000 -0.181883    -4.675133
 0.899571 -0.428582 -0.084203    -5.258145
>../../../../class1/cys//data/domains/Catalytic_domain/structures/CysRS_AF_Bact_Mycoplasma_hyopneumoniae_168-L_gene57101512.pdb
 0.796035 -0.485181 -0.361841     5.447752
 0.588803  0.759202  0.277351    -4.075771
 0.140145 -0.433834  0.890027    -4.944758
>../../../../class1/cys//data/domains/Catalytic_domain/structures/CysRS_AF_Bact_Porphyromonas_gingivalis_ATCC_33277_gene29256960.pdb
-0.038342  0.428078 -0.902928     1.305363
 0.385086 -0.827471 -0.408656    -2.038771
-0.922084 -0.363374 -0.133120    -7.632945
>../../../../class1/cys//data/domains/Catalytic_domain/structures/CysRS_AF_Bact_Prochlorococcus_marinus_subsp_marinus_str_CCMP1375_gene54200571.pdb
 0.999534 -0.009379  0.029046     4.660900
 0.016388  0.967733 -0.251444    -4.556886
-0.025750  0.251803  0.967436    -6.182312
>../../../../class1/cys//data/domains/Catalytic_domain/structures/CysRS_AF_Bact_Streptobacillus_moniliformis_DSM_12112_gene29673427.pdb
 0.327323  0.800822 -0.501542     3.028317
-0.154026 -0.478463 -0.864494    -7.597764
-0.932274  0.360220 -0.033264   -10.364074
>../../../../class1/cys//data/domains/Catalytic_domain/structures/CysRS_AF_Bact_Treponema_pallidum_subsp_pertenue_str_SamoaD_gene57878631.pdb
-0.093030  0.483837 -0.870200     3.243977
 0.272179 -0.828342 -0.489661    -2.723940
-0.957739 -0.282403 -0.054630    -9.160267
>../../../../class1/cys//data/domains/Catalytic_domain/structures/CysRS_AF_Euk_Arabidopsis_thaliana_gene833874.pdb
 0.813209 -0.418556 -0.404353     1.048786
 0.567783  0.723088  0.393403    -6.125886
 0.127721 -0.549504  0.825671    -2.687306
>../../../../class1/cys//data/domains/Catalytic_domain/structures/CysRS_AF_Euk_Cyanidioschyzon_merolae_strain_10D_gene16993418.pdb
 0.969241  0.187291  0.159669    -1.647901
-0.120869  0.927370 -0.354084    -8.668195
-0.214389  0.323894  0.921482     2.224549
>../../../../class1/cys//data/domains/Catalytic_domain/structures/CysRS_AF_Euk_Drosophila_melanogaster_gene36784.pdb
 0.866251  0.497042  0.050582    -0.991929
-0.269014  0.549348 -0.791105    -2.405628
-0.420999  0.671689  0.609585    -1.878429
>../../../../class1/cys//data/domains/Catalytic_domain/structures/CysRS_AF_Euk_Micromonas_commoda_gene8246535.pdb
-0.394717  0.413630  0.820432     0.768648
-0.146637 -0.909850  0.388164    -5.665751
 0.907026  0.032909  0.419786    -1.942480
>../../../../class1/cys//data/domains/Catalytic_domain/structures/CysRS_AF_Mito_Morone_saxatilis_gene118339815.pdb
-0.040902  0.369722 -0.928242     5.530339
 0.593662 -0.738262 -0.320211    -7.467894
-0.803674 -0.564159 -0.189293    -3.654476
>../../../../class1/cys//data/domains/Catalytic_domain/structures/CysRS_AF_Mito_Saccharomyces_cerevisiae_S288C_gene855474.pdb
 0.301703  0.751929 -0.586156    -0.404436
 0.398969 -0.657958 -0.638682    -3.154675
-0.865909 -0.041165 -0.498504    -2.731753
>../../../../class1/cys//data/domains/Catalytic_domain/structures/CysRS_PDB_Bact_E_coli_1LI5.pdb
-0.210162 -0.892516  0.399058    80.400049
 0.790402 -0.395341 -0.467942    -7.763029
 0.575410  0.217073  0.788532  -115.603019
>../../../../class1/cys//data/domains/Catalytic_domain/structures/CysRS_PDB_Bact_M_smegmatis_3C8Z.pdb
-0.901424 -0.347960 -0.257603    30.581496
-0.220096  0.880699 -0.419437   -17.004095
 0.372818 -0.321394 -0.870467   -47.212888
>../../../../class1/lys//data/domains/Catalytic_domain/structures/LysRS-I_AF_Arch_Candidatus_Bathyarchaeota_archaeon_proteinRJS75864.1.pdb
 0.144456  0.239902 -0.959989     0.358495
 0.082677 -0.969699 -0.229887     1.982469
-0.986051 -0.046160 -0.159913    -1.488296
>../../../../class1/lys//data/domains/Catalytic_domain/structures/LysRS-I_AF_Arch_Candidatus_Nitrosopumilus_koreensis_AR1_gene13726042.pdb
 0.962246  0.028731 -0.270661     1.793047
-0.021577  0.999336  0.029373    -1.503374
 0.271325 -0.022424  0.962227    -4.064796
>../../../../class1/lys//data/domains/Catalytic_domain/structures/LysRS-I_AF_Arch_Ferroplasma_acidarmanus_Fer1_gene16025146.pdb
 0.232389  0.285932 -0.929644    -1.906793
 0.010434 -0.956489 -0.291581     1.320223
-0.972567  0.058060 -0.225261    -5.595788
>../../../../class1/lys//data/domains/Catalytic_domain/structures/LysRS-I_AF_Arch_Halorubrum_lacusprofundi_ATCC_49239_gene7400505.pdb
-0.521640  0.405783  0.750487    -1.668903
 0.589613 -0.464323  0.660878     4.045309
 0.616642  0.787238  0.002954    -1.040107
>../../../../class1/lys//data/domains/Catalytic_domain/structures/LysRS-I_AF_Bact_Cereibacter_sphaeroides_KD131_gene67447319.pdb
-0.317836 -0.130584  0.939110    -2.548934
-0.182864 -0.963432 -0.195855    -2.703441
 0.930345 -0.233979  0.282334    -2.569965
>../../../../class1/lys//data/domains/Catalytic_domain/structures/LysRS-I_AF_Bact_Cyanobacteria_bacterium_J007_proteinRMH73500.1.pdb
 0.156696 -0.159587 -0.974668     1.042190
 0.452619 -0.865525  0.214483     2.943055
-0.877828 -0.474762 -0.063392    -0.670498
>../../../../class1/lys//data/domains/Catalytic_domain/structures/LysRS-I_AF_Bact_Streptomyces_albidoflavus_gene15147364.pdb
 0.998428  0.035475 -0.043392    -0.109596
-0.033258  0.998155  0.050794    -0.138577
 0.045114 -0.049271  0.997766     0.129577
>../../../../class1/lys//data/domains/Catalytic_domain/structures/LysRS-I_AF_Bact_Treponema_denticola_ATCC_35405_gene2739918.pdb
 0.999569 -0.024973  0.015455     0.000116
 0.024793  0.999624  0.011726    -0.156570
-0.015742 -0.011338  0.999812     0.089564
>../../../../class1/lys//data/domains/Catalytic_domain/structures/LysRS-I_PDB_Arch_P_hori_1IRX.pdb
-0.035145  0.345254  0.937851   -78.074182
 0.930119  0.354577 -0.095676   -47.944757
-0.365573  0.868950 -0.333589     6.528813
