>../../../../class1/cys//data/domains/Catalytic_domain/structures/CysRS_AF_Arch_Aciduliprofundum_boonei_T469_gene8827372.pdb
 0.986452 -0.163172  0.016979     7.329902
 0.143800  0.909845  0.389235     3.408256
-0.078960 -0.381520  0.920982     0.596394
>../../../../class1/cys//data/domains/Catalytic_domain/structures/CysRS_AF_Arch_Candidatus_Nitrosopumilus_sediminis_gene13696907.pdb
 1.000000  0.000000  0.000000     0.000000
 0.000000  1.000000  0.000000     0.000000
 0.000000  0.000000  1.000000     0.000000
>../../../../class1/cys//data/domains/Catalytic_domain/structures/CysRS_AF_Arch_Methanospirillum_hungatei_JF-1_gene3922979.pdb
-0.107667  0.723653 -0.681714     5.452927
-0.541776 -0.617647 -0.570080     4.785630
-0.833599  0.307957  0.458558    -4.675965
>../../../../class1/cys//data/domains/Catalytic_domain/structures/CysRS_AF_Arch_Pyrobaculum_ferrireducens_gene11593896.pdb
-0.120905  0.414843 -0.901824     1.121099
-0.171161 -0.903594 -0.392710     3.451133
-0.977796  0.106877  0.180254    -0.402851
>../../../../class1/cys//data/domains/Catalytic_domain/structures/CysRS_AF_Bact_Bordetella_avium_197N_gene41394405.pdb
 0.217911  0.911656 -0.348423     1.718615
-0.479148 -0.211084 -0.851975     2.892125
-0.850254  0.352601  0.390820    -1.490619
>../../../../class1/cys//data/domains/Catalytic_domain/structures/CysRS_AF_Bact_Lactobacillus_amylovorus_GRL1118_gene66523130.pdb
-0.056457  0.732605 -0.678308     2.651296
-0.470983 -0.618590 -0.628905     4.200006
-0.880334  0.283965  0.379968    -1.027613
>../../../../class1/cys//data/domains/Catalytic_domain/structures/CysRS_AF_Bact_Mycobacterium_canettii_CIPT_140010059_gene45427568.pdb
-0.956741  0.287928 -0.041751     3.306453
 0.219154  0.807603  0.547493     2.818005
 0.191357  0.514660 -0.835768    -1.092662
>../../../../class1/cys//data/domains/Catalytic_domain/structures/CysRS_AF_Bact_Mycoplasma_hyopneumoniae_168-L_gene57101512.pdb
-0.115589  0.598924 -0.792420     2.928380
-0.263128 -0.787730 -0.556997     2.882152
-0.957811  0.144125  0.248647    -3.139152
>../../../../class1/cys//data/domains/Catalytic_domain/structures/CysRS_AF_Bact_Porphyromonas_gingivalis_ATCC_33277_gene29256960.pdb
 0.975161  0.168801  0.143416     6.365623
-0.178865  0.982020  0.060361     0.094552
-0.130649 -0.084514  0.987820    -0.055904
>../../../../class1/cys//data/domains/Catalytic_domain/structures/CysRS_AF_Bact_Prochlorococcus_marinus_subsp_marinus_str_CCMP1375_gene54200571.pdb
-0.069220 -0.078428 -0.994514     4.128904
 0.363920 -0.930191  0.048026     3.264141
-0.928854 -0.358599  0.092930    -2.200667
>../../../../class1/cys//data/domains/Catalytic_domain/structures/CysRS_AF_Bact_Streptobacillus_moniliformis_DSM_12112_gene29673427.pdb
 0.855303 -0.513828 -0.066624     7.866909
 0.444013  0.660598  0.605361     6.221608
-0.267039 -0.547349  0.793158     0.319906
>../../../../class1/cys//data/domains/Catalytic_domain/structures/CysRS_AF_Bact_Treponema_pallidum_subsp_pertenue_str_SamoaD_gene57878631.pdb
 0.995982  0.076437  0.046663     7.628725
-0.082180  0.987148  0.137060     1.730002
-0.035586 -0.140344  0.989463    -1.600582
>../../../../class1/cys//data/domains/Catalytic_domain/structures/CysRS_AF_Euk_Arabidopsis_thaliana_gene833874.pdb
-0.104085  0.704900 -0.701628     0.817512
-0.236590 -0.702758 -0.670937     2.632122
-0.966018  0.096164  0.239919     1.814512
>../../../../class1/cys//data/domains/Catalytic_domain/structures/CysRS_AF_Euk_Cyanidioschyzon_merolae_strain_10D_gene16993418.pdb
 0.093212 -0.173904 -0.980341    -4.155676
 0.510270 -0.837143  0.197019     3.018365
-0.854948 -0.518603  0.010707     5.381036
>../../../../class1/cys//data/domains/Catalytic_domain/structures/CysRS_AF_Euk_Drosophila_melanogaster_gene36784.pdb
 0.279137 -0.613816 -0.738453     0.807872
 0.642833 -0.451828  0.618561    -1.625904
-0.713336 -0.647365  0.268459     2.400296
>../../../../class1/cys//data/domains/Catalytic_domain/structures/CysRS_AF_Euk_Micromonas_commoda_gene8246535.pdb
-0.876459 -0.232647 -0.421540     0.180943
-0.194741  0.971995 -0.131539     1.992573
 0.440336 -0.033197 -0.897219     1.881752
>../../../../class1/cys//data/domains/Catalytic_domain/structures/CysRS_AF_Mito_Morone_saxatilis_gene118339815.pdb
 0.888879  0.396780  0.229041     1.248497
-0.402851  0.915008 -0.021706     5.782616
-0.218187 -0.072976  0.973175    -1.714776
>../../../../class1/cys//data/domains/Catalytic_domain/structures/CysRS_AF_Mito_Saccharomyces_cerevisiae_S288C_gene855474.pdb
 0.884599 -0.143105  0.443853     1.483619
-0.080567  0.890548  0.447697    -0.578587
-0.459340 -0.431793  0.776249     1.981963
>../../../../class1/cys//data/domains/Catalytic_domain/structures/CysRS_AF_Vir_Megavirus_chiliensis_gene11257271.pdb
-0.655186 -0.755376 -0.011770     0.610695
-0.627715  0.552995 -0.547878    -2.196572
 0.420363 -0.351574 -0.836475    -1.141005
>../../../../class1/cys//data/domains/Catalytic_domain/structures/CysRS_PDB_Bact_E_coli_1LI5.pdb
-0.412375 -0.188316 -0.891338   103.327831
-0.905939 -0.018370  0.423011    55.578844
-0.096033  0.981937 -0.163027   -73.924164
>../../../../class1/cys//data/domains/Catalytic_domain/structures/CysRS_PDB_Bact_M_smegmatis_3C8Z.pdb
-0.321924  0.499511  0.804272    39.813591
-0.212151 -0.865952  0.452902    32.250523
 0.922690 -0.024827  0.384742   -22.043522
>../../../../class1/lys//data/domains/Catalytic_domain/structures/LysRS-I_AF_Arch_Candidatus_Bathyarchaeota_archaeon_proteinRJS75864.1.pdb
 0.964160 -0.136848  0.227308     1.042571
 0.166108  0.979386 -0.114944    -5.044519
-0.206893  0.148582  0.967015    -0.451828
>../../../../class1/lys//data/domains/Catalytic_domain/structures/LysRS-I_AF_Arch_Candidatus_Nitrosopumilus_koreensis_AR1_gene13726042.pdb
-0.379367  0.163731 -0.910644     2.862689
 0.339679 -0.890847 -0.301679    -0.892636
-0.860638 -0.423774  0.282342    -0.622353
>../../../../class1/lys//data/domains/Catalytic_domain/structures/LysRS-I_AF_Arch_Ferroplasma_acidarmanus_Fer1_gene16025146.pdb
 0.924138 -0.236222  0.300282     5.309630
 0.262587  0.963607 -0.050092    -4.582937
-0.277521  0.125142  0.952534     1.414214
>../../../../class1/lys//data/domains/Catalytic_domain/structures/LysRS-I_AF_Arch_Halorubrum_lacusprofundi_ATCC_49239_gene7400505.pdb
-0.460682 -0.887538 -0.006906     0.935585
-0.844149  0.440538 -0.305513    -7.810463
 0.274197 -0.134914 -0.952163     0.287367
>../../../../class1/lys//data/domains/Catalytic_domain/structures/LysRS-I_AF_Bact_Cereibacter_sphaeroides_KD131_gene67447319.pdb
-0.911029  0.119455 -0.394660     1.544890
-0.114152  0.846646  0.519769    -2.133003
 0.396227  0.518576 -0.757683     3.498842
>../../../../class1/lys//data/domains/Catalytic_domain/structures/LysRS-I_AF_Bact_Cyanobacteria_bacterium_J007_proteinRMH73500.1.pdb
 0.918030  0.340600  0.203010     0.157704
-0.181277  0.815874 -0.549079    -5.908460
-0.352647  0.467270  0.810740    -1.706098
>../../../../class1/lys//data/domains/Catalytic_domain/structures/LysRS-I_AF_Bact_Streptomyces_albidoflavus_gene15147364.pdb
-0.156673  0.193926 -0.968425    -1.081052
 0.399735 -0.884184 -0.241726    -3.621964
-0.903142 -0.424985  0.061009     0.518708
>../../../../class1/lys//data/domains/Catalytic_domain/structures/LysRS-I_AF_Bact_Treponema_denticola_ATCC_35405_gene2739918.pdb
-0.085230  0.158864 -0.983615    -1.217618
 0.369983 -0.911575 -0.179288    -3.573692
-0.925121 -0.379201  0.018917     0.426428
>../../../../class1/lys//data/domains/Catalytic_domain/structures/LysRS-I_PDB_Arch_P_hori_1IRX.pdb
 0.489843 -0.847749  0.203409    -4.518815
-0.793248 -0.336606  0.507399     8.286645
-0.361678 -0.409900 -0.837359    91.518300
