>../../../../class2/gly3//data/domains/Catalytic_domain/structures/GlyRS-E_AF_Arch_Methanosalsum_zhilinae_DSM_4017_gene10821854.pdb
 0.898413  0.408560 -0.161036     8.342040
-0.438651  0.817389 -0.373444     4.528963
-0.020945  0.406146  0.913568     6.578826
>../../../../class2/gly3//data/domains/Catalytic_domain/structures/GlyRS-E_AF_Euk_Cryptococcus_neoformans_var_neoformans_JEC21_gene3258293.pdb
-0.361687 -0.774682  0.518702     7.520406
-0.803390 -0.023301 -0.594998     4.241734
 0.473020 -0.631922 -0.613943     6.062240
>../../../../class2/gly3//data/domains/Catalytic_domain/structures/GlyRS-E_AF_Euk_Girardinichthys_multiradiatus_gene124858359.pdb
 0.921513  0.371673 -0.112574     7.595520
-0.388183  0.890012 -0.239150     4.024312
 0.011307  0.264079  0.964435     4.545330
>../../../../class2/gly3//data/domains/Catalytic_domain/structures/GlyRS-E_AF_Euk_Plasmodium_yoelii_gene3801472.pdb
 0.721876  0.626380 -0.294183     8.489662
-0.640602  0.444045 -0.626461     3.097292
-0.261772  0.640681  0.721806     7.735589
>../../../../class2/gly3//data/domains/Catalytic_domain/structures/GlyRS-E_AF_Euk_Schizosaccharomyces_pombe_gene2543181.pdb
 0.958828  0.213468 -0.187298     8.540420
-0.218333  0.975859 -0.005498     4.144057
 0.181603  0.046165  0.982288     4.542369
>../../../../class2/gly3//data/domains/Catalytic_domain/structures/GlyRS-E_AF_Mito_Fusarium_poae_gene68345711.pdb
 0.952056  0.239512 -0.190325     8.360629
-0.251641  0.966910 -0.041976     3.942949
 0.173974  0.087857  0.980823     4.617313
>../../../../class2/gly3//data/domains/Catalytic_domain/structures/GlyRS-E_PDB_Euk_H_sapiens_2q5h.pdb
 0.360930 -0.288632 -0.886804  -134.221673
 0.906317 -0.115572  0.406487   -16.764141
-0.219815 -0.950439  0.219879    58.051280
>../../../../class2/thr//data/domains/Catalytic_domain/structures/ThrRS_AF_Arch_Candidatus_Methanomethylophilus_alvus_Mx1201_gene15140074.pdb
-0.724278 -0.488431  0.486680    -0.050869
 0.589647 -0.072885  0.804366     1.947531
-0.357405  0.869553  0.340791     2.774314
>../../../../class2/thr//data/domains/Catalytic_domain/structures/ThrRS_AF_Arch_Candidatus_Nitrosopumilus_koreensis_AR1_gene13725077.pdb
 0.970496  0.190698 -0.147554     8.154401
-0.219782  0.951319 -0.216076     0.447695
 0.099166  0.242130  0.965163     6.457222
>../../../../class2/thr//data/domains/Catalytic_domain/structures/ThrRS_AF_Arch_Pyrococcus_furiosus_DSM_3638_gene1469226.pdb
 0.943644  0.326749 -0.052644     7.823840
-0.309131  0.813364 -0.492826     1.805889
-0.118212  0.481326  0.868534     4.743705
>../../../../class2/thr//data/domains/Catalytic_domain/structures/ThrRS_AF_Arch_Sulfolobus_islandicus_M164_gene7940156.pdb
-0.786707 -0.407127  0.464047     1.436636
-0.561592  0.784122 -0.264136     5.574660
-0.256332 -0.468402 -0.845513     8.454105
>../../../../class2/thr//data/domains/Catalytic_domain/structures/ThrRS_AF_Bact_Bifidobacterium_longum_subsp_longum_JCM_1217_gene69578309.pdb
 0.001574  0.908744  0.417352     1.357893
-0.887021  0.193971 -0.419009     0.430324
-0.461726 -0.369540  0.806380    -0.967466
>../../../../class2/thr//data/domains/Catalytic_domain/structures/ThrRS_AF_Bact_Brachyspira_pilosicoli_95_1000_gene56439092.pdb
-0.511207 -0.215228  0.832072    -1.281744
-0.826145 -0.143872 -0.544780     0.919375
 0.236964 -0.965908 -0.104261     0.494864
>../../../../class2/thr//data/domains/Catalytic_domain/structures/ThrRS_AF_Bact_Brucella_abortus_2308_gene3787745.pdb
 0.407397  0.443470 -0.798349    -0.807823
 0.873723  0.065136  0.482042     0.744162
 0.265773 -0.893919 -0.360934    -0.091666
>../../../../class2/thr//data/domains/Catalytic_domain/structures/ThrRS_AF_Bact_Lactobacillus_acidophilus_La-14_gene56943112.pdb
 0.751670 -0.150763 -0.642077    -0.651724
-0.648096  0.011721 -0.761468    -2.277449
 0.122327  0.988500 -0.088899    -3.180323
>../../../../class2/thr//data/domains/Catalytic_domain/structures/ThrRS_AF_Bact_Mycoplasma_hyopneumoniae_168-L_gene57101460.pdb
-0.883881  0.103386  0.456143     0.681734
 0.431078 -0.198293  0.880257     3.598430
 0.181456  0.974675  0.130700     2.180287
>../../../../class2/thr//data/domains/Catalytic_domain/structures/ThrRS_AF_Bact_Porphyromonas_gingivalis_ATCC_33277_gene29256174.pdb
-0.686399  0.010361  0.727151     1.528214
-0.472943 -0.765927 -0.435524     1.571799
 0.552432 -0.642844  0.530632    -0.766946
>../../../../class2/thr//data/domains/Catalytic_domain/structures/ThrRS_AF_Bact_Prochlorococcus_marinus_subsp_marinus_str_CCMP1375_gene54200406.pdb
 0.608463 -0.734534  0.300387     1.332239
 0.424989  0.621272  0.658335    -1.966571
-0.670192 -0.272911  0.690190    -1.055265
>../../../../class2/thr//data/domains/Catalytic_domain/structures/ThrRS_AF_Bact_Streptobacillus_moniliformis_DSM_12112_gene29674242.pdb
 0.934005  0.110923 -0.339603    -0.208794
-0.327395  0.646218 -0.689358     0.181529
 0.142992  0.755048  0.639887    -0.338669
>../../../../class2/thr//data/domains/Catalytic_domain/structures/ThrRS_AF_Euk_Arabidopsis_thaliana_gene832741.pdb
 0.121474  0.972140 -0.200471     2.493606
-0.822996 -0.014266 -0.567869     1.058315
-0.554908  0.233968  0.798334    -2.516157
>../../../../class2/thr//data/domains/Catalytic_domain/structures/ThrRS_AF_Euk_Cryptococcus_gattii_WM276_gene10188143.pdb
 0.372992  0.875656  0.306762    -0.166002
-0.816893  0.466698 -0.338937     0.483142
-0.439958 -0.124171  0.889392    -3.184348
>../../../../class2/thr//data/domains/Catalytic_domain/structures/ThrRS_AF_Euk_Cyanidioschyzon_merolae_strain_10D_gene16997242.pdb
 0.621434  0.024190 -0.783093    -0.341300
 0.752991  0.257622  0.605504    -0.613984
 0.216389 -0.965943  0.141881    -2.256822
>../../../../class2/thr//data/domains/Catalytic_domain/structures/ThrRS_AF_Euk_Zymoseptoria_tritici_IPO323_gene13396560.pdb
 0.973948  0.119258  0.192882     2.872100
 0.195303 -0.873379 -0.446169     0.160897
 0.115250  0.472215 -0.873917   -16.892608
>../../../../class2/thr//data/domains/Catalytic_domain/structures/ThrRS_AF_Mito_Cyanidioschyzon_merolae_strain_10D_gene16995590.pdb
 1.000000  0.000000  0.000000     0.000000
 0.000000  1.000000  0.000000     0.000000
 0.000000  0.000000  1.000000     0.000000
>../../../../class2/thr//data/domains/Catalytic_domain/structures/ThrRS_AF_Mito_Oryza_sativa_Japonica_Group_gene4345200.pdb
 0.485156 -0.197091  0.851927     0.781922
 0.284626 -0.885617 -0.366974     0.007890
 0.826808  0.420520 -0.373565    -3.103881
>../../../../class2/thr//data/domains/Catalytic_domain/structures/ThrRS_PDB_Bact_E_coli_1evk.pdb
-0.231925 -0.517284 -0.823789    53.370448
 0.428749 -0.814540  0.390768    30.112768
-0.873147 -0.262570  0.410697    43.128708
>../../../../class2/thr//data/domains/Catalytic_domain/structures/ThrRS_PDB_Bact_S_aureus_1nyr.pdb
-0.614559  0.750419  0.243287   -40.408256
-0.295988 -0.505214  0.810648   -11.806745
 0.731237  0.426181  0.532599   -57.747191
