>../../../../class2/asn//data/domains/Catalytic_domain/structures/AsnRS_AF_Arch_Candidatus_Korarchaeum_cryptofilum_OPF8_gene6094562.pdb
 0.085667  0.119435  0.989139    -5.149148
-0.038338 -0.991659  0.123059     4.403356
 0.995586 -0.048464 -0.080374    -2.344258
>../../../../class2/asn//data/domains/Catalytic_domain/structures/AsnRS_AF_Arch_Candidatus_Nitrososphaera_gargensis_Ga92_gene13796664.pdb
 0.386752  0.645892 -0.658214    -6.630550
-0.634372 -0.331709 -0.698242     2.911935
-0.669324  0.687599  0.281447    -3.986127
>../../../../class2/asn//data/domains/Catalytic_domain/structures/AsnRS_AF_Arch_Ferroplasma_acidarmanus_Fer1_gene16025664.pdb
 0.994890 -0.099461 -0.017388    -0.091562
 0.096774  0.988431 -0.116789    -1.028655
 0.028803  0.114509  0.993005     0.661653
>../../../../class2/asn//data/domains/Catalytic_domain/structures/AsnRS_AF_Arch_Pyrococcus_sp_ST04_gene13021535.pdb
 0.999292 -0.015270 -0.034377    -0.587300
 0.010619  0.991243 -0.131623    -1.465971
 0.036086  0.131165  0.990704    -0.175119
>../../../../class2/asn//data/domains/Catalytic_domain/structures/AsnRS_AF_Bact_Clostridium_acetobutylicum_DSM_1731_gene44999755.pdb
 0.293222  0.703147 -0.647769    -7.320151
-0.634779 -0.363460 -0.681875     4.257757
-0.714896  0.611131  0.339768    -2.750979
>../../../../class2/asn//data/domains/Catalytic_domain/structures/AsnRS_AF_Bact_Mycoplasma_hyopneumoniae_168-L_gene57101291.pdb
 0.956043  0.291921 -0.027634    -0.589604
-0.282274  0.890722 -0.356279    -2.353730
-0.079392  0.348418  0.933971    -1.342347
>../../../../class2/asn//data/domains/Catalytic_domain/structures/AsnRS_AF_Bact_Porphyromonas_gingivalis_ATCC_33277_gene29256423.pdb
 0.994641  0.100040  0.026115    -1.409705
-0.095641  0.986195 -0.135173    -0.432617
-0.039277  0.131951  0.990478    -1.390012
>../../../../class2/asn//data/domains/Catalytic_domain/structures/AsnRS_AF_Bact_Streptobacillus_moniliformis_DSM_12112_gene29673200.pdb
 0.229208  0.711707 -0.664031    -7.104215
-0.589726 -0.441199 -0.676436     4.129515
-0.774394  0.546641  0.318586    -3.023695
>../../../../class2/asn//data/domains/Catalytic_domain/structures/AsnRS_AF_Bact_Thermus_thermophilus_HB8_gene3168522.pdb
 0.936746  0.348749 -0.029682    -1.040259
-0.318694  0.814801 -0.484286    -3.199642
-0.144709  0.463113  0.874406    -1.463059
>../../../../class2/asn//data/domains/Catalytic_domain/structures/AsnRS_AF_Bact_Treponema_pallidum_subsp_pertenue_str_SamoaD_gene57879132.pdb
 0.376770  0.691264 -0.616602    -7.537527
-0.644563 -0.282423 -0.710476     3.940543
-0.665269  0.665125  0.339155    -3.729604
>../../../../class2/asn//data/domains/Catalytic_domain/structures/AsnRS_AF_Bact_unclassified_Blastocatellia_proteinRPI49177.1.pdb
 0.835420  0.537787 -0.113396    -2.480443
-0.480047  0.613513 -0.627022    -3.103968
-0.267634  0.578262  0.770704    -2.669938
>../../../../class2/asn//data/domains/Catalytic_domain/structures/AsnRS_AF_Euk_Candida_albicans_SC5314_gene3646227.pdb
 0.989725  0.071925 -0.123577    -4.504657
-0.103308  0.957229 -0.270258    -3.418283
 0.098853  0.280248  0.954824     1.406277
>../../../../class2/asn//data/domains/Catalytic_domain/structures/AsnRS_AF_Euk_Cryptococcus_gattii_WM276_gene10190222.pdb
 0.965886  0.101185 -0.238382    -7.851950
-0.176189  0.931390 -0.318545    -3.467370
 0.189795  0.349678  0.917444     1.370903
>../../../../class2/asn//data/domains/Catalytic_domain/structures/AsnRS_AF_Euk_Encephalitozoon_intestinalis_ATCC_50506_gene9698489.pdb
 1.000000  0.000000  0.000000     0.000000
 0.000000  1.000000  0.000000     0.000000
 0.000000  0.000000  1.000000     0.000000
>../../../../class2/asn//data/domains/Catalytic_domain/structures/AsnRS_AF_Euk_Vitis_vinifera_gene100257593.pdb
 0.258082  0.840054 -0.477182    -8.150053
-0.474801 -0.319869 -0.819907     6.591362
-0.841402  0.438170  0.316306    -5.260615
>../../../../class2/asn//data/domains/Catalytic_domain/structures/AsnRS_AF_Mito_Homo_sapiens_gene79731.pdb
 0.037199 -0.495554  0.867780    -5.864463
-0.425053 -0.793758 -0.435062     1.399959
 0.904404 -0.352669 -0.240164    -1.862042
>../../../../class2/asn//data/domains/Catalytic_domain/structures/AsnRS_AF_Mito_Zeugodacus_cucurbitae_gene105213230.pdb
-0.998746  0.047360 -0.016221    -9.431628
 0.039904  0.948819  0.313288     1.525896
 0.030229  0.312248 -0.949520    -4.937322
>../../../../class2/asn//data/domains/Catalytic_domain/structures/AsnRS_PDB_Arch_P_horikoshii_1X54.pdb
 0.244429 -0.438423  0.864893   -28.626739
-0.965450 -0.026942  0.259190   -11.909206
-0.090333 -0.898365 -0.429861    12.409920
>../../../../class2/asn//data/domains/Catalytic_domain/structures/AsnRS_PDB_Bact_E_anophelis_6pqh.pdb
 0.034345 -0.153503 -0.987551   -61.398846
-0.167316 -0.975071  0.145744     8.166935
-0.985305  0.160228 -0.059173   -18.756096
>../../../../class2/asn//data/domains/Catalytic_domain/structures/AsnRS_PDB_Euk_S_cerevisiae_1asz.pdb
-0.657604  0.752106  0.043504    -0.340222
-0.714483 -0.640936  0.280562   102.551391
 0.238896  0.153416  0.958849   -20.310838
>../../../../class2/phe3//data/domains/Catalytic_domain/structures/PheRS-Aα_AF_Arch_Candidatus_Nitrosopumilus_koreensis_AR1_gene13724458.pdb
-0.438777  0.526417 -0.728258     3.920246
 0.273112 -0.693977 -0.666188     6.635072
-0.856087 -0.491204  0.160730    -6.340468
>../../../../class2/phe3//data/domains/Catalytic_domain/structures/PheRS-Aα_AF_Arch_Haloterrigena_turkmenica_DSM_5511_gene8744248.pdb
 0.324436 -0.620023 -0.714362    -7.587269
 0.945442  0.236250  0.224333     4.920123
 0.029676 -0.748169  0.662844    -3.074929
>../../../../class2/phe3//data/domains/Catalytic_domain/structures/PheRS-Aα_AF_Arch_Thermoplasma_volcanium_GSS1_gene1441177.pdb
-0.488788  0.658796  0.571904    -8.967353
 0.354658 -0.448881  0.820197     5.608074
 0.797060  0.603733 -0.014240    -2.427972
>../../../../class2/phe3//data/domains/Catalytic_domain/structures/PheRS-Aα_AF_Arch_Thermosphaera_aggregans_DSM_11486_gene9165306.pdb
-0.061124  0.352119 -0.933957   -14.159839
 0.514262 -0.790842 -0.331819     2.628981
-0.855452 -0.500581 -0.132742    -2.429244
>../../../../class2/phe3//data/domains/Catalytic_domain/structures/PheRS-Aα_AF_Euk_Cyanidioschyzon_merolae_strain_10D_gene16993638.pdb
 0.186614 -0.013002  0.982347    -4.763302
-0.593965 -0.797964  0.102272    -0.701009
 0.782548 -0.602565 -0.156634     3.676496
>../../../../class2/phe3//data/domains/Catalytic_domain/structures/PheRS-Aα_AF_Euk_Megalobrama_amblycephala_gene125266654.pdb
-0.994269 -0.098580 -0.041366   -12.815860
-0.091215  0.580437  0.809180    -0.360463
-0.055759  0.808316 -0.586103    -4.110274
>../../../../class2/phe3//data/domains/Catalytic_domain/structures/PheRS-Aα_AF_Euk_Plasmodium_falciparum_3D7_gene813233.pdb
 0.713647  0.700153 -0.022232    -8.675640
-0.153719  0.125561 -0.980104    -6.162661
-0.683431  0.702866  0.197233    -3.744987
>../../../../class2/phe3//data/domains/Catalytic_domain/structures/PheRS-Aα_AF_Euk_Schizosaccharomyces_pombe_gene2543647.pdb
 0.816701 -0.538012 -0.208668    -4.627093
 0.491538  0.838023 -0.236870    -1.154512
 0.302308  0.090884  0.948868     1.671826
>../../../../class2/phe3//data/domains/Catalytic_domain/structures/PheRS-Aα_PDB_Euk.B_H_sapiens_3L4G.C.pdb
 0.023002 -0.995381  0.093208   111.425490
 0.968290  0.045381  0.245673   -29.445574
-0.248768  0.084601  0.964861    29.017409
