>../../../../class2/asn//data/domains/Catalytic_domain/structures/AsnRS_AF_Arch_Candidatus_Korarchaeum_cryptofilum_OPF8_gene6094562.pdb
 0.023178 -0.903389  0.428195     0.462620
-0.801863 -0.272594 -0.531704    -1.942052
 0.597059 -0.331030 -0.730712    -1.413579
>../../../../class2/asn//data/domains/Catalytic_domain/structures/AsnRS_AF_Arch_Candidatus_Nitrososphaera_gargensis_Ga92_gene13796664.pdb
-0.502662 -0.096007 -0.859135    -1.436883
 0.109685 -0.992865  0.046777    -0.011603
-0.857496 -0.070722  0.509606    -1.697065
>../../../../class2/asn//data/domains/Catalytic_domain/structures/AsnRS_AF_Arch_Ferroplasma_acidarmanus_Fer1_gene16025664.pdb
 0.407129  0.910455 -0.072926    -2.901880
-0.623797  0.218844 -0.750323    -8.712482
-0.667176  0.350970  0.657036    -4.070138
>../../../../class2/asn//data/domains/Catalytic_domain/structures/AsnRS_AF_Arch_Pyrococcus_sp_ST04_gene13021535.pdb
 0.329473  0.938978 -0.098835    -3.539895
-0.648749  0.149087 -0.746256    -7.825111
-0.685983  0.309990  0.658281    -4.508462
>../../../../class2/asn//data/domains/Catalytic_domain/structures/AsnRS_AF_Bact_Clostridium_acetobutylicum_DSM_1731_gene44999755.pdb
-0.527002 -0.096878 -0.844324    -0.403218
 0.185398 -0.982659 -0.002970    -0.547677
-0.829395 -0.158101  0.535824    -0.417831
>../../../../class2/asn//data/domains/Catalytic_domain/structures/AsnRS_AF_Bact_Mycoplasma_hyopneumoniae_168-L_gene57101291.pdb
 0.034535  0.946417 -0.321094    -4.454948
-0.614739 -0.233199 -0.753468    -7.372800
-0.787974  0.223410  0.573746    -5.605269
>../../../../class2/asn//data/domains/Catalytic_domain/structures/AsnRS_AF_Bact_Porphyromonas_gingivalis_ATCC_33277_gene29256423.pdb
 0.220693  0.971437 -0.087201    -2.761739
-0.636538  0.075713 -0.767520    -6.332678
-0.738995  0.224893  0.635067    -4.662639
>../../../../class2/asn//data/domains/Catalytic_domain/structures/AsnRS_AF_Bact_Streptobacillus_moniliformis_DSM_12112_gene29673200.pdb
-0.505843 -0.161246 -0.847421    -0.497504
 0.278977 -0.960162  0.016172    -0.542587
-0.816269 -0.228231  0.530675    -0.822816
>../../../../class2/asn//data/domains/Catalytic_domain/structures/AsnRS_AF_Bact_Thermus_thermophilus_HB8_gene3168522.pdb
-0.004814  0.898765 -0.438404    -5.397785
-0.551630 -0.368057 -0.748491    -7.189420
-0.834075  0.238234  0.497558    -5.397613
>../../../../class2/asn//data/domains/Catalytic_domain/structures/AsnRS_AF_Bact_Treponema_pallidum_subsp_pertenue_str_SamoaD_gene57879132.pdb
-0.511423 -0.012110 -0.859244    -0.795117
 0.092355 -0.994884 -0.040948     0.126441
-0.854352 -0.100297  0.509925    -0.973539
>../../../../class2/asn//data/domains/Catalytic_domain/structures/AsnRS_AF_Bact_unclassified_Blastocatellia_proteinRPI49177.1.pdb
-0.194745  0.772600 -0.604288    -5.800202
-0.440669 -0.619323 -0.649807    -5.202063
-0.876290  0.139745  0.461071    -5.120648
>../../../../class2/asn//data/domains/Catalytic_domain/structures/AsnRS_AF_Euk_Candida_albicans_SC5314_gene3646227.pdb
 0.222349  0.935304 -0.275258    -6.628943
-0.722304 -0.031603 -0.690853    -6.861956
-0.654857  0.352430  0.668547    -1.099423
>../../../../class2/asn//data/domains/Catalytic_domain/structures/AsnRS_AF_Euk_Cryptococcus_gattii_WM276_gene10190222.pdb
 0.145525  0.921086 -0.361142    -7.833593
-0.794630 -0.108643 -0.597294    -4.641388
-0.589394  0.373896  0.716112     1.197801
>../../../../class2/asn//data/domains/Catalytic_domain/structures/AsnRS_AF_Euk_Encephalitozoon_intestinalis_ATCC_50506_gene9698489.pdb
 0.324547  0.945380  0.030424    -2.083731
-0.619611  0.236794 -0.748338    -8.179181
-0.714669  0.224020  0.662619    -4.486148
>../../../../class2/asn//data/domains/Catalytic_domain/structures/AsnRS_AF_Euk_Vitis_vinifera_gene100257593.pdb
-0.397201 -0.005128 -0.917717     1.464179
 0.333333 -0.932497 -0.139061     2.342939
-0.855056 -0.361140  0.372098    -1.000848
>../../../../class2/asn//data/domains/Catalytic_domain/structures/AsnRS_AF_Mito_Solanum_lycopersicum_gene543755.pdb
-0.198955  0.570838 -0.796594    -0.139695
-0.099533 -0.820410 -0.563045     3.373480
-0.974941 -0.032733  0.220042    -1.441078
>../../../../class2/asn//data/domains/Catalytic_domain/structures/AsnRS_AF_Mito_Zeugodacus_cucurbitae_gene105213230.pdb
-0.281180  0.922072  0.265935    -3.411810
 0.621500 -0.036181  0.782578     2.098060
 0.731215  0.385324 -0.562894    -1.069026
>../../../../class2/asn//data/domains/Catalytic_domain/structures/AsnRS_PDB_Arch_P_horikoshii_1X54.pdb
-0.839159 -0.199359  0.506032   -21.930608
-0.318225  0.934491 -0.159559    -2.165710
-0.441073 -0.294928 -0.847628    21.628835
>../../../../class2/asn//data/domains/Catalytic_domain/structures/AsnRS_PDB_Bact_E_anophelis_6pqh.pdb
-0.187001 -0.963851 -0.189795   -15.107632
 0.660735 -0.266379  0.701763    46.123865
-0.726952  0.005826  0.686663    27.661025
>../../../../class2/asn//data/domains/Catalytic_domain/structures/AsnRS_PDB_Euk_S_cerevisiae_1asz.pdb
-0.881349 -0.344766  0.323048    93.394236
 0.056163 -0.755352 -0.652909    33.439122
 0.469116 -0.557297  0.685091     3.878044
>../../../../class2/phe3//data/domains/Catalytic_domain/structures/PheRS-Aα_AF_Arch_Candidatus_Nitrosopumilus_koreensis_AR1_gene13724458.pdb
 0.100766 -0.491109 -0.865250     5.382881
 0.976316 -0.118543  0.180985    -4.261077
-0.191453 -0.862995  0.467532    -9.771507
>../../../../class2/phe3//data/domains/Catalytic_domain/structures/PheRS-Aα_AF_Arch_Haloterrigena_turkmenica_DSM_5511_gene8744248.pdb
 1.000000  0.000000  0.000000     0.000000
 0.000000  1.000000  0.000000     0.000000
 0.000000  0.000000  1.000000     0.000000
>../../../../class2/phe3//data/domains/Catalytic_domain/structures/PheRS-Aα_AF_Arch_Thermoplasma_volcanium_GSS1_gene1441177.pdb
 0.213554 -0.219649  0.951919     0.654563
-0.204801 -0.962811 -0.176217     0.717628
 0.955223 -0.157322 -0.250596     1.582054
>../../../../class2/phe3//data/domains/Catalytic_domain/structures/PheRS-Aα_AF_Arch_Thermosphaera_aggregans_DSM_11486_gene9165306.pdb
 0.439635 -0.655776 -0.613741    -4.086088
 0.795161 -0.033578  0.605468     3.245347
-0.417660 -0.754208  0.506685     4.703321
>../../../../class2/phe3//data/domains/Catalytic_domain/structures/PheRS-Aα_AF_Euk_Cyanidioschyzon_merolae_strain_10D_gene16993638.pdb
-0.488438 -0.781441  0.388302    -4.117743
-0.830842  0.280471 -0.480664    -7.898555
 0.266703 -0.557392 -0.786247     1.496876
>../../../../class2/phe3//data/domains/Catalytic_domain/structures/PheRS-Aα_AF_Euk_Megalobrama_amblycephala_gene125266654.pdb
-0.387702  0.545365  0.743144    -6.415542
 0.647189 -0.413027  0.640746     3.046551
 0.656379  0.729373 -0.192823     2.158432
>../../../../class2/phe3//data/domains/Catalytic_domain/structures/PheRS-Aα_AF_Euk_Plasmodium_falciparum_3D7_gene813233.pdb
 0.052108  0.348220 -0.935963   -10.779675
 0.028217 -0.937376 -0.347174    -1.113132
-0.998243 -0.008320 -0.058671    -1.804375
>../../../../class2/phe3//data/domains/Catalytic_domain/structures/PheRS-Aα_AF_Euk_Schizosaccharomyces_pombe_gene2543647.pdb
 0.721983  0.642211 -0.257498    -4.466746
-0.628985  0.454112 -0.630999    -6.601064
-0.288302  0.617533  0.731803     0.020975
>../../../../class2/phe3//data/domains/Catalytic_domain/structures/PheRS-Aα_PDB_Euk.B_H_sapiens_3L4G.C.pdb
 0.921685 -0.253767  0.293426     4.382425
 0.387680  0.574917 -0.720538  -106.457258
 0.014153  0.777865  0.628273   -70.477510
