>structures/HisRS_AF_Arch_Candidatus_Methanomassiliicoccus_intestinalis_Issoire-Mx1_gene16154026.pdb
-0.908829  0.408040  0.086800    -7.632117
 0.380127  0.724289  0.575247     1.749242
 0.171855  0.555796 -0.813361    -2.583559
>structures/HisRS_AF_Arch_Candidatus_Nitrosopumilus_koreensis_AR1_gene13725657.pdb
 0.781348  0.594303 -0.190524    -4.891973
-0.584251  0.589214 -0.558102    -0.060702
-0.219422  0.547386  0.807603    -4.023398
>structures/HisRS_AF_Arch_Desulfurococcus_amylolyticus_1221n_gene7171287.pdb
 0.592684 -0.600667 -0.536587    -2.211827
 0.750446  0.169888  0.638725     1.032855
-0.292501 -0.781241  0.551458    -3.419534
>structures/HisRS_AF_Arch_Methanoregula_formicica_SMSP_gene14310605.pdb
-0.675727  0.652700  0.342601    -6.462903
 0.642206  0.293084  0.708289     4.239047
 0.361889  0.698630 -0.617213    -2.844801
>structures/HisRS_AF_Bact_Chlamydia_muridarum_str_Nigg_gene1246198.pdb
 0.489149  0.842471 -0.225778    -4.430100
-0.378055 -0.028485 -0.925345    -0.381730
-0.786007  0.537988  0.304567    -1.707825
>structures/HisRS_AF_Bact_Lacticaseibacillus_paracasei_gene61269730.pdb
 1.000000  0.000000  0.000000     0.000000
 0.000000  1.000000  0.000000     0.000000
 0.000000  0.000000  1.000000    -0.000000
>structures/HisRS_AF_Bact_Paracoccus_denitrificans_PD1222_gene75501415.pdb
 0.476222 -0.423726 -0.770499    -4.781881
 0.800213 -0.154402  0.579499     0.161424
-0.364515 -0.892534  0.265541    -3.805782
>structures/HisRS_AF_Bact_Prochlorococcus_marinus_subsp_marinus_str_CCMP1375_gene54200127.pdb
 0.328433 -0.647338 -0.687812    -3.117455
 0.767447 -0.241604  0.593846     7.414341
-0.550597 -0.722898  0.417446    -2.531043
>structures/HisRS_AF_Bact_Streptobacillus_moniliformis_DSM_12112_gene29674169.pdb
 0.999692  0.021017  0.013173     0.752297
-0.019273  0.992487 -0.120824    -1.210869
-0.015614  0.120533  0.992587    -1.824209
>structures/HisRS_AF_Bact_Streptomyces_albidoflavus_gene15149169.pdb
 0.936431  0.287865  0.200574    -4.712522
-0.274659  0.957184 -0.091437     1.456776
-0.218308  0.030535  0.975402    -2.227576
>structures/HisRS_AF_Bact_Thermus_thermophilus_HB8_gene3168691.pdb
 0.973279 -0.190035 -0.128895    -1.038059
 0.199363  0.977854  0.063688    -0.062648
 0.113937 -0.087683  0.989611     0.341595
>structures/HisRS_AF_Bact_Treponema_denticola_ATCC_35405_gene2741405.pdb
-0.014861  0.471622 -0.881676    -5.179672
-0.426904 -0.800358 -0.420928     2.268968
-0.904175  0.370136  0.213231    -1.035658
>structures/HisRS_AF_Euk_Arabidopsis_thaliana_gene823753.pdb
 0.941704  0.308806  0.133535    -4.013701
-0.307862  0.951014 -0.028184     0.869519
-0.135698 -0.014569  0.990643    -2.862816
>structures/HisRS_AF_Euk_Cryptococcus_gattii_WM276_gene10186972.pdb
-0.059565 -0.842459  0.535458    -3.024552
-0.731455 -0.328186 -0.597718     1.363346
 0.679283 -0.427267 -0.596672    -2.964825
>structures/HisRS_AF_Euk_Plasmodium_falciparum_3D7_gene812010.pdb
 0.697982  0.174173 -0.694612   -17.967594
-0.522798  0.786810 -0.328043    -1.164144
 0.489391  0.592110  0.640236    -8.420584
>structures/HisRS_AF_Euk_Platysiphonia_delicata_gene33353157.pdb
 0.999774  0.014460  0.015612     2.242338
-0.013749  0.998906 -0.044701    -0.514533
-0.016242  0.044477  0.998878    -0.544837
>structures/HisRS_AF_Mito_Fusarium_fujikuroi_IMI_58289_gene35396474.pdb
 0.578069  0.793847 -0.188794    -2.876584
-0.676967  0.337393 -0.654127    -4.905002
-0.455579  0.505938  0.732444    -4.325938
>structures/HisRS_AF_Mito_Rattus_rattus_gene116884285.pdb
-0.827008  0.554153 -0.094719    -1.431912
 0.321175  0.603992  0.729411     0.675039
 0.461415  0.572807 -0.677487    -4.679536
>structures/HisRS_PDB_Arch_T_acidophilum_1WU7.pdb
 0.113788 -0.871426 -0.477146    70.019575
-0.820572  0.188322 -0.539626    38.177843
 0.560101  0.452936 -0.693639    19.460531
>structures/HisRS_PDB_Bact_B_thailandensis_4e51.pdb
-0.682922 -0.308674  0.662072   -30.558704
 0.025639  0.895650  0.444020   -19.500480
-0.730042  0.320205 -0.603745    28.529039
>structures/HisRS_PDB_Bact_E_coli_1HTT.pdb
-0.523433  0.851986 -0.011747   -24.897292
-0.614825 -0.387202 -0.687070    15.282344
-0.589922 -0.352412  0.726497   -22.785806
