>structures/SepRS_AF_Arch_Methanothrix_thermoacetophila_PT_gene4462697.pdb
 0.580563  0.228639  0.781455    31.691913
 0.773329  0.145477 -0.617089    63.306464
-0.254774  0.962580 -0.092354   -17.571843
>structures/SepRS_PDB_Arch_2DU4_A_fulgidus.pdb
 0.999994  0.001123  0.003353    -0.036242
-0.001124  0.999999  0.000529     0.046376
-0.003353 -0.000533  0.999994     0.166709
>structures/SepRS_PDB_Arch_2ODR_M_maripadulis.pdb
-0.294775 -0.772893  0.561911    40.057240
 0.152422  0.542479  0.826126    23.119436
-0.943332  0.329169 -0.042103    45.741928
