>structures/HisRS_AF_Arch_Candidatus_Methanomassiliicoccus_intestinalis_Issoire-Mx1_gene16154026.pdb
 0.893179  0.447250  0.046894    -2.121128
-0.369503  0.789328 -0.490336    -0.920926
-0.256317  0.420630  0.870271    -4.736117
>structures/HisRS_AF_Arch_Candidatus_Nitrosopumilus_koreensis_AR1_gene13725657.pdb
-0.955121  0.295071 -0.026028    -6.560814
 0.275788  0.917877  0.285383    -2.742654
 0.108099  0.265397 -0.958060    -3.536900
>structures/HisRS_AF_Arch_Desulfurococcus_amylolyticus_1221n_gene7171287.pdb
-0.154771  0.163665  0.974300    -5.111999
 0.315992 -0.926178  0.205778     2.266244
 0.936053  0.339719  0.091628     2.091626
>structures/HisRS_AF_Arch_Methanoregula_formicica_SMSP_gene14310605.pdb
 0.998493  0.015589  0.052610    -0.625885
-0.016707  0.999643  0.020872    -0.533215
-0.052266 -0.021720  0.998397    -0.859798
>structures/HisRS_AF_Bact_Chlamydia_muridarum_str_Nigg_gene1246198.pdb
-0.912429 -0.294021 -0.284649    -4.887255
-0.257121  0.953009 -0.160196    -0.571610
 0.318374 -0.072979 -0.945152    -2.539107
>structures/HisRS_AF_Bact_Lacticaseibacillus_paracasei_gene61269730.pdb
-0.651817  0.572480  0.497395    -6.087867
 0.711357  0.234190  0.662666     3.944220
 0.262878  0.785762 -0.559887    -1.333063
>structures/HisRS_AF_Bact_Paracoccus_denitrificans_PD1222_gene75501415.pdb
 0.031687 -0.187964  0.981665    -4.940797
 0.325301 -0.926744 -0.187948    -2.056531
 0.945079  0.325292  0.031779    -0.442770
>structures/HisRS_AF_Bact_Prochlorococcus_marinus_subsp_marinus_str_CCMP1375_gene54200127.pdb
-0.032121 -0.080964  0.996199    -1.094416
 0.074102 -0.994163 -0.078409     1.524643
 0.996733  0.071302  0.037933     5.003152
>structures/HisRS_AF_Bact_Streptobacillus_moniliformis_DSM_12112_gene29674169.pdb
-0.670485  0.622565  0.403564    -8.406171
 0.699500  0.349151  0.623532     2.565439
 0.247284  0.700362 -0.669584    -1.155478
>structures/HisRS_AF_Bact_Streptomyces_albidoflavus_gene15149169.pdb
-0.872195  0.412305  0.263212    -4.075558
 0.442095  0.434137  0.784905    -0.164362
 0.209350  0.800956 -0.560930    -0.928722
>structures/HisRS_AF_Bact_Thermus_thermophilus_HB8_gene3168691.pdb
-0.438140  0.680642  0.587163    -6.087811
 0.823854  0.042763  0.565187     2.943557
 0.359581  0.731367 -0.579486    -2.663949
>structures/HisRS_AF_Bact_Treponema_denticola_ATCC_35405_gene2741405.pdb
-0.647763 -0.635208  0.420611    -1.757619
-0.728307  0.354319 -0.586538     0.168258
 0.223543 -0.686272 -0.692141    -0.243153
>structures/HisRS_AF_Euk_Arabidopsis_thaliana_gene823753.pdb
-0.830398  0.434975  0.348190    -5.476218
 0.510892  0.345070  0.787347    -1.053046
 0.222326  0.831699 -0.508771    -2.042541
>structures/HisRS_AF_Euk_Cryptococcus_gattii_WM276_gene10186972.pdb
-0.188233  0.087211 -0.978245    -6.097538
 0.197067 -0.972438 -0.124612    -0.776952
-0.962150 -0.216236  0.165859    -1.423427
>structures/HisRS_AF_Euk_Plasmodium_falciparum_3D7_gene812010.pdb
-0.531230  0.686762  0.496137    -0.182292
 0.701718  0.684802 -0.196564   -16.772930
-0.474748  0.243728 -0.845701    -2.684826
>structures/HisRS_AF_Euk_Platysiphonia_delicata_gene33353157.pdb
-0.697566  0.557631  0.449942    -7.897055
 0.677045  0.307420  0.668657     5.621787
 0.234543  0.771064 -0.591987    -0.109985
>structures/HisRS_PDB_Arch_T_acidophilum_1WU7.pdb
-0.523949  0.808674 -0.267440   -19.261462
 0.249899 -0.154221 -0.955911    73.929949
-0.814265 -0.567682 -0.121283    39.612383
>structures/HisRS_PDB_Bact_B_thailandensis_4e51.pdb
 0.138084  0.870534 -0.472338    16.328514
-0.944020  0.259946  0.203113    -4.372039
 0.299599  0.417849  0.857696   -40.629269
>structures/HisRS_PDB_Bact_E_coli_1HTT.pdb
-0.289055 -0.957063 -0.021844     8.003908
-0.912241  0.268456  0.309431   -24.939925
-0.290281  0.109370 -0.950671    17.360446
