>structures/HisRS_AF_Arch_Candidatus_Methanomassiliicoccus_intestinalis_Issoire-Mx1_gene16154026.pdb
-0.175882 -0.469450 -0.865264    15.546254
 0.944546  0.167123 -0.282671    53.906311
 0.277305 -0.866998  0.414024    76.498411
>structures/HisRS_AF_Arch_Candidatus_Nitrosopumilus_koreensis_AR1_gene13725657.pdb
 0.638896 -0.163315  0.751758     5.689256
-0.726827  0.192037  0.659427    48.779479
-0.252059 -0.967704  0.003990    82.110067
>structures/HisRS_AF_Arch_Desulfurococcus_amylolyticus_1221n_gene7171287.pdb
-0.598774 -0.601985 -0.528283     8.333562
-0.660535 -0.001859  0.750793    48.278805
-0.452948  0.798505 -0.396519    73.979143
>structures/HisRS_AF_Arch_Methanoregula_formicica_SMSP_gene14310605.pdb
-0.403558  0.212767 -0.889871    10.094864
 0.896283 -0.103550 -0.431224    52.297286
-0.183896 -0.971601 -0.148911    73.323778
>structures/HisRS_AF_Bact_Chlamydia_muridarum_str_Nigg_gene1246198.pdb
 0.247897 -0.968589  0.019556    -5.531927
 0.537834  0.154385  0.828794    11.494950
-0.805780 -0.194938  0.559212   118.171189
>structures/HisRS_AF_Bact_Lacticaseibacillus_paracasei_gene61269730.pdb
-0.697310 -0.083760 -0.711859   -10.064732
 0.251843 -0.958457 -0.133920    10.505740
-0.671070 -0.272661  0.689436   115.680002
>structures/HisRS_AF_Bact_Paracoccus_denitrificans_PD1222_gene75501415.pdb
-0.547748 -0.383970 -0.743330     2.490773
-0.561895 -0.489440  0.666875    47.866848
-0.619875  0.782953  0.052339    79.886467
>structures/HisRS_AF_Bact_Prochlorococcus_marinus_subsp_marinus_str_CCMP1375_gene54200127.pdb
 0.037636  0.986321  0.160481    -5.576261
-0.574210  0.152780 -0.804327     2.654966
-0.817843 -0.061878  0.572105   113.967834
>structures/HisRS_AF_Bact_Streptobacillus_moniliformis_DSM_12112_gene29674169.pdb
-0.697790 -0.228145 -0.678999    -8.519758
 0.278472 -0.959758  0.036302    13.121860
-0.659957 -0.163751  0.733241   114.725775
>structures/HisRS_AF_Bact_Streptomyces_albidoflavus_gene15149169.pdb
-0.474412 -0.275458 -0.836096    -5.156065
 0.489693 -0.871844  0.009377     9.022417
-0.731529 -0.404982  0.548503   117.101757
>structures/HisRS_AF_Bact_Thermus_thermophilus_HB8_gene3168691.pdb
-0.480773  0.156322  0.862798    38.194945
-0.743963  0.448068 -0.495736    12.311317
-0.464087 -0.880226 -0.099122    77.489526
>structures/HisRS_AF_Bact_Treponema_denticola_ATCC_35405_gene2741405.pdb
 0.011756  0.992429  0.122256     3.865481
-0.644806 -0.085924  0.759501    49.938282
 0.764256 -0.087761  0.638914    73.849879
>structures/HisRS_AF_Euk_Arabidopsis_thaliana_gene823753.pdb
 0.531830 -0.792891  0.297459     4.243182
-0.683015 -0.193951  0.704183    48.627589
-0.500648 -0.577674 -0.644705    79.973782
>structures/HisRS_AF_Euk_Cryptococcus_gattii_WM276_gene10186972.pdb
 0.839314 -0.192667  0.508362     4.664224
 0.526115  0.052298 -0.848804    47.977775
 0.136950  0.979870  0.145259    79.878360
>structures/HisRS_AF_Euk_Plasmodium_falciparum_3D7_gene812010.pdb
 0.915242 -0.348764  0.201732    -2.504452
 0.007415  0.515190  0.857044    51.164908
-0.402837 -0.782907  0.474109    95.310630
>structures/HisRS_AF_Euk_Platysiphonia_delicata_gene33353157.pdb
-0.686785 -0.170060 -0.706687   -11.370407
 0.326130 -0.940983 -0.090504    10.539142
-0.649589 -0.292629  0.701714   113.767542
>structures/HisRS_PDB_Arch_T_acidophilum_1WU7.pdb
 0.997742  0.028174  0.060962    -5.772750
-0.028132  0.999603 -0.001549     0.503469
-0.060982 -0.000170  0.998139     0.787589
>structures/HisRS_PDB_Bact_B_thailandensis_4e51.pdb
 0.974754 -0.186480 -0.122800    -5.245053
-0.208783 -0.956186 -0.205228    20.505220
-0.079148  0.225686 -0.970980   161.177049
>structures/HisRS_PDB_Bact_E_coli_1HTT.pdb
-0.460374 -0.710099 -0.532743    39.847552
-0.516005 -0.274271  0.811489    20.780883
-0.722354  0.648486 -0.240147    59.825731
