>../../../../class2/asp1//data/domains/Catalytic_domain/structures/Aspartyl.B.Bacteroidota.NC_010729.1.pdb
 0.911814  0.269723 -0.309589    40.060254
-0.097704  0.874852  0.474434    27.484191
 0.398810 -0.402348  0.824055    -0.288292
>../../../../class2/asp1//data/domains/Catalytic_domain/structures/Aspartyl.B.Chlamydiae.NC_002620.2.pdb
-0.243259 -0.703510  0.667756    41.653774
-0.358324 -0.574559 -0.735857    25.662570
 0.901349 -0.418277 -0.112318     4.901273
>../../../../class2/asp1//data/domains/Catalytic_domain/structures/Aspartyl.B.Firmicutes.NC_015687.1.pdb
 0.264132 -0.314470  0.911780    38.274136
 0.032527 -0.941911 -0.334285    29.521357
 0.963938  0.117953 -0.238560    -1.641423
>../../../../class2/asp1//data/domains/Catalytic_domain/structures/Aspartyl.B.Fusobacteria.NC_013515.1.pdb
-0.250674  0.932491  0.260045    37.051250
 0.918931  0.144708  0.366913    26.169656
 0.304512  0.330940 -0.893169    -0.955081
>../../../../class2/asp1//data/domains/Catalytic_domain/structures/Aspartyl.B.Spirochaetes.NC_014330.1.pdb
 0.096154 -0.959504  0.264777    38.349976
-0.397130 -0.280901 -0.873717    28.363317
 0.912711 -0.021140 -0.408058     0.651842
>../../../../class2/asp1//data/domains/Catalytic_domain/structures/Aspartyl.E.Evosea.NC_007087.3.pdb
-0.274227 -0.915968  0.292920    39.731365
-0.495341 -0.126543 -0.859432    24.625323
 0.824279 -0.380775 -0.419015     4.626538
>../../../../class2/asp1//data/domains/Catalytic_domain/structures/Asp_Bact_1c0a_E_coli.pdb
 0.741599 -0.502805  0.444092    15.715796
-0.585706 -0.808056  0.063194    93.194075
 0.327077 -0.306972 -0.893750   -12.378206
>../../../../class2/gly2//data/domains/Catalytic_domain/structures/GlyT_Bact_1j5w_T_maritima.pdb
 0.915776  0.142576 -0.375534   -17.278453
 0.370475 -0.661114  0.652439    46.428862
-0.155249 -0.736614 -0.658253    54.268717
>../../../../class2/gly2//data/domains/Catalytic_domain/structures/GlyT_Bact_3ufg_C_jejuni.pdb
 1.000000  0.000000  0.000000     0.000000
 0.000000  1.000000  0.000000     0.000000
 0.000000  0.000000  1.000000     0.000000
>../../../../class2/gly2//data/domains/Catalytic_domain/structures/GlyT_Bact_5f5w_A_aeolicus.pdb
 0.384807 -0.070233 -0.920321    42.777464
-0.922706 -0.004224 -0.385482   -17.079426
 0.023186  0.997522 -0.066430   -10.893743
