>../../../../class2/asp1//data/domains/Catalytic_domain/structures/AspRS_AF_Arch_Candidatus_Methanomassiliicoccus_intestinalis_Issoire-Mx1_gene16154434.pdb
 0.154479 -0.924205 -0.349258    -7.156273
 0.078715  0.363891 -0.928110   -17.396505
 0.984855  0.115882  0.128963    -8.026990
>../../../../class2/asp1//data/domains/Catalytic_domain/structures/AspRS_AF_Arch_unclassified_Euryarchaeota_proteinHHT76046.1.pdb
 0.289806 -0.743779 -0.602333    -9.910519
-0.053264  0.615831 -0.786075   -12.791937
 0.955602  0.259893  0.138855   -12.154436
>../../../../class2/asp1//data/domains/Catalytic_domain/structures/AspRS_AF_Bact_Bacillus_anthracis_str_Ames_Ancestor_gene45024275.pdb
-0.596027  0.700461  0.392564   -13.484095
-0.723919 -0.680280  0.114719   -16.034561
 0.347410 -0.215809  0.912542    -7.703933
>../../../../class2/asp1//data/domains/Catalytic_domain/structures/AspRS_AF_Bact_Brachyspira_pilosicoli_95_1000_gene56440011.pdb
 0.190839 -0.589821 -0.784660    -8.730122
 0.008499  0.800314 -0.599520   -14.049255
 0.981585  0.107743  0.157744   -11.847862
>../../../../class2/asp1//data/domains/Catalytic_domain/structures/AspRS_AF_Bact_Chlamydia_muridarum_str_Nigg_gene1246197.pdb
-0.282230 -0.225776 -0.932401    -8.430196
 0.373029  0.869602 -0.323483   -13.763974
 0.883853 -0.439109 -0.161206   -12.305219
>../../../../class2/asp1//data/domains/Catalytic_domain/structures/AspRS_AF_Bact_Mycoplasma_hyopneumoniae_168-L_gene57101115.pdb
 0.528613 -0.845916  0.070669    -3.791649
 0.037897 -0.059651 -0.997500   -16.736357
 0.848017  0.529969  0.000526    -9.634790
>../../../../class2/asp1//data/domains/Catalytic_domain/structures/AspRS_AF_Bact_Nocardia_cyriacigeorgica_GUH-2_gene45501717.pdb
 0.842196  0.534571  0.070282    -6.716188
 0.507645 -0.742264 -0.437425   -11.569651
-0.181667  0.404076 -0.896504   -15.781569
>../../../../class2/asp1//data/domains/Catalytic_domain/structures/AspRS_AF_Bact_Porphyromonas_gingivalis_ATCC_33277_gene29255515.pdb
 0.647066  0.168251  0.743637   -10.085065
-0.749913  0.316481  0.580922   -15.903569
-0.137606 -0.933559  0.330958   -12.822940
>../../../../class2/asp1//data/domains/Catalytic_domain/structures/AspRS_AF_Bact_Prochlorococcus_marinus_subsp_marinus_str_CCMP1375_gene54201182.pdb
-0.295665 -0.421856 -0.857100   -11.666839
 0.440665  0.735824 -0.514177   -14.794268
 0.847583 -0.529718 -0.031660    -7.084322
>../../../../class2/asp1//data/domains/Catalytic_domain/structures/AspRS_AF_Bact_Xylella_fastidiosa_Temecula1_gene58016479.pdb
 0.797166  0.599128  0.074651   -11.752334
 0.579664 -0.724895 -0.372179   -13.576910
-0.168869  0.339960 -0.925154   -12.940721
>../../../../class2/asp1//data/domains/Catalytic_domain/structures/AspRS_AF_Mito_Oryza_sativa_Japonica_Group_gene4324505.pdb
-0.160131 -0.828271  0.536959    -7.111359
-0.046888  0.549747  0.834014   -13.689611
-0.985981  0.108375 -0.126868   -17.709881
>../../../../class2/asp1//data/domains/Catalytic_domain/structures/AspRS_AF_Mito_Oryzias_melastigma_gene112147132.pdb
 0.890786 -0.446784  0.082971   -11.185460
 0.091437 -0.002622 -0.995807   -12.694531
 0.445129  0.894638  0.038517   -11.453971
>../../../../class2/asp1//data/domains/Catalytic_domain/structures/AspRS_PDB_Bact_E_coli_1c0a.pdb
 0.419768 -0.864321 -0.277028    -3.308910
-0.827140 -0.238627 -0.508819    40.709665
 0.373676  0.442726 -0.815082   -55.437180
>../../../../class2/gly2//data/domains/Catalytic_domain/structures/GlyRS-Bα_AF_Bact_Brachyspira_pilosicoli_95_1000_gene56440230.pdb
-0.941591  0.304677 -0.143451   -17.506816
 0.334966  0.803456 -0.492195    -3.110885
-0.034704 -0.511497 -0.858584    -9.459211
>../../../../class2/gly2//data/domains/Catalytic_domain/structures/GlyRS-Bα_AF_Bact_Chlamydia_pneumoniae_TW-183_gene45051002.pdb
 0.546999  0.836430 -0.034296     1.197080
-0.574355  0.345175 -0.742274    -0.267800
-0.609023  0.425722  0.669218     1.490344
>../../../../class2/gly2//data/domains/Catalytic_domain/structures/GlyRS-Bα_AF_Bact_Lacticaseibacillus_paracasei_gene61269714.pdb
-0.155228 -0.281183 -0.947017   -17.749723
-0.682515 -0.662530  0.308588    -4.951209
-0.714197  0.694255 -0.089068    -9.579548
>../../../../class2/gly2//data/domains/Catalytic_domain/structures/GlyRS-Bα_AF_Bact_Prochlorococcus_marinus_subsp_marinus_str_CCMP1375_gene54200602.pdb
 0.161668 -0.465995 -0.869892   -18.123981
 0.007516 -0.880881  0.473278    -5.099700
-0.986817 -0.083052 -0.138907    -9.411149
>../../../../class2/gly2//data/domains/Catalytic_domain/structures/GlyRS-Bα_AF_Bact_Salmonella_enterica_subsp_enterica_serovar_Typhimurium_str_LT2_gene1255180.pdb
 0.703016 -0.710783  0.023585   -17.043695
 0.007831  0.040899  0.999133    -5.648427
-0.711131 -0.702222  0.034319    -8.084885
>../../../../class2/gly2//data/domains/Catalytic_domain/structures/GlyRS-Bα_AF_Bact_Streptobacillus_moniliformis_DSM_12112_gene29673275.pdb
 0.033605 -0.268482 -0.962698   -17.779528
-0.165032 -0.951510  0.259601    -4.832237
-0.985716  0.150152 -0.076284    -9.165180
>../../../../class2/gly2//data/domains/Catalytic_domain/structures/GlyRS-Bα_AF_Euk_Ostreococcus_tauri_gene9837276.pdb
 1.000000  0.000000  0.000000     0.000000
 0.000000  1.000000  0.000000     0.000000
 0.000000  0.000000  1.000000     0.000000
>../../../../class2/gly2//data/domains/Catalytic_domain/structures/GlyRS-Bα_AF_Euk_Vulpes_lagopus_gene121489478.pdb
 0.973802 -0.122720  0.191442   -21.533655
 0.204401  0.841311 -0.500417    -4.572772
-0.099651  0.526437  0.844354   -10.149640
>../../../../class2/gly2//data/domains/Catalytic_domain/structures/GlyRS-Bα_AF_Mito_Nymphaea_colorata_gene116265348.pdb
 0.526783  0.839744 -0.131645     0.578439
-0.328353  0.058186 -0.942761     1.132145
-0.784018  0.539856  0.306384     2.356563
>../../../../class2/gly2//data/domains/Catalytic_domain/structures/GlyRS-Bα_PDB_Bact_A_aeolicus_5f5w.pdb
-0.160047  0.596774 -0.786286   -33.916738
-0.862166  0.303378  0.405749   -49.383868
 0.480682  0.742848  0.465963     6.492481
>../../../../class2/gly2//data/domains/Catalytic_domain/structures/GlyRS-Bα_PDB_Bact_C_jejuni_3ufg.pdb
 0.616505  0.447201  0.648022   -45.692534
-0.729925  0.633184  0.257463    -4.476761
-0.295179 -0.631735  0.716784    16.406242
>../../../../class2/gly2//data/domains/Catalytic_domain/structures/GlyRS-Bα_PDB_Bact_T_maritima_1j5w.pdb
 0.630070 -0.682421 -0.370559    -0.601439
-0.467695 -0.714422  0.520445    51.392231
-0.619898 -0.154608 -0.769300    31.306893
