>../../../../class1/ile//data/domains/Catalytic_domain/structures/IleRS_AF_Arch_Candidatus_Korarchaeum_cryptofilum_OPF8_gene6094904.pdb
-0.361462  0.721856  0.590144    -3.510104
 0.784845 -0.106133  0.610536    -2.766238
 0.503353  0.683857 -0.528182     7.829973
>../../../../class1/ile//data/domains/Catalytic_domain/structures/IleRS_AF_Arch_Candidatus_Nitrosopumilus_sediminis_gene13697091.pdb
 0.691895 -0.691782  0.206684    -1.116586
 0.476344  0.652503  0.589353    -4.041051
-0.542566 -0.309318  0.780990    12.428250
>../../../../class1/ile//data/domains/Catalytic_domain/structures/IleRS_AF_Arch_Pyrobaculum_aerophilum_str_IM2_gene1465853.pdb
 0.788604  0.613954  0.034117    -7.683827
-0.569053  0.749702 -0.337824    -5.048785
-0.232987  0.246995  0.940591     7.399121
>../../../../class1/ile//data/domains/Catalytic_domain/structures/IleRS_AF_Arch_Thermoplasma_acidophilum_DSM_1728_gene1456418.pdb
-0.715583  0.278584 -0.640572    -2.141383
 0.169828  0.958900  0.227309    -2.979057
 0.677569  0.053871 -0.733484     8.453808
>../../../../class1/ile//data/domains/Catalytic_domain/structures/IleRS_AF_Bact_Chlamydia_muridarum_str_Nigg_gene1246458.pdb
 0.161094 -0.649413  0.743177    -3.543295
-0.409026 -0.729230 -0.548563     0.266476
 0.898190 -0.215609 -0.383101    10.154474
>../../../../class1/ile//data/domains/Catalytic_domain/structures/IleRS_AF_Bact_Lactobacillus_acidophilus_La-14_gene56942445.pdb
 0.398307  0.891884 -0.214233    -6.258097
-0.849908  0.271015 -0.451893    -1.830275
-0.344976  0.362070  0.865966     8.566439
>../../../../class1/ile//data/domains/Catalytic_domain/structures/IleRS_AF_Bact_Mycoplasma_hyopneumoniae_168-L_gene57100872.pdb
 0.373437  0.878256 -0.298684    -5.577649
-0.865630  0.214154 -0.452574    -2.214484
-0.333511  0.427557  0.840217     5.811844
>../../../../class1/ile//data/domains/Catalytic_domain/structures/IleRS_AF_Bact_Orientia_tsutsugamushi_str_Ikeda_gene66653313.pdb
-0.301235 -0.262909 -0.916590    -2.497777
 0.354838 -0.923113  0.148164    -2.618272
-0.885069 -0.280609  0.371364     7.800956
>../../../../class1/ile//data/domains/Catalytic_domain/structures/IleRS_AF_Bact_Porphyromonas_gingivalis_ATCC_33277_gene29255747.pdb
-0.294375 -0.250511 -0.922273    -1.649448
 0.279214 -0.945473  0.167692    -3.415702
-0.913993 -0.208147  0.348270     4.651677
>../../../../class1/ile//data/domains/Catalytic_domain/structures/IleRS_AF_Bact_Streptobacillus_moniliformis_DSM_12112_gene29674186.pdb
 0.345185  0.918559 -0.192607    -6.373966
-0.837957  0.209206 -0.504045    -7.696431
-0.422700  0.335385  0.841927     6.551516
>../../../../class1/ile//data/domains/Catalytic_domain/structures/IleRS_AF_Bact_Thermus_thermophilus_HB8_gene3168241.pdb
 0.270476 -0.491924  0.827558    -1.824125
-0.277970 -0.862893 -0.422077    -0.000683
 0.921724 -0.115875 -0.370132     7.675772
>../../../../class1/ile//data/domains/Catalytic_domain/structures/IleRS_AF_Bact_Treponema_pallidum_subsp_pertenue_str_SamoaD_gene57878975.pdb
 0.290336  0.577773  0.762813    -3.347390
 0.609753 -0.726063  0.317859    -1.140714
 0.737500  0.372842 -0.563101     8.235947
>../../../../class1/ile//data/domains/Catalytic_domain/structures/IleRS_AF_Euk_Cyanidioschyzon_merolae_strain_10D_gene16992835.pdb
-0.354099 -0.934440 -0.037882    -4.427147
-0.593368  0.255793 -0.763207    -1.949388
 0.722861 -0.247773 -0.645043     7.702062
>../../../../class1/ile//data/domains/Catalytic_domain/structures/IleRS_AF_Euk_Ostreococcus_lucimarinus_CCE9901_gene5000489.pdb
 0.072872  0.806389  0.586878    -6.280015
 0.797210 -0.400683  0.451563    -0.426072
 0.599287  0.434959 -0.672061    10.423837
>../../../../class1/ile//data/domains/Catalytic_domain/structures/IleRS_AF_Euk_Trypanosoma_brucei_brucei_TREU927_gene3663037.pdb
-0.178400  0.912303  0.368614    -5.400010
 0.858738 -0.038528  0.510964    -2.004332
 0.480356  0.407699 -0.776556     9.168921
>../../../../class1/ile//data/domains/Catalytic_domain/structures/IleRS_AF_Euk_Ustilago_maydis_521_gene23568123.pdb
-0.008175  0.752200 -0.658884    -5.146542
-0.852290 -0.349864 -0.388839    -0.872829
-0.523005  0.558382  0.643953     5.542170
>../../../../class1/ile//data/domains/Catalytic_domain/structures/IleRS_AF_Mito_Drosophila_melanogaster_gene39762.pdb
 0.163505 -0.708054 -0.686969    -2.457360
 0.551279 -0.511902  0.658823    -3.428848
-0.818143 -0.486432  0.306637     3.867716
>../../../../class1/ile//data/domains/Catalytic_domain/structures/IleRS_AF_Mito_Prochlorococcus_marinus_subsp_marinus_str_CCMP1375_gene54199628.pdb
 0.089683 -0.660428 -0.745514    -3.805152
 0.586932 -0.569700  0.575285    -3.934608
-0.804654 -0.489160  0.336534     7.656247
>../../../../class1/ile//data/domains/Catalytic_domain/structures/IleRS_PDB_Bact_S_aureus_1QU2.pdb
 0.629450  0.295782 -0.718544    14.624923
-0.702494  0.611839 -0.363533    -9.457705
 0.332107  0.733598  0.592907  -111.515692
>../../../../class1/ile//data/domains/Catalytic_domain/structures/IleRS_PDB_Bact_T_therm_1ILE.pdb
 0.477013 -0.036423  0.878141    35.511359
-0.212913 -0.974169  0.075250    -5.150490
 0.852717 -0.222863 -0.472446    14.833673
>../../../../class1/ile//data/domains/Catalytic_domain/structures/IleRS_PDB_Euk_S_cere_7D5C.pdb
 0.072749 -0.807439 -0.585449    24.128255
-0.811851 -0.388906  0.435489   -12.966118
-0.579315  0.443616 -0.683812    32.525507
>../../../../class1/leu1//data/domains/Catalytic_domain/structures/LeuRS-B_AF_Bact_Bifidobacterium_longum_subsp_longum_JCM_1217_gene69578373.pdb
 0.999970 -0.004960 -0.005992    -0.063678
 0.004787  0.999585 -0.028418    -0.053227
 0.006131  0.028389  0.999578     0.032548
>../../../../class1/leu1//data/domains/Catalytic_domain/structures/LeuRS-B_AF_Bact_Brachyspira_pilosicoli_95_1000_gene56439070.pdb
 0.604403  0.744156 -0.284481    -2.472415
-0.747810  0.406787 -0.524694     0.347085
-0.274731  0.529864  0.802351     2.139174
>../../../../class1/leu1//data/domains/Catalytic_domain/structures/LeuRS-B_AF_Bact_Chlamydia_psittaci_6BC_gene12243068.pdb
-0.460691  0.640388  0.614546    -1.962240
 0.755238 -0.080879  0.650441    -0.864694
 0.466239  0.763781 -0.446386     1.997037
>../../../../class1/leu1//data/domains/Catalytic_domain/structures/LeuRS-B_AF_Bact_Clostridium_botulinum_A_str_ATCC_3502_gene5187707.pdb
-0.491271 -0.812394  0.314116     1.627894
-0.736528  0.194956 -0.647703     1.125813
 0.464951 -0.549553 -0.694127     2.962943
>../../../../class1/leu1//data/domains/Catalytic_domain/structures/LeuRS-B_AF_Bact_Mycoplasma_hyopneumoniae_168-L_gene57101518.pdb
-0.189570  0.045461 -0.980814    -0.453287
 0.115587 -0.990948 -0.068271     0.993355
-0.975040 -0.126312  0.182599     0.554175
>../../../../class1/leu1//data/domains/Catalytic_domain/structures/LeuRS-B_AF_Bact_Orientia_tsutsugamushi_str_Ikeda_gene66652454.pdb
-0.355598  0.584999  0.728922    -0.598593
 0.699053 -0.351200  0.622883    -1.183346
 0.620383  0.731051 -0.284059     1.501314
>../../../../class1/leu1//data/domains/Catalytic_domain/structures/LeuRS-B_AF_Bact_Porphyromonas_gingivalis_ATCC_33277_gene29256038.pdb
 0.824471  0.565092 -0.030306    -1.328397
-0.492791  0.690592 -0.529377    -0.986187
-0.278217  0.451390  0.847845     0.855319
>../../../../class1/leu1//data/domains/Catalytic_domain/structures/LeuRS-B_AF_Bact_Thermus_thermophilus_HB8_gene3168656.pdb
-0.427185 -0.841195  0.331517     0.359919
-0.705601  0.080887 -0.703978    -5.506184
 0.565367 -0.534648 -0.628101     4.875854
>../../../../class1/leu1//data/domains/Catalytic_domain/structures/LeuRS-B_AF_Euk_Bathycoccus_prasinos_gene19015540.pdb
-0.378970  0.772916  0.508904    -0.901177
 0.788018 -0.018796  0.615366    -0.492088
 0.485191  0.634230 -0.601948     0.283278
>../../../../class1/leu1//data/domains/Catalytic_domain/structures/LeuRS-B_AF_Euk_Thalassiosira_pseudonana_CCMP1335_gene7441753.pdb
 0.672904  0.731178 -0.112157     0.957014
-0.675347  0.545369 -0.496467    -4.833970
-0.301839  0.409819  0.860780     1.711798
>../../../../class1/leu1//data/domains/Catalytic_domain/structures/LeuRS-B_AF_Mito_Homo_sapiens_gene23395.pdb
-0.505955  0.683258  0.526467    -2.017996
 0.690674 -0.044704  0.721783     1.226307
 0.516699  0.728807 -0.449291     2.219225
>../../../../class1/leu1//data/domains/Catalytic_domain/structures/LeuRS-B_AF_Mito_Treponema_denticola_ATCC_35405_gene2739434.pdb
 0.325639 -0.549357 -0.769524    -0.815932
 0.684929 -0.424002  0.592532    -0.842524
-0.651791 -0.720021  0.238199     1.946572
>../../../../class1/leu1//data/domains/Catalytic_domain/structures/LeuRS-B_PDB_Bact_T_therm_2V0C.pdb
 0.987257  0.043688 -0.153020   -16.674663
 0.146260 -0.628007  0.764340   -41.453792
-0.062705 -0.776981 -0.626394   -10.547400
