>../../../../class1/ile//data/domains/Catalytic_domain/structures/IleRS_AF_Arch_Candidatus_Korarchaeum_cryptofilum_OPF8_gene6094904.pdb
 0.990456 -0.122456 -0.063263     1.789525
 0.115906  0.988365 -0.098494     3.705136
 0.074588  0.090222  0.993125    -4.324459
>../../../../class1/ile//data/domains/Catalytic_domain/structures/IleRS_AF_Arch_Candidatus_Nitrosopumilus_sediminis_gene13697091.pdb
-0.231471  0.694844  0.680891     1.561551
-0.026203 -0.704098  0.709619     8.605703
 0.972489  0.146414  0.181185    -5.881710
>../../../../class1/ile//data/domains/Catalytic_domain/structures/IleRS_AF_Arch_Pyrobaculum_aerophilum_str_IM2_gene1465853.pdb
-0.917880  0.349093  0.188759     2.286275
 0.354143  0.505846  0.786576     1.107887
 0.179106  0.788831 -0.587935    -8.048325
>../../../../class1/ile//data/domains/Catalytic_domain/structures/IleRS_AF_Arch_Thermoplasma_acidophilum_DSM_1728_gene1456418.pdb
 0.793630  0.602220  0.086495     2.426607
 0.018550  0.118149 -0.992823     4.630137
-0.608117  0.789539  0.082595    -4.284579
>../../../../class1/ile//data/domains/Catalytic_domain/structures/IleRS_AF_Bact_Chlamydia_muridarum_str_Nigg_gene1246458.pdb
-0.045797 -0.279294 -0.959113     3.501458
 0.850739 -0.514141  0.109095     5.856194
-0.523589 -0.810959  0.261152    -2.624091
>../../../../class1/ile//data/domains/Catalytic_domain/structures/IleRS_AF_Bact_Lactobacillus_acidophilus_La-14_gene56942445.pdb
-0.989140 -0.017563  0.145926     4.490303
 0.070602  0.814019  0.576531     2.126117
-0.128912  0.580572 -0.803939    -5.919548
>../../../../class1/ile//data/domains/Catalytic_domain/structures/IleRS_AF_Bact_Mycoplasma_hyopneumoniae_168-L_gene57100872.pdb
-0.978855 -0.051697  0.197916     2.610938
 0.054474  0.866721  0.495810     0.686226
-0.197170  0.496107 -0.845578    -4.470096
>../../../../class1/ile//data/domains/Catalytic_domain/structures/IleRS_AF_Bact_Orientia_tsutsugamushi_str_Ikeda_gene66653313.pdb
 0.023997 -0.668775  0.743078     1.203140
-0.896720 -0.342989 -0.279734     4.123584
 0.441947 -0.659620 -0.607935    -3.805384
>../../../../class1/ile//data/domains/Catalytic_domain/structures/IleRS_AF_Bact_Porphyromonas_gingivalis_ATCC_33277_gene29255747.pdb
-0.084902 -0.675587  0.732375    -0.734622
-0.919181 -0.230592 -0.319270     2.832942
 0.384574 -0.700292 -0.601410    -2.345142
>../../../../class1/ile//data/domains/Catalytic_domain/structures/IleRS_AF_Bact_Streptobacillus_moniliformis_DSM_12112_gene29674186.pdb
-0.989689 -0.121577  0.075726    -1.229534
-0.053857  0.805768  0.589777     1.230567
-0.132721  0.579618 -0.804008    -8.654013
>../../../../class1/ile//data/domains/Catalytic_domain/structures/IleRS_AF_Bact_Thermus_thermophilus_HB8_gene3168241.pdb
 0.089589 -0.460655 -0.883046     3.126415
 0.916596 -0.308728  0.254046     4.322933
-0.389649 -0.832156  0.394576    -1.090903
>../../../../class1/ile//data/domains/Catalytic_domain/structures/IleRS_AF_Bact_Treponema_pallidum_subsp_pertenue_str_SamoaD_gene57878975.pdb
 0.648868 -0.647674 -0.399361     3.341550
 0.709604  0.704525  0.010359     3.993733
 0.274650 -0.290110  0.916735    -3.315295
>../../../../class1/ile//data/domains/Catalytic_domain/structures/IleRS_AF_Euk_Cyanidioschyzon_merolae_strain_10D_gene16992835.pdb
 0.051512  0.488462 -0.871063     3.628430
 0.397303 -0.810250 -0.430865     2.756959
-0.916241 -0.323881 -0.235805    -4.520784
>../../../../class1/ile//data/domains/Catalytic_domain/structures/IleRS_AF_Euk_Ostreococcus_lucimarinus_CCE9901_gene5000489.pdb
 0.836372 -0.514803 -0.188310     5.371162
 0.469289  0.849984 -0.239363     3.850951
 0.283285  0.111825  0.952494    -5.339411
>../../../../class1/ile//data/domains/Catalytic_domain/structures/IleRS_AF_Euk_Trypanosoma_brucei_brucei_TREU927_gene3663037.pdb
 0.946086 -0.290192 -0.143909     3.925947
 0.204395  0.879499 -0.429773     3.389353
 0.251285  0.377188  0.891395    -5.407126
>../../../../class1/ile//data/domains/Catalytic_domain/structures/IleRS_AF_Euk_Ustilago_maydis_521_gene23568123.pdb
-0.857087 -0.405946  0.317190     2.419551
-0.378415  0.913877  0.147073     0.961334
-0.349576  0.006026 -0.936889    -2.850493
>../../../../class1/ile//data/domains/Catalytic_domain/structures/IleRS_AF_Mito_Drosophila_melanogaster_gene39762.pdb
-0.025706 -0.337989  0.940799    -0.157329
-0.585435 -0.757755 -0.288225     0.975852
 0.810312 -0.558186 -0.178392    -2.730522
>../../../../class1/ile//data/domains/Catalytic_domain/structures/IleRS_AF_Mito_Homo_sapiens_gene55699.pdb
-0.975354 -0.017423  0.219956     3.450253
 0.111124  0.822432  0.557904     1.288971
-0.190620  0.568597 -0.800226    -4.891439
>../../../../class1/ile//data/domains/Catalytic_domain/structures/IleRS_AF_Vir_Megavirus_chiliensis_gene11256744.pdb
-0.137840 -0.825231  0.547717     0.287604
-0.959743 -0.025354 -0.279732     4.492802
 0.244730 -0.564226 -0.788515    -2.789030
>../../../../class1/ile//data/domains/Catalytic_domain/structures/IleRS_PDB_Bact_S_aureus_1QU2.pdb
-0.664590  0.680687  0.308197   -65.496071
 0.717728  0.696253  0.009943   -74.545290
-0.207815  0.227810 -0.951271    57.726044
>../../../../class1/ile//data/domains/Catalytic_domain/structures/IleRS_PDB_Bact_T_therm_1ILE.pdb
 0.008070 -0.805686 -0.592288   -15.596654
 0.980656 -0.109465  0.162266    33.412345
-0.195570 -0.582141  0.789217    15.762708
>../../../../class1/ile//data/domains/Catalytic_domain/structures/IleRS_PDB_Euk_S_cere_7D5C.pdb
-0.913774  0.271842  0.301861    -8.031457
-0.351567 -0.156931 -0.922916    40.626436
-0.203516 -0.949460  0.238970    -6.004416
>../../../../class1/leu1//data/domains/Catalytic_domain/structures/LeuRS-B_AF_Bact_Bifidobacterium_longum_subsp_longum_JCM_1217_gene69578373.pdb
-0.451599  0.773249  0.445134    -1.230692
 0.642788 -0.064037  0.763363    -0.350397
 0.618775  0.630861 -0.468116     2.592768
>../../../../class1/leu1//data/domains/Catalytic_domain/structures/LeuRS-B_AF_Bact_Brachyspira_pilosicoli_95_1000_gene56439070.pdb
-0.970936  0.210775  0.113387     1.250498
 0.239311  0.847833  0.473191    -0.283353
 0.003604  0.486573 -0.873633     0.398770
>../../../../class1/leu1//data/domains/Catalytic_domain/structures/LeuRS-B_AF_Bact_Chlamydia_psittaci_6BC_gene12243068.pdb
 1.000000  0.000000  0.000000     0.000000
 0.000000  1.000000  0.000000     0.000000
 0.000000  0.000000  1.000000     0.000000
>../../../../class1/leu1//data/domains/Catalytic_domain/structures/LeuRS-B_AF_Bact_Clostridium_botulinum_A_str_ATCC_3502_gene5187707.pdb
-0.115755  0.261231 -0.958311     0.374335
 0.103222 -0.956409 -0.273180     2.907835
-0.987900 -0.130541  0.083745     3.077200
>../../../../class1/leu1//data/domains/Catalytic_domain/structures/LeuRS-B_AF_Bact_Mycoplasma_hyopneumoniae_168-L_gene57101518.pdb
-0.291371 -0.826835  0.481089    -0.038567
-0.871431  0.021968 -0.490025    -0.407926
 0.394601 -0.562015 -0.726931     2.969102
>../../../../class1/leu1//data/domains/Catalytic_domain/structures/LeuRS-B_AF_Bact_Orientia_tsutsugamushi_str_Ikeda_gene66652454.pdb
 0.980117 -0.198390  0.003551    -1.147779
 0.193584  0.959995  0.202323     0.578106
-0.043548 -0.197613  0.979312     0.780423
>../../../../class1/leu1//data/domains/Catalytic_domain/structures/LeuRS-B_AF_Bact_Porphyromonas_gingivalis_ATCC_33277_gene29256038.pdb
-0.882298  0.470644  0.006719    -0.892700
 0.355201  0.656378  0.665582    -0.593452
 0.308842  0.589628 -0.746294     0.731448
>../../../../class1/leu1//data/domains/Catalytic_domain/structures/LeuRS-B_AF_Bact_Thermus_thermophilus_HB8_gene3168656.pdb
-0.075026  0.199253 -0.977072    -3.258109
 0.212244 -0.954191 -0.210884     4.001356
-0.974332 -0.223199  0.029299    -2.871806
>../../../../class1/leu1//data/domains/Catalytic_domain/structures/LeuRS-B_AF_Euk_Bathycoccus_prasinos_gene19015540.pdb
 0.996098 -0.074824 -0.046800    -1.051053
 0.065276  0.981516 -0.179906    -0.708712
 0.059397  0.176149  0.982570     1.602047
>../../../../class1/leu1//data/domains/Catalytic_domain/structures/LeuRS-B_AF_Euk_Plasmodium_falciparum_3D7_gene2655460.pdb
-0.485875  0.643835  0.591102    -2.260171
 0.610000 -0.234556  0.756890     4.986694
 0.625959  0.728327 -0.278774    -0.750041
>../../../../class1/leu1//data/domains/Catalytic_domain/structures/LeuRS-B_AF_Euk_Thalassiosira_pseudonana_CCMP1335_gene7441753.pdb
-0.961321  0.267030  0.067501    -4.655929
 0.249088  0.738275  0.626821     1.982419
 0.117546  0.619390 -0.776234    -0.487553
>../../../../class1/leu1//data/domains/Catalytic_domain/structures/LeuRS-B_AF_Mito_Homo_sapiens_gene23395.pdb
 0.995760 -0.012576  0.091121     1.528375
 0.017655  0.998322 -0.055155     0.108061
-0.090275  0.056530  0.994311     1.155941
>../../../../class1/leu1//data/domains/Catalytic_domain/structures/LeuRS-B_AF_Mito_Treponema_denticola_ATCC_35405_gene2739434.pdb
 0.051569 -0.398933  0.915529    -0.556735
-0.342484 -0.868219 -0.359027     0.768007
 0.938107 -0.295039 -0.181402     0.679787
>../../../../class1/leu1//data/domains/Catalytic_domain/structures/LeuRS-B_PDB_Bact_T_therm_2V0C.pdb
-0.387897 -0.852388  0.350671   -29.209161
 0.570969 -0.520889 -0.634561   -16.177509
 0.723553 -0.045922  0.688739   -30.286606
