>../../../../class1//arg/data/domains/CP1//structures/ArgRS_AF_Bact_Streptobacillus_moniliformis_DSM_12112_gene29674021.pdb
 0.012004  0.896125  0.443640    -3.314709
 0.809748 -0.269013  0.521480     2.892291
 0.586656  0.352977 -0.728864     7.686550
>../../../../class1//cys/data/domains/CP1//structures/CysRS_AF_Arch_Aciduliprofundum_boonei_T469_gene8827372.pdb
 1.000000 -0.000000  0.000000     0.000000
 0.000000  1.000000  0.000000     0.000000
-0.000000  0.000000  1.000000     0.000000
>../../../../class1//gln/data/domains/CP1//structures/GlnRS_AF_Euk_Candida_dubliniensis_CD36_gene8049124.pdb
 0.062958  0.508501 -0.858757    -8.444706
 0.812442 -0.525857 -0.251817    -9.557491
-0.579633 -0.681836 -0.446235    -5.299462
>../../../../class1//glu1/data/domains/CP1//structures/GluRS_AF_Bact_Bifidobacterium_animalis_subsp_lactis_BLC1_gene66532600.pdb
-0.979652  0.172054 -0.103338   -11.717887
-0.009592  0.474158  0.880387    -4.135610
 0.200473  0.863465 -0.462860    -1.867420
>../../../../class1//glu2/data/domains/CP1//structures/GlxRS_AF_Euk_Xylariaceae_sp_FL0804_proteinKAI0483267.1.pdb
 0.713208 -0.622650 -0.321934    -6.593433
 0.592011  0.780984 -0.198963   -11.221197
 0.375310 -0.048687  0.925620     3.123630
>../../../../class1//ile/data/domains/CP1//structures/IleRS_AF_Arch_Candidatus_Nitrosopumilus_sediminis_gene13697091.pdb
 0.926822 -0.337225  0.165168    -0.443298
 0.311635  0.936171  0.162689    -5.327931
-0.209488 -0.099312  0.972755     1.598387
>../../../../class1//leu1/data/domains/CP1//structures/LeuRS-B_AF_Bact_Brachyspira_pilosicoli_95_1000_gene56439070.pdb
 0.354372  0.603098 -0.714628     1.718420
-0.822997 -0.161673 -0.544552     2.778584
-0.443955  0.781111  0.439056    -5.823924
>../../../../class1//leu2/data/domains/CP1//structures/LeuRS-A_AF_Arch_Aciduliprofundum_boonei_T469_gene8828435.pdb
 0.554129  0.766917 -0.323695     0.503281
-0.815449  0.421962 -0.396221    -0.169717
-0.167281  0.483514  0.859204    -5.272204
>../../../../class1//lys/data/domains/CP1//structures/LysRS-I_AF_Arch_Candidatus_Bathyarchaeota_archaeon_proteinRJS75864.1.pdb
 0.999205 -0.013273  0.037603    -8.887849
 0.029538  0.879847 -0.474338    -5.495066
-0.026789  0.475072  0.879539    -5.284267
>../../../../class1//met/data/domains/CP1//structures/MetRS_AF_Bact_Brucella_suis_1330_gene45052047.pdb
 0.605749  0.755224 -0.250411    -7.626663
-0.767066  0.470698 -0.435951     5.953447
-0.211373  0.456158  0.864431    -0.483608
>../../../../class1//trp1/data/domains/CP1//structures/TrpRS-A_AF_Arch_Natrialba_magadii_ATCC_43099_gene8824932.pdb
-0.555289  0.780010 -0.288510    -0.194356
-0.194248  0.215671  0.956950     2.513558
 0.808654  0.587427  0.031756    -3.838611
>../../../../class1//trp2/data/domains/CP1//structures/TrpRS-B_AF_Mito_Cyanidioschyzon_merolae_strain_10D_gene16992222.pdb
 0.468614 -0.550931  0.690562     2.252773
-0.860476 -0.461601  0.215652    -2.350209
 0.199955 -0.695269 -0.690376    -7.500192
>../../../../class1//tyr/data/domains/CP1//structures/TyrRS_AF_Vir_Megavirus_chiliensis_gene11257765.pdb
 0.818666 -0.394016  0.417776     2.328780
-0.570465 -0.641579  0.512783    12.560872
 0.065992 -0.658125 -0.750011     0.171818
>../../../../class1//val/data/domains/CP1//structures/ValRS_AF_Mito_Falco_naumanni_gene121082178.pdb
 0.455579 -0.606384 -0.651726     6.071451
 0.512852 -0.419625  0.748931    -3.339542
-0.727620 -0.675436  0.119813   -14.366942
