>../../../../class1//arg/data/domains/CP1//structures/ArgRS_AF_Bact_Prochlorococcus_marinus_subsp_marinus_str_CCMP1375_gene54199571.pdb
 0.618696  0.737670  0.270293     5.747881
-0.774488  0.630426  0.052262     2.262107
-0.131847 -0.241673  0.961359     7.635105
>../../../../class1//cys/data/domains/CP1//structures/CysRS_AF_Arch_Aciduliprofundum_boonei_T469_gene8827372.pdb
 0.589336 -0.776815 -0.221904     9.093891
 0.763569  0.445859  0.467089     3.580600
-0.263904 -0.444712  0.855912     0.978417
>../../../../class1//gln/data/domains/CP1//structures/GlnRS_AF_Euk_Candida_dubliniensis_CD36_gene8049124.pdb
-0.373870  0.901042 -0.219874     9.790195
 0.183251 -0.160630 -0.969854   -10.897126
-0.909197 -0.402892 -0.105062     2.045816
>../../../../class1//glu1/data/domains/CP1//structures/GluRS_AF_Bact_Bifidobacterium_animalis_subsp_lactis_BLC1_gene66532600.pdb
-0.602124 -0.477677 -0.639743     6.747306
-0.665258  0.743210  0.071206    -7.815409
 0.441449  0.468469 -0.765284     4.332283
>../../../../class1//glu2/data/domains/CP1//structures/GlxRS_AF_Euk_Xylariaceae_sp_FL0804_proteinKAI0483267.1.pdb
-0.093541 -0.932675 -0.348377     9.014811
 0.986689 -0.133592  0.092721    -5.558577
-0.133020 -0.335067  0.932757    10.089069
>../../../../class1//ile/data/domains/CP1//structures/IleRS_AF_Arch_Candidatus_Nitrosopumilus_sediminis_gene13697091.pdb
 0.446862 -0.861269 -0.241928    10.387400
 0.692104  0.161481  0.703502     3.258050
-0.566838 -0.481808  0.668248     5.505840
>../../../../class1//leu1/data/domains/CP1//structures/LeuRS-B_AF_Bact_Brachyspira_pilosicoli_95_1000_gene56439070.pdb
 0.929825  0.310475 -0.197562     7.284415
-0.367447  0.753801 -0.544764     4.356406
-0.020213  0.579129  0.814986    -5.617970
>../../../../class1//leu2/data/domains/CP1//structures/LeuRS-A_AF_Arch_Aciduliprofundum_boonei_T469_gene8828435.pdb
 0.993260  0.083999 -0.079871    10.254978
-0.087302  0.995426 -0.038791     1.132552
 0.076247  0.045502  0.996050    -3.476719
>../../../../class1//lys/data/domains/CP1//structures/LysRS-I_AF_Arch_Candidatus_Bathyarchaeota_archaeon_proteinRJS75864.1.pdb
 0.467706 -0.883336 -0.031135     6.191273
 0.883884  0.467400  0.016932   -12.856577
-0.000404 -0.035439  0.999372    -1.655833
>../../../../class1//met/data/domains/CP1//structures/MetRS_AF_Bact_Brucella_suis_1330_gene45052047.pdb
 1.000000 -0.000000  0.000000     0.000000
 0.000000  1.000000  0.000000     0.000000
-0.000000  0.000000  1.000000     0.000000
>../../../../class1//trp1/data/domains/CP1//structures/TrpRS-A_AF_Arch_Natrialba_magadii_ATCC_43099_gene8824932.pdb
-0.275504  0.297396 -0.914141     8.399955
-0.153115  0.925226  0.347148     1.174015
 0.949027  0.235610 -0.209368    -3.865721
>../../../../class1//trp2/data/domains/CP1//structures/TrpRS-B_AF_Mito_Cyanidioschyzon_merolae_strain_10D_gene16992222.pdb
 0.966634  0.057880  0.249536    15.786459
-0.049217 -0.914024  0.402662    -2.066596
 0.251388 -0.401509 -0.880679    -7.563938
>../../../../class1//tyr/data/domains/CP1//structures/TyrRS_AF_Vir_Megavirus_chiliensis_gene11257765.pdb
 0.942990  0.061943 -0.327006     7.764291
 0.170823 -0.933319  0.315808     6.382088
-0.285639 -0.353664 -0.890692    -2.650978
>../../../../class1//val/data/domains/CP1//structures/ValRS_AF_Mito_Falco_naumanni_gene121082178.pdb
 0.132524  0.107972 -0.985281    16.614325
 0.215667 -0.973374 -0.077659     0.392662
-0.967432 -0.202201 -0.152281   -10.665416
