>structures/PylRS_AF_Arch_Candidatus_Methanomassiliicoccus_intestinalis_Issoire-Mx1_gene16153983.pdb
 0.315435 -0.306386 -0.898125    -5.548495
 0.755552 -0.491541  0.433045     2.695683
-0.574144 -0.815178  0.076441    -0.667725
>structures/PylRS_AF_Arch_Methanosalsum_zhilinae_DSM_4017_gene10822650.pdb
 1.000000  0.000000  0.000000     0.000000
 0.000000  1.000000  0.000000     0.000000
 0.000000  0.000000  1.000000     0.000000
>structures/PylRS_PDB_Arch_M_mazei_2Q7E.pdb
-0.776144  0.395965 -0.490727     6.205020
 0.628236  0.552295 -0.547986   -14.377502
 0.054042 -0.733608 -0.677420    47.401211
>structures/PylRS_PDB_Bact_D_hafniense_2ZNJ.pdb
 0.185625  0.238906 -0.953136   -46.344743
 0.183925  0.944402  0.272537    -5.241133
 0.965254 -0.225895  0.131364   -37.619656
