>../../../../class2/lys//data/domains/Catalytic_domain/structures/LysRS-II_AF_Arch_Aciduliprofundum_boonei_T469_gene8827564.pdb
 0.839873 -0.537383 -0.076367     1.417128
 0.517466  0.750268  0.411494     0.040882
-0.163834 -0.385120  0.908207     0.788920
>../../../../class2/lys//data/domains/Catalytic_domain/structures/LysRS-II_AF_Arch_Archaeoglobus_sulfaticallidus_PM70-1_gene15393615.pdb
 0.132617 -0.657738 -0.741481     1.805348
 0.669825 -0.491936  0.556177     6.713362
-0.730580 -0.570421  0.375330     0.090969
>../../../../class2/lys//data/domains/Catalytic_domain/structures/LysRS-II_AF_Arch_Candidatus_Woesearchaeota_archaeon_proteinMBS3172198.1.pdb
-0.256501 -0.080126 -0.963217     2.612521
 0.027653 -0.996758  0.075552     4.299366
-0.966148 -0.007256  0.257886     0.308804
>../../../../class2/lys//data/domains/Catalytic_domain/structures/LysRS-II_AF_Arch_Thermogladius_calderae_1633_gene13013549.pdb
 0.998887  0.006504  0.046723     1.378258
-0.008221  0.999294  0.036651     0.393724
-0.046452 -0.036994  0.998235    -1.275554
>../../../../class2/lys//data/domains/Catalytic_domain/structures/LysRS-II_AF_Bact_Chlamydia_muridarum_str_Nigg_gene1245697.pdb
 1.000000  0.000000  0.000000     0.000000
 0.000000  1.000000  0.000000     0.000000
 0.000000  0.000000  1.000000     0.000000
>../../../../class2/lys//data/domains/Catalytic_domain/structures/LysRS-II_AF_Bact_Cupriavidus_taiwanensis_LMG_19424_gene29762375.pdb
 0.110518 -0.611212 -0.783713     2.003819
 0.621032 -0.573175  0.534592     8.571957
-0.775954 -0.545793  0.316236    -2.633584
>../../../../class2/lys//data/domains/Catalytic_domain/structures/LysRS-II_AF_Bact_Leuconostoc_gelidum_JB7_gene61037106.pdb
 0.241555 -0.498948 -0.832287     1.891753
 0.676914 -0.527905  0.512935     2.265190
-0.695297 -0.687289  0.210227    -2.184498
>../../../../class2/lys//data/domains/Catalytic_domain/structures/LysRS-II_AF_Bact_Mycobacterium_intracellulare_ATCC_13950_gene11907187.pdb
 0.244966 -0.686295 -0.684829     2.771635
 0.680673 -0.381263  0.625558     8.196159
-0.690418 -0.619385  0.373746    -1.666294
>../../../../class2/lys//data/domains/Catalytic_domain/structures/LysRS-II_AF_Bact_Mycoplasma_hyopneumoniae_168-L_gene57101062.pdb
 0.170057 -0.497374 -0.850705     2.605207
 0.709273 -0.537533  0.456059     0.481414
-0.684114 -0.680938  0.261362    -1.265867
>../../../../class2/lys//data/domains/Catalytic_domain/structures/LysRS-II_AF_Bact_Porphyromonas_gingivalis_ATCC_33277_gene29256363.pdb
 0.893514 -0.448831  0.013557     1.962744
 0.355588  0.725681  0.589020    -0.907463
-0.274208 -0.521477  0.808005     1.866071
>../../../../class2/lys//data/domains/Catalytic_domain/structures/LysRS-II_AF_Bact_Prochlorococcus_marinus_subsp_marinus_str_CCMP1375_gene54201108.pdb
 0.403514 -0.619598 -0.673257     1.300850
 0.692710 -0.273854  0.667201     1.241947
-0.597770 -0.735597  0.318698    -1.839667
>../../../../class2/lys//data/domains/Catalytic_domain/structures/LysRS-II_AF_Bact_Streptobacillus_moniliformis_DSM_12112_gene29673899.pdb
 0.475076 -0.734377 -0.484761     4.434095
 0.693253 -0.026925  0.720191     7.509581
-0.541944 -0.678208  0.496318    -1.039460
>../../../../class2/lys//data/domains/Catalytic_domain/structures/LysRS-II_AF_Euk_Ostreococcus_tauri_gene9837657.pdb
 0.090601 -0.607220 -0.789351     1.537834
 0.606432 -0.595075  0.527377     8.227789
-0.789957 -0.526468  0.314323    -0.737912
>../../../../class2/lys//data/domains/Catalytic_domain/structures/LysRS-II_AF_Euk_Solanum_lycopersicum_gene778357.pdb
 0.063468  0.570069  0.819142     0.400079
 0.501026 -0.728063  0.467864     3.924078
 0.863102  0.380717 -0.331828    -2.458311
>../../../../class2/lys//data/domains/Catalytic_domain/structures/LysRS-II_AF_Euk_Theileria_annulata_gene3864794.pdb
 0.166018  0.019842  0.985923     2.857755
 0.029840 -0.999441  0.015089     6.697663
 0.985671  0.026915 -0.166517    -3.980621
>../../../../class2/lys//data/domains/Catalytic_domain/structures/LysRS-II_AF_Euk_Zootoca_vivipara_gene118086243.pdb
-0.163583  0.493620 -0.854155    -1.059991
-0.313120 -0.847028 -0.429534     1.689844
-0.935519  0.197189  0.293122    -4.102413
>../../../../class2/lys//data/domains/Catalytic_domain/structures/LysRS-II_AF_Mito_Malus_domestica_gene103446975.pdb
 0.025642 -0.527720 -0.849031     1.066551
 0.498088 -0.729635  0.468552     8.330347
-0.866747 -0.434907  0.244142    -2.621244
>../../../../class2/lys//data/domains/Catalytic_domain/structures/LysRS-II_AF_Mito_Scheffersomyces_stipitis_CBS_6054_gene4837999.pdb
 0.109988 -0.464850 -0.878531     0.631747
 0.592721 -0.678855  0.433403     8.467696
-0.797862 -0.568393  0.200860    -3.114454
>../../../../class2/lys//data/domains/Catalytic_domain/structures/LysRS-II_PDB_Bact_G_stearothermophilus_3E9H.pdb
-0.874674  0.437163 -0.209365   100.114572
-0.128938 -0.626223 -0.768908   -20.301142
-0.467247 -0.645549  0.604108   -44.182045
>../../../../class2/pro1//data/domains/Catalytic_domain/structures/ProRS-A_AF_Arch_Candidatus_Nitrosopumilus_sediminis_gene13697692.pdb
-0.242887  0.793145  0.558504     5.612128
 0.921232  0.008244  0.388925     8.626415
 0.303870  0.608977 -0.732673    -2.635683
>../../../../class2/pro1//data/domains/Catalytic_domain/structures/ProRS-A_AF_Arch_Halogeometricum_borinquense_DSM_11551_gene9994169.pdb
-0.109934 -0.567185 -0.816220     4.787075
 0.195715 -0.817473  0.541696     8.664758
-0.974479 -0.100196  0.200875    -2.212544
>../../../../class2/pro1//data/domains/Catalytic_domain/structures/ProRS-A_AF_Arch_Picrophilus_torridus_DSM_9790_gene2845069.pdb
 0.268518 -0.762184 -0.589045     4.192715
 0.294224 -0.517384  0.803583     7.370275
-0.917241 -0.389087  0.085326    -4.474476
>../../../../class2/pro1//data/domains/Catalytic_domain/structures/ProRS-A_AF_Arch_Sulfurisphaera_tokodaii_str_7_gene1459472.pdb
-0.759546  0.650007 -0.024081     5.229014
 0.630356  0.744705  0.219240     8.535484
 0.160441  0.151344 -0.975374    -3.757148
>../../../../class2/pro1//data/domains/Catalytic_domain/structures/ProRS-A_AF_Bact_Bacillus_anthracis_str_Ames_Ancestor_gene45020455.pdb
 0.277851  0.949350  0.146740     4.743454
-0.933744  0.302790 -0.190893     8.278943
-0.225656 -0.083978  0.970581    -3.550792
>../../../../class2/pro1//data/domains/Catalytic_domain/structures/ProRS-A_AF_Bact_Mycoplasma_hyopneumoniae_168-L_gene57101275.pdb
-0.406316  0.109292 -0.907173     6.811280
-0.270680 -0.962655  0.005260     9.249371
-0.872720  0.247691  0.420725    -3.359559
>../../../../class2/pro1//data/domains/Catalytic_domain/structures/ProRS-A_AF_Bact_Porphyromonas_gingivalis_ATCC_33277_gene29256199.pdb
-0.029420 -0.564426 -0.824959     6.054407
 0.213628 -0.809798  0.546434     7.868383
-0.976472 -0.160159  0.144401    -3.757742
>../../../../class2/pro1//data/domains/Catalytic_domain/structures/ProRS-A_AF_Bact_Thermus_thermophilus_HB8_gene3169620.pdb
-0.287517 -0.215642 -0.933184     6.033230
-0.037483 -0.971045  0.235939     8.947633
-0.957042  0.102815  0.271109    -4.285722
>../../../../class2/pro1//data/domains/Catalytic_domain/structures/ProRS-A_AF_Euk_Cryptococcus_gattii_WM276_gene10188341.pdb
-0.418749 -0.395768 -0.817323     5.654168
 0.042384 -0.907571  0.417753    11.774070
-0.907112  0.140293  0.396819    -3.289925
>../../../../class2/pro1//data/domains/Catalytic_domain/structures/ProRS-A_AF_Euk_Ostreococcus_tauri_gene9837972.pdb
-0.406175  0.051093 -0.912366     0.632272
-0.346956 -0.932291  0.102253    11.223901
-0.845366  0.358083  0.396400    -6.891632
>../../../../class2/pro1//data/domains/Catalytic_domain/structures/ProRS-A_AF_Euk_Plasmodium_yoelii_gene3807174.pdb
 0.518814  0.849740 -0.093669     4.560674
-0.824851  0.468784 -0.316009     6.808883
-0.224615  0.241213  0.944121     0.037250
>../../../../class2/pro1//data/domains/Catalytic_domain/structures/ProRS-A_AF_Euk_Scheffersomyces_stipitis_CBS_6054_gene4840393.pdb
-0.024801 -0.801005 -0.598143     7.992284
 0.292763 -0.577915  0.761777    12.265706
-0.955863 -0.156222  0.248838    -4.966462
>../../../../class2/pro1//data/domains/Catalytic_domain/structures/ProRS-A_AF_Mito_Mauremys_reevesii_gene120369760.pdb
 0.877614 -0.292819  0.379540     7.713021
-0.042505  0.741098  0.670050     6.956913
-0.477479 -0.604178  0.637952    -2.565279
>../../../../class2/pro1//data/domains/Catalytic_domain/structures/ProRS-A_AF_Mito_Oryza_sativa_Japonica_Group_gene4342480.pdb
-0.363465 -0.276008 -0.889782     2.122673
-0.136418 -0.929040  0.343911    12.301077
-0.921566  0.246382  0.300021    -7.676668
>../../../../class2/pro1//data/domains/Catalytic_domain/structures/ProRS-A_PDB_Arch_M_janacshii_1nj8.pdb
-0.005571 -0.456990  0.889454    -9.950630
-0.906733  0.377375  0.188212    70.446013
-0.421669 -0.805449 -0.416470    91.791064
