>../../../../class2/phe5//data/domains/Catalytic_domain/structures/Phe_Euk_3CMQ.H_sapiens.pdb
-0.380352  0.695766 -0.609296    27.303209
-0.280486  0.541001  0.792872    -1.966041
 0.881283  0.472470 -0.010618     5.623354
>../../../../class2/phe5//data/domains/Catalytic_domain/structures/Phe_Euk_3TEG.H_sapiens.pdb
-0.388541  0.695614 -0.604282    27.250646
-0.278974  0.536223  0.796642    -2.021416
 0.878185  0.478107 -0.014287     5.541295
>../../../../class2/phe5//data/domains/Catalytic_domain/structures/Phenylalanyl.E.Evosea.NC_007088.5.pdb
 0.409368 -0.710770 -0.572035    37.544124
-0.249795  0.515706 -0.819542    21.239095
 0.877508  0.478386  0.033567    17.292271
>../../../../class2/pyl//data/domains/Catalytic_domain/structures/Pyl_Arch_2Q7E_M_mazei.pdb
 0.184009 -0.982514 -0.028412    72.642225
 0.982593  0.184620 -0.020630    -0.358124
 0.025515 -0.024121  0.999383   -15.101910
>../../../../class2/pyl//data/domains/Catalytic_domain/structures/Pyl_Arch_2ZNJ_D_hafniense.pdb
 0.551231 -0.657011  0.514277    33.076248
-0.067578  0.579196  0.812382    46.781154
-0.831611 -0.482564  0.274872    63.518359
>../../../../class2/pyl//data/domains/Catalytic_domain/structures/Pyl_Arch_6jp2_M_alvus.pdb
 1.000000  0.000000  0.000000     0.000000
 0.000000  1.000000  0.000000     0.000000
 0.000000  0.000000  1.000000     0.000000
>../../../../class2/pyl//data/domains/Catalytic_domain/structures/Pyrrolysyl.A.Euryarchaeota.NC_007955.1.pdb
-0.540584 -0.411846  0.733588    37.081197
-0.295951  0.909340  0.292427    18.305373
-0.787516 -0.059024 -0.613461     8.840915
