>../../../../class2/phe5//data/domains/Catalytic_domain/structures/PheRS-M_AF_Mito_Arabidopsis_thaliana_gene824983.pdb
-0.514361 -0.594623  0.617945    -2.873935
 0.025789 -0.730973 -0.681919     6.110056
 0.857186 -0.334817  0.391319     1.466570
>../../../../class2/phe5//data/domains/Catalytic_domain/structures/PheRS-M_AF_Mito_Babesia_bovis_T2Bo_gene5478469.pdb
-0.791028 -0.610285  0.042739    -1.769831
-0.516294  0.703412  0.488520     0.725878
-0.328200  0.364367 -0.871505    -2.577831
>../../../../class2/phe5//data/domains/Catalytic_domain/structures/PheRS-M_AF_Mito_Candida_albicans_SC5314_gene3638806.pdb
 0.415818 -0.868828 -0.268763     1.461954
 0.497877  0.464777 -0.732189     3.655277
 0.761061  0.170647  0.625832    -1.867556
>../../../../class2/phe5//data/domains/Catalytic_domain/structures/PheRS-M_AF_Mito_Crassostrea_gigas_gene105329377.pdb
 0.380659 -0.272804 -0.883559    -0.900153
-0.255172 -0.949383  0.183193     6.630115
-0.888811  0.155725 -0.431003   -11.414842
>../../../../class2/phe5//data/domains/Catalytic_domain/structures/PheRS-M_AF_Mito_Drosophila_melanogaster_gene36547.pdb
 0.999995  0.002709  0.001747     0.021694
-0.002706  0.999995 -0.001722     0.046656
-0.001751  0.001717  0.999997    -0.099860
>../../../../class2/phe5//data/domains/Catalytic_domain/structures/PheRS-M_AF_Mito_Syngnathus_acus_gene119139175.pdb
 0.974578  0.051511 -0.218046    -0.549832
 0.212445  0.096669  0.972380     5.069484
 0.071166 -0.993983  0.083268    -5.929197
>../../../../class2/phe5//data/domains/Catalytic_domain/structures/PheRS-M_PDB_Mito.H_sapiens_3CMQ.pdb
 0.229286 -0.867614  0.441218    13.227562
 0.923086  0.337617  0.184196    -7.240830
-0.308773  0.365049  0.878293   -26.495513
>../../../../class2/pyl//data/domains/Catalytic_domain/structures/PylRS_AF_Arch_Candidatus_Methanomassiliicoccus_intestinalis_Issoire-Mx1_gene16153983.pdb
 0.831318  0.099767 -0.546769    -1.421563
-0.009236  0.986101  0.165888     0.440991
 0.555720 -0.132856  0.820685    -3.898279
>../../../../class2/pyl//data/domains/Catalytic_domain/structures/PylRS_AF_Arch_Methanosalsum_zhilinae_DSM_4017_gene10822650.pdb
 0.704906  0.393079 -0.590421     1.422796
-0.442880 -0.406284 -0.799244    -1.577966
-0.554045  0.824877 -0.112305    -8.795771
>../../../../class2/pyl//data/domains/Catalytic_domain/structures/PylRS_AF_Arch_Unclassified_Candidatus_Bathyarchaeota_proteinUCH69683.1.pdb
-0.502249 -0.368898  0.782087    -2.673318
-0.831730 -0.041357 -0.553637     1.458289
 0.236580 -0.928549 -0.286053    -5.217205
>../../../../class2/pyl//data/domains/Catalytic_domain/structures/PylRS_AF_Bact_Unclassified_Actinobacteria_proteinMBU2601214.1.pdb
-0.511726 -0.349312  0.784932    -3.193227
-0.819872 -0.074536 -0.567675     1.071655
 0.256801 -0.934037 -0.248249    -5.261183
>../../../../class2/pyl//data/domains/Catalytic_domain/structures/PylRS_AF_Bact_Unclassified_Aerophobetes_proteinMCD6471581.1.pdb
-0.489567 -0.325567  0.808907    -2.913388
-0.870105  0.121829 -0.477571     1.154264
 0.056933 -0.937637 -0.342921    -4.500898
>../../../../class2/pyl//data/domains/Catalytic_domain/structures/PylRS_AF_Bact_unclassified_Desulfosarcina_proteinMBC2741817.pdb
-0.709760 -0.346764  0.613185     3.820956
-0.699101  0.453732 -0.552616     2.191113
-0.086595 -0.820903 -0.564464    -7.981375
>../../../../class2/pyl//data/domains/Catalytic_domain/structures/PylRS_AF_Bact_unclassified_Lachnospiraceae_proteinHCE77498.1.pdb
 0.554543  0.280106 -0.783596    -2.511069
 0.017453 -0.945354 -0.325577     2.448864
-0.831972  0.166870 -0.529128   -10.067908
>../../../../class2/pyl//data/domains/Catalytic_domain/structures/PylRS_PDB_Arch_M_mazei_2Q7E.pdb
-0.331102  0.926126 -0.180725   -27.145774
 0.031317  0.202209  0.978842   -36.915619
 0.943075  0.318436 -0.095955   -29.627901
>../../../../class2/pyl//data/domains/Catalytic_domain/structures/PylRS_PDB_Bact_D_hafniense_2ZNJ.pdb
-0.353786  0.666839 -0.655866   -11.886630
-0.931323 -0.315961  0.181125    50.366186
-0.086447  0.674903  0.732825    17.498724
