>../../../../class2/phe5//data/domains/Catalytic_domain/structures/Phe_Euk_3CMQ.H_sapiens.pdb
-0.369554  0.697850 -0.613543    27.377598
-0.282604  0.544597  0.789651    -2.024098
 0.885192  0.465209 -0.004043     5.690697
>../../../../class2/phe5//data/domains/Catalytic_domain/structures/Phe_Euk_3TEG.H_sapiens.pdb
-0.379660  0.698051 -0.607110    27.266546
-0.278630  0.539495  0.794551    -2.078728
 0.882170  0.470819 -0.010327     5.633781
>../../../../class2/phe5//data/domains/Catalytic_domain/structures/Phenylalanyl.E.Evosea.NC_007088.5.pdb
 0.409368 -0.710770 -0.572035    37.544124
-0.249795  0.515706 -0.819542    21.239095
 0.877508  0.478386  0.033567    17.292271
>../../../../class2/pyl//data/domains/Catalytic_domain/structures/Pyl_Arch_2Q7E_M_mazei.pdb
 0.172916 -0.984628 -0.024639    72.856003
 0.984739  0.173328 -0.015696     0.065183
 0.019725 -0.021549  0.999573   -15.140010
>../../../../class2/pyl//data/domains/Catalytic_domain/structures/Pyl_Arch_2ZNJ_D_hafniense.pdb
 0.555094 -0.667594  0.496173    32.532817
-0.066495  0.558990  0.826504    47.442952
-0.829125 -0.491781  0.265900    63.193137
>../../../../class2/pyl//data/domains/Catalytic_domain/structures/Pyl_Arch_6jp2_M_alvus.pdb
 1.000000  0.000000  0.000000     0.000000
 0.000000  1.000000  0.000000     0.000000
 0.000000  0.000000  1.000000     0.000000
>../../../../class2/pyl//data/domains/Catalytic_domain/structures/Pyrrolysyl.A.Euryarchaeota.NC_007955.1.pdb
-0.535835 -0.434123  0.724167    37.175724
-0.312175  0.898777  0.307810    18.582180
-0.784492 -0.061131 -0.617118     8.855629
