>../../../../class1/glu1//data/domains/Catalytic_domain/structures/GluRS_AF_Bact_Bifidobacterium_animalis_subsp_lactis_BLC1_gene66532600.pdb
-0.030130  0.237453  0.970932    40.813874
-0.220563 -0.949008  0.225247    29.722474
 0.974907 -0.207365  0.080967     6.078631
>../../../../class1/glu1//data/domains/Catalytic_domain/structures/GluRS_AF_Bact_Chlamydia_psittaci_6BC_gene12242467.pdb
-0.093629 -0.542310  0.834945    39.180051
-0.046449 -0.835337 -0.547773    37.055272
 0.994523 -0.090070  0.053022    -0.067968
>../../../../class1/glu1//data/domains/Catalytic_domain/structures/GluRS_AF_Bact_[Eubacterium]_eligens_ATCC_27750_gene41357084.pdb
 0.226599 -0.372999  0.899736    41.769693
-0.476445 -0.848147 -0.231619    29.060179
 0.849502 -0.376190 -0.369903     3.823008
>../../../../class1/glu1//data/domains/Catalytic_domain/structures/GluRS_AF_Bact_Mycoplasma_hyopneumoniae_168-L_gene57101016.pdb
 0.329436 -0.264315  0.906427    40.670071
-0.384533 -0.914352 -0.126869    30.517893
 0.862326 -0.306755 -0.402858     4.157180
>../../../../class1/glu1//data/domains/Catalytic_domain/structures/GluRS_AF_Bact_Paracoccus_denitrificans_PD1222_gene75500422.pdb
 0.344553 -0.399789  0.849383    41.382767
-0.494104 -0.846551 -0.198022    29.286325
 0.798213 -0.351455 -0.489219     3.200455
>../../../../class1/glu1//data/domains/Catalytic_domain/structures/GluRS_AF_Bact_Porphyromonas_gingivalis_ATCC_33277_gene29255772.pdb
 0.940747  0.208937  0.267096    40.143522
-0.122402  0.943758 -0.307146    30.273963
-0.316248  0.256253  0.913412     4.662454
>../../../../class1/glu1//data/domains/Catalytic_domain/structures/GluRS_AF_Bact_Prochlorococcus_marinus_subsp_marinus_str_CCMP1375_gene54199839.pdb
 0.569339 -0.727809 -0.382292    41.231859
 0.805574  0.401125  0.436061    29.499438
-0.164021 -0.556231  0.814680     4.620727
>../../../../class1/glu1//data/domains/Catalytic_domain/structures/GluRS_AF_Bact_Treponema_pallidum_subsp_pertenue_str_SamoaD_gene57879197.pdb
 0.204234 -0.127909  0.970530    38.804405
-0.200000 -0.975967 -0.086539    29.673410
 0.958274 -0.176431 -0.224907     6.228068
>../../../../class1/glu1//data/domains/Catalytic_domain/structures/GluRS_AF_Euk_Arabidopsis_thaliana_gene836526.pdb
-0.240828  0.057548 -0.968860    36.530522
 0.498128 -0.849411 -0.174271    32.997848
-0.832989 -0.524586  0.175896     5.345908
>../../../../class1/glu1//data/domains/Catalytic_domain/structures/GluRS_AF_Euk_Cryptococcus_neoformans_var_grubii_H99_gene23890400.pdb
 0.986979 -0.066272  0.146563    39.591270
 0.081207  0.991830 -0.098381    27.893094
-0.138846  0.109002  0.984297     7.391937
>../../../../class1/glu1//data/domains/Catalytic_domain/structures/GluRS_AF_Euk_Ostreococcus_tauri_proteinOUS48355.1.pdb
-0.063463  0.661740 -0.747042    36.292428
-0.060362 -0.749726 -0.658990    29.742844
-0.996157  0.003272  0.087523     2.303567
>../../../../class1/glu1//data/domains/Catalytic_domain/structures/GluRS_AF_Euk_Plasmodium_knowlesi_strain_H_gene7321821.pdb
 0.170136 -0.113108  0.978908    39.660683
-0.153688 -0.984280 -0.087017    30.885550
 0.973362 -0.135642 -0.184845     4.784520
>../../../../class1/glu1//data/domains/Catalytic_domain/structures/GluRS_AF_Mito_Cyanidioschyzon_merolae_strain_10D_gene16997617.pdb
-0.088853  0.686224 -0.721943    37.448058
-0.038701 -0.726641 -0.685926    28.607794
-0.995293 -0.033007  0.091122     4.522737
>../../../../class1/glu1//data/domains/Catalytic_domain/structures/GluRS_AF_Mito_Drosophila_melanogaster_gene39828.pdb
-0.353438  0.051824 -0.934021    42.004158
 0.357254 -0.915305 -0.185972    32.772305
-0.864553 -0.399412  0.304989     6.765397
>../../../../class1/glu1//data/domains/Catalytic_domain/structures/GluRS_PDB_Bact_T_therm_1J09.pdb
 1.000000  0.000000  0.000000     0.000000
 0.000000  1.000000  0.000000     0.000000
 0.000000  0.000000  1.000000     0.000000
>../../../../class1/leu1//data/domains/Catalytic_domain/structures/LeuRS-B_AF_Bact_Bifidobacterium_longum_subsp_longum_JCM_1217_gene69578373.pdb
-0.410287  0.804810 -0.428888    48.925497
-0.088047 -0.503055 -0.859758    33.534685
-0.907696 -0.314986  0.277258   -11.309990
>../../../../class1/leu1//data/domains/Catalytic_domain/structures/LeuRS-B_AF_Bact_Brachyspira_pilosicoli_95_1000_gene56439070.pdb
-0.755311 -0.229146 -0.614001    48.920801
 0.550546 -0.730108 -0.404774    31.623473
-0.355534 -0.643766  0.677614    -8.209173
>../../../../class1/leu1//data/domains/Catalytic_domain/structures/LeuRS-B_AF_Bact_Chlamydia_psittaci_6BC_gene12243068.pdb
 0.614219 -0.657817  0.435904    47.847656
-0.726131 -0.687410 -0.014193    32.270709
 0.308981 -0.307806 -0.899881    -8.321269
>../../../../class1/leu1//data/domains/Catalytic_domain/structures/LeuRS-B_AF_Bact_Clostridium_botulinum_A_str_ATCC_3502_gene5187707.pdb
-0.569514  0.720007 -0.396540    47.853210
-0.014138  0.473768  0.880536    29.850046
 0.821860  0.507084 -0.259638   -12.108949
>../../../../class1/leu1//data/domains/Catalytic_domain/structures/LeuRS-B_AF_Bact_Mycoplasma_hyopneumoniae_168-L_gene57101518.pdb
 0.561153 -0.765893  0.313871    49.399090
 0.806646  0.591035  0.000058    32.323077
-0.185553  0.253151  0.949466   -10.778432
>../../../../class1/leu1//data/domains/Catalytic_domain/structures/LeuRS-B_AF_Bact_Orientia_tsutsugamushi_str_Ikeda_gene66652454.pdb
 0.491253 -0.826957  0.273518    47.160836
-0.832509 -0.538122 -0.131733    32.352522
 0.256124 -0.162991 -0.952803    -9.341571
>../../../../class1/leu1//data/domains/Catalytic_domain/structures/LeuRS-B_AF_Bact_Porphyromonas_gingivalis_ATCC_33277_gene29256038.pdb
-0.672014  0.115653 -0.731452    48.067185
 0.382157 -0.791886 -0.476311    32.992484
-0.634313 -0.599617  0.487961    -8.636730
>../../../../class1/leu1//data/domains/Catalytic_domain/structures/LeuRS-B_AF_Bact_Thermus_thermophilus_HB8_gene3168656.pdb
-0.611503  0.649724 -0.451579    42.129778
-0.127562  0.482303  0.866667    31.798833
 0.780892  0.587574 -0.212050    -8.282142
>../../../../class1/leu1//data/domains/Catalytic_domain/structures/LeuRS-B_AF_Euk_Bathycoccus_prasinos_gene19015540.pdb
 0.602851 -0.618028  0.504592    48.365142
-0.771991 -0.611559  0.173278    33.389105
 0.201497 -0.494001 -0.845791    -9.980819
>../../../../class1/leu1//data/domains/Catalytic_domain/structures/LeuRS-B_AF_Euk_Thalassiosira_pseudonana_CCMP1335_gene7441753.pdb
-0.721549 -0.062530 -0.689534    43.458942
 0.537117 -0.678987 -0.500481    34.196461
-0.436890 -0.731482  0.523508    -9.597824
>../../../../class1/leu1//data/domains/Catalytic_domain/structures/LeuRS-B_AF_Mito_Homo_sapiens_gene23395.pdb
 0.552693 -0.607615  0.570381    49.871397
-0.739926 -0.672689  0.000378    31.049689
 0.383459 -0.422248 -0.821380    -8.965593
>../../../../class1/leu1//data/domains/Catalytic_domain/structures/LeuRS-B_AF_Mito_Treponema_denticola_ATCC_35405_gene2739434.pdb
 0.679023  0.198616  0.706738    47.509232
 0.196939  0.878134 -0.436000    32.076652
-0.707207  0.435238  0.557158    -9.629903
>../../../../class1/leu1//data/domains/Catalytic_domain/structures/LeuRS-B_PDB_Bact_T_therm_2V0C.pdb
-0.282368 -0.188676  0.940569    27.376753
-0.085678  0.981510  0.171167    64.511064
-0.955472 -0.032254 -0.293313    15.083590
