>../../../../class1/glu1//data/domains/Catalytic_domain/structures/GluRS_AF_Bact_Bifidobacterium_animalis_subsp_lactis_BLC1_gene66532600.pdb
 0.985304 -0.170359 -0.012360     6.256798
 0.109997  0.688214 -0.717121     4.671859
 0.130674  0.705223  0.696839     5.574068
>../../../../class1/glu1//data/domains/Catalytic_domain/structures/GluRS_AF_Bact_Chlamydia_psittaci_6BC_gene12242467.pdb
 1.000000  0.000000  0.000000     0.000000
 0.000000  1.000000  0.000000     0.000000
 0.000000  0.000000  1.000000     0.000000
>../../../../class1/glu1//data/domains/Catalytic_domain/structures/GluRS_AF_Bact_[Eubacterium]_eligens_ATCC_27750_gene41357084.pdb
 0.843762 -0.301687 -0.443904     4.055661
 0.202109  0.944787 -0.257934     4.907587
 0.497209  0.127918  0.858149     6.734457
>../../../../class1/glu1//data/domains/Catalytic_domain/structures/GluRS_AF_Bact_Mycoplasma_hyopneumoniae_168-L_gene57101016.pdb
 0.842925 -0.235322 -0.483839     4.434467
 0.064517  0.936999 -0.343324     4.254422
 0.534148  0.258181  0.805002     5.044031
>../../../../class1/glu1//data/domains/Catalytic_domain/structures/GluRS_AF_Bact_Paracoccus_denitrificans_PD1222_gene75500422.pdb
 0.781327 -0.272515 -0.561484     3.513039
 0.164611  0.957762 -0.235785     4.910180
 0.602023  0.091799  0.793184     6.205516
>../../../../class1/glu1//data/domains/Catalytic_domain/structures/GluRS_AF_Bact_Porphyromonas_gingivalis_ATCC_33277_gene29255772.pdb
-0.398984  0.187974  0.897484     4.937135
-0.374193 -0.926935  0.027791     4.634683
 0.837133 -0.324743  0.440171     4.710797
>../../../../class1/glu1//data/domains/Catalytic_domain/structures/GluRS_AF_Bact_Prochlorococcus_marinus_subsp_marinus_str_CCMP1375_gene54199839.pdb
-0.252887 -0.495583  0.830931     4.929051
-0.966770  0.096167 -0.236872     4.770196
 0.037482 -0.863220 -0.503434     6.105451
>../../../../class1/glu1//data/domains/Catalytic_domain/structures/GluRS_AF_Bact_Treponema_pallidum_subsp_pertenue_str_SamoaD_gene57879197.pdb
 0.940666 -0.117281 -0.318422     6.695866
-0.032297  0.903170 -0.428066     5.647367
 0.337793  0.412951  0.845794     4.060385
>../../../../class1/glu1//data/domains/Catalytic_domain/structures/GluRS_AF_Euk_Arabidopsis_thaliana_gene836526.pdb
-0.825200 -0.490077  0.280838     5.973717
-0.212681  0.730194  0.649295     4.264230
-0.523270  0.476069 -0.706786     0.311563
>../../../../class1/glu1//data/domains/Catalytic_domain/structures/GluRS_AF_Euk_Cryptococcus_neoformans_var_grubii_H99_gene23890400.pdb
-0.234297  0.078218  0.969013     7.550301
-0.589277 -0.804199 -0.077567     6.715059
 0.773212 -0.589191  0.234514     5.721088
>../../../../class1/glu1//data/domains/Catalytic_domain/structures/GluRS_AF_Euk_Ostreococcus_tauri_proteinOUS48355.1.pdb
-0.981822 -0.029767  0.187458     3.028437
 0.171989  0.278242  0.944987     7.368309
-0.080288  0.960050 -0.268065     1.628048
>../../../../class1/glu1//data/domains/Catalytic_domain/structures/GluRS_AF_Euk_Plasmodium_knowlesi_strain_H_gene7321821.pdb
 0.957592 -0.078861 -0.277126     5.131513
-0.052168  0.898464 -0.435937     4.339273
 0.283366  0.431906  0.856248     4.057196
>../../../../class1/glu1//data/domains/Catalytic_domain/structures/GluRS_AF_Mito_Cyanidioschyzon_merolae_strain_10D_gene16997617.pdb
-0.979547 -0.070038  0.188631     5.185624
 0.165937  0.249049  0.954169     7.524481
-0.113806  0.965955 -0.232334     3.345093
>../../../../class1/glu1//data/domains/Catalytic_domain/structures/GluRS_AF_Mito_Drosophila_melanogaster_gene39828.pdb
-0.842041 -0.360122  0.401596     6.764073
-0.029137  0.773784  0.632780     1.367857
-0.538627  0.521125 -0.662050     5.112291
>../../../../class1/glu1//data/domains/Catalytic_domain/structures/GluRS_PDB_Bact_T_therm_1J09.pdb
-0.093629 -0.046449  0.994523     5.457188
-0.542310 -0.835337 -0.090070    52.195234
 0.834945 -0.547773  0.053022   -12.411723
>../../../../class1/leu1//data/domains/Catalytic_domain/structures/LeuRS-B_AF_Bact_Bifidobacterium_longum_subsp_longum_JCM_1217_gene69578373.pdb
-0.873254 -0.327181  0.361082   -12.084662
 0.380815  0.004046  0.924643    -1.335716
-0.303986  0.944953  0.121062     9.805523
>../../../../class1/leu1//data/domains/Catalytic_domain/structures/LeuRS-B_AF_Bact_Brachyspira_pilosicoli_95_1000_gene56439070.pdb
-0.345890 -0.591633  0.728238    -8.959526
-0.015874  0.779724  0.625922    -0.245886
-0.938141  0.204940 -0.279090    10.956552
>../../../../class1/leu1//data/domains/Catalytic_domain/structures/LeuRS-B_AF_Bact_Chlamydia_psittaci_6BC_gene12243068.pdb
 0.295333 -0.227155 -0.927997    -9.004565
 0.238871  0.958031 -0.158486     0.018906
 0.925051 -0.174866  0.337199     9.489539
>../../../../class1/leu1//data/domains/Catalytic_domain/structures/LeuRS-B_AF_Bact_Clostridium_botulinum_A_str_ATCC_3502_gene5187707.pdb
 0.856898  0.438293 -0.271339   -12.715502
 0.262243 -0.823820 -0.502542     2.312453
-0.443795  0.359470 -0.820870    10.714408
>../../../../class1/leu1//data/domains/Catalytic_domain/structures/LeuRS-B_AF_Bact_Mycoplasma_hyopneumoniae_168-L_gene57101518.pdb
-0.267293  0.279160  0.922293   -11.334582
-0.963454 -0.094914 -0.250493    -0.672532
 0.017610 -0.955542  0.294328    10.574962
>../../../../class1/leu1//data/domains/Catalytic_domain/structures/LeuRS-B_AF_Bact_Orientia_tsutsugamushi_str_Ikeda_gene66652454.pdb
 0.267658 -0.078397 -0.960319    -9.918525
 0.404621  0.913687  0.038185     0.405220
 0.874437 -0.398786  0.276277     8.862689
>../../../../class1/leu1//data/domains/Catalytic_domain/structures/LeuRS-B_AF_Bact_Porphyromonas_gingivalis_ATCC_33277_gene29256038.pdb
-0.600695 -0.569813  0.560783    -9.359983
 0.101020  0.641716  0.760260    -0.741917
-0.793070  0.513335 -0.327914     9.183217
>../../../../class1/leu1//data/domains/Catalytic_domain/structures/LeuRS-B_AF_Bact_Thermus_thermophilus_HB8_gene3168656.pdb
 0.819300  0.524433 -0.231768    -8.673400
 0.385558 -0.803104 -0.454278     3.455699
-0.424373  0.282830 -0.860183     5.096095
>../../../../class1/leu1//data/domains/Catalytic_domain/structures/LeuRS-B_AF_Euk_Bathycoccus_prasinos_gene19015540.pdb
 0.196414 -0.409021 -0.891136   -10.417039
 0.287055  0.893006 -0.346611    -0.952980
 0.937561 -0.187726  0.292810     9.294384
>../../../../class1/leu1//data/domains/Catalytic_domain/structures/LeuRS-B_AF_Euk_Plasmodium_falciparum_3D7_gene2655460.pdb
-0.878382 -0.406642  0.251170   -10.210192
 0.360459 -0.218510  0.906820     4.505678
-0.313868  0.887071  0.338513     6.773997
>../../../../class1/leu1//data/domains/Catalytic_domain/structures/LeuRS-B_AF_Euk_Thalassiosira_pseudonana_CCMP1335_gene7441753.pdb
-0.410822 -0.690866  0.594919   -10.072390
-0.013799  0.657164  0.753621     0.921149
-0.911611  0.301395 -0.279511     4.687258
>../../../../class1/leu1//data/domains/Catalytic_domain/structures/LeuRS-B_AF_Mito_Homo_sapiens_gene23395.pdb
 0.372671 -0.350490 -0.859228    -9.773533
 0.296391  0.922387 -0.247700    -0.106932
 0.879357 -0.162357  0.447629    11.747680
>../../../../class1/leu1//data/domains/Catalytic_domain/structures/LeuRS-B_AF_Mito_Treponema_denticola_ATCC_35405_gene2739434.pdb
-0.764633  0.373244  0.525381   -10.195307
-0.475544 -0.876976 -0.069074     0.471734
 0.434965 -0.302659  0.848058     9.226405
>../../../../class1/leu1//data/domains/Catalytic_domain/structures/LeuRS-B_PDB_Bact_T_therm_2V0C.pdb
-0.935020 -0.082076 -0.344966    13.218430
 0.298131 -0.708660 -0.639468   -17.334410
-0.191979 -0.700760  0.687081   -25.068812
