>structures/SerRS-A_AF_Arch_Conexivisphaera_calida_protein1635512986.pdb
 0.376419 -0.617117 -0.690996     1.972336
 0.890342  0.034765  0.453963     0.088502
-0.256126 -0.786103  0.562531     0.338642
>structures/SerRS-A_AF_Arch_Ignisphaera_aggregans_protein304378874.pdb
 0.098702 -0.209050 -0.972911     2.514733
 0.579979 -0.782380  0.226949     1.566695
-0.808630 -0.586669  0.044022     4.345558
>structures/SerRS-A_AF_Arch_Methanosarcina_barkeri_protein805401349.pdb
 1.000000  0.000000  0.000000     0.000000
 0.000000  1.000000  0.000000     0.000000
 0.000000  0.000000  1.000000     0.000000
>structures/SerRS-A_AF_Arch_Unclassified_Thermoplasmata_protein1635512986.pdb
 0.542300 -0.663896 -0.514929    -1.618756
 0.812975  0.259928  0.521065    -3.623770
-0.212088 -0.701198  0.680690     0.443076
>structures/SerRS-A_PDB_Arch_M_barkeri_2cjb.pdb
-0.863781 -0.485209  0.135848    31.032414
-0.469977  0.678640 -0.564420    72.083997
 0.181670 -0.551381 -0.814233    56.684003
