>../../../../class2/pro2//data/domains/Catalytic_domain/structures/ProRS-B_AF_Bact_Acinetobacter_baylyi_ADP1_gene45233245.pdb
 0.577002  0.717728 -0.389788     4.573813
-0.815293  0.534570 -0.222556    -0.858751
 0.048634  0.446207  0.893607     4.572721
>../../../../class2/pro2//data/domains/Catalytic_domain/structures/ProRS-B_AF_Bact_Brachyspira_pilosicoli_95_1000_gene56438966.pdb
 0.967446  0.118365 -0.223692     3.960290
 0.079601  0.696710  0.712923    -1.216696
 0.240234 -0.707520  0.664607     5.929836
>../../../../class2/pro2//data/domains/Catalytic_domain/structures/ProRS-B_AF_Bact_Chlamydia_psittaci_6BC_gene12242703.pdb
-0.534639  0.597730  0.597394     1.791288
 0.835171  0.481659  0.265509    -4.575613
-0.129038  0.640877 -0.756720     2.939087
>../../../../class2/pro2//data/domains/Catalytic_domain/structures/ProRS-B_AF_Bact_Clostridium_acetobutylicum_DSM_1731_gene44999665.pdb
 0.641139  0.665574 -0.382038     3.991667
-0.731735  0.680236 -0.042918    -1.507459
 0.231311  0.307067  0.923150     5.361512
>../../../../class2/pro2//data/domains/Catalytic_domain/structures/ProRS-B_AF_Bact_Corynebacterium_ulcerans_809_gene75260584.pdb
-0.338393 -0.096785  0.936014     3.528029
 0.936958 -0.126804  0.325622    -2.491340
 0.087175  0.987195  0.133593     3.981203
>../../../../class2/pro2//data/domains/Catalytic_domain/structures/ProRS-B_AF_Bact_Prochlorococcus_marinus_subsp_marinus_str_CCMP1375_gene54199876.pdb
 0.609198  0.632864 -0.477871     4.788375
-0.771492  0.612419 -0.172460    -1.129445
 0.183514  0.473736  0.861334     3.760333
>../../../../class2/pro2//data/domains/Catalytic_domain/structures/ProRS-B_AF_Bact_Streptobacillus_moniliformis_DSM_12112_gene29673723.pdb
 0.354032  0.543891 -0.760818     3.612485
-0.872578 -0.100653 -0.477991    -1.026737
-0.336553  0.833098  0.438953     6.260053
>../../../../class2/pro2//data/domains/Catalytic_domain/structures/ProRS-B_AF_Euk_Candida_albicans_SC5314_gene3640100.pdb
 0.372804  0.559726 -0.740084     0.557291
-0.906708  0.389267 -0.162335    -2.486780
 0.197227  0.731559  0.652628     5.926401
>../../../../class2/pro2//data/domains/Catalytic_domain/structures/ProRS-B_PDB_Bact_S_aureus_5znj.pdb
 0.433659  0.858465  0.273822    -3.089232
-0.852589  0.489260 -0.183620     4.502739
-0.291602 -0.153829  0.944090   -13.913413
>../../../../class2/pro2//data/domains/Catalytic_domain/structures/ProRS_PDB_Bact_E_faecalis_2J3M.pdb
 0.329658  0.839575 -0.431785     9.063690
-0.816459  0.023883 -0.576909    29.099011
-0.474046  0.542718  0.693352    16.542686
>../../../../class2/thr//data/domains/Catalytic_domain/structures/ThrRS_AF_Arch_Candidatus_Methanomethylophilus_alvus_Mx1201_gene15140074.pdb
 0.049322 -0.910819  0.409849    -1.743413
 0.995866  0.076188  0.049470     2.401061
-0.076284  0.405715  0.910811     4.808706
>../../../../class2/thr//data/domains/Catalytic_domain/structures/ThrRS_AF_Arch_Candidatus_Nitrosopumilus_koreensis_AR1_gene13725077.pdb
 0.420505  0.357331 -0.833961     0.237943
-0.879370  0.386792 -0.277671    -5.549710
 0.223349  0.850121  0.476874     8.761178
>../../../../class2/thr//data/domains/Catalytic_domain/structures/ThrRS_AF_Arch_Pyrococcus_furiosus_DSM_3638_gene1469226.pdb
 0.509384  0.224890 -0.830634     1.734904
-0.860530  0.137548 -0.490478    -3.998227
 0.003948  0.964627  0.263589     8.370387
>../../../../class2/thr//data/domains/Catalytic_domain/structures/ThrRS_AF_Arch_Sulfolobus_islandicus_M164_gene7940156.pdb
-0.545695  0.399519  0.736615    -3.103651
 0.298721  0.914027 -0.274445     2.014502
-0.782932  0.070279 -0.618124    11.558565
>../../../../class2/thr//data/domains/Catalytic_domain/structures/ThrRS_AF_Bact_Bifidobacterium_longum_subsp_longum_JCM_1217_gene69578309.pdb
-0.067749  0.882396 -0.465605     0.981292
-0.427093 -0.447406 -0.785760     1.446668
-0.901666  0.145622  0.407176     1.629020
>../../../../class2/thr//data/domains/Catalytic_domain/structures/ThrRS_AF_Bact_Brachyspira_pilosicoli_95_1000_gene56439092.pdb
-0.820340  0.457406  0.343252    -1.351565
-0.200646  0.331855 -0.921745     3.327827
-0.535522 -0.825016 -0.180457     2.164864
>../../../../class2/thr//data/domains/Catalytic_domain/structures/ThrRS_AF_Bact_Brucella_abortus_2308_gene3787745.pdb
 0.442736  0.895864 -0.037600    -0.815354
 0.170327 -0.042857  0.984455     2.997969
 0.880326 -0.442258 -0.171564     1.845608
>../../../../class2/thr//data/domains/Catalytic_domain/structures/ThrRS_AF_Bact_Lactobacillus_acidophilus_La-14_gene56943112.pdb
 0.095502 -0.750143 -0.654343     0.179607
-0.988461 -0.149109  0.026673     1.887254
-0.117577  0.644245 -0.755727    -2.283805
>../../../../class2/thr//data/domains/Catalytic_domain/structures/ThrRS_AF_Bact_Mycoplasma_hyopneumoniae_168-L_gene57101460.pdb
-0.471955 -0.676128  0.565782    -0.139510
 0.870041 -0.460872  0.175000     3.087284
 0.142431  0.574846  0.805770     5.711288
>../../../../class2/thr//data/domains/Catalytic_domain/structures/ThrRS_AF_Bact_Porphyromonas_gingivalis_ATCC_33277_gene29256174.pdb
-0.988639  0.112472 -0.099719     1.462289
 0.060780 -0.307629 -0.949563     1.982858
-0.137475 -0.944836  0.297298     2.577781
>../../../../class2/thr//data/domains/Catalytic_domain/structures/ThrRS_AF_Bact_Prochlorococcus_marinus_subsp_marinus_str_CCMP1375_gene54200406.pdb
 1.000000 -0.000000  0.000000     0.000000
 0.000000  1.000000  0.000000     0.000000
-0.000000  0.000000  1.000000     0.000000
>../../../../class2/thr//data/domains/Catalytic_domain/structures/ThrRS_AF_Bact_Streptobacillus_moniliformis_DSM_12112_gene29674242.pdb
 0.333441 -0.163778 -0.928436    -0.503326
-0.928427  0.114087 -0.353563     2.269206
 0.163829  0.979878 -0.114015     1.448632
>../../../../class2/thr//data/domains/Catalytic_domain/structures/ThrRS_AF_Euk_Arabidopsis_thaliana_gene832741.pdb
 0.097072  0.427487 -0.898795     2.994395
-0.447684 -0.787791 -0.423042     1.434571
-0.888907  0.443441  0.114906     1.353056
>../../../../class2/thr//data/domains/Catalytic_domain/structures/ThrRS_AF_Euk_Cryptococcus_gattii_WM276_gene10188143.pdb
 0.174074  0.813992 -0.554180     1.570765
-0.662340 -0.319667 -0.677583     3.173259
-0.728700  0.485005  0.483494    -0.309038
>../../../../class2/thr//data/domains/Catalytic_domain/structures/ThrRS_AF_Euk_Cyanidioschyzon_merolae_strain_10D_gene16997242.pdb
 0.551927  0.772570 -0.313867     0.384642
-0.049518  0.406088  0.912491     2.412685
 0.832421 -0.488087  0.262387    -0.418434
>../../../../class2/thr//data/domains/Catalytic_domain/structures/ThrRS_AF_Euk_Zymoseptoria_tritici_IPO323_gene13396560.pdb
 0.594261 -0.618276  0.514382    12.657703
-0.630859 -0.755036 -0.178712     4.573514
 0.498870 -0.218301 -0.838733    -9.078159
>../../../../class2/thr//data/domains/Catalytic_domain/structures/ThrRS_AF_Mito_Cyanidioschyzon_merolae_strain_10D_gene16995590.pdb
 0.608463  0.424989 -0.670192    -0.682076
-0.734534  0.621272 -0.272911     1.912356
 0.300387  0.658335  0.690190     1.622809
>../../../../class2/thr//data/domains/Catalytic_domain/structures/ThrRS_AF_Mito_Oryza_sativa_Japonica_Group_gene4345200.pdb
-0.140162 -0.777524  0.613035     1.903140
-0.407280 -0.519067 -0.751460     2.205850
 0.902484 -0.355003 -0.243917    -0.250120
>../../../../class2/thr//data/domains/Catalytic_domain/structures/ThrRS_PDB_Bact_E_coli_1evk.pdb
 0.631214 -0.488259 -0.602637    15.679804
 0.666456 -0.056010  0.743438   -30.154168
-0.396744 -0.870899  0.290049    67.320933
>../../../../class2/thr//data/domains/Catalytic_domain/structures/ThrRS_PDB_Bact_S_aureus_1nyr.pdb
-0.989638 -0.045593  0.136154     8.518948
 0.069807 -0.981413  0.178758    40.055742
 0.125473  0.186411  0.974427   -58.134105
