>../../../../class2/gly3//data/domains/Catalytic_domain/structures/GlyRS-E_AF_Euk_Cryptococcus_neoformans_var_neoformans_JEC21_gene3258293.pdb
-0.956861 -0.228864  0.178990    33.561609
-0.264802  0.940466 -0.213082    -0.728814
-0.119567 -0.251287 -0.960499    88.548758
>../../../../class2/gly3//data/domains/Catalytic_domain/structures/GlyRS-E_AF_Euk_Girardinichthys_multiradiatus_gene124858359.pdb
 0.297271  0.715263 -0.632479    34.069175
-0.820139 -0.147890 -0.552721     0.034237
-0.488878  0.683029  0.542651    87.337489
>../../../../class2/gly3//data/domains/Catalytic_domain/structures/GlyRS-E_AF_Euk_Plasmodium_yoelii_gene3801472.pdb
 0.129525  0.400421 -0.907131    32.701576
-0.582231 -0.709811 -0.396454    -2.844798
-0.802640  0.579510  0.141199    88.763714
>../../../../class2/gly3//data/domains/Catalytic_domain/structures/GlyRS-E_AF_Euk_Schizosaccharomyces_pombe_gene2543181.pdb
 0.371052  0.762559 -0.529928    34.805913
-0.888648  0.125976 -0.440948    -0.700705
-0.269491  0.634534  0.724390    87.226227
>../../../../class2/gly3//data/domains/Catalytic_domain/structures/GlyRS-E_PDB_Euk_H_sapiens_2q5h.pdb
 0.922025  0.136941 -0.362102   -89.054639
 0.147950  0.739700  0.656471    66.993168
 0.357745 -0.658855  0.661762   148.515851
>../../../../class2/ser2//data/domains/Catalytic_domain/structures/SerRS-A_AF_Arch_Conexivisphaera_calida_protein1635512986.pdb
-0.762647  0.395410  0.511879    46.441695
 0.531186  0.834434  0.146839    -1.963536
-0.369068  0.383889 -0.846415    84.035260
>../../../../class2/ser2//data/domains/Catalytic_domain/structures/SerRS-A_AF_Arch_Ignisphaera_aggregans_protein304378874.pdb
-0.342825  0.451013  0.824050    45.837016
 0.916504 -0.031907  0.398752    -1.427648
 0.206136  0.891947 -0.402416    82.027491
>../../../../class2/ser2//data/domains/Catalytic_domain/structures/SerRS-A_AF_Arch_Methanosarcina_barkeri_protein805401349.pdb
-0.878072 -0.459349  0.134119    48.578936
-0.430622  0.636265 -0.640102    -0.783332
 0.208695 -0.619811 -0.756493    83.455070
>../../../../class2/ser2//data/domains/Catalytic_domain/structures/SerRS-A_AF_Arch_Unclassified_Thermoplasmata_protein1635512986.pdb
-0.844274  0.264046  0.466349    49.374645
 0.305648  0.952037  0.014302    -2.702269
-0.440205  0.154614 -0.884485    83.507606
>../../../../class2/ser2//data/domains/Catalytic_domain/structures/SerRS-A_PDB_Arch_M_barkeri_2cjb.pdb
 1.000000  0.000000  0.000000     0.000000
 0.000000  1.000000  0.000000     0.000000
 0.000000  0.000000  1.000000     0.000000
