>../../../../class2/asp1//data/domains/Catalytic_domain/structures/AspRS_AF_Arch_Candidatus_Methanomassiliicoccus_intestinalis_Issoire-Mx1_gene16154434.pdb
-0.999800  0.017580  0.009557    -9.196163
 0.014920  0.973204 -0.229458    -0.899678
-0.013335 -0.229270 -0.973272    -3.992314
>../../../../class2/asp1//data/domains/Catalytic_domain/structures/AspRS_AF_Arch_unclassified_Euryarchaeota_proteinHHT76046.1.pdb
-0.982458 -0.186098  0.012019    -4.962500
-0.185264  0.981357  0.051150     3.678903
-0.021313  0.048026 -0.998619    -1.106417
>../../../../class2/asp1//data/domains/Catalytic_domain/structures/AspRS_AF_Bact_Bacillus_anthracis_str_Ames_Ancestor_gene45024275.pdb
-0.173355  0.115681 -0.978042    -8.882168
 0.150200 -0.978355 -0.142341     4.968758
-0.973338 -0.171578  0.152228    -6.638347
>../../../../class2/asp1//data/domains/Catalytic_domain/structures/AspRS_AF_Bact_Brachyspira_pilosicoli_95_1000_gene56440011.pdb
-0.998851 -0.047853  0.002678    -5.323916
-0.044291  0.942958  0.329953     1.688908
-0.018314  0.329456 -0.943993    -1.676551
>../../../../class2/asp1//data/domains/Catalytic_domain/structures/AspRS_AF_Bact_Chlamydia_muridarum_str_Nigg_gene1246197.pdb
-0.828836  0.431659  0.355952    -5.499398
 0.559116  0.615729  0.555218     1.521430
 0.020495  0.659203 -0.751686    -1.134107
>../../../../class2/asp1//data/domains/Catalytic_domain/structures/AspRS_AF_Bact_Mycoplasma_hyopneumoniae_168-L_gene57101115.pdb
-0.928415 -0.368975  0.043621    -8.485998
-0.316373  0.723527 -0.613527    -3.639153
 0.194816 -0.583409 -0.788468    -1.575711
>../../../../class2/asp1//data/domains/Catalytic_domain/structures/AspRS_AF_Bact_Nocardia_cyriacigeorgica_GUH-2_gene45501717.pdb
-0.013408 -0.452129  0.891852    -2.475558
-0.454779 -0.791583 -0.408134     0.859661
 0.890504 -0.411067 -0.195005     1.818560
>../../../../class2/asp1//data/domains/Catalytic_domain/structures/AspRS_AF_Bact_Porphyromonas_gingivalis_ATCC_33277_gene29255515.pdb
 0.044227  0.867166 -0.496051    -4.442040
-0.970625 -0.080247 -0.226822     1.457918
-0.236499  0.491511  0.838144    -3.532139
>../../../../class2/asp1//data/domains/Catalytic_domain/structures/AspRS_AF_Bact_Prochlorococcus_marinus_subsp_marinus_str_CCMP1375_gene54201182.pdb
-0.809906  0.539444  0.230331    -9.630374
 0.579063  0.672752  0.460533     4.257621
 0.093476  0.506365 -0.857238    -5.052385
>../../../../class2/asp1//data/domains/Catalytic_domain/structures/AspRS_AF_Bact_Xylella_fastidiosa_Temecula1_gene58016479.pdb
-0.029716 -0.409697  0.911738    -4.222519
-0.372508 -0.841893 -0.390453     4.122719
 0.927553 -0.351232 -0.127597    -2.779931
>../../../../class2/asp1//data/domains/Catalytic_domain/structures/AspRS_AF_Mito_Oryza_sativa_Japonica_Group_gene4324505.pdb
 1.000000  0.000000  0.000000     0.000000
 0.000000  1.000000  0.000000     0.000000
 0.000000  0.000000  1.000000     0.000000
>../../../../class2/asp1//data/domains/Catalytic_domain/structures/AspRS_AF_Mito_Oryzias_melastigma_gene112147132.pdb
-0.604500 -0.796571 -0.007391    -5.594284
-0.644435  0.494459 -0.583278     4.549792
 0.468277 -0.347829 -0.812239    -2.414820
>../../../../class2/asp1//data/domains/Catalytic_domain/structures/AspRS_PDB_Bact_E_coli_1c0a.pdb
-0.400249 -0.238378  0.884859    32.031735
-0.733595  0.662029 -0.153479    19.431914
-0.549216 -0.710559 -0.439850    54.222753
>../../../../class2/his//data/domains/Catalytic_domain/structures/HisRS_AF_Arch_Candidatus_Methanomassiliicoccus_intestinalis_Issoire-Mx1_gene16154026.pdb
 0.937650 -0.347551 -0.004678    -4.260548
 0.279747  0.746601  0.603596     9.772017
-0.206288 -0.567271  0.797276    -6.015284
>../../../../class2/his//data/domains/Catalytic_domain/structures/HisRS_AF_Arch_Candidatus_Nitrosopumilus_koreensis_AR1_gene13725657.pdb
-0.830510 -0.548540  0.096735    -7.178263
-0.495602  0.648462 -0.577819     8.328890
 0.254228 -0.527826 -0.810412    -4.562250
>../../../../class2/his//data/domains/Catalytic_domain/structures/HisRS_AF_Arch_Desulfurococcus_amylolyticus_1221n_gene7171287.pdb
-0.495946  0.658610  0.565924    -9.707143
 0.820060  0.140924  0.554654     9.457911
 0.285549  0.739170 -0.609991    -4.939316
>../../../../class2/his//data/domains/Catalytic_domain/structures/HisRS_AF_Arch_Methanoregula_formicica_SMSP_gene14310605.pdb
 0.733594 -0.642636 -0.221041    -5.347305
 0.538432  0.351163  0.766013    12.208941
-0.414646 -0.680958  0.603627    -5.739752
>../../../../class2/his//data/domains/Catalytic_domain/structures/HisRS_AF_Bact_Chlamydia_muridarum_str_Nigg_gene1246198.pdb
-0.468511 -0.874439  0.125914    -7.555572
-0.329132  0.040498 -0.943415     8.201024
 0.819859 -0.483443 -0.306780    -7.097408
>../../../../class2/his//data/domains/Catalytic_domain/structures/HisRS_AF_Bact_Lacticaseibacillus_paracasei_gene61269730.pdb
-0.990323  0.112334 -0.081500   -12.355843
 0.115907  0.992434 -0.040512     8.914185
 0.076333 -0.049566 -0.995850    -8.057454
>../../../../class2/his//data/domains/Catalytic_domain/structures/HisRS_AF_Bact_Paracoccus_denitrificans_PD1222_gene75501415.pdb
-0.351034  0.430657  0.831450    -7.546838
 0.856489 -0.211181  0.470988     8.359878
 0.378421  0.877461 -0.294721    -4.939040
>../../../../class2/his//data/domains/Catalytic_domain/structures/HisRS_AF_Bact_Prochlorococcus_marinus_subsp_marinus_str_CCMP1375_gene54200127.pdb
-0.192247  0.677295  0.710149    -8.218013
 0.812539 -0.295928  0.502203    15.912478
 0.550292  0.673571 -0.493437    -6.164539
>../../../../class2/his//data/domains/Catalytic_domain/structures/HisRS_AF_Bact_Streptobacillus_moniliformis_DSM_12112_gene29674169.pdb
-0.991213  0.104694 -0.080848   -13.199177
 0.115684  0.982494 -0.146024     7.962866
 0.064145 -0.154094 -0.985972    -6.538381
>../../../../class2/his//data/domains/Catalytic_domain/structures/HisRS_AF_Bact_Streptomyces_albidoflavus_gene15149169.pdb
-0.946441 -0.183947 -0.265355    -7.257844
-0.163680  0.981756 -0.096766     9.855799
 0.278314 -0.048150 -0.959283    -6.681496
>../../../../class2/his//data/domains/Catalytic_domain/structures/HisRS_AF_Bact_Thermus_thermophilus_HB8_gene3168691.pdb
-0.953899  0.295552  0.052209   -11.134382
 0.297728  0.953798  0.040331     8.856128
-0.037877  0.054015 -0.997821    -8.888625
>../../../../class2/his//data/domains/Catalytic_domain/structures/HisRS_AF_Bact_Treponema_denticola_ATCC_35405_gene2741405.pdb
 0.003285 -0.584553  0.811349    -6.884400
-0.411405 -0.740299 -0.531699    10.425642
 0.911447 -0.332046 -0.242920    -7.598038
>../../../../class2/his//data/domains/Catalytic_domain/structures/HisRS_AF_Euk_Arabidopsis_thaliana_gene823753.pdb
-0.960020 -0.231943 -0.156731    -7.279426
-0.230196  0.972698 -0.029461     9.301963
 0.159286  0.007796 -0.987202    -6.111141
>../../../../class2/his//data/domains/Catalytic_domain/structures/HisRS_AF_Euk_Cryptococcus_gattii_WM276_gene10186972.pdb
-0.070160  0.834986 -0.545780    -8.969317
-0.756251 -0.401313 -0.516752     9.907970
-0.650509  0.376491  0.659615    -5.600079
>../../../../class2/his//data/domains/Catalytic_domain/structures/HisRS_AF_Euk_Plasmodium_falciparum_3D7_gene812010.pdb
-0.775160 -0.128382  0.618583     5.953100
-0.462862  0.781814 -0.417763     5.899443
-0.429983 -0.610152 -0.665454    -0.968172
>../../../../class2/his//data/domains/Catalytic_domain/structures/HisRS_AF_Euk_Platysiphonia_delicata_gene33353157.pdb
-0.990184  0.109205 -0.087229   -14.398846
 0.115143  0.991140 -0.066212     8.654256
 0.079226 -0.075606 -0.993985    -7.375627
>../../../../class2/his//data/domains/Catalytic_domain/structures/HisRS_AF_Mito_Fusarium_fujikuroi_IMI_58289_gene35396474.pdb
-0.636030 -0.767191  0.082970    -9.842799
-0.594732  0.418845 -0.686194     3.766191
 0.491690 -0.485785 -0.722671    -4.145117
>../../../../class2/his//data/domains/Catalytic_domain/structures/HisRS_AF_Mito_Rattus_rattus_gene116884285.pdb
 0.822403 -0.524592  0.220130   -10.450534
 0.222130  0.652318  0.724666     9.437337
-0.523748 -0.547070  0.652995    -3.859741
>../../../../class2/his//data/domains/Catalytic_domain/structures/HisRS_PDB_Arch_T_acidophilum_1WU7.pdb
-0.231317  0.870097  0.435228   -77.961729
-0.803827  0.081078 -0.589311    55.067224
-0.548046 -0.486166  0.680653   -25.639923
>../../../../class2/his//data/domains/Catalytic_domain/structures/HisRS_PDB_Bact_B_thailandensis_4e51.pdb
 0.727569  0.391923 -0.563062    13.758321
-0.057541  0.852720  0.519189   -13.955678
 0.683617 -0.345347  0.642965   -38.644293
>../../../../class2/his//data/domains/Catalytic_domain/structures/HisRS_PDB_Bact_E_coli_1HTT.pdb
 0.498514 -0.858634 -0.119295    15.831991
-0.653739 -0.281991 -0.702215    21.801093
 0.569306  0.428052 -0.701899    12.273063
