>structures/AspRS_AF_Arch_Candidatus_Methanomassiliicoccus_intestinalis_Issoire-Mx1_gene16154434.pdb
 0.790262  0.589615 -0.166853     2.982931
-0.481735  0.429514 -0.763838    -4.616301
-0.378705  0.684011  0.623467    -0.150805
>structures/AspRS_AF_Arch_unclassified_Euryarchaeota_proteinHHT76046.1.pdb
 0.649913  0.759461  0.028852     2.929365
-0.572644  0.514296 -0.638418     1.357225
-0.499692  0.398394  0.769149     2.260856
>structures/AspRS_AF_Bact_Bacillus_anthracis_str_Ames_Ancestor_gene45024275.pdb
 0.280224 -0.613154  0.738591     4.897219
-0.594271 -0.715058 -0.368149    -2.368211
 0.753868 -0.335759 -0.564756     4.702055
>structures/AspRS_AF_Bact_Brachyspira_pilosicoli_95_1000_gene56440011.pdb
 0.802460  0.565025  0.191847    -0.235627
-0.459914  0.790505 -0.404452     0.184323
-0.380181  0.236323  0.894211     0.689521
>structures/AspRS_AF_Bact_Chlamydia_muridarum_str_Nigg_gene1246197.pdb
 0.999978  0.006695 -0.000418     0.036623
-0.006694  0.999974  0.002779     0.011262
 0.000437 -0.002776  0.999996     0.006717
>structures/AspRS_AF_Bact_Mycoplasma_hyopneumoniae_168-L_gene57101115.pdb
 0.631375  0.703536 -0.326194    -1.076389
-0.424852 -0.038078 -0.904462    -4.893653
-0.648743  0.709638  0.274857    -3.730289
>structures/AspRS_AF_Bact_Nocardia_cyriacigeorgica_GUH-2_gene45501717.pdb
-0.286170 -0.009181 -0.958135    -3.279787
 0.251606 -0.965584 -0.065896     3.072311
-0.924555 -0.259930  0.278631    -1.505695
>structures/AspRS_AF_Bact_Porphyromonas_gingivalis_ATCC_33277_gene29255515.pdb
-0.588179 -0.740882  0.324252    -1.266474
-0.721117  0.661962  0.204442    -1.211362
-0.366110 -0.113576 -0.923615     2.287408
>structures/AspRS_AF_Bact_Prochlorococcus_marinus_subsp_marinus_str_CCMP1375_gene54201182.pdb
 0.989896 -0.074241  0.120809     6.090820
 0.088325  0.989345 -0.115741    -1.103570
-0.110929  0.125242  0.985905     2.371559
>structures/AspRS_AF_Bact_Xylella_fastidiosa_Temecula1_gene58016479.pdb
-0.201873 -0.074733 -0.976556    -0.622230
 0.310629 -0.950493  0.008526     2.208549
-0.928847 -0.301626  0.215093     2.539549
>structures/AspRS_AF_Mito_Oryza_sativa_Japonica_Group_gene4324505.pdb
-0.848005  0.520434 -0.100176    -5.720067
 0.320848  0.654562  0.684547     0.309596
 0.421833  0.548358 -0.722053     1.644542
>structures/AspRS_AF_Mito_Oryzias_melastigma_gene112147132.pdb
 0.178195  0.965156 -0.191627     0.136708
-0.317575 -0.127913 -0.939566     0.454100
-0.931339  0.228282  0.283716     3.179166
>structures/AspRS_PDB_Bact_E_coli_1c0a.pdb
 0.000417  0.593333 -0.804957   -27.076683
-0.997556 -0.055996 -0.041792    61.123845
-0.069871  0.803007  0.591860   -22.452088
