>structures/PheRS-Aα_AF_Arch_Candidatus_Nitrosopumilus_koreensis_AR1_gene13724458.pdb
 0.461364 -0.552002 -0.694576    41.780953
 0.365765 -0.594910  0.715750   105.899835
-0.808306 -0.584273 -0.072567   -35.184729
>structures/PheRS-Aα_AF_Arch_Haloterrigena_turkmenica_DSM_5511_gene8744248.pdb
 0.914573  0.402980  0.034109    38.709734
-0.283675  0.579114  0.764300   117.210124
 0.288245 -0.708684  0.643958   -33.480155
>structures/PheRS-Aα_AF_Arch_Thermoplasma_volcanium_GSS1_gene1441177.pdb
 0.103664 -0.582385  0.806277    38.790573
 0.566370 -0.631813 -0.529186   118.603286
 0.817605  0.511509  0.264349   -33.121868
>structures/PheRS-Aα_AF_Arch_Thermosphaera_aggregans_DSM_11486_gene9165306.pdb
 0.699042 -0.637640 -0.323659    36.022811
 0.001193 -0.451579  0.892231   123.802363
-0.715079 -0.624093 -0.314912   -34.951689
>structures/PheRS-Aα_AF_Euk_Cyanidioschyzon_merolae_strain_10D_gene16993638.pdb
-0.766598 -0.623047  0.155371    31.499066
-0.158776 -0.050529 -0.986021   114.537170
 0.622188 -0.780551 -0.060189   -28.008669
>structures/PheRS-Aα_AF_Euk_Megalobrama_amblycephala_gene125266654.pdb
-0.089170  0.361392  0.928140    33.770932
 0.983998  0.176285  0.025896   122.234451
-0.154259  0.915598 -0.371328   -36.163906
>structures/PheRS-Aα_AF_Euk_Plasmodium_falciparum_3D7_gene813233.pdb
 0.025509 -0.042625 -0.998765    28.250089
-0.749673 -0.661745  0.009095   117.770226
-0.661316  0.748516 -0.048836   -36.562370
>structures/PheRS-Aα_AF_Euk_Schizosaccharomyces_pombe_gene2543647.pdb
 0.413426  0.771676 -0.483316    31.370166
-0.776607  0.575949  0.255271   114.277660
 0.475352  0.269811  0.837402   -30.266667
>structures/PheRS-Aα_PDB_Euk.B_H_sapiens_3L4G.C.pdb
 1.000000  0.000000  0.000000     0.000000
 0.000000  1.000000  0.000000     0.000000
 0.000000  0.000000  1.000000     0.000000
