>structures/Phe_Euk_3L4G.C_H_sapiens.pdb
 0.237503  0.669613  0.703712   -63.750920
-0.265317 -0.652178  0.710120   113.013161
 0.934451 -0.355363  0.022765     5.499372
>structures/Phenylalanyl.A.Candidatus_Thermoplasmatota.NC_021592.1.pdb
 1.000000  0.000000  0.000000     0.000000
 0.000000  1.000000  0.000000     0.000000
 0.000000  0.000000  1.000000     0.000000
>structures/Phenylalanyl.A.Euryarchaeota.NC_013741.1.pdb
 0.302038 -0.530131 -0.792297    -5.756309
 0.677601 -0.465213  0.569591     3.055381
-0.670545 -0.708899  0.218705    -0.452662
>structures/Phenylalanyl.E.Apicomplexa.NC_011903.2.pdb
-0.925496 -0.281821 -0.253048    -2.790897
-0.265127  0.959164 -0.098552     0.086614
 0.270488 -0.024120 -0.962421    -9.696737
>structures/Phenylalanyl.E.Basidiomycota.NC_026480.1.pdb
-0.953423  0.257820 -0.156565     3.719099
 0.233433  0.959395  0.158339     1.641717
 0.191031  0.114417 -0.974893   -13.917744
