>structures/PheRS-Aβ_AF_Arch_Candidatus_Nitrosopumilus_koreensis_AR1_gene13724457.pdb
 0.605192 -0.761540 -0.231947    -1.284406
 0.731176  0.416503  0.540285    -6.444270
-0.314842 -0.496570  0.808884     8.299998
>structures/PheRS-Aβ_AF_Arch_Halalkalicoccus_jeotgali_B3_gene9420006.pdb
 0.406219  0.809007 -0.424846    -2.427223
-0.711040 -0.012173 -0.703046    -4.537047
-0.573941  0.587673  0.570291     5.919487
>structures/PheRS-Aβ_AF_Arch_Sulfolobus_islandicus_YG5714_gene7807969.pdb
 0.567445 -0.799522 -0.196901     1.883220
 0.801921  0.482327  0.352537    -8.244521
-0.186890 -0.357945  0.914848     8.962937
>structures/PheRS-Aβ_AF_Arch_Thermoplasma_volcanium_GSS1_gene1441711.pdb
 0.206420  0.366929  0.907058    -2.910380
 0.040089 -0.929416  0.366850    -4.107422
 0.977642 -0.039363 -0.206560     8.361698
>structures/PheRS-Aβ_AF_Euk_Astyanax_mexicanus_gene103044481.pdb
-0.116487 -0.758411  0.641282     0.933096
-0.758784 -0.348657 -0.550169   -11.868880
 0.640842 -0.550682 -0.534856     8.898068
>structures/PheRS-Aβ_AF_Euk_Didymosphenia_geminata_gene19740299.pdb
 1.000000  0.000000  0.000000     0.000000
 0.000000  1.000000  0.000000    -0.000000
 0.000000  0.000000  1.000000    -0.000000
>structures/PheRS-Aβ_AF_Euk_Drosophila_melanogaster_gene42888.pdb
 0.879450  0.271365  0.391061     2.285838
 0.022769  0.796649 -0.604014   -10.589350
-0.475447  0.540104  0.694434     6.505939
>structures/PheRS-Aβ_AF_Euk_Gracilariopsis_tenuifrons_gene68635617.pdb
-0.888109  0.027705 -0.458797     8.324148
-0.105017  0.959548  0.261228     2.076489
 0.447475  0.280180 -0.849273     7.959287
>structures/PheRS-Aβ_PDB_Euk.B_H_sapiens_3L4G.pdb
-0.905107 -0.106659 -0.411588    60.761821
 0.421558 -0.098960 -0.901386    -4.044841
 0.055410 -0.989359  0.134533    95.682734
