>structures/PheRS-Aβ_AF_Arch_Candidatus_Nitrosopumilus_koreensis_AR1_gene13724457.pdb
 0.690916 -0.433247 -0.578733    -3.734048
 0.574794 -0.156313  0.803230     3.341609
-0.438461 -0.887616  0.141029    -2.315899
>structures/PheRS-Aβ_AF_Arch_Halalkalicoccus_jeotgali_B3_gene9420006.pdb
 0.609143  0.434743 -0.663282    -3.709824
-0.770559  0.522261 -0.365352     3.370451
 0.187572  0.733650  0.653127    -5.668681
>structures/PheRS-Aβ_AF_Arch_Sulfolobus_islandicus_YG5714_gene7807969.pdb
 0.605369 -0.514763 -0.607082    -1.631749
 0.690701 -0.039296  0.722072     3.177266
-0.395552 -0.856432  0.331758    -0.252290
>structures/PheRS-Aβ_AF_Arch_Thermoplasma_volcanium_GSS1_gene1441711.pdb
-0.271226  0.326243  0.905539    -5.059006
 0.630297 -0.650826  0.423262     5.104478
 0.727435  0.685559 -0.029109    -4.244381
>structures/PheRS-Aβ_AF_Euk_Astyanax_mexicanus_gene103044481.pdb
-0.424280 -0.411188  0.806791    -2.367429
-0.292419 -0.781011 -0.551828    -0.187460
 0.857017 -0.470050  0.211129     1.878709
>structures/PheRS-Aβ_AF_Euk_Drosophila_melanogaster_gene42888.pdb
 1.000000  0.000000  0.000000     0.000000
 0.000000  1.000000  0.000000     0.000000
 0.000000  0.000000  1.000000     0.000000
>structures/PheRS-Aβ_PDB_Euk.B_H_sapiens_3L4G.pdb
-0.811336  0.370904 -0.451846     9.526591
 0.130961 -0.637972 -0.758841    68.405634
-0.569723 -0.674850  0.469036    81.592488
