>structures/PheRS-Aβ_AF_Arch_Candidatus_Nitrosopumilus_koreensis_AR1_gene13724457.pdb
 1.000000 -0.000000  0.000000     0.000000
 0.000000  1.000000  0.000000     0.000000
-0.000000  0.000000  1.000000     0.000000
>structures/PheRS-Aβ_AF_Arch_Halalkalicoccus_jeotgali_B3_gene9420006.pdb
-0.098267  0.287156 -0.952830     1.443651
-0.313472 -0.917654 -0.244226     2.890442
-0.944499  0.274686  0.180191    -0.536158
>structures/PheRS-Aβ_AF_Arch_Sulfolobus_islandicus_YG5714_gene7807969.pdb
 0.987702 -0.013485 -0.155767     0.286013
-0.010045  0.988743 -0.149290    -3.089839
 0.156027  0.149018  0.976447    -1.328629
>structures/PheRS-Aβ_AF_Arch_Thermoplasma_volcanium_GSS1_gene1441711.pdb
-0.146701 -0.435560  0.888125     0.665249
-0.624143 -0.655792 -0.424714     1.941865
 0.767414 -0.616623 -0.175646     1.612218
>structures/PheRS-Aβ_AF_Euk_Astyanax_mexicanus_gene103044481.pdb
-0.837760 -0.525560  0.148139    -2.953354
-0.529768  0.716578 -0.453720    -3.596122
 0.132304 -0.458587 -0.878745    -3.042540
>structures/PheRS-Aβ_AF_Euk_Drosophila_melanogaster_gene42888.pdb
 0.690916  0.574794 -0.438461    -0.356254
-0.433247 -0.156313 -0.887616    -3.151060
-0.578733  0.803230  0.141029    -4.518491
>structures/PheRS-Aβ_AF_Euk_Plasmodium_falciparum_3D7_gene810604.pdb
 0.977943 -0.202363 -0.051743     4.005301
 0.207485  0.969673  0.129167    -2.047495
 0.024035 -0.137054  0.990272    -1.088769
>structures/PheRS-Aβ_AF_Euk_Saccharomyces_cerevisiae_S288C_gene850749.pdb
 0.106622 -0.524922 -0.844446     3.901180
 0.498965 -0.706360  0.502086     3.107680
-0.860038 -0.474882  0.186604     0.415515
>structures/PheRS-Aβ_PDB_Euk.B_H_sapiens_3L4G.pdb
-0.239517  0.187116 -0.952690     9.684825
 0.838823  0.533982 -0.106011   -89.939973
 0.488884 -0.824530 -0.284855    56.873970
