>structures/TrpRS-B_AF_Bact_Anoxybacillus_flavithermus_WK1_gene7038388.pdb
 0.908066 -0.392041 -0.147378     1.571324
 0.418664  0.839835  0.345539     2.623616
-0.011692 -0.375474  0.926759     0.485079
>structures/TrpRS-B_AF_Bact_Brachyspira_pilosicoli_95_1000_gene56440833.pdb
-0.012627 -0.063315  0.997914    -3.299672
 0.096246 -0.993436 -0.061813     2.863857
 0.995277  0.095265  0.018638    -2.783261
>structures/TrpRS-B_AF_Bact_Helicobacter_cinaedi_PAGU611_gene66538868.pdb
 0.975833 -0.218286  0.010031     1.628761
 0.215673  0.969501  0.116420     1.503307
-0.035137 -0.111443  0.993149     0.371394
>structures/TrpRS-B_AF_Bact_Mycoplasma_hyopneumoniae_168-L_gene57101461.pdb
 1.000000  0.000000  0.000000     0.000000
 0.000000  1.000000  0.000000     0.000000
 0.000000  0.000000  1.000000     0.000000
>structures/TrpRS-B_AF_Bact_Porphyromonas_gingivalis_ATCC_33277_gene29255389.pdb
-0.072655  0.810549 -0.581146    -4.001446
-0.358103 -0.565032 -0.743304     2.400857
-0.930851  0.154106  0.331312    -1.569602
>structures/TrpRS-B_AF_Bact_Prochlorococcus_marinus_subsp_marinus_str_CCMP1375_gene54200405.pdb
-0.991333 -0.125202 -0.039799    -7.870676
-0.131067  0.963273  0.234365     0.247455
 0.008994  0.237550 -0.971334    -5.188454
>structures/TrpRS-B_AF_Bact_Streptomyces_albidoflavus_gene15147734.pdb
 0.246103  0.929152 -0.275881    -2.503916
-0.629995 -0.062961 -0.774043     2.788498
-0.736573  0.364298  0.569866    -2.280648
>structures/TrpRS-B_AF_Bact_Thermus_thermophilus_HB8_gene3168998.pdb
-0.763192 -0.640464 -0.085695    -3.270423
-0.612449  0.759257 -0.220079     3.016546
 0.206017 -0.115479 -0.971711    -2.023539
>structures/TrpRS-B_AF_Mito_Bufo_gargarizans_gene122922343.pdb
-0.274727 -0.910063  0.310338    -4.219946
-0.773253  0.017276 -0.633863     2.878268
 0.571494 -0.414109 -0.708455    -1.701042
>structures/TrpRS-B_AF_Mito_Cyanidioschyzon_merolae_strain_10D_gene16992222.pdb
 0.072295 -0.034899  0.996773    -0.224864
-0.098291 -0.994772 -0.027700     4.691344
 0.992528 -0.095971 -0.075348     2.591641
>structures/TrpRS-B_PDB_Bact_G_stearo_1I6M.pdb
-0.655759  0.050264  0.753295     1.594603
 0.471901  0.806134  0.357011   -54.047206
-0.589312  0.589594 -0.552349    40.952278
>structures/TrpRS-B_PDB_Bact_Y_pestis_3N9I.pdb
-0.356321 -0.432094  0.828451    26.422817
-0.265504 -0.803275 -0.533158    78.394812
 0.895848 -0.409932  0.171501    -5.125986
