>structures/TrpRS-B_AF_Bact_Anoxybacillus_flavithermus_WK1_gene7038388.pdb
 0.907885 -0.392095 -0.148342     1.562209
 0.419080  0.839789  0.345147     2.620176
-0.010755 -0.375521  0.926751     0.487806
>structures/TrpRS-B_AF_Bact_Brachyspira_pilosicoli_95_1000_gene56440833.pdb
-0.012346 -0.065269  0.997791    -3.312168
 0.095059 -0.993425 -0.063807     2.860256
 0.995395  0.094061  0.018469    -2.786245
>structures/TrpRS-B_AF_Bact_Helicobacter_cinaedi_PAGU611_gene66538868.pdb
 0.975721 -0.218781  0.010162     1.627897
 0.216217  0.969604  0.114536     1.488417
-0.034911 -0.109558  0.993367     0.373697
>structures/TrpRS-B_AF_Bact_Mycoplasma_hyopneumoniae_168-L_gene57101461.pdb
 1.000000  0.000000  0.000000     0.000000
 0.000000  1.000000  0.000000     0.000000
 0.000000  0.000000  1.000000     0.000000
>structures/TrpRS-B_AF_Bact_Porphyromonas_gingivalis_ATCC_33277_gene29255389.pdb
-0.072316  0.810545 -0.581194    -3.989585
-0.358353 -0.564924 -0.743266     2.393470
-0.930781  0.154522  0.331314    -1.555708
>structures/TrpRS-B_AF_Bact_Prochlorococcus_marinus_subsp_marinus_str_CCMP1375_gene54200405.pdb
-0.991133 -0.126273 -0.041352    -7.880522
-0.132500  0.962529  0.236606     0.277281
 0.009926  0.239987 -0.970725    -5.185005
>structures/TrpRS-B_AF_Bact_Streptomyces_albidoflavus_gene15147734.pdb
 0.246321  0.929054 -0.276015    -2.505191
-0.630194 -0.062834 -0.773891     2.789652
-0.736330  0.364569  0.570007    -2.282247
>structures/TrpRS-B_AF_Bact_Thermus_thermophilus_HB8_gene3168998.pdb
-0.763018 -0.640804 -0.084702    -3.279278
-0.613076  0.758985 -0.219269     3.007453
 0.204796 -0.115378 -0.971981    -2.023847
>structures/TrpRS-B_AF_Mito_Bufo_gargarizans_gene122922343.pdb
-0.274273 -0.910318  0.309992    -4.217496
-0.774068  0.017714 -0.632855     2.869748
 0.570608 -0.413530 -0.709506    -1.695876
>structures/TrpRS-B_AF_Mito_Cyanidioschyzon_merolae_strain_10D_gene16992222.pdb
 0.072208 -0.034571  0.996790    -0.227628
-0.099162 -0.994696 -0.027315     4.681311
 0.992448 -0.096872 -0.075253     2.594030
>structures/TrpRS-B_PDB_Bact_G_stearo_1I6M.pdb
-0.656061  0.050412  0.753022     1.615056
 0.471619  0.806343  0.356911   -54.028969
-0.589202  0.589295 -0.552786    40.972951
>structures/TrpRS-B_PDB_Bact_Y_pestis_3N9I.pdb
-0.357353 -0.430889  0.828633    26.353410
-0.266617 -0.803235 -0.532662    78.411145
 0.895106 -0.411276  0.172156    -5.012496
