>../../../../class1/met//data/domains/Catalytic_domain/structures/MetRS_AF_Arch_Aciduliprofundum_boonei_T469_gene8827030.pdb
 0.740583  0.075165 -0.667747    -8.628513
 0.015946 -0.995410 -0.094363     4.994939
-0.671775  0.059236 -0.738383     0.609392
>../../../../class1/met//data/domains/Catalytic_domain/structures/MetRS_AF_Arch_Candidatus_Korarchaeum_cryptofilum_OPF8_gene6093355.pdb
 0.612393  0.171747 -0.771672    -9.481078
 0.114957  0.946395  0.301863     3.983239
 0.782151 -0.273568  0.559822    -3.233498
>../../../../class1/met//data/domains/Catalytic_domain/structures/MetRS_AF_Arch_Candidatus_Nitrosopumilus_sediminis_gene13696902.pdb
-0.539469 -0.232045  0.809400    -9.793624
 0.796381  0.171519  0.579964     7.406011
-0.273405  0.957464  0.092267    -2.679708
>../../../../class1/met//data/domains/Catalytic_domain/structures/MetRS_AF_Arch_Halalkalicoccus_jeotgali_B3_gene9420443.pdb
 0.803517  0.011116 -0.595178    -7.706105
-0.100796 -0.982848 -0.154435     7.345641
-0.586687  0.184082 -0.788614    -1.924323
>../../../../class1/met//data/domains/Catalytic_domain/structures/MetRS_AF_Bact_Bacillus_anthracis_str_Ames_Ancestor_gene45024892.pdb
-0.953310 -0.047623  0.298215    -8.402329
-0.247529 -0.442479 -0.861940     6.484360
 0.173002 -0.895513  0.410032    -2.687698
>../../../../class1/met//data/domains/Catalytic_domain/structures/MetRS_AF_Bact_Brucella_suis_1330_gene45052047.pdb
 0.597631  0.220890 -0.770743   -10.989944
-0.036856  0.967853  0.248803     7.440884
 0.800924 -0.120286  0.586560    -4.483713
>../../../../class1/met//data/domains/Catalytic_domain/structures/MetRS_AF_Bact_Chlamydia_psittaci_6BC_gene12243105.pdb
 0.517621 -0.239642 -0.821365    -9.249445
-0.736091 -0.614092 -0.284713    11.206111
-0.436164  0.751972 -0.494265    -5.460332
>../../../../class1/met//data/domains/Catalytic_domain/structures/MetRS_AF_Bact_Mycoplasma_hyopneumoniae_168-L_gene57101263.pdb
 0.595086  0.078048 -0.799863    -9.647932
-0.492393 -0.751182 -0.439631     9.946390
-0.635155  0.655465 -0.408587    -2.792118
>../../../../class1/met//data/domains/Catalytic_domain/structures/MetRS_AF_Bact_Nocardia_farcinica_IFM_10152_gene61135500.pdb
 0.484284  0.164629 -0.859282   -11.727451
-0.623060  0.754390 -0.206619     8.322850
 0.614219  0.635447  0.467913    -5.246665
>../../../../class1/met//data/domains/Catalytic_domain/structures/MetRS_AF_Bact_Prochlorococcus_marinus_subsp_marinus_str_CCMP1375_gene54200313.pdb
-0.583784 -0.338423  0.738015   -10.946083
 0.749653 -0.573754  0.329890     8.444860
 0.311797  0.745839  0.588648    -4.003584
>../../../../class1/met//data/domains/Catalytic_domain/structures/MetRS_AF_Bact_Streptobacillus_moniliformis_DSM_12112_gene29673607.pdb
-0.945901 -0.014998  0.324108   -11.232026
-0.212807  0.782726 -0.584852     7.796397
-0.244917 -0.622185 -0.743573    -0.514587
>../../../../class1/met//data/domains/Catalytic_domain/structures/MetRS_AF_Bact_Treponema_denticola_ATCC_35405_gene2740824.pdb
-0.512785  0.004546  0.858505   -10.736641
 0.839120 -0.208713  0.502311     5.532819
 0.181465  0.977966  0.103210    -4.816164
>../../../../class1/met//data/domains/Catalytic_domain/structures/MetRS_AF_Euk_Drosophila_melanogaster_gene37177.pdb
 0.700862 -0.253693 -0.666657    -9.233327
 0.029439 -0.923530  0.382395    16.043008
-0.712689 -0.287632 -0.639799    -4.391533
>../../../../class1/met//data/domains/Catalytic_domain/structures/MetRS_AF_Euk_Oryza_sativa_Japonica_Group_gene4341140.pdb
 0.806604  0.016377 -0.590865    -7.110654
 0.447209 -0.670558  0.591910    12.709241
-0.386515 -0.741677 -0.548199    -0.645839
>../../../../class1/met//data/domains/Catalytic_domain/structures/MetRS_AF_Euk_Scheffersomyces_stipitis_CBS_6054_gene4836672.pdb
-0.566646 -0.255618  0.783308   -18.105920
 0.674946  0.401284  0.619208     8.653077
-0.472610  0.879563 -0.054857    -4.920933
>../../../../class1/met//data/domains/Catalytic_domain/structures/MetRS_AF_Euk_Trypanosoma_brucei_brucei_TREU927_gene3662741.pdb
-0.845015  0.094226  0.526375   -13.676705
-0.307975  0.718951 -0.623106     9.592030
-0.437151 -0.688644 -0.578505    -4.185912
>../../../../class1/met//data/domains/Catalytic_domain/structures/MetRS_AF_Mito_Arvicanthis_niloticus_gene117706247.pdb
-0.669767 -0.077680  0.738497   -12.814153
 0.119249  0.970354  0.210219     9.549859
-0.732934  0.228863 -0.640648    -2.267560
>../../../../class1/met//data/domains/Catalytic_domain/structures/MetRS_AF_Mito_Brachypodium_distachyon_gene100843706.pdb
 0.675545  0.075577 -0.733435   -10.726332
-0.152808 -0.958784 -0.239546     8.699024
-0.721310  0.273899 -0.636154    -2.323565
>../../../../class1/met//data/domains/Catalytic_domain/structures/MetRS_PDB_Arch_P_abyssi_1RQG.pdb
-0.940155  0.072592  0.332924   -25.389460
-0.234994  0.569396 -0.787760    70.882521
-0.246751 -0.818852 -0.518262    71.676597
>../../../../class1/met//data/domains/Catalytic_domain/structures/MetRS_PDB_Bact_E_coli_1PFV.pdb
 0.121715  0.298904 -0.946489    16.799617
-0.682025  0.717990  0.139038     2.545319
 0.721129  0.628606  0.291250   -23.029029
>../../../../class1/met//data/domains/Catalytic_domain/structures/MetRS_PDB_Bact_T_therm_1WOY.pdb
 0.381204 -0.818793 -0.429257    26.203233
 0.232772  0.534365 -0.812571   121.467771
 0.894707  0.209836  0.394294   -49.229892
>../../../../class1/trp//data/domains/Catalytic_domain/structures/TrpRS_AF_Arch_Natrialba_magadii_ATCC_43099_gene8824932.pdb
-0.956197  0.246979 -0.157126    -4.085518
 0.134557  0.847551  0.513373     6.586847
 0.259965  0.469743 -0.843659    -0.186463
>../../../../class1/trp//data/domains/Catalytic_domain/structures/TrpRS_AF_Arch_Nitrosopumilus_maritimus_SCM1_gene5773245.pdb
-0.971074  0.082240 -0.224170    -4.476444
-0.006069  0.930012  0.367480     6.538520
 0.238703  0.358210 -0.902611     2.018052
>../../../../class1/trp//data/domains/Catalytic_domain/structures/TrpRS_AF_Arch_Sulfolobus_islandicus_M1627_gene7814138.pdb
 0.997079 -0.039140  0.065586    -1.083373
 0.026950  0.983774  0.177378     4.837384
-0.071465 -0.175092  0.981955     1.604806
>../../../../class1/trp//data/domains/Catalytic_domain/structures/TrpRS_AF_Arch_Thermoplasma_acidophilum_DSM_1728_gene1456706.pdb
 0.131670 -0.588140  0.797969    -1.989197
-0.916747 -0.378506 -0.127707    10.454915
 0.377145 -0.714720 -0.589013    -2.090344
>../../../../class1/trp//data/domains/Catalytic_domain/structures/TrpRS_AF_Bact_Anoxybacillus_flavithermus_WK1_gene7038388.pdb
 0.907759 -0.392889 -0.147008     1.563186
 0.419311  0.839547  0.345456     2.618629
-0.012306 -0.375233  0.926849     0.497829
>../../../../class1/trp//data/domains/Catalytic_domain/structures/TrpRS_AF_Bact_Brachyspira_pilosicoli_95_1000_gene56440833.pdb
-0.013182 -0.064801  0.997811    -3.286683
 0.095272 -0.993439 -0.063258     2.879949
 0.995364  0.094230  0.019269    -2.787209
>../../../../class1/trp//data/domains/Catalytic_domain/structures/TrpRS_AF_Bact_Helicobacter_cinaedi_PAGU611_gene66538868.pdb
 0.975802 -0.218441  0.009722     1.628525
 0.215843  0.969401  0.116931     1.504006
-0.034968 -0.112003  0.993092     0.366590
>../../../../class1/trp//data/domains/Catalytic_domain/structures/TrpRS_AF_Bact_Mycoplasma_hyopneumoniae_168-L_gene57101461.pdb
 1.000000  0.000000  0.000000     0.000000
 0.000000  1.000000  0.000000     0.000000
 0.000000  0.000000  1.000000    -0.000000
>../../../../class1/trp//data/domains/Catalytic_domain/structures/TrpRS_AF_Bact_Porphyromonas_gingivalis_ATCC_33277_gene29255389.pdb
-0.072372  0.810708 -0.580960    -3.993706
-0.358438 -0.564714 -0.743384     2.393379
-0.930744  0.154438  0.331458    -1.556476
>../../../../class1/trp//data/domains/Catalytic_domain/structures/TrpRS_AF_Bact_Prochlorococcus_marinus_subsp_marinus_str_CCMP1375_gene54200405.pdb
-0.991303 -0.125371 -0.039998    -7.873792
-0.131278  0.963262  0.234293     0.245217
 0.009154  0.237506 -0.971343    -5.187191
>../../../../class1/trp//data/domains/Catalytic_domain/structures/TrpRS_AF_Bact_Streptomyces_albidoflavus_gene15147734.pdb
 0.247584  0.928896 -0.275417    -2.503371
-0.631503 -0.060871 -0.772981     2.771229
-0.734783  0.365304  0.571530    -2.297768
>../../../../class1/trp//data/domains/Catalytic_domain/structures/TrpRS_AF_Bact_Thermus_thermophilus_HB8_gene3168998.pdb
-0.762872 -0.640839 -0.085741    -3.275416
-0.612742  0.758917 -0.220438     3.012192
 0.206335 -0.115629 -0.971625    -2.023769
>../../../../class1/trp//data/domains/Catalytic_domain/structures/TrpRS_AF_Euk_Cryptococcus_neoformans_var_neoformans_JEC21_gene3254069.pdb
 0.387552 -0.744893  0.543083    -4.950249
-0.538877 -0.661045 -0.522141     6.081960
 0.747941 -0.090298 -0.657594    -0.118994
>../../../../class1/trp//data/domains/Catalytic_domain/structures/TrpRS_AF_Euk_Cyanidioschyzon_merolae_strain_10D_gene16993299.pdb
-0.764167 -0.595795 -0.247139    -5.104910
-0.562548  0.803059 -0.196561     5.923219
 0.315578 -0.011178 -0.948834     1.360315
>../../../../class1/trp//data/domains/Catalytic_domain/structures/TrpRS_AF_Euk_Drosophila_melanogaster_gene45399.pdb
-0.936438 -0.298820 -0.183820    -9.551122
-0.286771  0.953799 -0.089607     3.140928
 0.202104 -0.031197 -0.978867    -1.100216
>../../../../class1/trp//data/domains/Catalytic_domain/structures/TrpRS_AF_Euk_Saccharomyces_cerevisiae_S288C_gene854056.pdb
 0.189120  0.519306  0.833399    -5.224984
 0.401045 -0.815552  0.417178     6.383461
 0.896324  0.255334 -0.362503    -0.718853
>../../../../class1/trp//data/domains/Catalytic_domain/structures/TrpRS_AF_Mito_Bufo_gargarizans_gene122922343.pdb
-0.274207 -0.910192  0.310421    -4.226237
-0.773311  0.016811 -0.633804     2.874934
 0.571665 -0.413845 -0.708471    -1.699165
>../../../../class1/trp//data/domains/Catalytic_domain/structures/TrpRS_AF_Mito_Cyanidioschyzon_merolae_strain_10D_gene16992222.pdb
 0.071662 -0.033896  0.996853    -0.229705
-0.096368 -0.994982 -0.026905     4.690206
 0.992763 -0.094137 -0.074569     2.576289
>../../../../class1/trp//data/domains/Catalytic_domain/structures/TrpRS_PDB_Arch_P_hori_3JXE.pdb
 0.932912 -0.057773  0.355439    32.388295
 0.358227  0.048256 -0.932386    26.507097
 0.036714  0.997163  0.065714   -27.158689
>../../../../class1/trp//data/domains/Catalytic_domain/structures/TrpRS_PDB_Bact_G_stearo_1I6M.pdb
-0.656229  0.049884  0.752911     1.638310
 0.471221  0.806412  0.357282   -54.033566
-0.589334  0.589246 -0.552697    40.976783
>../../../../class1/trp//data/domains/Catalytic_domain/structures/TrpRS_PDB_Euk_S_Cerevisiae_3KT3.pdb
-0.197826 -0.820001 -0.537088   -23.773719
-0.947010  0.018430  0.320676  -133.983793
-0.253056  0.572065 -0.780195   -73.310323
