>structures/PheRS-Bβ_AF_Bact_Brachyspira_pilosicoli_95_1000_gene56440382.pdb
-0.443602 -0.809120 -0.385412   -23.278734
-0.184561  0.503296 -0.844174    -5.364731
 0.877015 -0.303345 -0.372595    42.481985
>structures/PheRS-Bβ_AF_Bact_Chlamydia_psittaci_6BC_gene12242429.pdb
 0.800568  0.277177  0.531284   -30.324885
 0.502408 -0.793696 -0.342976    -2.598838
 0.326613  0.541498 -0.774664    40.442734
>structures/PheRS-Bβ_AF_Bact_Ferrimonas_balearica_DSM_9799_gene67181907.pdb
-0.407098  0.873200 -0.267940   -19.855485
 0.899255  0.434566  0.049929   -10.175952
 0.160035 -0.220621 -0.962141    45.165653
>structures/PheRS-Bβ_AF_Bact_Lacticaseibacillus_paracasei_gene61269867.pdb
-0.242920 -0.929136 -0.278740   -24.590619
-0.368948  0.354247 -0.859294    -3.716075
 0.897144 -0.105899 -0.428857    38.077970
>structures/PheRS-Bβ_AF_Bact_Mycobacterium_intracellulare_ATCC_13950_gene11909688.pdb
 0.359502  0.915081  0.182716   -25.622609
 0.928822 -0.369734  0.024209    -8.743347
 0.089709  0.161008 -0.982868    43.481170
>structures/PheRS-Bβ_AF_Bact_Mycoplasma_hyopneumoniae_168-L_gene57101148.pdb
 0.354141 -0.911769  0.207993   -10.814025
-0.245138 -0.305135 -0.920217   -16.361692
 0.902492  0.274900 -0.331570    40.434426
>structures/PheRS-Bβ_AF_Bact_Porphyromonas_gingivalis_ATCC_33277_gene29257179.pdb
 0.699678 -0.282265  0.656336   -29.107446
-0.378787  0.632358  0.675754    -8.337753
-0.605781 -0.721422  0.335529    47.333325
>structures/PheRS-Bβ_AF_Bact_Prochlorococcus_marinus_subsp_marinus_str_CCMP1375_gene54200309.pdb
 0.761697  0.129184  0.634925   -28.716476
 0.401433 -0.863280 -0.305939    -6.384660
 0.508596  0.487913 -0.709416    41.661151
>structures/PheRS-Bβ_AF_Euk_Didymosphenia_geminata_gene19740299.pdb
 0.714039 -0.657810  0.239656   -37.952216
-0.108782 -0.442400 -0.890196    -3.093630
 0.691603  0.609564 -0.387449    45.114911
>structures/PheRS-Bβ_AF_Euk_Gracilariopsis_tenuifrons_gene68635617.pdb
-0.285037 -0.433639 -0.854817   -18.195981
-0.275190 -0.817245  0.506341    -8.993841
-0.918164  0.379562  0.113612    46.709810
>structures/PheRS-Bβ_PDB_Bact.B_E_coli_3PCO.pdb
 0.999974 -0.006098 -0.003883     0.562684
 0.006109  0.999977  0.002886    -0.142792
 0.003866 -0.002909  0.999988     0.139972
>structures/PheRS-Bβ_PDB_Bact.B_T_thermophilus_1PYS.pdb
 0.247225 -0.123583  0.961045   -35.847067
-0.465426 -0.885067  0.005916    50.150397
 0.849858 -0.448758 -0.276329    75.042081
