>structures/Arg_Arch_2ZUF_P.hori.pdb
 0.844669  0.527705 -0.089793   -17.079848
-0.479090  0.670452 -0.566540    46.228164
-0.238763  0.521557  0.819128    23.884914
>structures/Cys_Bact_3C8Z_M_smegmatis.pdb
 0.161483  0.205697 -0.965201   -25.381703
 0.539735  0.800394  0.260875   -13.410905
 0.826202 -0.563079  0.018228    38.590693
>structures/Glu_Bact_1J09_T_therm.pdb
-0.118408  0.915517  0.384459   -14.194655
-0.660339 -0.361760  0.658090    55.984627
 0.741574 -0.175950  0.647386    17.383301
>structures/Ile_Euk_7D5C_S_cere.pdb
 1.000000 -0.000000  0.000000     0.000000
 0.000000  1.000000  0.000000     0.000000
-0.000000  0.000000  1.000000     0.000000
>structures/Leu_Bact_2V0C_T_therm.pdb
-0.101170  0.933177 -0.344885    48.307022
-0.729490 -0.305299 -0.612076    22.719874
-0.676468  0.189667  0.711630    45.396695
>structures/Lys_Arch_1IRX_P_hori.pdb
 0.249376 -0.720308  0.647277   -13.385796
-0.958954 -0.090515  0.268728    55.697714
-0.134978 -0.687723 -0.713314   144.108921
>structures/Met_Bact_1PFV_E_coli.pdb
 0.630210 -0.657261 -0.413331    16.548540
 0.142969 -0.425013  0.893825    -6.423594
-0.763148 -0.622391 -0.173880    67.896637
>structures/Valyl.A.Candidatus_Korarchaeota.NC_010482.1.pdb
-0.364037  0.728421  0.580413     2.651371
 0.509034  0.677470 -0.530960     6.084261
-0.779975  0.102161 -0.617416    41.320327
