>structures/SerRS_AF_Arch_Candidatus_Methanomassiliicoccus_intestinalis_Issoire-Mx1_gene16154337.pdb
-0.126617  0.555242 -0.821994    -0.546442
-0.559207 -0.724389 -0.403173     4.266364
-0.819302  0.408616  0.402216    -0.008316
>structures/SerRS_AF_Arch_Methanospirillum_hungatei_JF-1_gene3924775.pdb
 0.981072 -0.192929  0.016635     1.813070
 0.188023  0.969618  0.156485    -0.179011
-0.046320 -0.150396  0.987540     0.312788
>structures/SerRS_AF_Arch_Nitrosopumilus_maritimus_SCM1_gene5773574.pdb
-0.993713  0.060455 -0.094236    -3.499231
 0.038900  0.975680  0.215721     0.355343
 0.104985  0.210699 -0.971897    -1.650147
>structures/SerRS_AF_Arch_Thermoproteus_uzoniensis_768-20_gene10361450.pdb
-0.869224  0.485130  0.095388    -5.259353
 0.468211  0.745701  0.474034     2.174534
 0.158837  0.456704 -0.875324    -0.979670
>structures/SerRS_AF_Bact_Bifidobacterium_longum_subsp_longum_JCM_1217_gene69578844.pdb
-0.039755 -0.648773 -0.759943     2.433103
 0.565286 -0.641738  0.518289     2.852096
-0.823936 -0.408981  0.392255     2.124714
>structures/SerRS_AF_Bact_Brucella_suis_1330_gene45051948.pdb
-0.598063  0.785183  0.160654     0.015211
 0.726176  0.446079  0.523146     0.381502
 0.339101  0.429537 -0.836964    -1.198103
>structures/SerRS_AF_Bact_Chlamydia_psittaci_6BC_gene12242544.pdb
 0.840617  0.540186 -0.039529    -1.189451
-0.503732  0.752895 -0.423559     1.355275
-0.199039  0.375963  0.905006     0.176214
>structures/SerRS_AF_Bact_Clostridium_acetobutylicum_DSM_1731_gene44996495.pdb
-0.973518  0.227110 -0.026164     1.999017
 0.223453  0.969472  0.100961    -1.206513
 0.048295  0.092441 -0.994546     0.253465
>structures/SerRS_AF_Bact_Mycoplasma_hyopneumoniae_168-L_gene57101125.pdb
 0.934123  0.287290  0.211847     1.001958
-0.295740  0.955229  0.008636     2.899200
-0.199881 -0.070719  0.977265    -0.610937
>structures/SerRS_AF_Bact_Prochlorococcus_marinus_subsp_marinus_str_CCMP1375_gene54200639.pdb
-0.564676  0.682195  0.464490    -1.253504
 0.705820  0.107490  0.700188     6.618851
 0.427737  0.723226 -0.542204    -0.467310
>structures/SerRS_AF_Bact_Streptobacillus_moniliformis_DSM_12112_gene29673293.pdb
-0.696471  0.707193  0.121681     0.097078
 0.660112  0.564916  0.495097    -0.356762
 0.281390  0.425144 -0.860275    -0.511350
>structures/SerRS_AF_Bact_Treponema_pallidum_subsp_pertenue_str_SamoaD_gene57879171.pdb
 0.999907 -0.000907  0.013595    -0.032936
 0.000685  0.999867  0.016313    -0.091638
-0.013608 -0.016302  0.999775     0.250665
>structures/SerRS_AF_Euk_Cyanidioschyzon_merolae_strain_10D_gene16995416.pdb
 0.695505 -0.685966 -0.213831     1.968694
 0.670256  0.512158  0.537077     0.172857
-0.258901 -0.516861  0.815981     1.491865
>structures/SerRS_AF_Euk_Thunnus_albacares_gene122982782.pdb
 0.017952 -0.678884 -0.734026     3.700193
 0.671061 -0.536043  0.512186     3.065573
-0.741184 -0.501771  0.445950     0.287865
>structures/SerRS_AF_Euk_Trichomonas_vaginalis_G3_gene4762654.pdb
 0.885395  0.201487  0.418901     1.054235
-0.135951  0.974014 -0.181144     2.116133
-0.444514  0.103434  0.889780     0.419812
>structures/SerRS_AF_Euk_Vitis_vinifera_gene100261399.pdb
 0.265672 -0.803353 -0.532956     2.576757
 0.743773 -0.180926  0.643481     1.883284
-0.613368 -0.567353  0.549445     1.685170
>structures/SerRS_AF_Mito_Cervus_elaphus_gene122688911.pdb
-0.472519  0.744247  0.472040    -1.633573
 0.740707  0.045125  0.670311     8.146494
 0.477576  0.666378 -0.572592    -0.661705
>structures/SerRS_AF_Mito_Drechmeria_coniospora_gene63718051.pdb
 0.795968  0.561908  0.225154     1.342631
-0.520027  0.825117 -0.220802     3.237013
-0.309849  0.058666  0.948974    -0.551444
>structures/SerRS_PDB_Bact_K_pneumoniae_6h9x.pdb
-0.269455  0.501521 -0.822114     6.842162
-0.905674  0.158203  0.393353     0.945393
 0.327335  0.850558  0.411586    34.656177
>structures/SerRS_PDB_Bact_T_thermophilus_1ser.pdb
 0.785408 -0.515463  0.342685   -83.989084
-0.618900 -0.662838  0.421437    99.360051
 0.009910 -0.543087 -0.839618    70.781045
>structures/SerRS_PDB_Euk_B_taurus_1wle.pdb
 0.106881  0.057591  0.992603   -80.072025
-0.991025  0.086783  0.101676    63.534099
-0.080285 -0.994561  0.066349    37.209573
