>structures/TrpRS-B_AF_Bact_Anoxybacillus_flavithermus_WK1_gene7038388.pdb
-0.941458 -0.327090  0.081662    -2.800488
-0.295451  0.917162  0.267436    -3.346157
-0.162373  0.227653 -0.960109    -2.773718
>structures/TrpRS-B_AF_Bact_Brachyspira_pilosicoli_95_1000_gene56440833.pdb
 0.096760  0.703623 -0.703955    -0.278652
-0.011080 -0.706468 -0.707658     0.123578
-0.995246  0.076273 -0.060562    -0.087677
>structures/TrpRS-B_AF_Bact_Helicobacter_cinaedi_PAGU611_gene66538868.pdb
-0.866992 -0.478100  0.140516    -1.787132
-0.490719  0.868187 -0.073792    -4.438383
-0.086714 -0.132931 -0.987325    -2.029386
>structures/TrpRS-B_AF_Bact_Mycoplasma_hyopneumoniae_168-L_gene57101461.pdb
-0.750747 -0.641217  0.158807    -0.641166
-0.658833  0.744312 -0.109261    -4.713270
-0.048142 -0.186655 -0.981245    -2.261026
>structures/TrpRS-B_AF_Bact_Porphyromonas_gingivalis_ATCC_33277_gene29255389.pdb
 0.098291 -0.221722  0.970143     1.025136
-0.117889 -0.970594 -0.209881     0.135669
 0.988150 -0.093740 -0.121539    -0.340916
>structures/TrpRS-B_AF_Bact_Prochlorococcus_marinus_subsp_marinus_str_CCMP1375_gene54200405.pdb
 0.838631 -0.455023 -0.299419     4.603793
 0.539873  0.767370  0.345949     1.165422
 0.072351 -0.451772  0.889195     3.703980
>structures/TrpRS-B_AF_Bact_Streptomyces_albidoflavus_gene15147734.pdb
 0.079289 -0.577973  0.812195    -0.415944
-0.530375 -0.714327 -0.456552    -0.621643
 0.844047 -0.394568 -0.363181     0.111712
>structures/TrpRS-B_AF_Bact_Thermus_thermophilus_HB8_gene3168998.pdb
 1.000000  0.000000  0.000000     0.000000
 0.000000  1.000000  0.000000     0.000000
 0.000000  0.000000  1.000000     0.000000
>structures/TrpRS-B_AF_Mito_Bufo_gargarizans_gene122922343.pdb
 0.807540  0.588536  0.038790     0.808708
-0.461500  0.671445 -0.579809     0.381330
-0.367285  0.450317  0.813828    -0.519601
>structures/TrpRS-B_AF_Mito_Cyanidioschyzon_merolae_strain_10D_gene16992222.pdb
 0.208932  0.629659 -0.748249    -2.445033
-0.279993 -0.694588 -0.662685    -1.453687
-0.936990  0.347961  0.031179    -4.970198
>structures/TrpRS-B_PDB_Bact_G_stearo_1I6M.pdb
 0.115881 -0.490307 -0.863811    37.347834
 0.848464  0.501017 -0.170559   -50.399703
 0.516410 -0.713149  0.474067   -34.119031
>structures/TrpRS-B_PDB_Bact_Y_pestis_3N9I.pdb
 0.616332  0.770896 -0.160792   -73.398331
 0.056820 -0.247185 -0.967301    33.804921
-0.785434  0.587042 -0.196150   -12.798588
