>../../../../class2/gly1//data/domains/Catalytic_domain/structures/GlyRS-A_AF_Arch_Candidatus_Nitrosopumilus_sediminis_gene13697160.pdb
 0.676021 -0.713724 -0.183285    -4.097768
 0.303438  0.042965  0.951882     2.160098
-0.671506 -0.699108  0.245616     3.606066
>../../../../class2/gly1//data/domains/Catalytic_domain/structures/GlyRS-A_AF_Arch_Candidatus_Woesearchaeota_archaeon_proteinMBT4248212.1.pdb
 0.315722  0.924574 -0.213268    -6.255519
-0.931782  0.259668 -0.253684     2.585865
-0.179170  0.278813  0.943484     3.446269
>../../../../class2/gly1//data/domains/Catalytic_domain/structures/GlyRS-A_AF_Arch_Sulfolobus_islandicus_YN1551_gene7810979.pdb
 0.165095  0.247280  0.954775    -2.722279
 0.605235 -0.789756  0.099887     3.742168
 0.778739  0.561372 -0.280047     4.029226
>../../../../class2/gly1//data/domains/Catalytic_domain/structures/GlyRS-A_AF_Arch_Thermoplasma_acidophilum_DSM_1728_gene1455843.pdb
 0.466900 -0.813981 -0.345600    -4.034781
 0.364281 -0.179076  0.913910     2.198294
-0.805794 -0.552600  0.212907     3.828009
>../../../../class2/gly1//data/domains/Catalytic_domain/structures/GlyRS-A_AF_Bact_Capnocytophaga_ochracea_DSM_7271_gene29675716.pdb
 0.191695  0.442252  0.876166    -5.177874
 0.895881 -0.443422  0.027812     2.102471
 0.400811  0.779609 -0.481207     4.825141
>../../../../class2/gly1//data/domains/Catalytic_domain/structures/GlyRS-A_AF_Bact_Corynebacterium_ulcerans_809_gene75260805.pdb
-0.560712  0.010128 -0.827949    -4.726400
-0.432126 -0.856532  0.282171     6.631358
-0.706307  0.515995  0.484644     3.898176
>../../../../class2/gly1//data/domains/Catalytic_domain/structures/GlyRS-A_AF_Bact_Treponema_denticola_ATCC_35405_gene2741635.pdb
 0.179900 -0.913163  0.365745    -6.774670
-0.222437 -0.399944 -0.889138     5.160806
 0.958205  0.078601 -0.275071     4.319735
>../../../../class2/gly1//data/domains/Catalytic_domain/structures/GlyRS-A_PDB_Bact_T_thermophilus_1ati.pdb
-0.915168 -0.080420 -0.394969    34.714910
-0.310821  0.764679  0.564497   -34.777747
 0.256628  0.639374 -0.724806    -1.784543
>../../../../class2/pyl//data/domains/Catalytic_domain/structures/PylRS_AF_Arch_Candidatus_Methanomassiliicoccus_intestinalis_Issoire-Mx1_gene16153983.pdb
 0.279954 -0.294419 -0.913752    -5.609851
 0.788475 -0.472467  0.393805     2.099702
-0.547662 -0.830718  0.099873    -0.489028
>../../../../class2/pyl//data/domains/Catalytic_domain/structures/PylRS_AF_Arch_Methanosalsum_zhilinae_DSM_4017_gene10822650.pdb
 1.000000  0.000000  0.000000     0.000000
 0.000000  1.000000  0.000000     0.000000
 0.000000  0.000000  1.000000     0.000000
>../../../../class2/pyl//data/domains/Catalytic_domain/structures/PylRS_AF_Arch_Unclassified_Candidatus_Bathyarchaeota_proteinUCH69683.1.pdb
-0.114518  0.276941  0.954039    -6.210361
 0.337048 -0.892562  0.299553     0.125372
 0.934497  0.355861  0.008872    -0.408982
>../../../../class2/pyl//data/domains/Catalytic_domain/structures/PylRS_AF_Bact_Unclassified_Actinobacteria_proteinMBU2601214.1.pdb
-0.137369  0.303156  0.942988    -6.407982
 0.345575 -0.877527  0.332452     0.066768
 0.928282  0.371542  0.015782     0.206562
>../../../../class2/pyl//data/domains/Catalytic_domain/structures/PylRS_AF_Bact_Unclassified_Aerophobetes_proteinMCD6471581.1.pdb
 0.010490  0.243404  0.969868    -6.602983
 0.208603 -0.949114  0.235939     0.724677
 0.977944  0.199843 -0.060731    -0.111740
>../../../../class2/pyl//data/domains/Catalytic_domain/structures/PylRS_AF_Bact_unclassified_Desulfosarcina_proteinMBC2741817.pdb
-0.135225  0.004039  0.990807    -0.342648
-0.075898 -0.997096 -0.006294     0.007488
 0.987904 -0.076051  0.135138    -4.495047
>../../../../class2/pyl//data/domains/Catalytic_domain/structures/PylRS_AF_Bact_unclassified_Lachnospiraceae_proteinHCE77498.1.pdb
 0.843851  0.525450 -0.108712    -3.798595
-0.473154  0.633122 -0.612602    -4.189031
-0.253064  0.568382  0.782879    -0.779631
>../../../../class2/pyl//data/domains/Catalytic_domain/structures/PylRS_PDB_Arch_M_mazei_2Q7E.pdb
-0.773510  0.384596 -0.503754     7.115540
 0.630618  0.546389 -0.551162   -14.013478
 0.063271 -0.744006 -0.665171    47.467688
>../../../../class2/pyl//data/domains/Catalytic_domain/structures/PylRS_PDB_Bact_D_hafniense_2ZNJ.pdb
 0.208674  0.227392 -0.951182   -46.828510
 0.169220  0.949529  0.264121    -5.029025
 0.963234 -0.216074  0.159663   -36.667403
