>../../../../class1/arg//data/domains/Catalytic_domain/structures/ArgRS_AF_Arch_NC_002689.2.pdb
-0.939555 -0.170530  0.296910    53.754931
 0.301704 -0.822348  0.482409    48.416859
 0.161898  0.542829  0.824091   118.200287
>../../../../class1/arg//data/domains/Catalytic_domain/structures/ArgRS_AF_Arch_NC_013158.1.pdb
 0.383246 -0.444785 -0.809499    54.710217
 0.065477  0.887295 -0.456531    45.313899
 0.921323  0.121960  0.369175   117.354452
>../../../../class1/arg//data/domains/Catalytic_domain/structures/ArgRS_AF_Arch_NC_018656.1.pdb
-0.857176 -0.363462  0.364891    52.361135
 0.514445 -0.570647  0.640085    46.620616
-0.024423  0.736381  0.676126   118.515780
>../../../../class1/arg//data/domains/Catalytic_domain/structures/ArgRS_AF_Arch_NC_020247.1.pdb
-0.755404 -0.596074  0.272141    49.372571
 0.348292 -0.013466  0.937289    46.551151
-0.555029  0.802817  0.217780   119.649387
>../../../../class1/arg//data/domains/Catalytic_domain/structures/ArgRS_AF_Bact_NC_002967.9.pdb
 0.327388  0.526153 -0.784844    50.141318
 0.933017 -0.048748  0.356516    53.152435
 0.149322 -0.848991 -0.506869   121.001905
>../../../../class1/arg//data/domains/Catalytic_domain/structures/ArgRS_AF_Bact_NC_005042.1.pdb
-0.822221  0.279805  0.495643    50.571892
-0.338446 -0.940491 -0.030513    47.874567
 0.457610 -0.192837  0.867990   122.521384
>../../../../class1/arg//data/domains/Catalytic_domain/structures/ArgRS_AF_Bact_NC_008095.1.pdb
-0.682333 -0.691558  0.237001    54.044672
 0.380392 -0.059021  0.922940    46.037474
-0.624278  0.719906  0.303335   120.202249
>../../../../class1/arg//data/domains/Catalytic_domain/structures/ArgRS_AF_Bact_NC_010729.1.pdb
 0.278506  0.163622 -0.946394    51.490944
 0.784355  0.529924  0.322440    50.354768
 0.554275 -0.832111  0.019249   123.454618
>../../../../class1/arg//data/domains/Catalytic_domain/structures/ArgRS_AF_Bact_NC_013515.1.pdb
-0.739257 -0.600562  0.304671    53.275358
 0.408776 -0.040651  0.911729    46.449632
-0.535165  0.798544  0.275546   118.999842
>../../../../class1/arg//data/domains/Catalytic_domain/structures/ArgRS_AF_Bact_NC_015687.1.pdb
-0.729673 -0.643839  0.230326    52.321612
 0.416999 -0.152021  0.896104    45.945293
-0.541932  0.749908  0.379405   118.416727
>../../../../class1/arg//data/domains/Catalytic_domain/structures/ArgRS_AF_Bact_NC_017317.1.pdb
-0.348857 -0.698721  0.624570    53.932770
-0.049751  0.679306  0.732167    47.246546
-0.935854  0.224349 -0.271743   120.414264
>../../../../class1/arg//data/domains/Catalytic_domain/structures/ArgRS_AF_Bact_NC_021283.1.pdb
-0.734453 -0.551804  0.395085    50.467484
 0.409975  0.103180  0.906242    46.439761
-0.540832  0.827567  0.150445   118.636332
>../../../../class1/arg//data/domains/Catalytic_domain/structures/ArgRS_AF_Euk_NC_001140.6.pdb
-0.728754  0.345660  0.591132    50.579901
-0.508023 -0.851743 -0.128247    46.628582
 0.459162 -0.393769  0.796314   123.793543
>../../../../class1/arg//data/domains/Catalytic_domain/structures/ArgRS_AF_Euk_NC_009356.1.pdb
 0.311077  0.398468 -0.862818    52.189739
 0.852787  0.283705  0.438482    49.864628
 0.419506 -0.872201 -0.251554   122.222207
>../../../../class1/arg//data/domains/Catalytic_domain/structures/ArgRS_AF_Euk_NC_009411.2.pdb
 0.035407  0.485533 -0.873501    50.326253
 0.979445  0.156820  0.126869    47.842674
 0.198581 -0.860038 -0.470000   118.779634
>../../../../class1/arg//data/domains/Catalytic_domain/structures/ArgRS_PDB_Arch_2ZUF.pdb
-0.863360 -0.494029 -0.102689    72.772097
-0.482819  0.867956 -0.116356    62.524920
 0.146613 -0.050877 -0.987885   144.948594
>../../../../class1/arg//data/domains/Catalytic_domain/structures/ArgRS_PDB_Bact_1IQ0.pdb
 0.786453  0.462949  0.408864    13.062736
 0.057232 -0.713740  0.698069    96.048364
 0.614992 -0.525599 -0.587819   149.553792
>../../../../class1/arg//data/domains/Catalytic_domain/structures/ArgRS_PDB_Bact_3FNR.pdb
 1.000000  0.000000  0.000000     0.000000
 0.000000  1.000000  0.000000     0.000000
 0.000000  0.000000  1.000000     0.000000
>../../../../class1/arg//data/domains/Catalytic_domain/structures/ArgRS_PDB_Bact_4oby.pdb
 0.318678 -0.422565  0.848459    55.765422
-0.752195  0.431926  0.497637    27.261489
-0.576756 -0.796793 -0.180206   189.960444
>../../../../class1/ile//data/domains/Catalytic_domain/structures/Ile_Bact_1ILE_T_therm.pdb
 0.506516 -0.859932 -0.062917    58.270553
-0.296144 -0.104975 -0.949357     2.778669
 0.809778  0.499497 -0.307836   129.342903
>../../../../class1/ile//data/domains/Catalytic_domain/structures/Ile_Bact_1QU2_S_aureus.pdb
-0.199786  0.978670 -0.047866   -29.355388
-0.590002 -0.081154  0.803313    -4.063762
 0.782294  0.188732  0.593630    36.016076
>../../../../class1/ile//data/domains/Catalytic_domain/structures/Ile_Euk_7D5C_S_cere.pdb
-0.957526 -0.189634 -0.217217    59.281231
-0.270075  0.853719  0.445223    18.022739
 0.101013  0.484978 -0.868673   148.029937
>../../../../class1/ile//data/domains/Catalytic_domain/structures/Isoleucyl.A.Candidatus_Korarchaeota.NC_010482.1.pdb
 0.997307 -0.071342  0.016975    46.610106
-0.025709 -0.556916 -0.830171    41.399216
 0.068680  0.827499 -0.557251   116.572071
>../../../../class1/ile//data/domains/Catalytic_domain/structures/Isoleucyl.A.Candidatus_Thermoplasmatota.NC_021592.1.pdb
-0.260711 -0.904740  0.336860    48.096923
 0.026485  0.342093  0.939293    40.376816
-0.965054  0.253805 -0.065225   120.137669
>../../../../class1/ile//data/domains/Catalytic_domain/structures/Isoleucyl.A.Euryarchaeota.NC_023013.1.pdb
 0.448700  0.840045 -0.304948    48.994171
 0.873520 -0.484327 -0.048887    45.808129
-0.188762 -0.244442 -0.951113   117.886415
>../../../../class1/ile//data/domains/Catalytic_domain/structures/Isoleucyl.A.Thaumarchaeota.NC_018656.1.pdb
 0.094821 -0.021328  0.995266    49.517870
-0.582306  0.809701  0.072829    37.738605
-0.807421 -0.586455  0.064357   123.265988
>../../../../class1/ile//data/domains/Catalytic_domain/structures/Isoleucyl.B.Actinobacteria.NC_012590.1.pdb
-0.695976  0.669032  0.260793    42.116914
-0.652497 -0.740863  0.159278    37.801741
 0.299774 -0.059313  0.952165   122.158472
>../../../../class1/ile//data/domains/Catalytic_domain/structures/Isoleucyl.B.Chlamydiae.NC_002620.2.pdb
 0.206032 -0.753246 -0.624637    49.580237
-0.000415  0.638264 -0.769817    38.486889
 0.978545  0.158866  0.131191   119.348947
>../../../../class1/ile//data/domains/Catalytic_domain/structures/Isoleucyl.B.Cyanobacteria.NC_005042.1.pdb
-0.069628 -0.872591  0.483464    45.790909
-0.241744  0.484954  0.840464    40.828982
-0.967839 -0.058355 -0.244710   119.574821
>../../../../class1/ile//data/domains/Catalytic_domain/structures/Isoleucyl.B.Deinococcus-Thermus.NC_006461.1.pdb
 0.335754 -0.842941 -0.420381    49.423284
 0.051290  0.461986 -0.885403    37.976889
 0.940552  0.275716  0.198348   117.483702
>../../../../class1/ile//data/domains/Catalytic_domain/structures/Isoleucyl.B.Firmicutes.NC_018631.1.pdb
-0.962055  0.272066 -0.020753    42.467176
-0.245278 -0.828991  0.502605    43.676204
 0.119538  0.488624  0.864267   119.277244
>../../../../class1/ile//data/domains/Catalytic_domain/structures/Isoleucyl.B.Fusobacteria.NC_013515.1.pdb
-0.688231  0.670799  0.276345    41.956899
-0.647540 -0.739741  0.182960    40.403136
 0.327153 -0.053025  0.943482   121.733063
>../../../../class1/ile//data/domains/Catalytic_domain/structures/Isoleucyl.B.Proteobacteria.NC_012751.1.pdb
-0.795342 -0.605063 -0.036475    44.959850
 0.084358 -0.170073  0.981814    45.362072
-0.600263  0.777801  0.186308   113.614744
>../../../../class1/ile//data/domains/Catalytic_domain/structures/Isoleucyl.B.Spirochaetes.NC_002967.9.pdb
-0.429469 -0.895115  0.119690    47.522548
 0.100085  0.084542  0.991381    39.006937
-0.897519  0.437746  0.053279   120.233016
>../../../../class1/ile//data/domains/Catalytic_domain/structures/Isoleucyl.E.Chlorophyta.NC_014429.2.pdb
-0.641924  0.706503  0.297973    46.822841
-0.653278 -0.707386  0.269875    42.662027
 0.401449 -0.021420  0.915631   118.617652
>../../../../class1/ile//data/domains/Catalytic_domain/structures/Isoleucyl.E.Euglenozoa.NC_025882.1.pdb
 0.989215 -0.146415 -0.003904    48.442492
-0.090282 -0.588544 -0.803408    40.972740
 0.115334  0.795096 -0.595416   117.500081
>../../../../class1/ile//data/domains/Catalytic_domain/structures/Isoleucyl.E.Fornicata.NC_051859.1.pdb
 0.999705  0.024130 -0.002622    47.916643
 0.013369 -0.637566 -0.770280    40.343665
-0.020259  0.770018 -0.637701   118.166384
