>structures/ProRS-A_AF_Arch_Candidatus_Nitrosopumilus_sediminis_gene13697692.pdb
-0.953377 -0.291665 -0.077485    96.438405
 0.201084 -0.805415  0.557559    45.607601
-0.225028  0.515983  0.826513    42.257810
>structures/ProRS-A_AF_Arch_Halogeometricum_borinquense_DSM_11551_gene9994169.pdb
 0.084195  0.855377 -0.511118    97.684546
 0.977290  0.029216  0.209881    44.566056
 0.194461 -0.517182 -0.833492    41.869313
>structures/ProRS-A_AF_Arch_Picrophilus_torridus_DSM_9790_gene2845069.pdb
-0.001037  0.570167 -0.821528    97.184024
 0.791126  0.502958  0.348070    47.885504
 0.611652 -0.649571 -0.451596    41.122622
>structures/ProRS-A_AF_Arch_Sulfurisphaera_tokodaii_str_7_gene1459472.pdb
-0.634534 -0.761146  0.134251    96.649498
 0.359359 -0.136762  0.923124    46.208852
-0.684271  0.633998  0.360305    41.512591
>structures/ProRS-A_AF_Bact_Bacillus_anthracis_str_Ames_Ancestor_gene45020455.pdb
 0.936779 -0.322947 -0.134722    98.503707
-0.219524 -0.242568 -0.944971    47.087054
 0.272497  0.914804 -0.298127    41.146253
>structures/ProRS-A_AF_Bact_Mycoplasma_hyopneumoniae_168-L_gene57101275.pdb
 0.579474  0.814687 -0.022269    98.019534
 0.814104 -0.579901 -0.030798    45.676525
-0.038005 -0.000282 -0.999278    44.466635
>structures/ProRS-A_AF_Bact_Porphyromonas_gingivalis_ATCC_33277_gene29256199.pdb
 0.091925  0.860616 -0.500889    98.832898
 0.935868  0.097158  0.338690    45.448708
 0.340148 -0.499900 -0.796492    43.224604
>structures/ProRS-A_AF_Bact_Thermus_thermophilus_HB8_gene3169620.pdb
 0.324831  0.922205 -0.209817    98.319860
 0.945712 -0.314226  0.083008    45.216833
 0.010620 -0.225390 -0.974211    44.244474
>structures/ProRS-A_AF_Euk_Cryptococcus_gattii_WM276_gene10188341.pdb
 0.307694  0.834869 -0.456418    95.507899
 0.951378 -0.277158  0.134401    47.639354
-0.014293 -0.475581 -0.879556    42.713141
>structures/ProRS-A_AF_Euk_Ostreococcus_tauri_gene9837972.pdb
 0.653769  0.733508 -0.185880    96.971394
 0.754699 -0.649893  0.089827    52.682263
-0.054913 -0.199010 -0.978458    40.287215
>structures/ProRS-A_AF_Euk_Plasmodium_yoelii_gene3807174.pdb
 0.800823 -0.598458 -0.023035    98.884620
-0.312803 -0.385158 -0.868221    43.579984
 0.510722  0.702497 -0.495643    40.198420
>structures/ProRS-A_AF_Euk_Scheffersomyces_stipitis_CBS_6054_gene4840393.pdb
 0.051507  0.652915 -0.755678    95.323277
 0.923933  0.256064  0.284218    48.131072
 0.379072 -0.712835 -0.590060    45.663559
>structures/ProRS-A_AF_Mito_Oryza_sativa_Japonica_Group_gene4342480.pdb
 0.457602  0.810198 -0.366307    95.976232
 0.888458 -0.400306  0.224493    52.254523
 0.035249 -0.428177 -0.903007    41.510543
>structures/ProRS-A_PDB_Arch_M_janacshii_1nj8.pdb
 0.999940 -0.010923  0.000179     0.524455
 0.010924  0.999661 -0.023624     0.404192
 0.000080  0.023625  0.999721    -0.922225
