>structures/Pro_Arch_1nj8_M_janacshii.pdb
 0.030606  0.855841  0.516332   -62.722341
 0.516716  0.428645 -0.741126   -38.733285
-0.855610  0.289480 -0.429107    86.225385
>structures/Prolyl.A.Candidatus_Thermoplasmatota.NC_005877.1.pdb
 1.000000  0.000000  0.000000     0.000000
 0.000000  1.000000  0.000000     0.000000
 0.000000  0.000000  1.000000     0.000000
>structures/Prolyl.A.Crenarchaeota.NC_007181.1.pdb
 0.091543 -0.421749  0.902080    -0.940636
-0.301750 -0.875040 -0.378486    -0.476682
 0.948982 -0.237554 -0.207366    -0.153354
>structures/Prolyl.A.Euryarchaeota.NC_022084.1.pdb
 0.906817 -0.360467 -0.218510    -1.269004
 0.420356  0.811893  0.405130    -1.183655
 0.031371 -0.459231  0.887763    -0.713669
>structures/Prolyl.A.Thaumarchaeota.NC_018656.1.pdb
-0.007990 -0.258277  0.966038    -1.843280
-0.217454 -0.942501 -0.253783    -2.705196
 0.976038 -0.212097 -0.048632    -1.256067
>structures/Prolyl.B.Bacteroidota.NC_010729.1.pdb
 0.917731 -0.288304 -0.273223    -1.325014
 0.385664  0.811366  0.439259    -2.017030
 0.095044 -0.508494  0.855804    -3.463888
>structures/Prolyl.E.Apicomplexa.NC_036186.2.pdb
 0.984231  0.061017 -0.166030     0.801853
-0.076279  0.993270 -0.087151    -5.596255
 0.159595  0.098441  0.982262    -0.028876
>structures/Prolyl.E.Ascomycota.NC_032095.1.pdb
-0.664953  0.649415  0.368913    -2.719198
 0.414799 -0.089655  0.905485    -2.200858
 0.621111  0.755130 -0.209760    -2.811407
>structures/Prolyl.E.Evosea.NC_007090.3.pdb
 0.994847  0.096772 -0.030234     4.435975
-0.101194  0.966080 -0.237589    -4.966954
 0.006216  0.239424  0.970895     0.554901
>structures/Prolyl.E.Rhodophyta.NC_010136.1.pdb
 0.946408  0.302549 -0.113030     2.581618
-0.321710  0.852169 -0.412686    -6.503688
-0.028537  0.426933  0.903833    -1.045608
