>../../../../class1/cys//data/domains/Catalytic_domain/structures/CysRS_AF_Arch_Aciduliprofundum_boonei_T469_gene8827372.pdb
-0.991850  0.075698  0.102487    -7.246812
 0.109052  0.088391  0.990098     5.081283
 0.065889  0.993205 -0.095925     7.828696
>../../../../class1/cys//data/domains/Catalytic_domain/structures/CysRS_AF_Arch_Candidatus_Nitrosopumilus_sediminis_gene13696907.pdb
-0.988386 -0.043543  0.145591     0.143334
 0.105475  0.493137  0.863534     2.091979
-0.109397  0.868861 -0.482817     5.905584
>../../../../class1/cys//data/domains/Catalytic_domain/structures/CysRS_AF_Arch_Methanospirillum_hungatei_JF-1_gene3922979.pdb
 0.027884 -0.638038  0.769500    -6.241704
-0.998476  0.018903  0.051854     1.113575
-0.047631 -0.769773 -0.636538    11.699944
>../../../../class1/cys//data/domains/Catalytic_domain/structures/CysRS_AF_Arch_Pyrobaculum_ferrireducens_gene11593896.pdb
-0.020439 -0.353214  0.935319    -1.148572
-0.943285 -0.303240 -0.135129     3.414321
 0.331355 -0.885034 -0.326984     9.108496
>../../../../class1/cys//data/domains/Catalytic_domain/structures/CysRS_AF_Bact_Bordetella_avium_197N_gene41394405.pdb
-0.303213 -0.850903  0.428983    -2.097708
-0.952670  0.281042 -0.115908     2.507225
-0.021936 -0.443824 -0.895845     8.735869
>../../../../class1/cys//data/domains/Catalytic_domain/structures/CysRS_AF_Bact_Lactobacillus_amylovorus_GRL1118_gene66523130.pdb
-0.043467 -0.652083  0.756900    -2.756713
-0.998957  0.017738 -0.042085     3.532191
 0.014017 -0.757940 -0.652174     9.851730
>../../../../class1/cys//data/domains/Catalytic_domain/structures/CysRS_AF_Bact_Mycobacterium_canettii_CIPT_140010059_gene45427568.pdb
 0.964112 -0.249733 -0.090122    -3.534357
 0.183103  0.871236 -0.455434     2.807070
 0.192254  0.422588  0.885696     8.428853
>../../../../class1/cys//data/domains/Catalytic_domain/structures/CysRS_AF_Bact_Mycoplasma_hyopneumoniae_168-L_gene57101512.pdb
-0.014887 -0.543598  0.839213    -3.264578
-0.970765 -0.193238 -0.142390     1.042814
 0.239571 -0.816799 -0.524829     9.521003
>../../../../class1/cys//data/domains/Catalytic_domain/structures/CysRS_AF_Bact_Porphyromonas_gingivalis_ATCC_33277_gene29256960.pdb
-0.969630 -0.244127 -0.014845    -6.274384
-0.118303  0.415022  0.902087     2.768834
-0.214063  0.876447 -0.431298     5.445063
>../../../../class1/cys//data/domains/Catalytic_domain/structures/CysRS_AF_Bact_Prochlorococcus_marinus_subsp_marinus_str_CCMP1375_gene54200571.pdb
-0.089270  0.065040  0.993882    -4.326371
-0.631210 -0.775589 -0.005941     2.050484
 0.770457 -0.627879  0.110291     9.332803
>../../../../class1/cys//data/domains/Catalytic_domain/structures/CysRS_AF_Bact_Streptobacillus_moniliformis_DSM_12112_gene29673427.pdb
-0.903958  0.399522  0.152451    -7.987645
 0.075274 -0.202276  0.976431     6.241392
 0.420943  0.894129  0.152775    10.390768
>../../../../class1/cys//data/domains/Catalytic_domain/structures/CysRS_AF_Bact_Treponema_pallidum_subsp_pertenue_str_SamoaD_gene57878631.pdb
-0.983262 -0.157100  0.092283    -7.625445
 0.027857  0.370916  0.928248     2.361092
-0.180057  0.915282 -0.360331     7.284321
>../../../../class1/cys//data/domains/Catalytic_domain/structures/CysRS_AF_Euk_Arabidopsis_thaliana_gene833874.pdb
-0.030742 -0.650663  0.758744    -0.430669
-0.961748 -0.187473 -0.199735     4.885083
 0.272204 -0.735861 -0.620010     7.165138
>../../../../class1/cys//data/domains/Catalytic_domain/structures/CysRS_AF_Euk_Cyanidioschyzon_merolae_strain_10D_gene16993418.pdb
-0.233007  0.143640  0.961808     4.806680
-0.476332 -0.879122  0.015895     7.856222
 0.847830 -0.454436  0.273262     6.288389
>../../../../class1/cys//data/domains/Catalytic_domain/structures/CysRS_AF_Euk_Drosophila_melanogaster_gene36784.pdb
-0.403082  0.546542  0.734041    -0.386188
-0.282197 -0.837231  0.468411     3.690850
 0.870569 -0.018336  0.491705     3.232034
>../../../../class1/cys//data/domains/Catalytic_domain/structures/CysRS_AF_Euk_Micromonas_commoda_gene8246535.pdb
 0.940443  0.182005  0.287124     0.264860
 0.186137  0.431059 -0.882916     4.460492
-0.284463  0.883777  0.371509     6.615132
>../../../../class1/cys//data/domains/Catalytic_domain/structures/CysRS_AF_Mito_Morone_saxatilis_gene118339815.pdb
-0.893195 -0.438066 -0.101493    -1.648380
-0.300231  0.412941  0.859850     3.757021
-0.334761  0.798484 -0.500358    11.612308
>../../../../class1/cys//data/domains/Catalytic_domain/structures/CysRS_AF_Mito_Saccharomyces_cerevisiae_S288C_gene855474.pdb
-0.930445  0.036324 -0.364626    -1.179485
-0.362974  0.045008  0.930712     3.930156
 0.050219  0.998326 -0.028693     4.309057
>../../../../class1/cys//data/domains/Catalytic_domain/structures/CysRS_AF_Vir_Megavirus_chiliensis_gene11257271.pdb
 0.740523  0.669913 -0.053311    -0.697686
-0.000194 -0.079115 -0.996865     0.195356
-0.672031  0.738212 -0.058457     4.317436
>../../../../class1/cys//data/domains/Catalytic_domain/structures/CysRS_PDB_Bact_E_coli_1LI5.pdb
 0.444344  0.333297  0.831548  -115.892286
-0.569388  0.821686 -0.025087   -24.000858
-0.691633 -0.462326  0.554887    77.169617
>../../../../class1/cys//data/domains/Catalytic_domain/structures/CysRS_PDB_Bact_M_smegmatis_3C8Z.pdb
 0.455430 -0.472571 -0.754493   -43.327705
 0.677602 -0.365690  0.638064     2.335147
-0.577441 -0.801840  0.153668    40.865595
>../../../../class1/glu1//data/domains/Catalytic_domain/structures/GluRS_AF_Bact_Bifidobacterium_animalis_subsp_lactis_BLC1_gene66532600.pdb
 0.976447 -0.008570  0.215588     1.642489
 0.084202  0.935113 -0.344199     0.961451
-0.198650  0.354245  0.913810     0.958981
>../../../../class1/glu1//data/domains/Catalytic_domain/structures/GluRS_AF_Bact_Chlamydia_psittaci_6BC_gene12242467.pdb
 0.957609 -0.051551  0.283420    -5.829659
-0.079339  0.898610  0.431515    -5.253633
-0.276929 -0.435709  0.856427    -0.153874
>../../../../class1/glu1//data/domains/Catalytic_domain/structures/GluRS_AF_Bact_[Eubacterium]_eligens_ATCC_27750_gene41357084.pdb
 0.939002 -0.298293 -0.171164    -0.257024
 0.326953  0.928644  0.175276     1.702181
 0.106667 -0.220547  0.969526     2.345899
>../../../../class1/glu1//data/domains/Catalytic_domain/structures/GluRS_AF_Bact_Mycoplasma_hyopneumoniae_168-L_gene57101016.pdb
 0.954160 -0.195514 -0.226612    -0.206037
 0.217909  0.972832  0.078185     0.413149
 0.205169 -0.123982  0.970842     1.082212
>../../../../class1/glu1//data/domains/Catalytic_domain/structures/GluRS_AF_Bact_Paracoccus_denitrificans_PD1222_gene75500422.pdb
 0.906247 -0.289554 -0.308019    -0.919799
 0.354301  0.917696  0.179736     1.530685
 0.230624 -0.272017  0.934248     2.036261
>../../../../class1/glu1//data/domains/Catalytic_domain/structures/GluRS_AF_Bact_Porphyromonas_gingivalis_ATCC_33277_gene29255772.pdb
-0.128955  0.136850  0.982162     0.074502
 0.055547 -0.987880  0.144940     0.611261
 0.990093  0.073247  0.119790     0.490871
>../../../../class1/glu1//data/domains/Catalytic_domain/structures/GluRS_AF_Bact_Prochlorococcus_marinus_subsp_marinus_str_CCMP1375_gene54199839.pdb
-0.181934 -0.723596  0.665815     0.453103
-0.831865 -0.247782 -0.496593     1.261854
 0.524310 -0.644215 -0.556854     1.612178
>../../../../class1/glu1//data/domains/Catalytic_domain/structures/GluRS_AF_Bact_Treponema_pallidum_subsp_pertenue_str_SamoaD_gene57879197.pdb
 0.998203 -0.040252 -0.044392     1.510459
 0.040418  0.999179  0.002850     1.107813
 0.044241 -0.004639  0.999010    -0.995198
>../../../../class1/glu1//data/domains/Catalytic_domain/structures/GluRS_AF_Euk_Arabidopsis_thaliana_gene836526.pdb
-0.928065 -0.370610  0.036663    -0.165668
-0.349574  0.900854  0.257410    -1.762341
-0.128427  0.226077 -0.965606    -3.394356
>../../../../class1/glu1//data/domains/Catalytic_domain/structures/GluRS_AF_Euk_Cryptococcus_neoformans_var_grubii_H99_gene23890400.pdb
 0.018794 -0.055070  0.998306     2.896043
-0.179818 -0.982387 -0.050807     2.628741
 0.983520 -0.178559 -0.028365    -0.218162
>../../../../class1/glu1//data/domains/Catalytic_domain/structures/GluRS_AF_Euk_Ostreococcus_tauri_proteinOUS48355.1.pdb
-0.973279  0.222083  0.058368    -2.711134
 0.195894  0.670418  0.715658     1.794763
 0.119805  0.707969 -0.696008    -2.804143
>../../../../class1/glu1//data/domains/Catalytic_domain/structures/GluRS_AF_Euk_Plasmodium_knowlesi_strain_H_gene7321821.pdb
 1.000000  0.000000  0.000000     0.000000
 0.000000  1.000000  0.000000     0.000000
 0.000000  0.000000  1.000000     0.000000
>../../../../class1/glu1//data/domains/Catalytic_domain/structures/GluRS_AF_Mito_Cyanidioschyzon_merolae_strain_10D_gene16997617.pdb
-0.979328  0.190185  0.068894    -0.203003
 0.177835  0.647207  0.741281     2.540537
 0.096392  0.738209 -0.667649    -1.987572
>../../../../class1/glu1//data/domains/Catalytic_domain/structures/GluRS_AF_Mito_Drosophila_melanogaster_gene39828.pdb
-0.956836 -0.238928  0.165464     2.013031
-0.193609  0.948633  0.250220    -2.361375
-0.216750  0.207384 -0.953945     1.741730
>../../../../class1/glu1//data/domains/Catalytic_domain/structures/GluRS_PDB_Bact_T_therm_1J09.pdb
 0.169763 -0.154742  0.973260    -6.588495
-0.113199 -0.984120 -0.136724    35.518381
 0.978962 -0.086961 -0.184584   -35.255219
