>../../../../class2/asp2//data/domains/Catalytic_domain/structures/AsxRS_AF_Arch_Candidatus_Korarchaeum_cryptofilum_OPF8_gene6094477.pdb
 0.965229 -0.260800 -0.017788     2.184588
 0.233234  0.828482  0.509137     1.033227
-0.118046 -0.495582  0.860502    -1.405833
>../../../../class2/asp2//data/domains/Catalytic_domain/structures/AsxRS_AF_Arch_Candidatus_Methanomassiliicoccus_intestinalis_Issoire-Mx1_gene16154831.pdb
 0.906065 -0.414159 -0.086711     0.972078
 0.381636  0.711346  0.590203     0.767127
-0.182756 -0.567855  0.802584    -0.690525
>../../../../class2/asp2//data/domains/Catalytic_domain/structures/AsxRS_AF_Arch_Candidatus_Nitrosopumilus_koreensis_AR1_gene13725312.pdb
 0.557176 -0.718313 -0.416630     4.471668
 0.703758  0.142155  0.696072     5.345089
-0.440772 -0.681042  0.584724     0.198503
>../../../../class2/asp2//data/domains/Catalytic_domain/structures/AsxRS_AF_Arch_Methanobacterium_lacus_gene10277817.pdb
 0.082088 -0.599235 -0.796353     1.443573
 0.624300 -0.591934  0.509768     6.661567
-0.776860 -0.539009  0.325512    -1.125892
>../../../../class2/asp2//data/domains/Catalytic_domain/structures/AsxRS_AF_Bact_Candidatus_Liptonbacteria_bacterium_proteinMBI4085034.1.pdb
-0.731175 -0.682155  0.006945    -0.897731
-0.575308  0.611114 -0.543654    -5.547448
 0.366612 -0.401502 -0.839280    -0.857590
>../../../../class2/asp2//data/domains/Catalytic_domain/structures/AsxRS_AF_Bact_Clostridium_acetobutylicum_DSM_1731_gene45000055.pdb
 0.994449  0.103386  0.019581     0.389125
-0.101535  0.991664 -0.079325    -0.448613
-0.027619  0.076896  0.996656    -0.948458
>../../../../class2/asp2//data/domains/Catalytic_domain/structures/AsxRS_AF_Bact_Spirochaetes_bacterium_GWE1_32_154_proteinOHD39701.1.pdb
 0.383853 -0.592961 -0.707852     1.979323
 0.657540 -0.362678  0.660383     0.917581
-0.648304 -0.718931  0.250680    -0.428812
>../../../../class2/asp2//data/domains/Catalytic_domain/structures/AsxRS_AF_Bact_Tropheryma_whipplei_TW08_27_gene67388547.pdb
 0.078349  0.372281  0.924807     1.515855
 0.572145 -0.776469  0.264096     0.748347
 0.816402  0.508432 -0.273834    -0.432380
>../../../../class2/asp2//data/domains/Catalytic_domain/structures/AsxRS_AF_Euk_Caenorhabditis_elegans_gene176334.pdb
 0.995653  0.090013 -0.023915    -1.912755
-0.092405  0.986824 -0.132816    -0.870567
 0.011645  0.134449  0.990852     1.049337
>../../../../class2/asp2//data/domains/Catalytic_domain/structures/AsxRS_AF_Euk_Cryptococcus_neoformans_var_neoformans_JEC21_gene3258977.pdb
 0.339731 -0.833777 -0.435200    -2.684474
 0.406730 -0.286974  0.867305   -12.775899
-0.848029 -0.471659  0.241628    -2.376662
>../../../../class2/asp2//data/domains/Catalytic_domain/structures/AsxRS_AF_Euk_Thalassiosira_pseudonana_CCMP1335_gene7443135.pdb
 1.000000  0.000000  0.000000     0.000000
 0.000000  1.000000  0.000000     0.000000
 0.000000  0.000000  1.000000     0.000000
>../../../../class2/asp2//data/domains/Catalytic_domain/structures/AsxRS_AF_Euk_Theileria_orientalis_strain_Shintoku_gene20715543.pdb
 0.981279  0.174660 -0.081147    -2.781768
-0.190043  0.946445 -0.261007    -0.852057
 0.031214  0.271542  0.961920     1.413105
>../../../../class2/asp2//data/domains/Catalytic_domain/structures/AsxRS_PDB_Arch_T_kodarensis_1b8a.pdb
 0.233704 -0.586737  0.775320   -25.561041
-0.832478 -0.532736 -0.152224    39.877990
 0.502357 -0.609862 -0.612949     9.617430
>../../../../class2/asp2//data/domains/Catalytic_domain/structures/AsxRS_PDB_Bact_T_thermophilus_1n9w.pdb
 0.564025 -0.802434  0.194874   -33.307811
-0.758905 -0.596740 -0.260698    42.402706
 0.325482 -0.000851 -0.945548    48.147276
>../../../../class2/asp2//data/domains/Catalytic_domain/structures/AsxRS_PDB_Euk_S_cerevisiae_1EOV.pdb
-0.213843 -0.022649  0.976605   -53.105784
 0.549861 -0.829106  0.101172     7.130628
 0.807418  0.558632  0.189753   -15.433122
>../../../../class2/gly1//data/domains/Catalytic_domain/structures/GlyRS-A_AF_Arch_Candidatus_Nitrosopumilus_sediminis_gene13697160.pdb
-0.079989 -0.373001 -0.924376     4.895659
 0.281596 -0.898030  0.338003     3.279567
-0.956193 -0.233265  0.176868    -2.250098
>../../../../class2/gly1//data/domains/Catalytic_domain/structures/GlyRS-A_AF_Arch_Candidatus_Woesearchaeota_archaeon_proteinMBT4248212.1.pdb
 0.957037  0.142354  0.252619     3.820708
-0.204687  0.948741  0.240821     1.790511
-0.205388 -0.282182  0.937117    -1.313865
>../../../../class2/gly1//data/domains/Catalytic_domain/structures/GlyRS-A_AF_Arch_Sulfolobus_islandicus_YN1551_gene7810979.pdb
-0.439747  0.866599  0.235857     3.629465
 0.738983  0.199881  0.643391     5.008699
 0.510419  0.457223 -0.728299    -2.618495
>../../../../class2/gly1//data/domains/Catalytic_domain/structures/GlyRS-A_AF_Arch_Thermoplasma_acidophilum_DSM_1728_gene1455843.pdb
-0.245197 -0.195453 -0.949566     4.969053
 0.061369 -0.980631  0.186001     3.585801
-0.967529 -0.012667  0.252443    -2.099185
>../../../../class2/gly1//data/domains/Catalytic_domain/structures/GlyRS-A_AF_Bact_Capnocytophaga_ochracea_DSM_7271_gene29675716.pdb
-0.705992  0.659778  0.257427     4.747664
 0.697977  0.586596  0.410771     3.291143
 0.120012  0.469679 -0.874642    -0.606230
>../../../../class2/gly1//data/domains/Catalytic_domain/structures/GlyRS-A_AF_Bact_Corynebacterium_ulcerans_809_gene75260805.pdb
 0.105699  0.842680 -0.527938     0.666878
-0.964164 -0.043072 -0.261787     4.770748
-0.243342  0.536689  0.807929    -2.368704
>../../../../class2/gly1//data/domains/Catalytic_domain/structures/GlyRS-A_AF_Bact_Treponema_denticola_ATCC_35405_gene2741635.pdb
 0.371951  0.019519  0.928047     1.265893
 0.567543 -0.795921 -0.210725     2.926193
 0.734539  0.605086 -0.307122    -0.673195
>../../../../class2/gly1//data/domains/Catalytic_domain/structures/GlyRS-A_PDB_Bact_T_thermophilus_1ati.pdb
-0.047015 -0.657417 -0.752059    53.248500
-0.673737  0.576723 -0.462027    15.376212
 0.737474  0.484968 -0.470040   -22.831010
