>structures/GlyRS-A_AF_Arch_Candidatus_Nitrosopumilus_sediminis_gene13697160.pdb
 0.088381 -0.329219  0.940108    -0.642700
-0.319166 -0.903400 -0.286358    -0.977055
 0.943569 -0.274742 -0.184919     1.161089
>structures/GlyRS-A_AF_Arch_Candidatus_Woesearchaeota_archaeon_proteinMBT4248212.1.pdb
-0.864946  0.479884  0.146899    -0.563297
 0.413567  0.515733  0.750321    -2.869799
 0.284306  0.709740 -0.644545    -1.410238
>structures/GlyRS-A_AF_Arch_Methanosalsum_zhilinae_DSM_4017_gene10821854.pdb
 0.019807  0.319811  0.947274    -0.591137
 0.162854 -0.935839  0.312545    -2.316862
 0.986451  0.148077 -0.070619     3.768898
>structures/GlyRS-A_AF_Arch_Sulfolobus_islandicus_YN1551_gene7810979.pdb
 0.837569 -0.544855 -0.040137     0.476755
 0.536763  0.806986  0.246291    -2.494651
-0.101802 -0.227830  0.968365     1.071260
>structures/GlyRS-A_AF_Arch_Thermoplasma_acidophilum_DSM_1728_gene1455843.pdb
 0.015273 -0.534578  0.844981    -1.393665
-0.444443 -0.760637 -0.473183     1.777669
 0.895677 -0.368319 -0.249206     0.526339
>structures/GlyRS-A_AF_Bact_Capnocytophaga_ochracea_DSM_7271_gene29675716.pdb
 1.000000  0.000000  0.000000     0.000000
 0.000000  1.000000  0.000000     0.000000
 0.000000  0.000000  1.000000     0.000000
>structures/GlyRS-A_AF_Bact_Corynebacterium_ulcerans_809_gene75260805.pdb
-0.726334 -0.588000  0.355942     3.373104
-0.669975  0.721330 -0.175545    -2.854990
-0.153531 -0.365977 -0.917872     0.239771
>structures/GlyRS-A_AF_Bact_Treponema_denticola_ATCC_35405_gene2741635.pdb
 0.208860 -0.456978 -0.864609     2.482615
 0.918240 -0.212547  0.334154    -3.659845
-0.336471 -0.863710  0.375223    -1.883430
>structures/GlyRS-A_PDB_Bact_T_thermophilus_1ati.pdb
-0.232790  0.954811  0.184785   -34.690231
 0.082028  0.208605 -0.974554    17.971621
-0.969061 -0.211709 -0.126883    34.568469
