>structures/GlyRS-A_AF_Arch_Candidatus_Nitrosopumilus_sediminis_gene13697160.pdb
 0.002602  0.886958 -0.461842     1.455694
-0.629083 -0.357556 -0.690223     3.311631
-0.777334  0.292333  0.557040    -2.670353
>structures/GlyRS-A_AF_Arch_Candidatus_Woesearchaeota_archaeon_proteinMBT4248212.1.pdb
 0.314105 -0.794659 -0.519476     3.473976
 0.701681 -0.174262  0.690852     2.916957
-0.639517 -0.581506  0.502861     0.426500
>structures/GlyRS-A_AF_Arch_Sulfolobus_islandicus_YN1551_gene7810979.pdb
-0.955120 -0.109929 -0.275067     1.981300
-0.067574  0.984964 -0.158995     1.558715
 0.288409 -0.133272 -0.948187    -1.677420
>structures/GlyRS-A_AF_Arch_Thermoplasma_acidophilum_DSM_1728_gene1455843.pdb
 0.155346  0.951320 -0.266193     0.615405
-0.661452 -0.099973 -0.743295     5.872483
-0.733723  0.291541  0.613722    -2.610563
>structures/GlyRS-A_AF_Bact_Capnocytophaga_ochracea_DSM_7271_gene29675716.pdb
-0.726547 -0.669624 -0.154058     0.565394
-0.587488  0.721665 -0.366139     4.108493
 0.356353 -0.175510 -0.917719    -1.490802
>structures/GlyRS-A_AF_Bact_Corynebacterium_ulcerans_809_gene75260805.pdb
 1.000000  0.000000  0.000000     0.000000
 0.000000  1.000000  0.000000     0.000000
 0.000000  0.000000  1.000000     0.000000
>structures/GlyRS-A_AF_Bact_Treponema_denticola_ATCC_35405_gene2741635.pdb
-0.716847  0.604197  0.347959     1.590189
 0.662712  0.435364  0.609320     0.635831
 0.216661  0.667386 -0.712498     1.839688
>structures/GlyRS-A_PDB_Bact_T_thermophilus_1ati.pdb
 0.262664 -0.795708  0.545762     7.918207
 0.550662 -0.340846 -0.761968    25.179534
 0.792325  0.500672  0.348639   -48.770544
