>structures/Asp_Arch_1b8a_T_kodarensis.pdb
-0.597313 -0.539594  0.593343     8.341220
-0.659378  0.751554  0.019684    14.094115
-0.456551 -0.379479 -0.804709    45.779802
>structures/Aspartyl.B.Bacteroidota.NC_010729.1.pdb
 0.172275 -0.844279  0.507458     3.567380
-0.942477 -0.291086 -0.164334    -4.922937
 0.286458 -0.449957 -0.845861    -3.722229
>structures/Aspartyl.B.Chlamydiae.NC_002620.2.pdb
 0.986823  0.106335  0.121959     8.392918
-0.054583  0.928323 -0.367745    -7.874460
-0.152321  0.356242  0.921895    -3.405809
>structures/Aspartyl.B.Firmicutes.NC_015687.1.pdb
 0.723231  0.651394 -0.229397     1.957203
-0.618222  0.462622 -0.635439    -3.322481
-0.307797  0.601387  0.737289    -5.401112
>structures/Aspartyl.B.Fusobacteria.NC_013515.1.pdb
-0.173660 -0.016906 -0.984661     4.257382
-0.105697 -0.993757  0.035704    -1.527600
-0.979117  0.110276  0.170789    -3.414656
>structures/Aspartyl.B.Spirochaetes.NC_014330.1.pdb
 0.937235  0.342383  0.066072     4.386959
-0.348178  0.929236  0.123659    -3.886878
-0.019058 -0.138902  0.990123    -5.403089
>structures/Aspartyl.E.Apicomplexa.NC_011903.2.pdb
 1.000000  0.000000  0.000000     0.000000
 0.000000  1.000000  0.000000     0.000000
 0.000000  0.000000  1.000000     0.000000
>structures/Aspartyl.E.Evosea.NC_007087.3.pdb
 0.999507 -0.029369  0.011098     9.038236
 0.027904  0.993006  0.114719    -5.885949
-0.014390 -0.114352  0.993336    -3.416083
>structures/Aspartyl.E.Rhodophyta.NC_010136.1.pdb
 0.998102 -0.061377  0.005012     0.513787
 0.061321  0.998062  0.010580     0.192261
-0.005652 -0.010253  0.999931     0.916008
>structures/Asp_Bact_1c0a_E_coli.pdb
 0.409432  0.268927 -0.871805   -34.621137
-0.655099  0.751734 -0.075770     6.332588
 0.634989  0.602141  0.483957   -62.736652
>structures/Asp_Bact_1n9w_T_thermophilus.pdb
-0.280265 -0.920556  0.272079    -8.558443
-0.692818  0.390169  0.606441   -11.690802
-0.664420 -0.018537 -0.747129    70.295585
>structures/Asp_Euk_1EOV_S_cerevisiae.pdb
-0.004717 -0.774770  0.632225   -23.203817
-0.462321 -0.558917 -0.688383    44.289612
 0.886700 -0.295538 -0.355556    25.734762
