>structures/CysRS_AF_Arch_Aciduliprofundum_boonei_T469_gene8827372.pdb
-0.142237 -0.128579 -0.981446    -3.721390
 0.588339 -0.808351  0.020636     3.628468
-0.796006 -0.574488  0.190626     1.824659
>structures/CysRS_AF_Arch_Candidatus_Nitrosopumilus_sediminis_gene13696907.pdb
-0.109704 -0.526823 -0.842866    -0.418677
 0.738833 -0.610468  0.285402     0.499535
-0.664899 -0.591427  0.456205     8.560121
>structures/CysRS_AF_Arch_Methanospirillum_hungatei_JF-1_gene3922979.pdb
 1.000000  0.000000  0.000000     0.000000
 0.000000  1.000000  0.000000     0.000000
 0.000000  0.000000  1.000000     0.000000
>structures/CysRS_AF_Arch_Pyrobaculum_ferrireducens_gene11593896.pdb
 0.930766  0.316237  0.183489    -1.800465
-0.228087  0.894466 -0.384586    -1.322963
-0.285745  0.316108  0.904669     5.543155
>structures/CysRS_AF_Bact_Bordetella_avium_197N_gene41394405.pdb
 0.931236 -0.318978  0.176220    -1.008756
 0.234646  0.894833  0.379757    -0.421630
-0.278821 -0.312294  0.908147     5.383621
>structures/CysRS_AF_Bact_Lactobacillus_amylovorus_GRL1118_gene66523130.pdb
 0.991199 -0.051942  0.121764    -2.101541
 0.055250  0.998185 -0.023948    -1.189061
-0.120299  0.030465  0.992270     4.349749
>structures/CysRS_AF_Bact_Mycobacterium_canettii_CIPT_140010059_gene45427568.pdb
-0.144586 -0.894382  0.423291    -1.231212
-0.769976 -0.166986 -0.615834     0.757521
 0.621475 -0.414965 -0.664510     4.342763
>structures/CysRS_AF_Bact_Mycoplasma_hyopneumoniae_168-L_gene57101512.pdb
 0.957794  0.212766  0.193291     0.306609
-0.188059  0.972351 -0.138449     0.044178
-0.217404  0.096255  0.971324     3.534256
>structures/CysRS_AF_Bact_Porphyromonas_gingivalis_ATCC_33277_gene29256960.pdb
 0.070923 -0.478235 -0.875364    -1.259130
 0.780164 -0.520231  0.347426     5.156189
-0.621542 -0.707567  0.336205     4.311957
>structures/CysRS_AF_Bact_Prochlorococcus_marinus_subsp_marinus_str_CCMP1375_gene54200571.pdb
 0.595972  0.800927  0.057742    -0.747338
-0.518054  0.438433 -0.734436     0.771885
-0.613545  0.407790  0.676217     3.149189
>structures/CysRS_AF_Bact_Streptobacillus_moniliformis_DSM_12112_gene29673427.pdb
-0.143062  0.191232 -0.971063    -5.207315
 0.256214 -0.940552 -0.222970     1.952963
-0.955975 -0.280699  0.085561    -0.065830
>structures/CysRS_AF_Bact_Treponema_pallidum_subsp_pertenue_str_SamoaD_gene57878631.pdb
-0.104700 -0.413738 -0.904356    -1.461553
 0.758854 -0.620990  0.196245     4.142477
-0.642789 -0.665727  0.378984     2.057009
>structures/CysRS_AF_Euk_Arabidopsis_thaliana_gene833874.pdb
 0.943513  0.190528  0.271075    -3.274509
-0.194751  0.980785 -0.011500    -0.178836
-0.268057 -0.041941  0.962490     7.906243
>structures/CysRS_AF_Euk_Cyanidioschyzon_merolae_strain_10D_gene16993418.pdb
 0.455250  0.888464  0.058135    -5.860728
-0.466038  0.293415 -0.834695    -3.726588
-0.758654  0.352902  0.547635    12.189000
>structures/CysRS_AF_Euk_Drosophila_melanogaster_gene36784.pdb
 0.237261  0.874224 -0.423603    -2.035476
-0.398907 -0.309918 -0.863032     2.275894
-0.885765  0.373742  0.275202     9.967350
>structures/CysRS_AF_Euk_Micromonas_commoda_gene8246535.pdb
-0.108311 -0.462374  0.880045    -2.758761
-0.400037 -0.790144 -0.464374    -0.179673
 0.910077 -0.402347 -0.099386     8.851892
>structures/CysRS_AF_Mito_Morone_saxatilis_gene118339815.pdb
 0.245918 -0.447125 -0.860002    -2.441817
 0.842709 -0.339759  0.417618    -3.306298
-0.478921 -0.827431  0.293244     3.504111
>structures/CysRS_AF_Mito_Saccharomyces_cerevisiae_S288C_gene855474.pdb
 0.278227 -0.052523 -0.959078    -2.419346
 0.572059 -0.793036  0.209383     1.982344
-0.771582 -0.606906 -0.190598     8.845504
>structures/CysRS_AF_Vir_Megavirus_chiliensis_gene11257271.pdb
 0.038442  0.109708  0.993220     1.151089
 0.064350 -0.992164  0.107101     2.098829
 0.997187  0.059797 -0.045201     8.564657
>structures/CysRS_PDB_Bact_E_coli_1LI5.pdb
 0.619498 -0.783463  0.049080    16.693886
 0.252319  0.139528 -0.957532    19.676058
 0.743342  0.605572  0.284120  -127.342829
>structures/CysRS_PDB_Bact_M_smegmatis_3C8Z.pdb
-0.592431  0.415763 -0.690048    -6.002249
 0.163268  0.900729  0.402530     2.283424
 0.788904  0.125808 -0.601501   -46.724423
