>../../../../class2/gly1//data/domains/Catalytic_domain/structures/GlyRS-A_AF_Arch_Candidatus_Nitrosopumilus_sediminis_gene13697160.pdb
-0.539411  0.513596  0.667275    -5.986752
-0.680102 -0.732976  0.014385     9.268483
 0.496485 -0.446055  0.744673     4.128049
>../../../../class2/gly1//data/domains/Catalytic_domain/structures/GlyRS-A_AF_Arch_Candidatus_Woesearchaeota_archaeon_proteinMBT4248212.1.pdb
-0.761349 -0.610903  0.217130    -3.962643
 0.047428  0.281525  0.958381     8.696873
-0.646606  0.739960 -0.185365     3.096950
>../../../../class2/gly1//data/domains/Catalytic_domain/structures/GlyRS-A_AF_Arch_Sulfolobus_islandicus_YN1551_gene7810979.pdb
 0.292199 -0.508911 -0.809709    -6.387687
 0.624666  0.742660 -0.241346     9.480479
 0.724163 -0.435277  0.534904     6.584225
>../../../../class2/gly1//data/domains/Catalytic_domain/structures/GlyRS-A_AF_Arch_Thermoplasma_acidophilum_DSM_1728_gene1455843.pdb
-0.338725  0.482990  0.807456    -6.066314
-0.837353 -0.546109 -0.024605     9.511785
 0.429075 -0.684460  0.589414     4.221822
>../../../../class2/gly1//data/domains/Catalytic_domain/structures/GlyRS-A_AF_Bact_Capnocytophaga_ochracea_DSM_7271_gene29675716.pdb
 0.342696 -0.465260 -0.816145    -4.940749
 0.221972  0.884254 -0.410882    10.352880
 0.912846 -0.040353  0.406305     3.443471
>../../../../class2/gly1//data/domains/Catalytic_domain/structures/GlyRS-A_AF_Bact_Corynebacterium_ulcerans_809_gene75260805.pdb
 0.149300 -0.335303  0.930205    -3.272582
-0.647063  0.678217  0.348326     8.481578
-0.747676 -0.653906 -0.115704     7.392085
>../../../../class2/gly1//data/domains/Catalytic_domain/structures/GlyRS-A_AF_Bact_Treponema_denticola_ATCC_35405_gene2741635.pdb
-0.089063  0.598952 -0.795817    -2.150274
 0.994583  0.096478 -0.038696     9.020316
 0.053602 -0.794952 -0.604300     5.334285
>../../../../class2/gly1//data/domains/Catalytic_domain/structures/GlyRS-A_PDB_Bact_T_thermophilus_1ati.pdb
 0.684095  0.547680  0.481726   -58.046111
 0.247095  0.447382 -0.859531    15.253880
-0.686263  0.707034  0.170723    -8.458012
>../../../../class2/phe5//data/domains/Catalytic_domain/structures/PheRS-M_AF_Mito_Arabidopsis_thaliana_gene824983.pdb
 0.999953  0.006459 -0.007231     0.011864
-0.006446  0.999978  0.001731     0.015089
 0.007242 -0.001684  0.999972    -0.014532
>../../../../class2/phe5//data/domains/Catalytic_domain/structures/PheRS-M_AF_Mito_Babesia_bovis_T2Bo_gene5478469.pdb
 0.115199  0.647946 -0.752924    -4.235056
 0.956127 -0.277856 -0.092826     4.662518
-0.269350 -0.709198 -0.651528     2.630694
>../../../../class2/phe5//data/domains/Catalytic_domain/structures/PheRS-M_AF_Mito_Candida_albicans_SC5314_gene3638806.pdb
 0.445053  0.605564  0.659713    -5.090914
-0.868670  0.112943  0.482345     0.353086
 0.217581 -0.787741  0.576300     2.923759
>../../../../class2/phe5//data/domains/Catalytic_domain/structures/PheRS-M_AF_Mito_Crassostrea_gigas_gene105329377.pdb
-0.962805  0.250863  0.100365   -11.896095
 0.264684  0.801045  0.536906     2.888817
 0.054293  0.543502 -0.837650    -4.294632
>../../../../class2/phe5//data/domains/Catalytic_domain/structures/PheRS-M_AF_Mito_Drosophila_melanogaster_gene36547.pdb
-0.519775  0.017991  0.854114    -2.911058
-0.585897 -0.735118 -0.341067     3.241746
 0.621738 -0.677701  0.392637     5.214426
>../../../../class2/phe5//data/domains/Catalytic_domain/structures/PheRS-M_AF_Mito_Syngnathus_acus_gene119139175.pdb
-0.439079 -0.874112  0.207695    -7.455056
-0.756974  0.235400 -0.609571     1.902414
 0.483942 -0.424870 -0.765040    -0.861275
>../../../../class2/phe5//data/domains/Catalytic_domain/structures/PheRS-M_PDB_Mito.H_sapiens_3CMQ.pdb
-0.357433  0.774836  0.521413   -32.519160
-0.704845  0.142478 -0.694905     9.793579
-0.612727 -0.615897  0.495213     7.790039
