>structures/ArgRS_AF_Arch_Candidatus_Korarchaeum_cryptofilum_OPF8_gene6093502.pdb
-0.904449  0.164334  0.393658     7.632735
-0.374034 -0.749221 -0.546595    71.254257
 0.205113 -0.641609  0.739099    -0.645675
>structures/ArgRS_AF_Arch_Candidatus_Nitrosopumilus_sediminis_gene13697696.pdb
-0.670556  0.157575  0.724931     9.066403
-0.740063 -0.210026 -0.638902    69.536273
 0.051579 -0.964914  0.257450     0.380924
>structures/ArgRS_AF_Arch_Desulfurococcus_mucosus_DSM_2162_gene10153309.pdb
-0.950759  0.192031  0.243274     6.053653
-0.309764 -0.614652 -0.725430    67.799171
 0.010224 -0.765067  0.643870    -6.166558
>structures/ArgRS_AF_Arch_Methanothermococcus_okinawensis_IH1_gene10773248.pdb
-0.993723  0.055936  0.096882     9.528931
-0.071287 -0.984040 -0.163047    68.582663
 0.086216 -0.168930  0.981850     1.169825
>structures/ArgRS_AF_Bact_Anoxybacillus_flavithermus_WK1_gene7039015.pdb
-0.383015  0.384182  0.840062     8.869223
-0.663167  0.518710 -0.539582    69.438246
-0.643046 -0.763770  0.056103     3.195922
>structures/ArgRS_AF_Bact_Brachyspira_pilosicoli_95_1000_gene56439668.pdb
-0.861809 -0.373545  0.343147    12.762035
 0.313683 -0.924123 -0.218175    69.633432
 0.398608 -0.080386  0.913592    -0.049198
>structures/ArgRS_AF_Bact_Chlamydia_psittaci_6BC_gene12242456.pdb
-0.911141 -0.052508  0.408736     9.985487
-0.187299 -0.830719 -0.524237    70.895231
 0.367071 -0.554210  0.747068     0.883286
>structures/ArgRS_AF_Bact_Corynebacterium_ulcerans_809_gene75260071.pdb
-0.888355 -0.267901  0.372901    11.790344
 0.164129 -0.943760 -0.287018    69.319071
 0.428822 -0.193770  0.882363    -0.237668
>structures/ArgRS_AF_Bact_Cupriavidus_taiwanensis_LMG_19424_gene29762022.pdb
-0.927567 -0.030076  0.372445    10.279562
-0.154616 -0.876524 -0.455850    68.182731
 0.340167 -0.480418  0.808384    -0.274317
>structures/ArgRS_AF_Bact_Mycoplasma_hyopneumoniae_168-L_gene57100855.pdb
-0.889505  0.064972  0.452283     7.810818
-0.313616 -0.806683 -0.500906    69.167474
 0.332304 -0.587402  0.737925    -1.351383
>structures/ArgRS_AF_Bact_Prochlorococcus_marinus_subsp_marinus_str_CCMP1375_gene54199571.pdb
-0.340992  0.070441  0.937423    10.460003
-0.428163  0.876116 -0.221581    66.010002
-0.836899 -0.476927 -0.268588    -1.703039
>structures/ArgRS_AF_Bact_Streptobacillus_moniliformis_DSM_12112_gene29674021.pdb
 0.309924  0.472137 -0.825247    11.355371
 0.241121  0.800577  0.548577    69.314969
 0.919678 -0.369002  0.134276     0.735340
>structures/ArgRS_AF_Euk_Micromonas_commoda_gene8250062.pdb
 0.816538  0.203449 -0.540254     8.881403
 0.509080 -0.695055  0.507677    71.738737
-0.272220 -0.689570 -0.671111     2.859356
>structures/ArgRS_AF_Euk_Paulinella_chromatophora_gene6481434.pdb
-0.367131 -0.088434  0.925956    10.441285
-0.193520  0.980950  0.016958    67.823860
-0.909816 -0.172966 -0.377251    -3.939927
>structures/ArgRS_AF_Euk_Polyodon_spathula_gene121324634.pdb
-0.948645 -0.224055  0.223321     6.953012
 0.305411 -0.832653  0.461967    76.169662
 0.082443  0.506447  0.858321     3.967627
>structures/ArgRS_AF_Euk_Thalassiosira_pseudonana_CCMP1335_gene7449555.pdb
 0.249385  0.219942 -0.943097     7.610048
 0.123312  0.958728  0.256194    68.768262
 0.960521 -0.180186  0.211971     6.731005
>structures/ArgRS_AF_Mito_Caenorhabditis_elegans_gene174023.pdb
-0.397054 -0.148584  0.905688     5.791575
 0.254995  0.930098  0.264378    66.782099
-0.881661  0.335918 -0.331411    -1.398534
>structures/ArgRS_AF_Mito_Saccharomyces_cerevisiae_S288C_gene851942.pdb
 0.849833 -0.216535 -0.480518    12.027401
-0.526485 -0.306476 -0.793023    70.506874
 0.024450  0.926922 -0.374456     2.102216
>structures/ArgRS_AF_Vir_Megavirus_chiliensis_gene11257368.pdb
 0.445494 -0.222638 -0.867161    11.962158
-0.410017  0.810303 -0.418682    66.463809
 0.795877  0.542071  0.269700     4.630993
>structures/ArgRS_PDB_Arch_2ZUF.pdb
-0.618541 -0.357861 -0.699530    42.556957
-0.159817 -0.814361  0.557919    54.641250
-0.769328  0.456893  0.446524     4.051839
>structures/ArgRS_PDB_Bact_1IQ0.pdb
 1.000000 -0.000000  0.000000     0.000000
 0.000000  1.000000  0.000000     0.000000
-0.000000  0.000000  1.000000     0.000000
>structures/ArgRS_PDB_Euk_S_cerevisiae_1BS2.pdb
 0.437154 -0.308386  0.844864    32.113723
-0.063300  0.926498  0.370936     9.254062
-0.897156 -0.215637  0.385502    62.213563
