>structures/ArgRS_AF_Arch_Candidatus_Korarchaeum_cryptofilum_OPF8_gene6093502.pdb
 0.971241 -0.236597 -0.026700     1.751198
 0.237883  0.959474  0.151066    -2.357350
-0.010124 -0.153073  0.988163    -2.715078
>structures/ArgRS_AF_Arch_Candidatus_Nitrosopumilus_sediminis_gene13697696.pdb
 0.754863 -0.438450 -0.487794     1.033988
 0.644198  0.635388  0.425783    -1.337579
 0.123254 -0.635644  0.762079    -0.625108
>structures/ArgRS_AF_Arch_Desulfurococcus_mucosus_DSM_2162_gene10153309.pdb
 0.930778 -0.349551  0.107079     1.920388
 0.286582  0.879497  0.379942     2.971751
-0.226985 -0.322955  0.918792    -6.466858
>structures/ArgRS_AF_Arch_Methanothermococcus_okinawensis_IH1_gene10773248.pdb
 0.964815  0.059872  0.256022     1.184321
 0.018610  0.955736 -0.293637    -0.669065
-0.262270  0.288070  0.920994     0.548362
>structures/ArgRS_AF_Bact_Anoxybacillus_flavithermus_WK1_gene7039015.pdb
 0.234367 -0.698335 -0.676313     2.272380
 0.900735 -0.105727  0.421306    -2.774810
-0.365717 -0.707919  0.604236     1.772138
>structures/ArgRS_AF_Bact_Brachyspira_pilosicoli_95_1000_gene56439668.pdb
 0.883247  0.467868  0.031214    -2.341793
-0.446851  0.860008 -0.246394    -1.403688
-0.142124  0.203679  0.968667     0.536443
>structures/ArgRS_AF_Bact_Chlamydia_psittaci_6BC_gene12242456.pdb
 0.996492  0.003962 -0.083599     0.050694
 0.007397  0.990800  0.135129    -2.662006
 0.083365 -0.135273  0.987295    -1.087732
>structures/ArgRS_AF_Bact_Corynebacterium_ulcerans_809_gene75260071.pdb
 0.942334  0.334648 -0.004146    -1.623190
-0.330325  0.928030 -0.172181    -1.042123
-0.053772  0.163621  0.985057    -0.089512
>structures/ArgRS_AF_Bact_Cupriavidus_taiwanensis_LMG_19424_gene29762022.pdb
 1.000000  0.000000  0.000000     0.000000
 0.000000  1.000000  0.000000     0.000000
 0.000000  0.000000  1.000000     0.000000
>structures/ArgRS_AF_Bact_Mycoplasma_hyopneumoniae_168-L_gene57100855.pdb
 0.988505 -0.121623 -0.089811     1.796786
 0.129015  0.988273  0.081676    -0.075874
 0.078824 -0.092324  0.992604    -2.264437
>structures/ArgRS_AF_Bact_Prochlorococcus_marinus_subsp_marinus_str_CCMP1375_gene54199571.pdb
 0.135862 -0.354860 -0.924995    -0.145426
 0.767476 -0.552726  0.324770     3.012379
-0.626517 -0.754035  0.197252    -0.697666
>structures/ArgRS_AF_Bact_Streptobacillus_moniliformis_DSM_12112_gene29674021.pdb
-0.015867 -0.692973  0.720789    -0.533732
-0.631287 -0.552088 -0.544679    -1.133213
 0.775387 -0.463667 -0.428705     0.479195
>structures/ArgRS_AF_Euk_Micromonas_commoda_gene8250062.pdb
-0.927236 -0.305451  0.216640     1.663841
-0.337120  0.932752 -0.127767    -4.483325
-0.163045 -0.191504 -0.967855     0.141354
>structures/ArgRS_AF_Euk_Paulinella_chromatophora_gene6481434.pdb
 0.092083 -0.127662 -0.987534    -1.151216
 0.595655 -0.787674  0.157367     2.329999
-0.797945 -0.602721  0.003511    -3.275541
>structures/ArgRS_AF_Euk_Polyodon_spathula_gene121324634.pdb
 0.864458  0.502216 -0.022156     3.083958
-0.312098  0.501616 -0.806831    -8.782462
-0.394090  0.704387  0.590367    -1.410896
>structures/ArgRS_AF_Euk_Thalassiosira_pseudonana_CCMP1335_gene7449555.pdb
 0.033061 -0.426085  0.904079     4.650444
-0.557068 -0.758889 -0.337287    -3.346156
 0.829809 -0.492483 -0.262448     4.134634
>structures/ArgRS_AF_Mito_Caenorhabditis_elegans_gene174023.pdb
 0.045719  0.082311 -0.995557     4.111113
 0.136861 -0.987718 -0.075378     2.266797
-0.989535 -0.132806 -0.056423    -2.730813
>structures/ArgRS_AF_Mito_Saccharomyces_cerevisiae_S288C_gene851942.pdb
-0.706371  0.540621  0.456913    -1.100244
 0.452853 -0.150961  0.878712    -2.968796
 0.544026  0.827611 -0.138188     1.083852
>structures/ArgRS_PDB_Arch_2ZUF.pdb
 0.325584  0.613375  0.719559   -26.169444
 0.511210  0.526004 -0.679694     9.084655
-0.795399  0.589144 -0.142305    21.659534
>structures/ArgRS_PDB_Bact_1IQ0.pdb
-0.927306 -0.156823  0.339868    20.366567
-0.029215 -0.874904 -0.483414    59.748518
 0.373162 -0.458202  0.806722    27.609903
>structures/ArgRS_PDB_Bact_3FNR.pdb
-0.667572  0.293731 -0.684156   103.245563
-0.617055  0.295937  0.729153   -69.242553
 0.416642  0.908924 -0.016311   -63.471168
