>structures/ArgRS_AF_Arch_Candidatus_Korarchaeum_cryptofilum_OPF8_gene6093502.pdb
-0.791105 -0.527201  0.310181    51.327733
 0.326511  0.064846  0.942967    45.610475
-0.517247  0.847263  0.120837   117.445851
>structures/ArgRS_AF_Arch_Candidatus_Nitrosopumilus_sediminis_gene13697696.pdb
-0.879111 -0.338703  0.335328    51.944355
 0.474359 -0.553358  0.684673    47.957997
-0.046344  0.760970  0.647130   118.533682
>structures/ArgRS_AF_Arch_Desulfurococcus_mucosus_DSM_2162_gene10153309.pdb
-0.889005 -0.456170  0.039743    46.403768
 0.124014 -0.156311  0.979891    43.650087
-0.440785  0.876057  0.195533   121.125856
>structures/ArgRS_AF_Arch_Methanothermococcus_okinawensis_IH1_gene10773248.pdb
-0.765579 -0.523227  0.374329    52.275189
 0.037817  0.544244  0.838074    48.670452
-0.642229  0.655768 -0.396875   118.796257
>structures/ArgRS_AF_Bact_Anoxybacillus_flavithermus_WK1_gene7039015.pdb
-0.859676  0.257641  0.441110    53.569803
-0.018608 -0.878721  0.476973    49.574591
 0.510501  0.401834  0.760209   116.558899
>structures/ArgRS_AF_Bact_Brachyspira_pilosicoli_95_1000_gene56439668.pdb
-0.365332 -0.778751  0.509981    54.813626
-0.017298  0.553434  0.832713    47.937688
-0.930717  0.295395 -0.215658   120.849806
>structures/ArgRS_AF_Bact_Chlamydia_psittaci_6BC_gene12242456.pdb
-0.630610 -0.701344  0.332337    53.141431
 0.355539  0.119575  0.926981    46.453824
-0.689872  0.702722  0.173950   118.644015
>structures/ArgRS_AF_Bact_Corynebacterium_ulcerans_809_gene75260071.pdb
-0.454003 -0.749067  0.482473    53.924133
 0.100371  0.495053  0.863046    47.972504
-0.885329  0.440252 -0.149571   120.345024
>structures/ArgRS_AF_Bact_Cupriavidus_taiwanensis_LMG_19424_gene29762022.pdb
-0.673311 -0.630408  0.386313    52.229861
 0.259124  0.288154  0.921858    48.764571
-0.692464  0.720800 -0.030663   120.046200
>structures/ArgRS_AF_Bact_Mycoplasma_hyopneumoniae_168-L_gene57100855.pdb
-0.725556 -0.569868  0.385770    50.212718
 0.366054  0.155091  0.917579    47.031814
-0.582728  0.806968  0.096076   118.872163
>structures/ArgRS_AF_Bact_Prochlorococcus_marinus_subsp_marinus_str_CCMP1375_gene54199571.pdb
-0.812757  0.318905  0.487572    50.028380
-0.360746 -0.932624  0.008654    48.292689
 0.457481 -0.168856  0.873040   122.918380
>structures/ArgRS_AF_Bact_Streptobacillus_moniliformis_DSM_12112_gene29674021.pdb
 0.721603  0.627241 -0.293015    53.493500
 0.538583 -0.774547 -0.331671    48.010188
-0.434992  0.081521 -0.896737   120.202673
>structures/ArgRS_AF_Euk_Micromonas_commoda_gene8250062.pdb
 0.778474 -0.458802 -0.428344    54.055689
-0.493501 -0.025698 -0.869365    47.672613
 0.387859  0.888167 -0.246425   115.945125
>structures/ArgRS_AF_Euk_Paulinella_chromatophora_gene6481434.pdb
-0.745624  0.375297  0.550634    49.868739
-0.565626 -0.793309 -0.225228    45.669580
 0.352296 -0.479388  0.803788   123.043928
>structures/ArgRS_AF_Euk_Polyodon_spathula_gene121324634.pdb
-0.517512 -0.390407  0.761422    54.927409
-0.212071  0.920606  0.327889    45.611248
-0.828980  0.008211 -0.559218   112.162901
>structures/ArgRS_AF_Euk_Thalassiosira_pseudonana_CCMP1335_gene7449555.pdb
 0.625282  0.594718 -0.505305    52.652242
 0.650708 -0.754766 -0.083111    52.597458
-0.430815 -0.276838 -0.858929   114.560728
>structures/ArgRS_AF_Mito_Caenorhabditis_elegans_gene174023.pdb
-0.494518  0.488007  0.719236    47.266545
-0.862575 -0.377269 -0.337093    47.642254
 0.106842 -0.787094  0.607509   118.659561
>structures/ArgRS_AF_Mito_Saccharomyces_cerevisiae_S288C_gene851942.pdb
 0.403665  0.038248 -0.914107    55.434587
 0.437292  0.869546  0.229489    48.325979
 0.803636 -0.492369  0.334280   118.614060
>structures/ArgRS_PDB_Arch_2ZUF.pdb
-0.842197 -0.531259 -0.092027    71.439171
-0.519112  0.845088 -0.127862    64.577043
 0.145699 -0.059913 -0.987513   145.020121
>structures/ArgRS_PDB_Bact_1IQ0.pdb
 0.780986  0.485398  0.393001    11.180365
 0.079945 -0.701776  0.707898    95.646517
 0.619410 -0.521440 -0.586883   149.418800
>structures/ArgRS_PDB_Bact_3FNR.pdb
 1.000000  0.000000  0.000000     0.000000
 0.000000  1.000000  0.000000     0.000000
 0.000000  0.000000  1.000000     0.000000
