>structures/ArgRS_AF_Arch_Candidatus_Korarchaeum_cryptofilum_OPF8_gene6093502.pdb
 0.971241 -0.236597 -0.026700     1.751198
 0.237883  0.959474  0.151066    -2.357350
-0.010124 -0.153073  0.988163    -2.715078
>structures/ArgRS_AF_Arch_Candidatus_Nitrosopumilus_sediminis_gene13697696.pdb
 0.749586 -0.441406 -0.493237     1.082637
 0.650228  0.630423  0.423993    -1.418791
 0.123795 -0.638535  0.759571    -0.706663
>structures/ArgRS_AF_Arch_Desulfurococcus_mucosus_DSM_2162_gene10153309.pdb
 0.932789 -0.345920  0.101216     1.857744
 0.285560  0.880642  0.378056     2.955640
-0.219912 -0.323743  0.920233    -6.587870
>structures/ArgRS_AF_Arch_Methanothermococcus_okinawensis_IH1_gene10773248.pdb
 0.964815  0.059872  0.256022     1.184321
 0.018610  0.955736 -0.293637    -0.669065
-0.262270  0.288070  0.920994     0.548362
>structures/ArgRS_AF_Bact_Anoxybacillus_flavithermus_WK1_gene7039015.pdb
 0.234367 -0.698335 -0.676313     2.272380
 0.900735 -0.105727  0.421306    -2.774810
-0.365717 -0.707919  0.604236     1.772138
>structures/ArgRS_AF_Bact_Brachyspira_pilosicoli_95_1000_gene56439668.pdb
 0.884111  0.466220  0.031422    -2.342504
-0.445211  0.860873 -0.246344    -1.424907
-0.141900  0.203806  0.968673     0.501158
>structures/ArgRS_AF_Bact_Chlamydia_psittaci_6BC_gene12242456.pdb
 0.996340  0.005575 -0.085291     0.012825
 0.006013  0.990827  0.135004    -2.642486
 0.085262 -0.135022  0.987167    -1.116959
>structures/ArgRS_AF_Bact_Corynebacterium_ulcerans_809_gene75260071.pdb
 0.942609  0.333890 -0.002521    -1.584839
-0.329287  0.928311 -0.172652    -1.062312
-0.055307  0.163574  0.984980    -0.081587
>structures/ArgRS_AF_Bact_Cupriavidus_taiwanensis_LMG_19424_gene29762022.pdb
 1.000000  0.000000  0.000000     0.000000
 0.000000  1.000000  0.000000     0.000000
 0.000000  0.000000  1.000000     0.000000
>structures/ArgRS_AF_Bact_Mycoplasma_hyopneumoniae_168-L_gene57100855.pdb
 0.987610 -0.128106 -0.090640     1.833992
 0.135597  0.987368  0.081965    -0.131040
 0.078995 -0.093240  0.992505    -2.254902
>structures/ArgRS_AF_Bact_Prochlorococcus_marinus_subsp_marinus_str_CCMP1375_gene54199571.pdb
 0.140534 -0.353939 -0.924650    -0.178771
 0.768793 -0.549469  0.327172     2.982189
-0.623865 -0.756843  0.194887    -0.712705
>structures/ArgRS_AF_Bact_Streptobacillus_moniliformis_DSM_12112_gene29674021.pdb
-0.016528 -0.689358  0.724232    -0.618469
-0.629818 -0.555390 -0.543020    -1.182683
 0.776567 -0.465110 -0.424991     0.405351
>structures/ArgRS_AF_Euk_Micromonas_commoda_gene8250062.pdb
-0.927236 -0.305451  0.216640     1.663841
-0.337120  0.932752 -0.127767    -4.483325
-0.163045 -0.191504 -0.967855     0.141354
>structures/ArgRS_AF_Euk_Paulinella_chromatophora_gene6481434.pdb
 0.099887 -0.128753 -0.986633    -1.194958
 0.597637 -0.785033  0.162950     2.318342
-0.795520 -0.605925 -0.001467    -3.270562
>structures/ArgRS_AF_Euk_Polyodon_spathula_gene121324634.pdb
 0.864458  0.502216 -0.022156     3.083958
-0.312098  0.501616 -0.806831    -8.782462
-0.394090  0.704387  0.590367    -1.410896
>structures/ArgRS_AF_Euk_Thalassiosira_pseudonana_CCMP1335_gene7449555.pdb
 0.040394 -0.418864  0.907150     4.601269
-0.546098 -0.769550 -0.331012    -3.339430
 0.836747 -0.482023 -0.259826     4.139714
>structures/ArgRS_AF_Mito_Caenorhabditis_elegans_gene174023.pdb
 0.044928  0.084087 -0.995445     4.098854
 0.135492 -0.987757 -0.077323     2.244784
-0.989759 -0.131401 -0.055772    -2.703234
>structures/ArgRS_AF_Mito_Saccharomyces_cerevisiae_S288C_gene851942.pdb
-0.705147  0.529567  0.471515    -1.264638
 0.458969 -0.165987  0.872809    -2.889390
 0.540476  0.831870 -0.126009     0.914391
>structures/ArgRS_AF_Vir_Megavirus_chiliensis_gene11257368.pdb
-0.098645  0.236868  0.966521     0.448828
 0.032489 -0.969974  0.241030    -0.131376
 0.994592  0.055177  0.087987     4.861697
>structures/ArgRS_PDB_Arch_2ZUF.pdb
 0.324626  0.613969  0.719486   -26.091123
 0.504246  0.531229 -0.680832     9.311208
-0.800221  0.583814 -0.137141    21.525039
>structures/ArgRS_PDB_Bact_1IQ0.pdb
-0.927567 -0.154616  0.340167    20.170445
-0.030076 -0.876524 -0.480418    59.941174
 0.372445 -0.455850  0.808384    27.474319
>structures/ArgRS_PDB_Euk_S_cerevisiae_1BS2.pdb
-0.672692  0.084471 -0.735086     7.226887
 0.463631 -0.726132 -0.507720    24.186101
-0.576657 -0.682347  0.449299    84.269525
