>structures/ArgRS_AF_Arch_Candidatus_Korarchaeum_cryptofilum_OPF8_gene6093502.pdb
 0.969239 -0.244638 -0.026973     1.786414
 0.245827  0.956909  0.154579    -2.372026
-0.012005 -0.156455  0.987612    -2.687368
>structures/ArgRS_AF_Arch_Candidatus_Nitrosopumilus_sediminis_gene13697696.pdb
 0.748900 -0.444667 -0.491345     1.164853
 0.651487  0.629747  0.423065    -1.438674
 0.121300 -0.636939  0.761312    -0.681417
>structures/ArgRS_AF_Arch_Desulfurococcus_mucosus_DSM_2162_gene10153309.pdb
 0.931447 -0.348788  0.103696     1.884815
 0.286984  0.879361  0.379954     2.969389
-0.223709 -0.324148  0.919175    -6.517087
>structures/ArgRS_AF_Arch_Methanothermococcus_okinawensis_IH1_gene10773248.pdb
 0.964531  0.056935  0.257757     1.184006
 0.020901  0.956924 -0.289584    -0.745602
-0.263141  0.284700  0.921793     0.601458
>structures/ArgRS_AF_Bact_Anoxybacillus_flavithermus_WK1_gene7039015.pdb
 0.233314 -0.698131 -0.676888     2.284793
 0.901031 -0.106548  0.420465    -2.789390
-0.365661 -0.707997  0.604179     1.751815
>structures/ArgRS_AF_Bact_Brachyspira_pilosicoli_95_1000_gene56439668.pdb
 0.882724  0.469018  0.028635    -2.384234
-0.448029  0.858461 -0.249627    -1.424558
-0.141662  0.207523  0.967919     0.438147
>structures/ArgRS_AF_Bact_Chlamydia_psittaci_6BC_gene12242456.pdb
 0.996725  0.000671 -0.080866     0.081214
 0.010311  0.990750  0.135308    -2.685787
 0.080209 -0.135698  0.987498    -1.052080
>structures/ArgRS_AF_Bact_Corynebacterium_ulcerans_809_gene75260071.pdb
 0.942564  0.333988 -0.004939    -1.629344
-0.329729  0.927977 -0.173600    -1.071815
-0.053397  0.165258  0.984804    -0.141211
>structures/ArgRS_AF_Bact_Cupriavidus_taiwanensis_LMG_19424_gene29762022.pdb
 1.000000  0.000000  0.000000     0.000000
 0.000000  1.000000  0.000000     0.000000
 0.000000  0.000000  1.000000     0.000000
>structures/ArgRS_AF_Bact_Mycoplasma_hyopneumoniae_168-L_gene57100855.pdb
 0.988233 -0.123659 -0.090024     1.811000
 0.131037  0.988041  0.081265    -0.080066
 0.078898 -0.092105  0.992619    -2.280468
>structures/ArgRS_AF_Bact_Prochlorococcus_marinus_subsp_marinus_str_CCMP1375_gene54199571.pdb
 0.130847 -0.356879 -0.924941    -0.113840
 0.771629 -0.549116  0.321029     2.882238
-0.622469 -0.755718  0.203528    -0.541507
>structures/ArgRS_AF_Bact_Streptobacillus_moniliformis_DSM_12112_gene29674021.pdb
-0.014569 -0.692820  0.720963    -0.504721
-0.632255 -0.552211 -0.543431    -1.161790
 0.774624 -0.463749 -0.429994     0.462219
>structures/ArgRS_AF_Euk_Micromonas_commoda_gene8250062.pdb
-0.927306 -0.304756  0.217319     1.715565
-0.336811  0.932655 -0.129282    -4.433659
-0.163284 -0.193079 -0.967501     0.098958
>structures/ArgRS_AF_Euk_Paulinella_chromatophora_gene6481434.pdb
 0.087535 -0.127953 -0.987910    -1.083297
 0.595951 -0.787947  0.154859     2.237922
-0.798236 -0.602301  0.007281    -3.181601
>structures/ArgRS_AF_Euk_Polyodon_spathula_gene121324634.pdb
 0.864641  0.502053 -0.018386     3.129058
-0.308356  0.501450 -0.808371    -8.805966
-0.396626  0.704621  0.588386    -1.435114
>structures/ArgRS_AF_Euk_Thalassiosira_pseudonana_CCMP1335_gene7449555.pdb
 0.038567 -0.421847  0.905846     4.663949
-0.548729 -0.766549 -0.333615    -3.367207
 0.835111 -0.484197 -0.261043     4.148250
>structures/ArgRS_AF_Mito_Caenorhabditis_elegans_gene174023.pdb
 0.044974  0.087182 -0.995177     4.040696
 0.135607 -0.987497 -0.080381     2.226163
-0.989741 -0.131338 -0.056234    -2.686489
>structures/ArgRS_AF_Mito_Saccharomyces_cerevisiae_S288C_gene851942.pdb
-0.706039  0.540790  0.457226    -1.078959
 0.452198 -0.152602  0.878766    -3.010534
 0.545002  0.827199 -0.136801     1.100332
>structures/ArgRS_PDB_Arch_2ZUF.pdb
 0.327250  0.612428  0.719611   -26.220002
 0.512583  0.524711 -0.679660     9.040849
-0.793830  0.591279 -0.142208    21.544363
>structures/ArgRS_PDB_Bact_1IQ0.pdb
-0.927142 -0.156909  0.340276    20.389396
-0.028974 -0.875364 -0.482596    59.770553
 0.373589 -0.457294  0.807040    27.524286
>structures/ArgRS_PDB_Bact_3FNR.pdb
-0.669044  0.292697 -0.683161   103.219483
-0.616890  0.293963  0.730090   -69.295664
 0.414519  0.909898 -0.016112   -63.476002
