>structures/TrpRS-A_AF_Arch_Natrialba_magadii_ATCC_43099_gene8824932.pdb
 0.989101 -0.085174 -0.120103    -0.819266
 0.099714  0.987661  0.120762    -0.992830
 0.108335 -0.131422  0.985389     2.361473
>structures/TrpRS-A_AF_Arch_Nitrosopumilus_maritimus_SCM1_gene5773245.pdb
 1.000000  0.000000  0.000000     0.000000
 0.000000  1.000000  0.000000     0.000000
 0.000000  0.000000  1.000000     0.000000
>structures/TrpRS-A_AF_Arch_Sulfolobus_islandicus_M1627_gene7814138.pdb
-0.975825 -0.045712  0.213720    -2.758906
 0.080893  0.832892  0.547492    -1.229988
-0.203033  0.551544 -0.809059    -1.018880
>structures/TrpRS-A_AF_Arch_Thermoplasma_acidophilum_DSM_1728_gene1456706.pdb
 0.032832  0.374029 -0.926836    -3.469601
-0.759578 -0.593372 -0.266365     2.023116
-0.649587  0.712749  0.264623     5.349774
>structures/TrpRS-A_AF_Euk_Cryptococcus_neoformans_var_neoformans_JEC21_gene3254069.pdb
-0.160407  0.729619 -0.664775     0.448348
-0.192299 -0.683692 -0.703979    -0.880523
-0.968138  0.014912  0.249974     2.124331
>structures/TrpRS-A_AF_Euk_Cyanidioschyzon_merolae_strain_10D_gene16993299.pdb
 0.834016  0.551579  0.013345     0.845309
-0.450989  0.695453 -0.559423    -0.531259
-0.317847  0.460549  0.828775     0.504972
>structures/TrpRS-A_AF_Euk_Drosophila_melanogaster_gene45399.pdb
 0.964469  0.251250 -0.081692     4.392477
-0.259948  0.847220 -0.463299    -4.374999
-0.047192  0.468073  0.882429     2.779902
>structures/TrpRS-A_AF_Euk_Saccharomyces_cerevisiae_S288C_gene854056.pdb
 0.029201 -0.406133 -0.913347     0.508122
 0.736645 -0.608884  0.294301    -0.914093
-0.675648 -0.681407  0.281396     2.601786
>structures/TrpRS-A_AF_Vir_Megavirus_chiliensis_gene11257301.pdb
 0.986740  0.093434  0.132717    -0.798666
-0.075753  0.988278 -0.132542    -0.408373
-0.143545  0.120731  0.982252     1.397419
>structures/TrpRS-A_PDB_Arch_P_hori_3JXE.pdb
-0.902649  0.318466 -0.289491   -43.614638
 0.410391  0.434308 -0.801845     9.810248
-0.129632 -0.842589 -0.522723    24.059743
>structures/TrpRS-A_PDB_Euk_S_Cerevisiae_3KT3.pdb
 0.156924  0.933236  0.323179     4.530875
-0.982772  0.179911 -0.042328  -159.269197
-0.097645 -0.310969  0.945391    16.677486
