>../../../../class2/gly1//data/domains/Catalytic_domain/structures/GlyRS-A_AF_Arch_Candidatus_Nitrosopumilus_sediminis_gene13697160.pdb
-0.278392 -0.264624 -0.923294    27.902806
-0.959041  0.024217  0.282230     2.235008
-0.052326  0.964048 -0.260527   -22.435403
>../../../../class2/gly1//data/domains/Catalytic_domain/structures/GlyRS-A_AF_Arch_Candidatus_Woesearchaeota_archaeon_proteinMBT4248212.1.pdb
 0.929901 -0.052898  0.363986    27.170678
-0.344146 -0.474362  0.810274     3.691839
 0.129800 -0.878739 -0.459314   -20.948501
>../../../../class2/gly1//data/domains/Catalytic_domain/structures/GlyRS-A_AF_Arch_Sulfolobus_islandicus_YN1551_gene7810979.pdb
-0.441779  0.896974  0.016422    26.722256
 0.404616  0.215552 -0.888720     1.387741
-0.800698 -0.385973 -0.458156   -24.090877
>../../../../class2/gly1//data/domains/Catalytic_domain/structures/GlyRS-A_AF_Arch_Thermoplasma_acidophilum_DSM_1728_gene1455843.pdb
-0.415007 -0.020266 -0.909593    27.924709
-0.891101  0.210803  0.401873     2.365550
 0.183600  0.977319 -0.105543   -22.662353
>../../../../class2/gly1//data/domains/Catalytic_domain/structures/GlyRS-A_AF_Bact_Capnocytophaga_ochracea_DSM_7271_gene29675716.pdb
-0.777764  0.627122  0.042435    27.958688
 0.130462  0.227105 -0.965092     3.902247
-0.614868 -0.745078 -0.258450   -22.479333
>../../../../class2/gly1//data/domains/Catalytic_domain/structures/GlyRS-A_AF_Bact_Corynebacterium_ulcerans_809_gene75260805.pdb
 0.217889  0.913312 -0.344072    23.506370
-0.079917  0.368054  0.926363     2.709324
 0.972696 -0.174347  0.153184   -23.147726
>../../../../class2/gly1//data/domains/Catalytic_domain/structures/GlyRS-A_AF_Bact_Treponema_denticola_ATCC_35405_gene2741635.pdb
 0.397260  0.256820  0.881038    24.727666
 0.538086  0.712514 -0.450319     4.681166
-0.743403  0.652968  0.144862   -21.582010
>../../../../class2/gly1//data/domains/Catalytic_domain/structures/GlyRS-A_PDB_Bact_T_thermophilus_1ati.pdb
 0.187946 -0.660776 -0.726671    69.642589
 0.842462  0.488795 -0.226577   -28.846247
 0.504910 -0.569609  0.648546   -36.217235
>../../../../class2/phe2//data/domains/Catalytic_domain/structures/PheRS-Bβ_AF_Bact_Brachyspira_pilosicoli_95_1000_gene56440382.pdb
 0.012164 -0.571493 -0.820516     4.482508
 0.499422 -0.707425  0.500128     1.003533
-0.866274 -0.415867  0.276811     2.195820
>../../../../class2/phe2//data/domains/Catalytic_domain/structures/PheRS-Bβ_AF_Bact_Chlamydia_psittaci_6BC_gene12242429.pdb
 0.987591  0.129622 -0.088670     0.819221
-0.123631  0.989854  0.070031    -2.029149
 0.096848 -0.058200  0.993596    -0.110994
>../../../../class2/phe2//data/domains/Catalytic_domain/structures/PheRS-Bβ_AF_Bact_Ferrimonas_balearica_DSM_9799_gene67181907.pdb
 0.264628  0.715551 -0.646497     0.579027
-0.723666 -0.295760 -0.623566     2.049449
-0.637401  0.632861  0.439554     1.038027
>../../../../class2/phe2//data/domains/Catalytic_domain/structures/PheRS-Bβ_AF_Bact_Lacticaseibacillus_paracasei_gene61269867.pdb
 0.097548 -0.656337 -0.748135     3.757219
 0.704128 -0.485734  0.517944    -2.491778
-0.703341 -0.577307  0.414763     5.710521
>../../../../class2/phe2//data/domains/Catalytic_domain/structures/PheRS-Bβ_AF_Bact_Mycobacterium_intracellulare_ATCC_13950_gene11909688.pdb
 0.717046  0.616546 -0.325141     1.066082
-0.683942  0.532390 -0.498782     0.887663
-0.134420  0.580027  0.803430     1.649394
>../../../../class2/phe2//data/domains/Catalytic_domain/structures/PheRS-Bβ_AF_Bact_Mycoplasma_hyopneumoniae_168-L_gene57101148.pdb
 0.594281 -0.618431 -0.514172    -0.133111
 0.750375  0.196288  0.631196     5.737917
-0.289426 -0.760930  0.580705     8.515205
>../../../../class2/phe2//data/domains/Catalytic_domain/structures/PheRS-Bβ_AF_Bact_Porphyromonas_gingivalis_ATCC_33277_gene29257179.pdb
 0.155536 -0.295530  0.942587     4.439847
 0.203009 -0.924270 -0.323285     3.897404
 0.966745  0.241636 -0.083762    -0.081078
>../../../../class2/phe2//data/domains/Catalytic_domain/structures/PheRS-Bβ_AF_Bact_Prochlorococcus_marinus_subsp_marinus_str_CCMP1375_gene54200309.pdb
 1.000000  0.000000  0.000000     0.000000
 0.000000  1.000000  0.000000     0.000000
 0.000000  0.000000  1.000000     0.000000
>../../../../class2/phe2//data/domains/Catalytic_domain/structures/PheRS-Bβ_PDB_Bact.B_E_coli_3PCO.pdb
 0.696900  0.496760  0.517262    -2.892987
 0.163632 -0.812371  0.559713   -28.373909
 0.698251 -0.305423 -0.647427    41.030240
>../../../../class2/phe2//data/domains/Catalytic_domain/structures/PheRS-Bβ_PDB_Bact.B_T_thermophilus_1PYS.pdb
 0.353975 -0.762524  0.541534    37.257061
 0.912433  0.408689 -0.020947   -33.878464
-0.205347  0.501528  0.840418   -48.092271
