>structures/Glu_Bact_1J09_T_therm.pdb
 1.000000  0.000000  0.000000     0.000000
 0.000000  1.000000  0.000000     0.000000
 0.000000  0.000000  1.000000     0.000000
>structures/Glu_Bact_2O5R_T_maritima.pdb
-0.193984 -0.932598 -0.304354    67.600644
 0.665202  0.102981 -0.739528    96.869788
 0.721025 -0.345913  0.600389     0.522472
>structures/Glutamyl.B.Actinobacteria.NC_017216.2.pdb
-0.158392 -0.023269 -0.987102    37.444529
 0.446471 -0.893368 -0.050582    35.211577
-0.880668 -0.448724  0.151891     3.711065
>structures/Glutamyl.B.Bacteroidota.NC_010729.1.pdb
 0.207745 -0.206475  0.956143    38.774668
-0.218713 -0.962527 -0.160333    31.448793
 0.953418 -0.175813 -0.245119     4.170008
>structures/Glutamyl.B.Chlamydiae.NC_002620.2.pdb
-0.052979 -0.318474  0.946450    38.981664
 0.109731 -0.943898 -0.311473    36.795112
 0.992548  0.087353  0.084953     0.058401
>structures/Glutamyl.B.Firmicutes.NC_016941.1.pdb
-0.240875  0.268396 -0.932707    40.322039
 0.122571 -0.944896 -0.303558    33.261089
-0.962785 -0.187442  0.194705     6.430898
>structures/Glutamyl.B.Proteobacteria.NC_003317.1.pdb
 0.211550 -0.516524  0.829729    38.283648
-0.489576 -0.790760 -0.367441    30.563247
 0.845909 -0.328484 -0.420163     5.986234
>structures/Glutamyl.B.Spirochaetes.NC_016842.1.pdb
 0.208033 -0.223574  0.952227    38.405673
-0.238861 -0.955664 -0.172197    30.396492
 0.948508 -0.191627 -0.252213     6.143102
>structures/Glutamyl.E.Rhodophyta.NC_010145.1.pdb
 0.089674  0.790144 -0.606326    37.201044
-0.278417 -0.564621 -0.776973    28.631634
-0.956265  0.238486  0.169358     3.805925
