>structures/GluRS_AF_Bact_Bifidobacterium_animalis_subsp_lactis_BLC1_gene66532600.pdb
-0.298455  0.411133  0.861333     0.015638
 0.033048 -0.897471  0.439834    -0.212261
 0.953852  0.159736  0.254267     2.279972
>structures/GluRS_AF_Bact_Chlamydia_psittaci_6BC_gene12242467.pdb
-0.389950 -0.378191  0.839590    -0.218747
 0.194574 -0.925023 -0.326304     5.093248
 0.900045  0.036121  0.434298    -6.468949
>structures/GluRS_AF_Bact_Mycoplasma_hyopneumoniae_168-L_gene57101016.pdb
 0.119305 -0.024731  0.992550     0.814713
-0.093238 -0.995551 -0.013598    -0.647052
 0.988470 -0.090921 -0.121081     0.085419
>structures/GluRS_AF_Bact_Paracoccus_denitrificans_PD1222_gene75500422.pdb
 0.108199 -0.160946  0.981015     1.150799
-0.197072 -0.970696 -0.137517    -1.212043
 0.974400 -0.178452 -0.136746    -0.750984
>structures/GluRS_AF_Bact_Porphyromonas_gingivalis_ATCC_33277_gene29255772.pdb
 1.000000  0.000000  0.000000     0.000000
 0.000000  1.000000  0.000000     0.000000
 0.000000  0.000000  1.000000     0.000000
>structures/GluRS_AF_Bact_Prochlorococcus_marinus_subsp_marinus_str_CCMP1375_gene54199839.pdb
 0.458966 -0.591659 -0.662790     1.672042
 0.855375  0.092599  0.509665    -1.121859
-0.240174 -0.800853  0.548590     0.992784
>structures/GluRS_AF_Bact_Treponema_pallidum_subsp_pertenue_str_SamoaD_gene57879197.pdb
-0.034726  0.090644  0.995278    -1.167023
 0.075160 -0.992821  0.093043    -1.317376
 0.996567  0.078036  0.027664     2.136286
>structures/GluRS_AF_Bact_[Eubacterium]_eligens_ATCC_27750_gene41357084.pdb
 0.042914 -0.138257  0.989466     1.900852
-0.195998 -0.972299 -0.127358    -1.123554
 0.979665 -0.188468 -0.068824     0.796735
>structures/GluRS_AF_Euk_Arabidopsis_thaliana_gene836526.pdb
-0.018043  0.305951 -0.951876    -4.142885
 0.237179 -0.923547 -0.301342     2.070945
-0.971298 -0.231202 -0.055902    -1.181115
>structures/GluRS_AF_Euk_Cryptococcus_neoformans_var_grubii_H99_gene23890400.pdb
 0.970165 -0.206467 -0.127091    -0.829452
 0.229980  0.949636  0.212841    -0.970012
 0.076745 -0.235719  0.968786     3.569484
>structures/GluRS_AF_Mito_Cyanidioschyzon_merolae_strain_10D_gene16997617.pdb
 0.239763  0.729958 -0.640058    -2.686872
-0.290547 -0.575119 -0.764735    -2.065614
-0.926335  0.369322  0.074194    -0.559313
>structures/GluRS_AF_Mito_Drosophila_melanogaster_gene39828.pdb
-0.111872  0.314999 -0.942475     0.999989
 0.050205 -0.945426 -0.321945     2.826821
-0.992454 -0.083333  0.089953     1.650127
>structures/GluRS_PDB_Bact_T_maritima_2O5R.pdb
-0.523261 -0.806102 -0.276401    12.579874
 0.718368 -0.242774 -0.651927    67.908573
 0.458416 -0.539685  0.706112   -15.246326
>structures/GluRS_PDB_Bact_T_therm_1J09.pdb
 0.937677 -0.211426 -0.275792   -29.157214
 0.274687  0.937061  0.215556   -41.748555
 0.212860 -0.277878  0.936736    -3.355152
