>structures/GluRS_AF_Bact_Bifidobacterium_animalis_subsp_lactis_BLC1_gene66532600.pdb
-0.331767 -0.616769  0.713812    -0.284533
-0.593190 -0.451964 -0.666224    -0.050521
 0.733523 -0.644457 -0.215914     2.359159
>structures/GluRS_AF_Bact_Chlamydia_psittaci_6BC_gene12242467.pdb
-0.242976 -0.969125  0.041938     5.639546
-0.498165  0.087568 -0.862649     7.210770
 0.832343 -0.230495 -0.504061     0.295522
>structures/GluRS_AF_Bact_[Eubacterium]_eligens_ATCC_27750_gene41357084.pdb
-0.374460 -0.850848  0.368562     0.222123
-0.837041  0.139174 -0.529144    -0.071925
 0.398926 -0.506645 -0.764309    -0.200752
>structures/GluRS_AF_Bact_Mycoplasma_hyopneumoniae_168-L_gene57101016.pdb
-0.268450 -0.840137  0.471279     0.187047
-0.876226  0.009711 -0.481803     1.098257
 0.400204 -0.542287 -0.738757     0.348899
>structures/GluRS_AF_Bact_Paracoccus_denitrificans_PD1222_gene75500422.pdb
-0.351585 -0.862730  0.363436     0.086206
-0.869391  0.156918 -0.468547     1.573043
 0.347199 -0.480702 -0.805219    -0.498990
>structures/GluRS_AF_Bact_Porphyromonas_gingivalis_ATCC_33277_gene29255772.pdb
 0.458966  0.855375 -0.240174     0.430642
-0.591659  0.092599 -0.800853     1.888235
-0.662790  0.509665  0.548590     1.135354
>structures/GluRS_AF_Bact_Prochlorococcus_marinus_subsp_marinus_str_CCMP1375_gene54199839.pdb
 1.000000  0.000000  0.000000     0.000000
 0.000000  1.000000  0.000000     0.000000
 0.000000  0.000000  1.000000     0.000000
>structures/GluRS_AF_Bact_Treponema_pallidum_subsp_pertenue_str_SamoaD_gene57879197.pdb
-0.198029 -0.826041  0.527675    -1.725023
-0.771081 -0.201079 -0.604153     0.842615
 0.605160 -0.526520 -0.597125     2.227288
>structures/GluRS_AF_Euk_Arabidopsis_thaliana_gene836526.pdb
 0.421868 -0.596783 -0.682553     0.647884
 0.818970 -0.072166  0.569281     5.241901
-0.388994 -0.799151  0.458303     4.311856
>structures/GluRS_AF_Euk_Cryptococcus_neoformans_var_grubii_H99_gene23890400.pdb
 0.623531  0.771575 -0.126023    -1.752362
-0.608088  0.377331 -0.698463    -0.585427
-0.491364  0.512146  0.704463     2.831739
>structures/GluRS_AF_Mito_Cyanidioschyzon_merolae_strain_10D_gene16997617.pdb
 0.082291 -0.245770 -0.965829    -2.457818
 0.573080 -0.781195  0.247615     3.783405
-0.815357 -0.573874  0.076560     1.647140
>structures/GluRS_AF_Mito_Drosophila_melanogaster_gene39828.pdb
 0.218146 -0.639284 -0.737379     2.890684
 0.876503 -0.203901  0.436081    -0.049331
-0.429132 -0.741444  0.515855     2.764132
>structures/GluRS_PDB_Bact_T_maritima_2O5R.pdb
 0.269933 -0.442482 -0.855187    68.052386
 0.012408  0.889681 -0.456413    12.632312
 0.962799  0.112590  0.245645    18.480957
>structures/GluRS_PDB_Bact_T_therm_1J09.pdb
 0.621523  0.765890 -0.164688   -48.006698
-0.692932  0.439398 -0.571642    17.429754
-0.365451  0.469406  0.803806    -2.778966
