>structures/ArgRS_AF_Arch_Candidatus_Korarchaeum_cryptofilum_OPF8_gene6093502.pdb
-0.134680 -0.728397  0.671788    -2.095537
-0.789424 -0.330887 -0.517034     0.814377
 0.598892 -0.599959 -0.530450     3.596830
>structures/ArgRS_AF_Arch_Candidatus_Nitrosopumilus_sediminis_gene13697696.pdb
-0.348427 -0.873897  0.338973    -0.412864
-0.931568  0.282790 -0.228497     0.339625
 0.103825 -0.395391 -0.912626     1.399202
>structures/ArgRS_AF_Arch_Desulfurococcus_mucosus_DSM_2162_gene10153309.pdb
-0.365385 -0.828441  0.424476    -9.084059
-0.682036 -0.072076 -0.727758    -0.297351
 0.633499 -0.555420 -0.538690     2.184997
>structures/ArgRS_AF_Arch_Methanothermococcus_okinawensis_IH1_gene10773248.pdb
-0.204989 -0.435073  0.876750    -1.577867
-0.525710 -0.706649 -0.473577    -1.656157
 0.825596 -0.557994 -0.083867     0.995449
>structures/ArgRS_AF_Bact_Anoxybacillus_flavithermus_WK1_gene7039015.pdb
-0.867719 -0.458398  0.192188     1.790962
-0.475104  0.878528 -0.049649    -1.687894
-0.146083 -0.134391 -0.980101     2.576161
>structures/ArgRS_AF_Bact_Brachyspira_pilosicoli_95_1000_gene56439668.pdb
 0.146719 -0.472047  0.869278     0.114415
-0.345797 -0.847819 -0.402029     1.195243
 0.926767 -0.241608 -0.287624    -1.047708
>structures/ArgRS_AF_Bact_Chlamydia_psittaci_6BC_gene12242456.pdb
 0.089596 -0.733434  0.673831    -0.628488
-0.730724 -0.508124 -0.455908     1.541071
 0.676768 -0.451537 -0.581463     1.823572
>structures/ArgRS_AF_Bact_Corynebacterium_ulcerans_809_gene75260071.pdb
 0.117086 -0.518059  0.847293    -0.174288
-0.443246 -0.790733 -0.422225     0.591503
 0.888720 -0.326122 -0.322212    -0.376408
>structures/ArgRS_AF_Bact_Cupriavidus_taiwanensis_LMG_19424_gene29762022.pdb
-0.050929 -0.695006  0.717198    -1.809618
-0.653744 -0.519693 -0.550035    -1.471044
 0.755000 -0.496877 -0.427888     0.129118
>structures/ArgRS_AF_Bact_Mycoplasma_hyopneumoniae_168-L_gene57100855.pdb
-0.056342 -0.735792  0.674860    -3.185464
-0.815073 -0.356474 -0.456708    -0.460912
 0.576612 -0.575792 -0.579640     2.333411
>structures/ArgRS_AF_Bact_Prochlorococcus_marinus_subsp_marinus_str_CCMP1375_gene54199571.pdb
-0.970927 -0.232556 -0.056733    -3.942927
-0.236141  0.891686  0.386178    -1.521774
-0.039220  0.388348 -0.920678    -1.684092
>structures/ArgRS_AF_Bact_Streptobacillus_moniliformis_DSM_12112_gene29674021.pdb
 1.000000 -0.000000  0.000000     0.000000
 0.000000  1.000000  0.000000     0.000000
-0.000000  0.000000  1.000000     0.000000
>structures/ArgRS_AF_Euk_Micromonas_commoda_gene8250062.pdb
 0.092162 -0.716411 -0.691565     1.689235
 0.910609 -0.220353  0.349623     0.763416
-0.402862 -0.661967  0.632062     3.543555
>structures/ArgRS_AF_Euk_Paulinella_chromatophora_gene6481434.pdb
-0.995361  0.025376 -0.092803    -5.255819
-0.035213  0.801571  0.596862     0.462721
 0.089534  0.597361 -0.796959    -0.664982
>structures/ArgRS_AF_Euk_Polyodon_spathula_gene121324634.pdb
-0.129451  0.214098  0.968196     2.880343
-0.265757 -0.948182  0.174140     2.500768
 0.955309 -0.234763  0.179642     7.714523
>structures/ArgRS_AF_Euk_Thalassiosira_pseudonana_CCMP1335_gene7449555.pdb
 0.994502  0.104642  0.003958     3.845926
-0.097294  0.937323 -0.334604    -3.621077
-0.038723  0.332379  0.942351     3.195329
>structures/ArgRS_AF_Mito_Caenorhabditis_elegans_gene174023.pdb
-0.835991  0.548443  0.018143    -5.862339
 0.366709  0.533768  0.761982    -3.477166
 0.408220  0.643663 -0.647344     2.604803
>structures/ArgRS_AF_Mito_Saccharomyces_cerevisiae_S288C_gene851942.pdb
 0.127700  0.747177 -0.652242     0.947184
-0.029845 -0.654433 -0.755531     1.422063
-0.991364  0.115947 -0.061271    -0.152697
>structures/ArgRS_PDB_Arch_2ZUF.pdb
-0.957375  0.053122  0.283922    11.352706
-0.097718 -0.984552 -0.145290     4.755993
 0.271818 -0.166841  0.947776   -32.797492
>structures/ArgRS_PDB_Bact_1IQ0.pdb
 0.380027  0.271355  0.884277   -23.012963
 0.454771  0.777661 -0.434081   -58.500003
-0.805458  0.567106  0.172128   -30.492677
>structures/ArgRS_PDB_Bact_3FNR.pdb
 0.723890  0.473240 -0.502024    -2.399989
 0.586727 -0.805087  0.087101    -4.040482
-0.362953 -0.357603 -0.860457   139.514453
