>structures/ArgRS_AF_Arch_Candidatus_Korarchaeum_cryptofilum_OPF8_gene6093502.pdb
-0.118981 -0.128916  0.984492    -7.425294
 0.086554 -0.989107 -0.119060     1.685727
 0.989117  0.071046  0.128843     0.315773
>structures/ArgRS_AF_Arch_Candidatus_Nitrosopumilus_sediminis_gene13697696.pdb
-0.001026 -0.585294  0.810821    -4.914169
-0.431405 -0.731230 -0.528387     0.694850
 0.902158 -0.350334 -0.251748    -0.369886
>structures/ArgRS_AF_Arch_Desulfurococcus_mucosus_DSM_2162_gene10153309.pdb
-0.356080 -0.316765  0.879129   -11.710747
-0.014348 -0.938828 -0.344087    -3.927968
 0.934345 -0.135137  0.329753     1.030876
>structures/ArgRS_AF_Arch_Methanothermococcus_okinawensis_IH1_gene10773248.pdb
-0.382370  0.231657  0.894499    -4.805518
 0.282740 -0.892295  0.351949    -0.414684
 0.879688  0.387485  0.275688     0.832521
>structures/ArgRS_AF_Bact_Anoxybacillus_flavithermus_WK1_gene7039015.pdb
-0.415226 -0.624943  0.661086    -2.983931
-0.816726 -0.063983 -0.573468     2.551731
 0.400683 -0.778044 -0.483839     1.120338
>structures/ArgRS_AF_Bact_Brachyspira_pilosicoli_95_1000_gene56439668.pdb
-0.242040  0.101503  0.964942    -3.570017
 0.650215 -0.721193  0.238959     0.350813
 0.720165  0.685257  0.108559    -2.455831
>structures/ArgRS_AF_Bact_Chlamydia_psittaci_6BC_gene12242456.pdb
-0.012782 -0.152014  0.988296    -5.736958
 0.294730 -0.945039 -0.141549     1.553298
 0.955495  0.289471  0.056883    -1.419145
>structures/ArgRS_AF_Bact_Corynebacterium_ulcerans_809_gene75260071.pdb
-0.206131  0.079247  0.975310    -3.812010
 0.550972 -0.814299  0.182612     0.375925
 0.808665  0.575011  0.124190    -1.869249
>structures/ArgRS_AF_Bact_Cupriavidus_taiwanensis_LMG_19424_gene29762022.pdb
-0.188758 -0.074985  0.979157    -4.621014
 0.280949 -0.959528 -0.019322    -1.110645
 0.940977  0.271446  0.202186     0.407609
>structures/ArgRS_AF_Bact_Mycoplasma_hyopneumoniae_168-L_gene57100855.pdb
-0.025035 -0.130183  0.991174    -7.120676
 0.104300 -0.986414 -0.126924    -0.256606
 0.994231  0.100201  0.038273     0.676070
>structures/ArgRS_AF_Bact_Prochlorococcus_marinus_subsp_marinus_str_CCMP1375_gene54199571.pdb
-0.645941 -0.711594  0.276394    -5.484174
-0.708026  0.423085 -0.565419    -4.027308
 0.285411 -0.560921 -0.777115    -0.366761
>structures/ArgRS_AF_Bact_Streptobacillus_moniliformis_DSM_12112_gene29674021.pdb
 0.763854 -0.385569 -0.517555    -3.696758
 0.637728  0.327738  0.697058     0.471570
-0.099142 -0.862510  0.496233    -1.354175
>structures/ArgRS_AF_Euk_Micromonas_commoda_gene8250062.pdb
-0.058817 -0.135562 -0.989022    -4.575369
 0.070150 -0.988849  0.131366     3.912691
-0.995801 -0.061653  0.067671    -0.217049
>structures/ArgRS_AF_Euk_Paulinella_chromatophora_gene6481434.pdb
-0.806758 -0.579833  0.113734    -7.678474
-0.566878  0.705206 -0.425833    -3.582319
 0.166706 -0.408018 -0.897625    -1.393951
>structures/ArgRS_AF_Euk_Polyodon_spathula_gene121324634.pdb
-0.489082  0.635882  0.597036    -6.435795
 0.505728 -0.350958  0.788078     8.182697
 0.710660  0.687373 -0.149936     0.217387
>structures/ArgRS_AF_Euk_Thalassiosira_pseudonana_CCMP1335_gene7449555.pdb
 0.830735 -0.442695 -0.337493    -1.069585
 0.554163  0.600222  0.576747     3.500971
-0.052753 -0.666150  0.743950     2.942594
>structures/ArgRS_AF_Mito_Caenorhabditis_elegans_gene174023.pdb
-0.992860 -0.111211  0.043135    -8.308315
-0.117669  0.972436 -0.201304    -2.733477
-0.019559 -0.204942 -0.978579     3.532535
>structures/ArgRS_AF_Mito_Saccharomyces_cerevisiae_S288C_gene851942.pdb
 0.611273  0.767838 -0.191756    -3.535441
-0.634668  0.330847 -0.698382     1.061425
-0.472802  0.548603  0.689560    -2.607090
>structures/ArgRS_AF_Vir_Megavirus_chiliensis_gene11257368.pdb
 0.999951  0.002804 -0.009542     0.017437
-0.002829  0.999993 -0.002594     0.027738
 0.009534  0.002621  0.999951     0.189340
>structures/ArgRS_PDB_Arch_2ZUF.pdb
-0.843936  0.480678 -0.238160    20.919271
-0.459483 -0.418592  0.783362   -13.132825
 0.276853  0.770538  0.574128   -21.784654
>structures/ArgRS_PDB_Bact_1IQ0.pdb
 0.553796 -0.392309  0.734441    17.345432
-0.142133  0.824564  0.547624   -55.085706
-0.820432 -0.407660  0.400880    35.864150
>structures/ArgRS_PDB_Euk_S_cerevisiae_1BS2.pdb
-0.523174 -0.673356  0.522380    77.808889
-0.678962  0.699790  0.222047   -20.635639
-0.515073 -0.238507 -0.823295    22.456437
