>structures/ArgRS_AF_Arch_Candidatus_Korarchaeum_cryptofilum_OPF8_gene6093502.pdb
 0.973949 -0.210355  0.084699     1.819229
 0.210132  0.977604  0.011642     0.670007
-0.085251  0.006459  0.996339    -1.584082
>structures/ArgRS_AF_Arch_Candidatus_Nitrosopumilus_sediminis_gene13697696.pdb
 0.748509 -0.516893 -0.415398     0.711109
 0.651153  0.691410  0.312973     0.813914
 0.125437 -0.504751  0.854103     1.005176
>structures/ArgRS_AF_Arch_Desulfurococcus_mucosus_DSM_2162_gene10153309.pdb
 0.901310 -0.382140  0.203983     0.968600
 0.320171  0.904880  0.280504     6.788603
-0.291772 -0.187512  0.937928    -4.969293
>structures/ArgRS_AF_Arch_Methanothermococcus_okinawensis_IH1_gene10773248.pdb
 0.924061  0.105945  0.367270     1.794068
 0.041540  0.927298 -0.372011     2.556366
-0.379981  0.359017  0.852479     1.367795
>structures/ArgRS_AF_Bact_Anoxybacillus_flavithermus_WK1_gene7039015.pdb
 0.196608 -0.756323 -0.623956     2.731001
 0.938444 -0.039186  0.343202    -0.394620
-0.284022 -0.653024  0.702062     2.765128
>structures/ArgRS_AF_Bact_Brachyspira_pilosicoli_95_1000_gene56439668.pdb
 0.884849  0.447095  0.130951    -1.624866
-0.388944  0.863669 -0.320621     0.829243
-0.256446  0.232769  0.938112     2.207047
>structures/ArgRS_AF_Bact_Chlamydia_psittaci_6BC_gene12242456.pdb
 1.000000  0.000000  0.000000     0.000000
 0.000000  1.000000  0.000000     0.000000
 0.000000  0.000000  1.000000     0.000000
>structures/ArgRS_AF_Bact_Corynebacterium_ulcerans_809_gene75260071.pdb
 0.927329  0.345327  0.144256    -0.846958
-0.297364  0.913929 -0.276240     1.051498
-0.227232  0.213269  0.950201     2.126698
>structures/ArgRS_AF_Bact_Cupriavidus_taiwanensis_LMG_19424_gene29762022.pdb
 0.987280  0.006803  0.158846     0.931214
 0.007367  0.996053 -0.088449     2.736141
-0.158821  0.088495  0.983333     1.585518
>structures/ArgRS_AF_Bact_Mycoplasma_hyopneumoniae_168-L_gene57100855.pdb
 0.983629 -0.179330 -0.017742     1.516981
 0.179320  0.983788 -0.002121     2.760465
 0.017835 -0.001095  0.999840    -1.021823
>structures/ArgRS_AF_Bact_Prochlorococcus_marinus_subsp_marinus_str_CCMP1375_gene54199571.pdb
 0.073266 -0.406770 -0.910588    -0.522377
 0.852553 -0.448209  0.268816     5.533124
-0.517480 -0.796020  0.313954     1.208734
>structures/ArgRS_AF_Bact_Streptobacillus_moniliformis_DSM_12112_gene29674021.pdb
 0.099145 -0.732238  0.673793     0.075472
-0.731194 -0.512886 -0.449782     1.157035
 0.674927 -0.448080 -0.586258     2.224456
>structures/ArgRS_AF_Euk_Micromonas_commoda_gene8250062.pdb
-0.931806 -0.345143  0.112309     1.880600
-0.342822  0.938549  0.039974    -1.957907
-0.119204 -0.001255 -0.992869     0.929949
>structures/ArgRS_AF_Euk_Paulinella_chromatophora_gene6481434.pdb
 0.010000 -0.183519 -0.982965    -1.299246
 0.713391 -0.687519  0.135617     5.032727
-0.700695 -0.702594  0.124046    -1.145103
>structures/ArgRS_AF_Euk_Polyodon_spathula_gene121324634.pdb
 0.836853  0.545886  0.041050     3.125959
-0.223883  0.409717 -0.884312    -5.731197
-0.499553  0.730849  0.465088    -1.538044
>structures/ArgRS_AF_Euk_Thalassiosira_pseudonana_CCMP1335_gene7449555.pdb
 0.097987 -0.455901  0.884620     4.642309
-0.663788 -0.692222 -0.283221    -1.218643
 0.741474 -0.559448 -0.370450     4.606112
>structures/ArgRS_AF_Mito_Caenorhabditis_elegans_gene174023.pdb
-0.037278  0.068888 -0.996928     3.735036
 0.258212 -0.963078 -0.076205     5.847616
-0.965369 -0.260259  0.018114    -1.643672
>structures/ArgRS_AF_Mito_Saccharomyces_cerevisiae_S288C_gene851942.pdb
-0.636036  0.602684  0.481903    -1.214857
 0.382824 -0.295787  0.875189    -0.287984
 0.670003  0.741136 -0.042591     2.184934
>structures/ArgRS_AF_Vir_Megavirus_chiliensis_gene11257368.pdb
-0.005912  0.280514  0.959832     1.010468
-0.130785 -0.951821  0.277368     1.433623
 0.991393 -0.123892  0.042314     6.010266
>structures/ArgRS_PDB_Arch_2ZUF.pdb
 0.165333  0.625138  0.762802   -23.957496
 0.638283  0.521796 -0.565971     4.847293
-0.751837  0.580458 -0.312745    27.217282
>structures/ArgRS_PDB_Bact_1IQ0.pdb
-0.840130 -0.168480  0.515554    20.661077
-0.154827 -0.836486 -0.525661    60.346625
 0.519817 -0.521445  0.676672    32.464255
>structures/ArgRS_PDB_Bact_3FNR.pdb
-0.634335  0.375858 -0.675536    97.056584
-0.660572  0.190398  0.726218   -58.654348
 0.401576  0.906906  0.127505   -78.290526
