>structures/ArgRS_AF_Arch_Candidatus_Korarchaeum_cryptofilum_OPF8_gene6093502.pdb
-0.970712 -0.140995 -0.194522    -0.498654
-0.140530  0.989943 -0.016263     2.701671
 0.194858  0.011549 -0.980763     2.625113
>structures/ArgRS_AF_Arch_Candidatus_Nitrosopumilus_sediminis_gene13697696.pdb
-0.921392  0.338785  0.190423     0.273402
 0.388283  0.823308  0.414006     3.020724
-0.016518  0.455400 -0.890134    -0.048245
>structures/ArgRS_AF_Arch_Desulfurococcus_mucosus_DSM_2162_gene10153309.pdb
-0.921506  0.056349 -0.384255    -1.297429
-0.026496  0.977991  0.206959     8.855346
 0.387460  0.200895 -0.899731     6.222511
>structures/ArgRS_AF_Arch_Methanothermococcus_okinawensis_IH1_gene10773248.pdb
-0.831873 -0.465505 -0.302146    -1.366776
-0.289349  0.828390 -0.479632     4.389031
 0.473566 -0.311568 -0.823809    -0.206564
>structures/ArgRS_AF_Bact_Anoxybacillus_flavithermus_WK1_gene7039015.pdb
-0.448008  0.813708  0.370362    -1.884511
 0.820214  0.209263  0.532407     1.480362
 0.355721  0.542299 -0.761167    -1.566448
>structures/ArgRS_AF_Bact_Brachyspira_pilosicoli_95_1000_gene56439668.pdb
-0.657662 -0.735157 -0.164390     1.774175
-0.647221  0.663087 -0.376059     3.543619
 0.385467 -0.140923 -0.911897    -1.627294
>structures/ArgRS_AF_Bact_Chlamydia_psittaci_6BC_gene12242456.pdb
-0.932277 -0.340016 -0.123483     1.111967
-0.343764  0.939005  0.009776     2.743686
 0.112627  0.051563 -0.992299     0.867982
>structures/ArgRS_AF_Bact_Corynebacterium_ulcerans_809_gene75260071.pdb
-0.750178 -0.646213 -0.140151     1.592244
-0.583690  0.746750 -0.318858     3.779174
 0.310707 -0.157395 -0.937383    -1.219207
>structures/ArgRS_AF_Bact_Cupriavidus_taiwanensis_LMG_19424_gene29762022.pdb
-0.903254 -0.345789 -0.254090    -0.931043
-0.326388  0.938051 -0.116321     5.182471
 0.278572 -0.022135 -0.960160    -0.522496
>structures/ArgRS_AF_Bact_Mycoplasma_hyopneumoniae_168-L_gene57100855.pdb
-0.981412 -0.165963 -0.096365    -0.877886
-0.167844  0.985744  0.011701     4.849638
 0.093049  0.027658 -0.995277     2.140660
>structures/ArgRS_AF_Bact_Prochlorococcus_marinus_subsp_marinus_str_CCMP1375_gene54199571.pdb
-0.301770  0.630828  0.714836    -0.338845
 0.763176 -0.289542  0.577692     8.159834
 0.571400  0.719876 -0.394058    -0.050358
>structures/ArgRS_AF_Bact_Streptobacillus_moniliformis_DSM_12112_gene29674021.pdb
 0.105524  0.907826 -0.405853     0.796862
-0.719281 -0.212139 -0.661537     3.629063
-0.686658  0.361730  0.630597    -1.327669
>structures/ArgRS_AF_Euk_Micromonas_commoda_gene8250062.pdb
 0.999815 -0.013351 -0.013815     0.237787
 0.013438  0.999890  0.006205    -0.058046
 0.013731 -0.006389  0.999885     0.040670
>structures/ArgRS_AF_Euk_Paulinella_chromatophora_gene6481434.pdb
-0.189976  0.490918  0.850240     0.880941
 0.666676 -0.571234  0.478784     7.674264
 0.720730  0.657792 -0.218763     2.004578
>structures/ArgRS_AF_Euk_Polyodon_spathula_gene121324634.pdb
-0.639470 -0.741118  0.204504     0.324597
-0.491031  0.189029 -0.850386    -4.003282
 0.591579 -0.644215 -0.484790     2.507624
>structures/ArgRS_AF_Euk_Thalassiosira_pseudonana_CCMP1335_gene7449555.pdb
 0.054305  0.728585 -0.682799    -3.153981
-0.658735 -0.487756 -0.572855    -0.213008
-0.750413  0.480893  0.453457    -3.266919
>structures/ArgRS_AF_Mito_Caenorhabditis_elegans_gene174023.pdb
 0.056801  0.286967  0.956255    -3.867087
 0.234372 -0.934869  0.266627     7.156771
 0.970486  0.208975 -0.120359     3.166262
>structures/ArgRS_AF_Mito_Saccharomyces_cerevisiae_S288C_gene851942.pdb
 0.392649 -0.537048 -0.746596     2.538143
 0.588253 -0.477360  0.652752     3.100581
-0.706955 -0.695490  0.128486    -1.444128
>structures/ArgRS_PDB_Arch_2ZUF.pdb
-0.301705 -0.828676 -0.471456    18.987715
 0.517238  0.273133 -0.811088    16.916138
 0.800899 -0.488564  0.346217   -28.091742
>structures/ArgRS_PDB_Bact_1IQ0.pdb
 0.787434  0.502293 -0.357280   -42.177096
 0.163098 -0.728750 -0.665073    52.605759
-0.594429  0.465430 -0.655766   -26.997757
>structures/ArgRS_PDB_Bact_3FNR.pdb
 0.761100 -0.530982  0.372539   -59.933279
-0.399915  0.068052  0.914023   -86.553253
-0.510682 -0.844646 -0.160553    86.077404
