>structures/PheRS-Aβ_AF_Arch_Candidatus_Nitrosopumilus_koreensis_AR1_gene13724457.pdb
 0.584719 -0.768474 -0.259906    -2.344789
 0.735011  0.366268  0.570619    -5.214745
-0.343311 -0.524686  0.779001     8.875901
>structures/PheRS-Aβ_AF_Arch_Halalkalicoccus_jeotgali_B3_gene9420006.pdb
 0.434501  0.777106 -0.455319    -4.241812
-0.727181  0.004396 -0.686432    -3.252951
-0.531429  0.629354  0.567007     5.121247
>structures/PheRS-Aβ_AF_Arch_Sulfolobus_islandicus_YG5714_gene7807969.pdb
 0.586239 -0.765185 -0.266113    -1.196678
 0.788701  0.463993  0.403313    -5.792798
-0.185134 -0.446321  0.875513     7.787620
>structures/PheRS-Aβ_AF_Arch_Thermoplasma_volcanium_GSS1_gene1441711.pdb
 0.172924  0.327774  0.928796    -4.399970
 0.086884 -0.944402  0.317105    -0.865488
 0.981095  0.025863 -0.191789     7.885270
>structures/PheRS-Aβ_AF_Euk_Astyanax_mexicanus_gene103044481.pdb
-0.245963 -0.748612  0.615696    -3.290416
-0.688863 -0.311861 -0.654378    -5.799157
 0.681886 -0.585084 -0.438985     8.684994
>structures/PheRS-Aβ_AF_Euk_Didymosphenia_geminata_gene19740299.pdb
 1.000000  0.000000  0.000000     0.000000
 0.000000  1.000000  0.000000     0.000000
 0.000000  0.000000  1.000000     0.000000
>structures/PheRS-Aβ_AF_Euk_Drosophila_melanogaster_gene42888.pdb
 0.921240  0.236126  0.309131    -2.445615
-0.051946  0.862249 -0.503814    -5.526501
-0.385511  0.448076  0.806604     7.137706
>structures/PheRS-Aβ_AF_Euk_Gracilariopsis_tenuifrons_gene68635617.pdb
-0.958785 -0.164817 -0.231446    -1.624158
-0.208995  0.960928  0.181488     1.111374
 0.192491  0.222379 -0.955769     1.209338
>structures/PheRS-Aβ_PDB_Euk.B_H_sapiens_3L4G.pdb
-0.882028 -0.043109 -0.469222    51.590860
 0.471174 -0.090684 -0.877366    -6.073004
-0.004729 -0.994946  0.100298    98.559824
