>structures/PheRS-Aβ_AF_Arch_Candidatus_Nitrosopumilus_koreensis_AR1_gene13724457.pdb
-0.088382 -0.327043 -0.940868    -0.055702
 0.253946 -0.920750  0.296195     3.535119
-0.963172 -0.212751  0.164429     2.728050
>structures/PheRS-Aβ_AF_Arch_Halalkalicoccus_jeotgali_B3_gene9420006.pdb
 1.000000  0.000000  0.000000     0.000000
 0.000000  1.000000  0.000000     0.000000
 0.000000  0.000000  1.000000     0.000000
>structures/PheRS-Aβ_AF_Arch_Sulfolobus_islandicus_YG5714_gene7807969.pdb
-0.221908 -0.428102 -0.876063     1.542161
 0.349529 -0.873679  0.338400     3.815680
-0.910267 -0.231116  0.343510     1.789793
>structures/PheRS-Aβ_AF_Arch_Thermoplasma_volcanium_GSS1_gene1441711.pdb
-0.506889  0.816431  0.276592    -3.422398
 0.749064  0.258397  0.610028     1.443739
 0.426576  0.516402 -0.742538    -0.305919
>structures/PheRS-Aβ_AF_Euk_Astyanax_mexicanus_gene103044481.pdb
 0.017901  0.217006  0.976006     0.109867
 0.221864 -0.952688  0.207753     2.644698
 0.974913  0.212822 -0.065200     3.375911
>structures/PheRS-Aβ_AF_Euk_Didymosphenia_geminata_gene19740299.pdb
 0.436444 -0.726314 -0.531023     2.265930
 0.775628  0.004613  0.631173     0.160570
-0.455980 -0.687348  0.565363    -7.264186
>structures/PheRS-Aβ_AF_Euk_Drosophila_melanogaster_gene42888.pdb
 0.623679 -0.780177  0.048458     1.254157
 0.493981  0.441418  0.749088     2.593939
-0.605812 -0.443253  0.660695     1.660465
>structures/PheRS-Aβ_AF_Euk_Gracilariopsis_tenuifrons_gene68635617.pdb
-0.346963 -0.890323  0.294858    -0.685589
-0.648964  0.000936 -0.760819     0.753594
 0.677098 -0.455329 -0.578112    -6.124093
>structures/PheRS-Aβ_PDB_Euk.B_H_sapiens_3L4G.pdb
-0.715014  0.581680  0.387819   -24.215243
-0.695176 -0.650330 -0.306269   101.616262
 0.074060 -0.488589  0.869365    30.292980
