>../../../../class2/ala//data/domains/Catalytic_domain/structures/AlaRS_AF_Arch_Candidatus_Korarchaeum_cryptofilum_OPF8_gene6094822.pdb
 0.157850 -0.452835  0.877510    48.702945
-0.304905  0.822875  0.479489    33.152889
-0.939211 -0.343244 -0.008181    10.593724
>../../../../class2/ala//data/domains/Catalytic_domain/structures/AlaRS_AF_Arch_Candidatus_Nitrosopumilus_koreensis_AR1_gene13725795.pdb
-0.433572  0.815435 -0.383512    43.285368
-0.842391 -0.215645  0.493837    34.605270
 0.319990  0.537180  0.780413    13.299720
>../../../../class2/ala//data/domains/Catalytic_domain/structures/AlaRS_AF_Arch_Sulfolobus_islandicus_YG5714_gene7807284.pdb
-0.009000 -0.278638  0.960354    48.250021
 0.723355  0.661285  0.198644    36.914683
-0.690417  0.696465  0.195603     9.990494
>../../../../class2/ala//data/domains/Catalytic_domain/structures/AlaRS_AF_Arch_Thermoplasma_acidophilum_DSM_1728_gene1456391.pdb
-0.430380  0.813966 -0.390170    44.683117
-0.851730 -0.223081  0.474121    33.988930
 0.298878  0.536372  0.789289    12.139608
>../../../../class2/ala//data/domains/Catalytic_domain/structures/AlaRS_AF_Bact_Brucella_melitensis_bv_1_str_16M_gene29593597.pdb
-0.785678  0.203056 -0.584361    40.206660
-0.618407 -0.232109  0.750799    27.178912
 0.016818  0.951259  0.307935    16.721961
>../../../../class2/ala//data/domains/Catalytic_domain/structures/AlaRS_AF_Bact_Chlamydia_psittaci_6BC_gene12242512.pdb
-0.976926  0.012564 -0.213209    44.871146
 0.204549 -0.232152 -0.950929    30.979380
-0.061445 -0.972598  0.224225    16.114190
>../../../../class2/ala//data/domains/Catalytic_domain/structures/AlaRS_AF_Bact_Lactobacillus_acidophilus_La-14_gene56942022.pdb
-0.438856 -0.825511  0.354876    48.638974
 0.833082 -0.521798 -0.183578    35.710928
 0.336719  0.215076  0.916713    22.417401
>../../../../class2/ala//data/domains/Catalytic_domain/structures/AlaRS_AF_Bact_Nocardia_farcinica_IFM_10152_gene61134339.pdb
-0.761189 -0.625272 -0.172123    46.109127
 0.578933 -0.535519 -0.614863    31.213139
 0.292281 -0.567674  0.769622    17.758935
>../../../../class2/ala//data/domains/Catalytic_domain/structures/AlaRS_AF_Bact_Porphyromonas_gingivalis_ATCC_33277_gene29256567.pdb
-0.956335 -0.159555 -0.244877    45.507374
 0.286847 -0.351718 -0.891074    32.656187
 0.056048 -0.922408  0.382129    15.941188
>../../../../class2/ala//data/domains/Catalytic_domain/structures/AlaRS_AF_Bact_Prochlorococcus_marinus_subsp_marinus_str_CCMP1375_gene54199407.pdb
 0.289662  0.783086 -0.550338    47.224442
 0.368450  0.439447  0.819226    29.658843
 0.883369 -0.440070 -0.161237    17.298836
>../../../../class2/ala//data/domains/Catalytic_domain/structures/AlaRS_AF_Bact_Streptobacillus_moniliformis_DSM_12112_gene29672963.pdb
-0.966387  0.200230 -0.161260    48.501240
 0.117760 -0.212830 -0.969967    30.905406
-0.228538 -0.956353  0.182097    19.277457
>../../../../class2/ala//data/domains/Catalytic_domain/structures/AlaRS_AF_Bact_Treponema_pallidum_subsp_pertenue_str_SamoaD_gene57879528.pdb
 0.096392  0.482231  0.870725    43.038583
 0.314000  0.815395 -0.486348    44.738325
-0.944517  0.320288 -0.072823    15.334601
>../../../../class2/ala//data/domains/Catalytic_domain/structures/AlaRS_AF_Euk_Cyanidioschyzon_merolae_strain_10D_gene16993235.pdb
-0.012567  0.178249  0.983905    53.307292
 0.647767  0.751045 -0.127790    31.972352
-0.761735  0.635735 -0.124902    13.590272
>../../../../class2/ala//data/domains/Catalytic_domain/structures/AlaRS_AF_Euk_Marasmius_oreades_gene66078979.pdb
-0.593367  0.690723 -0.413300    50.005977
-0.780569 -0.368394  0.504974    32.326786
 0.196540  0.622244  0.757750    15.794038
>../../../../class2/ala//data/domains/Catalytic_domain/structures/AlaRS_AF_Euk_Plasmodium_berghei_ANKA_gene55150801.pdb
-0.919213 -0.386059  0.077500    45.192285
 0.254942 -0.733503 -0.630062    32.486014
 0.300088 -0.559403  0.772668    20.091934
>../../../../class2/ala//data/domains/Catalytic_domain/structures/AlaRS_AF_Euk_Saccharomyces_cerevisiae_S288C_gene854513.pdb
-0.107138  0.869649 -0.481905    47.269420
-0.869495  0.153111  0.469612    32.820982
 0.482182  0.469327  0.739752    11.417844
>../../../../class2/ala//data/domains/Catalytic_domain/structures/AlaRS_AF_Mito_Caenorhabditis_elegans_gene174749.pdb
-0.946267  0.295070  0.132333    45.941914
-0.090762  0.150435 -0.984445    34.946637
-0.310388 -0.943558 -0.115571    13.534151
>../../../../class2/ala//data/domains/Catalytic_domain/structures/AlaRS_AF_Mito_Gadus_morhua_gene115539928.pdb
 0.654554 -0.491402 -0.574529    45.048592
-0.755216 -0.390065 -0.526781    33.358030
 0.034758  0.778700 -0.626433    12.796845
>../../../../class2/ala//data/domains/Catalytic_domain/structures/AlaRS_PDB_Bact_E_coli_3HXV.pdb
 0.760632 -0.646494 -0.059032    50.835747
 0.389798  0.382108  0.837884     7.041180
-0.519130 -0.660332  0.542646    38.158072
>../../../../class2/thr//data/domains/Catalytic_domain/structures/ThrRS_AF_Arch_Candidatus_Methanomethylophilus_alvus_Mx1201_gene15140074.pdb
 0.736168 -0.674098 -0.060399    35.856873
 0.002352  0.091790 -0.995776    61.511583
 0.676794  0.732916  0.069158    16.223884
>../../../../class2/thr//data/domains/Catalytic_domain/structures/ThrRS_AF_Arch_Candidatus_Nitrosopumilus_koreensis_AR1_gene13725077.pdb
-0.408382  0.170957 -0.896659    29.854470
-0.367893 -0.929817 -0.009723    57.322515
-0.835392  0.325904  0.442614    10.488818
>../../../../class2/thr//data/domains/Catalytic_domain/structures/ThrRS_AF_Arch_Pyrococcus_furiosus_DSM_3638_gene1469226.pdb
-0.253084 -0.129158 -0.958784    32.047459
-0.222235 -0.956784  0.187550    56.889732
-0.941573  0.260542  0.213443    10.600818
>../../../../class2/thr//data/domains/Catalytic_domain/structures/ThrRS_AF_Arch_Sulfolobus_islandicus_M164_gene7940156.pdb
 0.157268  0.844100  0.512603    32.103633
 0.935380 -0.293807  0.196831    56.130061
 0.316752  0.448523 -0.835760    18.932536
>../../../../class2/thr//data/domains/Catalytic_domain/structures/ThrRS_AF_Bact_Bifidobacterium_longum_subsp_longum_JCM_1217_gene69578309.pdb
 0.014197  0.195817 -0.980538    38.102632
 0.837050 -0.538733 -0.095467    62.934901
-0.546942 -0.819404 -0.171556    12.931044
>../../../../class2/thr//data/domains/Catalytic_domain/structures/ThrRS_AF_Bact_Brachyspira_pilosicoli_95_1000_gene56439092.pdb
-0.446950  0.828095 -0.338370    37.637563
 0.874516  0.484094  0.029587    63.532449
 0.188303 -0.282686 -0.940548    15.949591
>../../../../class2/thr//data/domains/Catalytic_domain/structures/ThrRS_AF_Bact_Brucella_abortus_2308_gene3787745.pdb
 0.052135  0.702087  0.710180    37.979743
-0.990984 -0.051515  0.123677    63.544413
 0.123417 -0.710226  0.693071    15.222794
>../../../../class2/thr//data/domains/Catalytic_domain/structures/ThrRS_AF_Bact_Lactobacillus_acidophilus_La-14_gene56943112.pdb
-0.566332 -0.817911 -0.101441    39.355577
 0.098222 -0.189185  0.977017    66.620105
-0.818304  0.543352  0.187479    12.569596
>../../../../class2/thr//data/domains/Catalytic_domain/structures/ThrRS_AF_Bact_Mycoplasma_hyopneumoniae_168-L_gene57101460.pdb
 0.242013 -0.956874  0.160689    36.980617
 0.065873 -0.149026 -0.986637    59.728577
 0.968034  0.249364  0.026966    16.092817
>../../../../class2/thr//data/domains/Catalytic_domain/structures/ThrRS_AF_Bact_Porphyromonas_gingivalis_ATCC_33277_gene29256174.pdb
-0.524172  0.227035 -0.820792    38.414117
 0.602337  0.780176 -0.168862    61.749675
 0.602025 -0.582906 -0.545698    13.348616
>../../../../class2/thr//data/domains/Catalytic_domain/structures/ThrRS_AF_Bact_Prochlorococcus_marinus_subsp_marinus_str_CCMP1375_gene54200406.pdb
 0.625756  0.678622 -0.384579    37.146870
-0.489648 -0.042044 -0.870906    64.905395
-0.607185  0.733283  0.305977    11.981086
>../../../../class2/thr//data/domains/Catalytic_domain/structures/ThrRS_AF_Bact_Streptobacillus_moniliformis_DSM_12112_gene29674242.pdb
-0.484325 -0.401944 -0.777091    37.839481
-0.268794 -0.776896  0.569370    63.834974
-0.832574  0.484637  0.268230    14.334911
>../../../../class2/thr//data/domains/Catalytic_domain/structures/ThrRS_AF_Euk_Arabidopsis_thaliana_gene832741.pdb
 0.099903 -0.439161 -0.892836    39.519240
 0.743925 -0.562925  0.360127    62.225590
-0.660754 -0.700181  0.270465    11.575928
>../../../../class2/thr//data/domains/Catalytic_domain/structures/ThrRS_AF_Euk_Cryptococcus_gattii_WM276_gene10188143.pdb
-0.060537  0.103979 -0.992735    40.441601
 0.576273 -0.808427 -0.119816    64.295246
-0.815012 -0.579340 -0.010980    13.216231
>../../../../class2/thr//data/domains/Catalytic_domain/structures/ThrRS_AF_Euk_Cyanidioschyzon_merolae_strain_10D_gene16997242.pdb
-0.012582  0.945953  0.324058    39.227803
-0.993130  0.025884 -0.114120    64.985149
-0.116340 -0.323268  0.939129    13.303164
>../../../../class2/thr//data/domains/Catalytic_domain/structures/ThrRS_AF_Euk_Zymoseptoria_tritici_IPO323_gene13396560.pdb
-0.244212 -0.816205  0.523612    51.592768
-0.702586  0.521095  0.484596    66.591634
-0.668381 -0.249538 -0.700712     4.838216
>../../../../class2/thr//data/domains/Catalytic_domain/structures/ThrRS_AF_Mito_Cyanidioschyzon_merolae_strain_10D_gene16995590.pdb
-0.232954  0.432306 -0.871116    37.396438
-0.525342 -0.809755 -0.261368    63.661921
-0.818382  0.396747  0.415744    14.305278
>../../../../class2/thr//data/domains/Catalytic_domain/structures/ThrRS_AF_Mito_Oryza_sativa_Japonica_Group_gene4345200.pdb
-0.712334 -0.701063 -0.033019    39.984010
-0.698964  0.712884 -0.056972    64.123532
 0.063480 -0.017504 -0.997830    12.310814
>../../../../class2/thr//data/domains/Catalytic_domain/structures/ThrRS_PDB_Bact_E_coli_1evk.pdb
 0.999879 -0.011219  0.010780     0.786000
 0.011131  0.999905  0.008152    -0.195474
-0.010870 -0.008031  0.999909     0.658661
>../../../../class2/thr//data/domains/Catalytic_domain/structures/ThrRS_PDB_Bact_S_aureus_1nyr.pdb
-0.620669 -0.764328 -0.174850    92.185825
 0.375241 -0.093753 -0.922174   109.217093
 0.688451 -0.637976  0.344997    18.687190
