>structures/Asp_Arch_1b8a_T_kodarensis.pdb
 1.000000  0.000000  0.000000     0.000000
 0.000000  1.000000  0.000000     0.000000
 0.000000  0.000000  1.000000     0.000000
>structures/Aspartyl.E.Apicomplexa.NC_011903.2.pdb
-0.560774 -0.651976 -0.510352    34.207687
-0.532256  0.756018 -0.380974    11.255888
 0.634221  0.057997 -0.770973    31.272360
>structures/Aspartyl.E.Rhodophyta.NC_010136.1.pdb
-0.607191 -0.605118 -0.514928    33.644802
-0.488901  0.795399 -0.358212    10.983823
 0.626334  0.034246 -0.778802    30.737745
>structures/Asp_Bact_1n9w_T_thermophilus.pdb
 0.931251  0.310156 -0.191244    13.730729
-0.148309  0.802044  0.578559   -17.518547
 0.332830 -0.510420  0.792903   -30.917842
>structures/Asp_Euk_1EOV_S_cerevisiae.pdb
-0.147717  0.959947  0.238079     7.795472
-0.634485  0.092680 -0.767358    50.847360
-0.758689 -0.264409  0.595382     0.895669
