>structures/AsxRS_AF_Arch_Candidatus_Korarchaeum_cryptofilum_OPF8_gene6094477.pdb
 0.346826  0.875061 -0.337608    -3.365682
-0.615065 -0.059556 -0.786224     2.295060
-0.708101  0.480334  0.517564    -3.724438
>structures/AsxRS_AF_Arch_Candidatus_Methanomassiliicoccus_intestinalis_Issoire-Mx1_gene16154831.pdb
 0.455303  0.857581 -0.239277    -3.751922
-0.642277  0.130249 -0.755325     2.950567
-0.616587  0.497584  0.610107    -2.507297
>structures/AsxRS_AF_Arch_Candidatus_Nitrosopumilus_koreensis_AR1_gene13725312.pdb
 0.843924  0.532330 -0.066463    -1.797654
-0.482844  0.699733 -0.526532    -2.601506
-0.233782  0.476444  0.847554    -3.229373
>structures/AsxRS_AF_Arch_Methanobacterium_lacus_gene10277817.pdb
 0.999998 -0.000616 -0.001806    -0.032998
 0.000616  1.000000  0.000033     0.017164
 0.001806 -0.000034  0.999998    -0.042215
>structures/AsxRS_AF_Bact_Clostridium_acetobutylicum_DSM_1731_gene45000055.pdb
 0.065968  0.565164 -0.822337    -5.043748
-0.508134 -0.690239 -0.515140     4.335665
-0.858748  0.451840  0.241646    -2.850543
>structures/AsxRS_AF_Bact_Tropheryma_whipplei_TW08_27_gene67388547.pdb
-0.257885 -0.852285  0.455088    -4.191106
-0.838423 -0.036670 -0.543785     2.718422
 0.480148 -0.521791 -0.705119    -2.633423
>structures/AsxRS_AF_Euk_Caenorhabditis_elegans_gene176334.pdb
 0.026781  0.520692 -0.853325    -6.841038
-0.544240 -0.708433 -0.449361     5.113178
-0.838502  0.476448  0.264408    -0.510609
>structures/AsxRS_AF_Euk_Cryptococcus_neoformans_var._neoformans_JEC21_gene3258977.pdb
 0.932078  0.135284  0.336049   -11.375273
-0.002151  0.929702 -0.368305    14.849300
-0.362252  0.342566  0.866846    -6.663956
>structures/AsxRS_AF_Euk_Thalassiosira_pseudonana_CCMP1335_gene7443135.pdb
 0.096137  0.633125 -0.768057    -5.226943
-0.596586 -0.581023 -0.553622     3.992437
-0.796770  0.511435  0.321856    -1.961093
>structures/AsxRS_AF_Euk_Theileria_orientalis_strain_Shintoku_gene20715543.pdb
-0.068037  0.416233 -0.906709    -6.722531
-0.478923 -0.810883 -0.336306     5.078746
-0.875216  0.411363  0.254514     0.463679
>structures/AsxRS_PDB_Arch_T_kodarensis_1b8a.pdb
-0.869583  0.092041  0.485133     7.653670
 0.085365  0.995703 -0.035895    -9.763460
-0.486353  0.010200 -0.873703    41.997223
>structures/AsxRS_PDB_Bact_T_thermophilus_1n9w.pdb
-0.666126 -0.442437  0.600438   -20.492995
-0.080099  0.842831  0.532184   -25.004416
-0.741526  0.306407 -0.596870    62.236173
>structures/AsxRS_PDB_Euk_S_cerevisiae_1EOV.pdb
-0.293417 -0.955924  0.010760     6.103596
-0.615602  0.180321 -0.767150    41.598955
 0.731397 -0.231719 -0.641378    37.807694
