>structures/AsxRS_AF_Arch_Candidatus_Korarchaeum_cryptofilum_OPF8_gene6094477.pdb
-0.005069 -0.999754 -0.021587    32.841378
-0.588427  0.020436 -0.808292    10.527283
 0.808534  0.008605 -0.588386    34.119518
>structures/AsxRS_AF_Arch_Candidatus_Methanomassiliicoccus_intestinalis_Issoire-Mx1_gene16154831.pdb
-0.143412 -0.978545 -0.147927    32.619580
-0.601909  0.204891 -0.771832    11.098912
 0.785581 -0.021651 -0.618379    32.853672
>structures/AsxRS_AF_Arch_Candidatus_Nitrosopumilus_koreensis_AR1_gene13725312.pdb
-0.661012 -0.637108 -0.396430    30.871659
-0.408647  0.748736 -0.521921     5.823885
 0.629342 -0.182996 -0.755276    34.672471
>structures/AsxRS_AF_Arch_Methanobacterium_lacus_gene10277817.pdb
-0.870730  0.085917 -0.484197    27.953164
 0.092973  0.995624  0.009474     8.593720
 0.482892 -0.036768 -0.874908    32.638474
>structures/AsxRS_AF_Bact_Clostridium_acetobutylicum_DSM_1731_gene45000055.pdb
 0.314220 -0.767235  0.559120    34.144333
-0.507952 -0.633429 -0.583740    12.434953
 0.802029 -0.100583 -0.588755    32.593989
>structures/AsxRS_AF_Bact_Tropheryma_whipplei_TW08_27_gene67388547.pdb
-0.078080  0.992111 -0.098075    33.109350
-0.852792 -0.117421 -0.508879    10.873910
-0.516381  0.043904  0.855233    32.788375
>structures/AsxRS_AF_Euk_Caenorhabditis_elegans_gene176334.pdb
 0.332612 -0.747628  0.574823    34.641936
-0.551783 -0.648585 -0.524284    13.085063
 0.764790 -0.142795 -0.628256    29.641314
>structures/AsxRS_AF_Euk_Cryptococcus_neoformans_var_neoformans_JEC21_gene3258977.pdb
-0.640820 -0.200578 -0.741025    42.429713
 0.085544  0.940596 -0.328573    22.183521
 0.762910 -0.273947 -0.585595    32.515369
>structures/AsxRS_AF_Euk_Thalassiosira_pseudonana_CCMP1335_gene7443135.pdb
 0.256284 -0.848338  0.463294    33.678052
-0.594165 -0.516318 -0.616752    12.103460
 0.762421 -0.117209 -0.636377    31.696778
>structures/AsxRS_AF_Euk_Theileria_orientalis_strain_Shintoku_gene20715543.pdb
 0.441547 -0.632774  0.636107    34.017357
-0.493548 -0.763358 -0.416767    13.048356
 0.749297 -0.129927 -0.649363    28.751275
>structures/AsxRS_PDB_Arch_T_kodarensis_1b8a.pdb
 1.000000  0.000000  0.000000     0.000000
 0.000000  1.000000  0.000000     0.000000
 0.000000  0.000000  1.000000     0.000000
>structures/AsxRS_PDB_Bact_T_thermophilus_1n9w.pdb
 0.931251  0.310156 -0.191244    13.730729
-0.148309  0.802044  0.578559   -17.518547
 0.332830 -0.510420  0.792903   -30.917842
>structures/AsxRS_PDB_Euk_S_cerevisiae_1EOV.pdb
-0.147717  0.959947  0.238079     7.795472
-0.634485  0.092680 -0.767358    50.847360
-0.758689 -0.264409  0.595382     0.895669
