>structures/TyrRS_AF_Arch_Candidatus_Korarchaeum_cryptofilum_OPF8_gene6094625.pdb
 0.685995  0.727604  0.001986     0.818837
-0.660383  0.623760 -0.418112    -1.230366
-0.305458  0.285511  0.908394    -0.850899
>structures/TyrRS_AF_Arch_Desulfurococcus_amylolyticus_1221n_gene7171652.pdb
 0.999957  0.002889 -0.008845     0.115853
-0.002859  0.999990  0.003401    -0.013064
 0.008855 -0.003375  0.999955     0.017573
>structures/TyrRS_AF_Arch_Methanothermococcus_okinawensis_IH1_gene10772133.pdb
-0.169973 -0.169545 -0.970754     1.307849
 0.410083 -0.907912  0.086767     2.204998
-0.896070 -0.383342  0.223849     2.216846
>structures/TyrRS_AF_Arch_Thermoplasma_acidophilum_DSM_1728_gene1456112.pdb
-0.846201 -0.522924  0.102440    -3.582902
-0.509026  0.850125  0.134833    -4.949239
-0.157594  0.061951 -0.985559    -1.922154
>structures/TyrRS_AF_Bact_Bifidobacterium_animalis_subsp_lactis_BLC1_gene66533077.pdb
 0.959362  0.233246 -0.158813     6.408908
-0.154780  0.905558  0.394979    -2.851018
 0.235942 -0.354347  0.904859    -1.328375
>structures/TyrRS_AF_Bact_Brachyspira_pilosicoli_95_1000_gene56440491.pdb
-0.992991  0.078274  0.088554    -2.272463
 0.105005  0.928172  0.357031    -0.822073
-0.054247  0.363827 -0.929886    -3.695511
>structures/TyrRS_AF_Bact_Chlamydia_psittaci_6BC_gene12242888.pdb
 0.987752  0.025156 -0.153993     0.651589
 0.030534  0.936674  0.348868    -1.624942
 0.153017 -0.349297  0.924434    -0.595114
>structures/TyrRS_AF_Bact_Lactococcus_lactis_subsp_cremoris_KW2_gene61108704.pdb
 0.990848  0.026362 -0.132387     5.556260
 0.031509  0.908483  0.416732    -1.651724
 0.131257 -0.417090  0.899337    -2.510767
>structures/TyrRS_AF_Bact_Porphyromonas_gingivalis_ATCC_33277_gene29255602.pdb
-0.999671 -0.025259 -0.004343     0.974129
-0.025200  0.999594 -0.013297    -4.093658
 0.004677 -0.013183 -0.999902    -4.105663
>structures/TyrRS_AF_Bact_Prochlorococcus_marinus_subsp_marinus_str_CCMP1375_gene54200747.pdb
 0.582333 -0.319542 -0.747517     1.882586
 0.634880 -0.395556  0.663674    -1.870545
-0.507756 -0.861063 -0.027474     0.166741
>structures/TyrRS_AF_Bact_Serratia_plymuthica_AS9_gene57666950.pdb
 0.472040 -0.749927 -0.463453     7.256007
 0.616083 -0.095409  0.781881    -3.584140
-0.630571 -0.654605  0.416981    -0.913997
>structures/TyrRS_AF_Bact_Streptobacillus_moniliformis_DSM_12112_gene29673957.pdb
 0.647967 -0.689432 -0.323764     6.069423
 0.593435  0.190503  0.782012     4.543988
-0.477466 -0.698851  0.532573     0.561386
>structures/TyrRS_AF_Euk_Cryptococcus_neoformans_var_neoformans_JEC21_gene3254328.pdb
 0.940331 -0.164046 -0.298105     5.276519
 0.318940  0.730195  0.604229    -2.404166
 0.118554 -0.663253  0.738946    -0.784150
>structures/TyrRS_AF_Euk_Drosophila_melanogaster_gene39829.pdb
-0.611249 -0.730299  0.305022    -3.301166
 0.140389  0.279239  0.949903    -3.280175
-0.778888  0.623449 -0.068159    -8.329770
>structures/TyrRS_AF_Euk_Plasmodium_falciparum_3D7_gene2655248.pdb
 0.938633  0.195790  0.283961     0.556920
-0.018871  0.851191 -0.524517    -0.778291
-0.344400  0.486970  0.802651     2.387073
>structures/TyrRS_AF_Euk_Seriola_dumerili_gene111223086.pdb
-0.622989 -0.407134 -0.667928    -5.514302
-0.009343 -0.849941  0.526794    -2.116080
-0.782175  0.334428  0.525700    -8.792913
>structures/TyrRS_AF_Mito_Aspergillus_fumigatus_Af293_gene3509181.pdb
-0.475709  0.837084  0.270171    -2.082630
-0.621323 -0.537197  0.570418    -4.530035
 0.622622  0.103489  0.775649     9.503633
>structures/TyrRS_AF_Mito_Cyanidioschyzon_merolae_strain_10D_gene16996209.pdb
 0.967599 -0.019396 -0.251746     5.088459
 0.190865  0.708914  0.678979    -1.773341
 0.165296 -0.705028  0.689646     0.529945
>structures/TyrRS_PDB_Arch_M_jannashii_1U7D.pdb
-0.179241  0.937353  0.298734   -49.082800
 0.845219  0.302116 -0.440830    -7.653452
-0.503466  0.173481 -0.846420     9.864725
>structures/TyrRS_PDB_E_coli_Bact_1WQ4.pdb
 0.278415  0.570455  0.772701   -55.714126
-0.794810 -0.314829  0.518807    -3.329383
 0.539224 -0.758594  0.365750   -24.714749
>structures/TyrRS_PDB_L_major_Euk_3P0I.pdb
 0.590830  0.792874 -0.149232   -57.795625
 0.633237 -0.570344 -0.523181    57.701776
-0.499930  0.214612 -0.839054    52.281661
