>../../../../class2/phe2//data/domains/Catalytic_domain/structures/PheRS-Bβ_AF_Bact_Brachyspira_pilosicoli_95_1000_gene56440382.pdb
-0.516789 -0.809553 -0.278483   -16.425057
-0.150720  0.406241 -0.901250    -8.076704
 0.842741 -0.423783 -0.331956    45.226410
>../../../../class2/phe2//data/domains/Catalytic_domain/structures/PheRS-Bβ_AF_Bact_Chlamydia_psittaci_6BC_gene12242429.pdb
 0.724286  0.189250  0.663019   -21.106185
 0.559554 -0.723194 -0.404833    -6.897383
 0.402876  0.664210 -0.629695    43.174858
>../../../../class2/phe2//data/domains/Catalytic_domain/structures/PheRS-Bβ_AF_Bact_Ferrimonas_balearica_DSM_9799_gene67181907.pdb
-0.372947  0.898883 -0.230042   -20.440450
 0.917359  0.394399  0.053871   -10.693894
 0.139152 -0.190940 -0.971688    44.579084
>../../../../class2/phe2//data/domains/Catalytic_domain/structures/PheRS-Bβ_AF_Bact_Lacticaseibacillus_paracasei_gene61269867.pdb
-0.322147 -0.935375 -0.145924   -15.458582
-0.322140  0.253253 -0.912189    -6.483503
 0.890195 -0.246851 -0.382907    40.356996
>../../../../class2/phe2//data/domains/Catalytic_domain/structures/PheRS-Bβ_AF_Bact_Mycobacterium_intracellulare_ATCC_13950_gene11909688.pdb
 0.294495  0.916823  0.269644   -19.504140
 0.952038 -0.305978  0.000586    -9.569551
 0.083042  0.256539 -0.962960    43.795779
>../../../../class2/phe2//data/domains/Catalytic_domain/structures/PheRS-Bβ_AF_Bact_Mycoplasma_hyopneumoniae_168-L_gene57101148.pdb
 0.328015 -0.928609  0.173469   -14.182943
-0.236076 -0.258380 -0.936754   -15.794161
 0.914699  0.266317 -0.303975    40.918654
>../../../../class2/phe2//data/domains/Catalytic_domain/structures/PheRS-Bβ_AF_Bact_Porphyromonas_gingivalis_ATCC_33277_gene29257179.pdb
 0.830247 -0.169549  0.530983   -17.633531
-0.370545  0.543755  0.753012    -9.629297
-0.416397 -0.821939  0.388626    47.961332
>../../../../class2/phe2//data/domains/Catalytic_domain/structures/PheRS-Bβ_AF_Bact_Prochlorococcus_marinus_subsp_marinus_str_CCMP1375_gene54200309.pdb
 0.684538  0.156846  0.711904   -21.315144
 0.493481 -0.818495 -0.294182    -8.740019
 0.536548  0.552690 -0.637691    43.594561
>../../../../class2/phe2//data/domains/Catalytic_domain/structures/PheRS-Bβ_PDB_Bact.B_E_coli_3PCO.pdb
 0.999969 -0.001147 -0.007827     0.550040
 0.001156  0.999999  0.001131    -0.043397
 0.007825 -0.001140  0.999969     0.144271
>../../../../class2/phe2//data/domains/Catalytic_domain/structures/PheRS-Bβ_PDB_Bact.B_T_thermophilus_1PYS.pdb
 0.246340 -0.097483  0.964268   -35.687978
-0.521419 -0.852001  0.047073    51.171457
 0.816969 -0.514384 -0.260712    76.073203
>../../../../class2/pro2//data/domains/Catalytic_domain/structures/ProRS-B_AF_Bact_Acinetobacter_baylyi_ADP1_gene45233245.pdb
-0.239131  0.429282 -0.870938   -10.395831
 0.847364 -0.345714 -0.403059    14.154915
-0.474122 -0.834385 -0.281087    75.028705
>../../../../class2/pro2//data/domains/Catalytic_domain/structures/ProRS-B_AF_Bact_Brachyspira_pilosicoli_95_1000_gene56438966.pdb
 0.468060  0.882312 -0.049452   -11.969205
 0.260620 -0.191296 -0.946300    13.392213
-0.844391  0.430037 -0.319486    75.137427
>../../../../class2/pro2//data/domains/Catalytic_domain/structures/ProRS-B_AF_Bact_Chlamydia_psittaci_6BC_gene12242703.pdb
 0.298989  0.157938  0.941096   -12.944723
-0.829110 -0.445245  0.338133    16.324572
 0.472422 -0.881370 -0.002176    77.816114
>../../../../class2/pro2//data/domains/Catalytic_domain/structures/ProRS-B_AF_Bact_Clostridium_acetobutylicum_DSM_1731_gene44999665.pdb
-0.244405  0.620403 -0.745229   -11.575954
 0.744037 -0.372862 -0.554422    14.251174
-0.621833 -0.689981 -0.370474    75.281054
>../../../../class2/pro2//data/domains/Catalytic_domain/structures/ProRS-B_AF_Bact_Corynebacterium_ulcerans_809_gene75260584.pdb
 0.372931 -0.717021  0.588900   -11.699304
-0.916206 -0.384843  0.111634    15.297221
 0.146590 -0.581185 -0.800459    75.926601
>../../../../class2/pro2//data/domains/Catalytic_domain/structures/ProRS-B_AF_Bact_Prochlorococcus_marinus_subsp_marinus_str_CCMP1375_gene54199876.pdb
-0.237269  0.449441 -0.861224   -10.212737
 0.800671 -0.411562 -0.435366    14.550868
-0.550118 -0.792855 -0.262203    75.727817
>../../../../class2/pro2//data/domains/Catalytic_domain/structures/ProRS-B_AF_Bact_Streptobacillus_moniliformis_DSM_12112_gene29673723.pdb
-0.158992 -0.242032 -0.957153   -11.951097
 0.987253 -0.046094 -0.152336    13.129055
-0.007249 -0.969173  0.246276    74.753097
>../../../../class2/pro2//data/domains/Catalytic_domain/structures/ProRS-B_AF_Euk_Candida_albicans_SC5314_gene3640100.pdb
-0.440649  0.087607 -0.893395   -14.579145
 0.803274 -0.405788 -0.435990    12.663848
-0.400725 -0.909759  0.108437    77.123250
>../../../../class2/pro2//data/domains/Catalytic_domain/structures/ProRS-B_PDB_Bact_S_aureus_5znj.pdb
-0.205486  0.815710 -0.540733     0.655267
 0.971735  0.104445 -0.211714    16.356361
-0.116220 -0.568953 -0.814116    92.306736
>../../../../class2/pro2//data/domains/Catalytic_domain/structures/ProRS_PDB_Bact_E_faecalis_2J3M.pdb
-0.031697  0.155189 -0.987376     3.289725
 0.989851  0.141789 -0.009491   -13.023975
 0.138526 -0.977657 -0.158108    62.382974
