>../../../../class2/phe5//data/domains/Catalytic_domain/structures/PheRS-M_AF_Mito_Arabidopsis_thaliana_gene824983.pdb
-0.514528 -0.594960  0.617481    -2.883374
 0.024973 -0.730209 -0.682767     6.066770
 0.857110 -0.335883  0.390571     1.532802
>../../../../class2/phe5//data/domains/Catalytic_domain/structures/PheRS-M_AF_Mito_Babesia_bovis_T2Bo_gene5478469.pdb
-0.789634 -0.612066  0.043058    -1.707090
-0.517752  0.702326  0.488540     0.708547
-0.329259  0.363474 -0.871479    -2.587180
>../../../../class2/phe5//data/domains/Catalytic_domain/structures/PheRS-M_AF_Mito_Candida_albicans_SC5314_gene3638806.pdb
 0.422235 -0.865501 -0.269491     1.442546
 0.499155  0.470152 -0.727875     3.630019
 0.756678  0.172817  0.630534    -1.756371
>../../../../class2/phe5//data/domains/Catalytic_domain/structures/PheRS-M_AF_Mito_Crassostrea_gigas_gene105329377.pdb
 0.382909 -0.271747 -0.882912    -0.955185
-0.254696 -0.949766  0.181865     6.531880
-0.887981  0.155237 -0.432887   -11.245984
>../../../../class2/phe5//data/domains/Catalytic_domain/structures/PheRS-M_AF_Mito_Drosophila_melanogaster_gene36547.pdb
 1.000000  0.000000  0.000000     0.000000
 0.000000  1.000000  0.000000     0.000000
 0.000000  0.000000  1.000000     0.000000
>../../../../class2/phe5//data/domains/Catalytic_domain/structures/PheRS-M_AF_Mito_Syngnathus_acus_gene119139175.pdb
 0.975838  0.049636 -0.212784    -0.575223
 0.207801  0.090124  0.974011     5.017296
 0.067523 -0.994693  0.077632    -5.823627
>../../../../class2/phe5//data/domains/Catalytic_domain/structures/PheRS-M_PDB_Mito.H_sapiens_3CMQ.pdb
 0.227599 -0.864497  0.448155    13.039156
 0.922461  0.338821  0.185112    -7.372966
-0.311873  0.371274  0.874580   -26.485409
>../../../../class2/ser2//data/domains/Catalytic_domain/structures/SerRS-A_AF_Arch_Conexivisphaera_calida_protein1635512986.pdb
-0.805275 -0.567317  0.172290     6.545071
-0.368610  0.706643  0.603972     8.986626
-0.464391  0.422856 -0.778161    -8.710352
>../../../../class2/ser2//data/domains/Catalytic_domain/structures/SerRS-A_AF_Arch_Ignisphaera_aggregans_protein304378874.pdb
-0.982399  0.170706  0.075845     5.933161
 0.124084  0.292866  0.948068     8.905659
 0.139628  0.940792 -0.308893   -10.777533
>../../../../class2/ser2//data/domains/Catalytic_domain/structures/SerRS-A_AF_Arch_Methanosarcina_barkeri_protein805401349.pdb
-0.052104 -0.733412  0.677785     6.340476
-0.993292 -0.032099 -0.111092    11.420074
 0.103232 -0.679026 -0.726819    -8.964869
>../../../../class2/ser2//data/domains/Catalytic_domain/structures/SerRS-A_AF_Arch_Unclassified_Thermoplasmata_protein1635512986.pdb
-0.636426 -0.717228  0.283806     8.574077
-0.533295  0.674980  0.509900    11.186383
-0.557278  0.173161 -0.812069    -8.700755
>../../../../class2/ser2//data/domains/Catalytic_domain/structures/SerRS-A_PDB_Arch_M_barkeri_2cim.pdb
 0.463460 -0.883942 -0.062055   -11.528656
 0.872278  0.467430 -0.143669   -18.652807
 0.156001  0.012456  0.987678   -98.392808
>../../../../class2/ser2//data/domains/Catalytic_domain/structures/SerRS-A_PDB_Arch_M_barkeri_2cjb.pdb
 0.468582 -0.879258 -0.085650    -9.957575
 0.873852  0.475554 -0.101151   -22.239489
 0.129669 -0.027447  0.991177   -98.101555
