>structures/Lys_Arch_1IRX_P_hori.pdb
 0.080216  0.359694  0.929616   -83.389350
 0.957190  0.232426 -0.172527   -38.263347
-0.278124  0.903659 -0.325651     0.108546
>structures/Lysyl.A.Candidatus_Thermoplasmatota.NC_021592.1.pdb
 0.269717 -0.025966 -0.962590    -1.543921
 0.369001 -0.920541  0.128225     4.515097
-0.889433 -0.389781 -0.238704    -4.416996
>structures/Lysyl.A.Euryarchaeota.NC_002607.1.pdb
-0.439993 -0.341802  0.830408     0.188844
-0.472114 -0.698571 -0.537687     0.180044
 0.763881 -0.628626  0.145996    -2.486589
>structures/Lysyl.B.Spirochaetes.NC_002967.9.pdb
 1.000000  0.000000  0.000000     0.000000
 0.000000  1.000000  0.000000     0.000000
 0.000000  0.000000  1.000000     0.000000
