>structures/LysRS-I_AF_Arch_Candidatus_Nitrosopumilus_koreensis_AR1_gene13726042.pdb
-0.013562 -0.194300  0.980848    -3.454391
-0.212324 -0.958009 -0.192711    -0.758285
 0.977105 -0.210871 -0.028262     3.262965
>structures/LysRS-I_AF_Arch_Ferroplasma_acidarmanus_Fer1_gene16025146.pdb
-0.988614  0.142033  0.049696    -5.253894
 0.148198  0.861770  0.485170    -2.386138
 0.026083  0.487011 -0.873006    -1.693244
>structures/LysRS-I_AF_Arch_Halorubrum_lacusprofundi_ATCC_49239_gene7400505.pdb
 0.607072  0.731560 -0.310297    -0.991563
-0.593824  0.158158 -0.788897    -5.757034
-0.528050  0.663179  0.530431    -0.864132
>structures/LysRS-I_AF_Bact_Cereibacter_sphaeroides_KD131_gene67447319.pdb
 0.999934 -0.001261 -0.011436     0.117163
 0.001325  0.999984  0.005570    -0.158298
 0.011429 -0.005585  0.999919     0.279423
>structures/LysRS-I_AF_Bact_Streptomyces_albidoflavus_gene15147364.pdb
-0.204322 -0.178049  0.962575     0.344171
-0.188780 -0.957694 -0.217218    -1.468577
 0.960528 -0.226097  0.162066     2.031743
>structures/LysRS-I_AF_Bact_Treponema_denticola_ATCC_35405_gene2739918.pdb
-0.245849 -0.168712  0.954513     0.027776
-0.230891 -0.946198 -0.226712    -2.160299
 0.941407 -0.276125  0.193668     1.746638
>structures/LysRS-I_PDB_Arch_P_hori_1IRX.pdb
-0.511219  0.709636 -0.484843    28.956274
-0.808839 -0.587980 -0.007751    56.193004
-0.290578  0.388197  0.874567   -62.583567
