>structures/LeuRS-A_AF_Arch_Aciduliprofundum_boonei_T469_gene8828435.pdb
 1.000000  0.000000  0.000000     0.000000
 0.000000  1.000000  0.000000     0.000000
 0.000000  0.000000  1.000000     0.000000
>structures/LeuRS-A_AF_Arch_Candidatus_Korarchaeum_cryptofilum_OPF8_gene6093520.pdb
 0.120226 -0.431662  0.893987     2.706169
-0.458150 -0.823014 -0.335779     3.181987
 0.880707 -0.369211 -0.296714     2.670201
>structures/LeuRS-A_AF_Arch_Candidatus_Nitrosopumilus_koreensis_AR1_gene13725794.pdb
-0.326557  0.319493 -0.889542     1.531854
-0.146126 -0.946888 -0.286446     2.590343
-0.933814  0.036444  0.355899     1.530368
>structures/LeuRS-A_AF_Arch_Methanobrevibacter_smithii_ATCC_35061_gene5216355.pdb
-0.219161  0.437335 -0.872185     0.733455
-0.172497 -0.897204 -0.406535     1.366319
-0.960319  0.061353  0.272071     2.782119
>structures/LeuRS-A_AF_Euk_Arabidopsis_thaliana_gene837489.pdb
-0.680562  0.615443  0.397574     7.284442
 0.683470  0.337728  0.647154     2.523690
 0.264015  0.712158 -0.650482     1.357617
>structures/LeuRS-A_AF_Euk_Drosophila_melanogaster_gene326262.pdb
-0.187734  0.413180 -0.891088     3.530773
-0.170154 -0.907183 -0.384795     2.440748
-0.967370  0.079383  0.240613     3.116242
>structures/LeuRS-A_AF_Euk_Leishmania_major_strain_Friedlin_gene5650139.pdb
-0.152458  0.284978 -0.946332     3.570600
-0.119818 -0.955792 -0.268524     1.969694
-0.981020  0.072449  0.179863    -0.765371
>structures/LeuRS-A_AF_Euk_Neurospora_crassa_OR74A_gene3879366.pdb
-0.206830  0.559892 -0.802335     2.244834
-0.256351 -0.822430 -0.507832     2.323354
-0.944196  0.100645  0.313632     1.279000
>structures/LeuRS-A_PDB_Arch_P_hori_1WKB.pdb
-0.148686  0.403226 -0.902940     8.029758
 0.978454  0.192257 -0.075264  -132.056133
 0.143248 -0.894677 -0.423124    13.730320
