>structures/PheRS-Bα_AF_Bact_Brachyspira_pilosicoli_95_1000_gene56440383.pdb
-0.761730 -0.480847 -0.434227     3.151000
-0.641592  0.653090  0.402285    -0.676107
 0.090152  0.585029 -0.805986    -1.306861
>structures/PheRS-Bα_AF_Bact_Chlamydia_psittaci_6BC_gene12243227.pdb
-0.882504  0.445614  0.150384     0.116766
 0.267557  0.212726  0.939766    -0.771731
 0.386782  0.869584 -0.306959    -2.865705
>structures/PheRS-Bα_AF_Bact_Ferrimonas_balearica_DSM_9799_gene67181906.pdb
 0.952575 -0.297315  0.064836    -2.001858
 0.263638  0.912738  0.312097     1.223913
-0.151969 -0.280202  0.947835    -2.144724
>structures/PheRS-Bα_AF_Bact_Mycobacterium_intracellulare_ATCC_13950_gene11909689.pdb
 0.113614 -0.180513 -0.976989    -7.284935
 0.530093 -0.820679  0.213277     5.945867
-0.840293 -0.542126  0.002448    -2.998878
>structures/PheRS-Bα_AF_Bact_Mycoplasma_capricolum_subsp_capricolum_ATCC_27343_gene23778662.pdb
 0.999998  0.001348  0.001556    -0.002082
-0.001352  0.999996  0.002277     0.019693
-0.001553 -0.002279  0.999996     0.014533
>structures/PheRS-Bα_AF_Bact_Porphyromonas_gingivalis_ATCC_33277_gene29256875.pdb
-0.840284  0.131134 -0.526048     3.810999
-0.265077  0.747039  0.609645     1.637897
 0.472923  0.651718 -0.592965    -4.127657
>structures/PheRS-Bα_AF_Bact_Prochlorococcus_marinus_subsp_marinus_str_CCMP1375_gene54200681.pdb
 0.345491  0.642736 -0.683760    -8.371430
-0.640078 -0.371429 -0.672563     2.528754
-0.686248  0.670023  0.283075    -2.184099
>structures/PheRS-Bα_AF_Bact_Staphylococcus_argenteus_gene66839332.pdb
 0.679018  0.665844 -0.309170    -3.786074
-0.690914  0.437267 -0.575705    -2.603511
-0.248140  0.604524  0.756953    -3.450205
>structures/PheRS-Bα_PDB_Bact.A_E_coli_3PCO.pdb
 0.712120 -0.124528 -0.690925    60.567860
-0.674669 -0.393585 -0.624429    21.157673
-0.194179  0.910815 -0.364295    14.273269
>structures/PheRS-Bα_PDB_Bact.A_T_thermophilus_1PYS.pdb
-0.317837  0.380151  0.868600   -23.733509
-0.439460  0.752694 -0.490230   -25.027447
-0.840151 -0.537528 -0.072173    39.723078
