>structures/PheRS-Bα_AF_Bact_Brachyspira_pilosicoli_95_1000_gene56440383.pdb
 0.449390 -0.627645  0.635697    15.252119
-0.818922 -0.005100  0.573882    50.623972
-0.356952 -0.778483 -0.516284    14.391730
>structures/PheRS-Bα_AF_Bact_Chlamydia_psittaci_6BC_gene12243227.pdb
-0.163338 -0.964812 -0.206054    17.567926
-0.338248 -0.141434  0.930368    50.256945
-0.926774  0.221661 -0.303244    11.886162
>structures/PheRS-Bα_AF_Bact_Ferrimonas_balearica_DSM_9799_gene67181906.pdb
-0.290772 -0.075499 -0.953809    16.756018
 0.634955  0.730503 -0.251392    50.609673
 0.715740 -0.678723 -0.164472     8.985063
>structures/PheRS-Bα_AF_Bact_Mycobacterium_intracellulare_ATCC_13950_gene11909689.pdb
 0.433319  0.876240  0.210803    17.038211
 0.895024 -0.390967 -0.214655    52.487815
-0.105672  0.281687 -0.953670     2.225418
>structures/PheRS-Bα_AF_Bact_Mycoplasma_capricolum_subsp_capricolum_ATCC_27343_gene23778662.pdb
-0.315947 -0.440492 -0.840324    14.836204
 0.382016  0.751664 -0.537648    49.212380
 0.868471 -0.490885 -0.069211    11.261795
>structures/PheRS-Bα_AF_Bact_Porphyromonas_gingivalis_ATCC_33277_gene29256875.pdb
-0.013281 -0.918763  0.394587    16.385764
-0.769816  0.261236  0.582356    54.145155
-0.638128 -0.296025 -0.710748    14.033095
>structures/PheRS-Bα_AF_Bact_Prochlorococcus_marinus_subsp_marinus_str_CCMP1375_gene54200681.pdb
 0.749967 -0.600869  0.276598    18.220641
 0.019299 -0.398098 -0.917140    49.153586
 0.661194  0.693162 -0.286964     2.861903
>structures/PheRS-Bα_AF_Bact_Staphylococcus_argenteus_gene66839332.pdb
 0.299096 -0.911391 -0.282679    20.100211
-0.132873  0.253575 -0.958146    47.742216
 0.944927  0.324138 -0.045256     9.417535
>structures/PheRS-Bα_PDB_Bact.A_E_coli_3PCO.pdb
 0.237104 -0.549318  0.801269   -25.649340
-0.133305 -0.835383 -0.533259    80.265746
 0.962295  0.019625 -0.271299    52.624898
>structures/PheRS-Bα_PDB_Bact.A_T_thermophilus_1PYS.pdb
 0.999998 -0.001174  0.001290     0.067506
 0.001176  0.999998 -0.001624     0.041103
-0.001288  0.001626  0.999998    -0.068691
