>../../../../class1//cys/data/domains/CysRS_IM//structures/CysRS_AF_Arch_Aciduliprofundum_boonei_T469_gene8827372.pdb
 0.981119 -0.193020  0.012157     7.726819
 0.175310  0.914125  0.365571     2.214929
-0.081676 -0.356537  0.930704     0.615391
>../../../../class1//cys/data/domains/CysRS_IM//structures/CysRS_AF_Arch_Candidatus_Nitrosopumilus_sediminis_gene13696907.pdb
 1.000000  0.000000  0.000000     0.000000
 0.000000  1.000000  0.000000     0.000000
 0.000000  0.000000  1.000000     0.000000
>../../../../class1//cys/data/domains/CysRS_IM//structures/CysRS_AF_Arch_Methanospirillum_hungatei_JF-1_gene3922979.pdb
-0.093167  0.768857 -0.632596     6.128556
-0.560972 -0.565450 -0.604630     3.342295
-0.822576  0.298537  0.483988    -4.553430
>../../../../class1//cys/data/domains/CysRS_IM//structures/CysRS_AF_Arch_Pyrobaculum_ferrireducens_gene11593896.pdb
-0.067512  0.413120 -0.908171     0.647836
-0.158270 -0.903156 -0.399073     2.926186
-0.985085  0.116794  0.126358    -1.965838
>../../../../class1//cys/data/domains/CysRS_IM//structures/CysRS_AF_Bact_Bordetella_avium_197N_gene41394405.pdb
 0.186602  0.918969 -0.347384     2.254167
-0.465477 -0.228687 -0.855005     2.789726
-0.865165  0.321245  0.385085    -0.937645
>../../../../class1//cys/data/domains/CysRS_IM//structures/CysRS_AF_Bact_Lactobacillus_amylovorus_GRL1118_gene66523130.pdb
-0.052273  0.742869 -0.667393     2.884511
-0.494291 -0.599946 -0.629080     3.656467
-0.867724  0.297003  0.398554    -0.942054
>../../../../class1//cys/data/domains/CysRS_IM//structures/CysRS_AF_Bact_Mycobacterium_canettii_CIPT_140010059_gene45427568.pdb
-0.973593  0.212591 -0.083200     3.793198
 0.138463  0.839649  0.525183     0.682500
 0.181508  0.499795 -0.846912    -0.719938
>../../../../class1//cys/data/domains/CysRS_IM//structures/CysRS_AF_Bact_Mycoplasma_hyopneumoniae_168-L_gene57101512.pdb
-0.195922  0.467713 -0.861893     2.517819
-0.197039 -0.879778 -0.432628     5.067987
-0.960620  0.085066  0.264525    -2.330303
>../../../../class1//cys/data/domains/CysRS_IM//structures/CysRS_AF_Bact_Porphyromonas_gingivalis_ATCC_33277_gene29256960.pdb
 0.981188  0.146606  0.125605     6.256140
-0.148949  0.988800  0.009416    -1.315440
-0.122818 -0.027947  0.992036    -0.698625
>../../../../class1//cys/data/domains/CysRS_IM//structures/CysRS_AF_Bact_Prochlorococcus_marinus_subsp_marinus_str_CCMP1375_gene54200571.pdb
-0.128295 -0.019733 -0.991540     4.996267
 0.370680 -0.928292 -0.029488     1.055279
-0.919857 -0.371328  0.126410    -1.634730
>../../../../class1//cys/data/domains/CysRS_IM//structures/CysRS_AF_Bact_Streptobacillus_moniliformis_DSM_12112_gene29673427.pdb
 0.879887 -0.474975 -0.014082     8.088241
 0.388638  0.702264  0.596478     6.811011
-0.273423 -0.530305  0.802506     0.562562
>../../../../class1//cys/data/domains/CysRS_IM//structures/CysRS_AF_Bact_Treponema_pallidum_subsp_pertenue_str_SamoaD_gene57878631.pdb
 0.991706  0.095515  0.086004     8.342890
-0.104796  0.988304  0.110786     0.746292
-0.074417 -0.118880  0.990116    -1.056337
>../../../../class1//cys/data/domains/CysRS_IM//structures/CysRS_AF_Euk_Arabidopsis_thaliana_gene833874.pdb
-0.128066  0.722865 -0.679018     1.578694
-0.227132 -0.687836 -0.689414     1.533053
-0.965407  0.065936  0.252275     2.360672
>../../../../class1//cys/data/domains/CysRS_IM//structures/CysRS_AF_Euk_Cyanidioschyzon_merolae_strain_10D_gene16993418.pdb
-0.005021 -0.186855 -0.982375    -1.180812
 0.613092 -0.776666  0.144595    -2.201139
-0.789995 -0.601560  0.118459     7.048502
>../../../../class1//cys/data/domains/CysRS_IM//structures/CysRS_AF_Euk_Drosophila_melanogaster_gene36784.pdb
 0.303392 -0.628550 -0.716155     0.503210
 0.637967 -0.424274  0.642642    -1.663106
-0.707779 -0.651856  0.272273     2.590442
>../../../../class1//cys/data/domains/CysRS_IM//structures/CysRS_AF_Euk_Micromonas_commoda_gene8246535.pdb
-0.851236 -0.270845 -0.449490     0.963291
-0.220739  0.961861 -0.161549     1.160635
 0.476101 -0.038296 -0.878556     3.154639
>../../../../class1//cys/data/domains/CysRS_IM//structures/CysRS_AF_Mito_Morone_saxatilis_gene118339815.pdb
 0.869311  0.342197  0.356650     3.630930
-0.358859  0.933163 -0.020652     3.702484
-0.339880 -0.110034  0.934010     1.572511
>../../../../class1//cys/data/domains/CysRS_IM//structures/CysRS_AF_Mito_Saccharomyces_cerevisiae_S288C_gene855474.pdb
 0.829350 -0.217748  0.514552     4.206822
-0.052400  0.886562  0.459633    -1.877970
-0.556267 -0.408159  0.723860     4.933109
>../../../../class1//cys/data/domains/CysRS_IM//structures/CysRS_AF_Vir_Megavirus_chiliensis_gene11257271.pdb
-0.573366 -0.818249  0.041469     1.267973
-0.740701  0.496064 -0.453081    -7.624220
 0.350162 -0.290497 -0.890504    -2.220934
>../../../../class1//cys/data/domains/CysRS_IM//structures/CysRS_PDB_Bact_E_coli_1LI5.pdb
-0.444883 -0.219145 -0.868363   107.096193
-0.885292 -0.038995  0.463397    53.697007
-0.135413  0.974913 -0.176659   -69.751572
>../../../../class1//cys/data/domains/CysRS_IM//structures/CysRS_PDB_Bact_M_smegmatis_3C8Z.pdb
-0.339418  0.444649  0.828904    42.081913
-0.211220 -0.894741  0.393477    29.871289
 0.916614 -0.041528  0.397611   -21.464153
