>../../../../class2//ala/data/domains/Catalytic_domain/structures/AlaRS_AF_Bact_Nocardia_farcinica_IFM_10152_gene61134339.pdb
-0.157865  0.867554  0.471623    11.081726
-0.986209 -0.114477 -0.119531    18.495133
-0.049710 -0.483989  0.873661    12.923627
>../../../../class2//asn/data/domains/Catalytic_domain/structures/AsnRS_AF_Arch_Candidatus_Korarchaeum_cryptofilum_OPF8_gene6094562.pdb
 0.110458 -0.946513  0.303171     0.622839
-0.989873 -0.132137 -0.051885    -3.345506
 0.089170 -0.294370 -0.951523     4.228154
>../../../../class2//asp1/data/domains/Catalytic_domain/structures/AspRS_AF_Bact_Bacillus_anthracis_str_Ames_Ancestor_gene45024275.pdb
 0.444726 -0.867772 -0.221790    -2.481344
-0.895667 -0.430931 -0.109907    -4.021086
-0.000202  0.247529 -0.968881    -2.538368
>../../../../class2//asp2/data/domains/Catalytic_domain/structures/AsxRS_AF_Euk_Caenorhabditis_elegans_gene176334.pdb
-0.684531  0.057987 -0.726674    -0.716195
 0.338896 -0.857251 -0.387648    -3.888133
-0.645420 -0.511624  0.567163     7.656551
>../../../../class2//gly1/data/domains/Catalytic_domain/structures/GlyRS-A_AF_Arch_Candidatus_Nitrosopumilus_sediminis_gene13697160.pdb
 0.796101  0.214837  0.565746    -1.811971
 0.213765  0.774766 -0.595014    -3.864400
-0.566152  0.594628  0.570868    -0.823990
>../../../../class2//gly2/data/domains/Catalytic_domain/structures/GlyRS-Bα_AF_Bact_Brachyspira_pilosicoli_95_1000_gene56440230.pdb
 0.981239 -0.160874 -0.106248     4.378846
 0.134661  0.966288 -0.219440     8.041491
 0.137969  0.201016  0.969823    -3.643519
>../../../../class2//gly3/data/domains/Catalytic_domain/structures/GlyRS-E_AF_Euk_Cryptococcus_neoformans_var_neoformans_JEC21_gene3258293.pdb
-0.290746 -0.926368 -0.239392    -0.447437
-0.924703  0.207793  0.318977    -2.393272
-0.245746  0.314108 -0.917031    -2.282640
>../../../../class2//his/data/domains/Catalytic_domain/structures/HisRS_AF_Arch_Candidatus_Methanomassiliicoccus_intestinalis_Issoire-Mx1_gene16154026.pdb
 0.345055  0.884752  0.313290     2.033483
 0.135766 -0.377329  0.916073    -0.703100
 0.928711 -0.273561 -0.250319     1.238096
>../../../../class2//lys/data/domains/Catalytic_domain/structures/LysRS-II_AF_Arch_Aciduliprofundum_boonei_T469_gene8827564.pdb
-0.746665  0.237474 -0.621367    -0.449893
 0.174764 -0.831260 -0.527697    -1.855437
-0.641832 -0.502606  0.579171     7.248801
>../../../../class2//phe1/data/domains/Catalytic_domain/structures/PheRS-Bα_AF_Bact_Brachyspira_pilosicoli_95_1000_gene56440383.pdb
 0.729029 -0.652308  0.207392     2.556679
-0.539775 -0.734195 -0.411826    -0.117298
 0.420903  0.188288 -0.887349     5.757324
>../../../../class2//phe2/data/domains/Catalytic_domain/structures/PheRS-Bβ_AF_Bact_Brachyspira_pilosicoli_95_1000_gene56440382.pdb
-0.307457  0.868731  0.388300    18.990379
-0.947575 -0.242201 -0.208423    10.640335
-0.087017 -0.432025  0.897654    21.539552
>../../../../class2//phe3/data/domains/Catalytic_domain/structures/PheRS-Aα_AF_Arch_Candidatus_Nitrosopumilus_koreensis_AR1_gene13724458.pdb
 0.056029 -0.640683 -0.765759     3.791053
 0.935114  0.302448 -0.184627    -0.671223
 0.349890 -0.705727  0.616057    -4.854465
>../../../../class2//phe4/data/domains/Catalytic_domain/structures/PheRS-Aβ_AF_Arch_Candidatus_Nitrosopumilus_koreensis_AR1_gene13724457.pdb
-0.319332  0.930844  0.177644    17.026499
-0.913568 -0.252575 -0.318748    15.548894
-0.251836 -0.264076  0.931044    27.352440
>../../../../class2//phe5/data/domains/Catalytic_domain/structures/PheRS-M_AF_Mito_Arabidopsis_thaliana_gene824983.pdb
 0.036187 -0.672454  0.739254     1.627631
-0.136055 -0.736166 -0.662985     4.791395
 0.990040 -0.076588 -0.118130     6.113666
>../../../../class2//pro1/data/domains/Catalytic_domain/structures/ProRS-A_AF_Euk_Ostreococcus_tauri_gene9837972.pdb
 0.890248  0.209885  0.404235    -0.923119
 0.165553  0.677693 -0.716467    -9.565738
-0.424323  0.704756  0.568567    -3.968008
>../../../../class2//pro2/data/domains/Catalytic_domain/structures/ProRS-B_AF_Bact_Acinetobacter_baylyi_ADP1_gene45233245.pdb
 0.527181  0.294729  0.797004    -6.517202
 0.295657  0.815703 -0.497208     1.564795
-0.796660  0.497758  0.342884    -4.392212
>../../../../class2//pyl/data/domains/Catalytic_domain/structures/PylRS_AF_Arch_Candidatus_Methanomassiliicoccus_intestinalis_Issoire-Mx1_gene16153983.pdb
 1.000000  0.000000  0.000000     0.000000
 0.000000  1.000000  0.000000     0.000000
 0.000000  0.000000  1.000000     0.000000
>../../../../class2//sep/data/domains/Catalytic_domain/structures/SepRS_AF_Arch_Methanothrix_thermoacetophila_PT_gene4462697.pdb
-0.182818  0.798043 -0.574200    -4.376068
 0.182601 -0.546319 -0.817431    -7.000397
-0.966041 -0.254290 -0.045846    13.129830
>../../../../class2//ser1/data/domains/Catalytic_domain/structures/SerRS_AF_Bact_Chlamydia_psittaci_6BC_gene12242544.pdb
 0.729650  0.683377 -0.024631     0.278820
-0.020546 -0.014094 -0.999690     7.283501
-0.683512  0.729929  0.003756    -9.041016
>../../../../class2//ser2/data/domains/Catalytic_domain/structures/SerRS-A_AF_Arch_Conexivisphaera_calida_protein1635512986.pdb
-0.929890 -0.239259 -0.279390     3.891686
-0.367769  0.619351  0.693650     9.547430
 0.007079  0.747770 -0.663921    -6.837886
>../../../../class2//thr/data/domains/Catalytic_domain/structures/ThrRS_AF_Mito_Oryza_sativa_Japonica_Group_gene4345200.pdb
 0.941664 -0.224474  0.250761   -12.780521
-0.304091 -0.886755  0.348130    -0.125918
 0.144217 -0.404076 -0.903285    -3.564170
