>../../../../class1/glu2//data/domains/Catalytic_domain/structures/GlxRS_AF_Arch_Candidatus_Korarchaeum_cryptofilum_OPF8_gene6094352.pdb
 0.623935  0.573074  0.531311    56.583946
-0.590658  0.790993 -0.159540    19.789672
-0.511692 -0.214281  0.832019    29.523291
>../../../../class1/glu2//data/domains/Catalytic_domain/structures/GlxRS_AF_Arch_Methanothrix_soehngenii_GP6_gene10459943.pdb
-0.547797 -0.591880 -0.591267    56.517579
 0.415857 -0.805886  0.421438    22.803825
-0.725935 -0.015020  0.687600    31.399411
>../../../../class1/glu2//data/domains/Catalytic_domain/structures/GlxRS_AF_Arch_Nitrosopumilus_maritimus_SCM1_gene5773999.pdb
-0.423581 -0.779371 -0.461693    54.695921
-0.558699  0.625960 -0.544086    21.495520
 0.713046  0.027483 -0.700578    30.709282
>../../../../class1/glu2//data/domains/Catalytic_domain/structures/GlxRS_AF_Arch_Sulfolobus_islandicus_LAL14_1_gene15298417.pdb
 0.511254  0.046643  0.858163    60.962682
 0.181869 -0.981784 -0.054987    22.480761
 0.839966  0.184186 -0.510424    31.942983
>../../../../class1/glu2//data/domains/Catalytic_domain/structures/GlxRS_AF_Euk_Cyathus_striatus_proteinKAF9013924.1.pdb
-0.619981  0.166657 -0.766713    50.553937
-0.117420 -0.985885 -0.119349    20.324559
-0.775781  0.016034  0.630799    23.982630
>../../../../class1/glu2//data/domains/Catalytic_domain/structures/GlxRS_AF_Euk_Lichtheimia_hyalospora_proteinKAI7879902.1.pdb
-0.105247  0.985020 -0.136595    60.506101
-0.689581 -0.171259 -0.703668    25.957584
-0.716520  0.020135  0.697276    25.521120
>../../../../class1/glu2//data/domains/Catalytic_domain/structures/GlxRS_AF_Euk_Medicago_truncatula_gene11407510.pdb
-0.413062  0.626857 -0.660629    56.499369
-0.493922 -0.763652 -0.415785    14.961315
-0.765128  0.154554  0.625054    24.390894
>../../../../class1/glu2//data/domains/Catalytic_domain/structures/GlxRS_AF_Euk_Xylariaceae_sp_FL0804_proteinKAI0483267.1.pdb
 0.209056  0.729436  0.651320    60.647543
 0.628677 -0.610411  0.481833    30.188484
 0.749040  0.308741 -0.586190    27.413472
>../../../../class1/glu2//data/domains/Catalytic_domain/structures/GlxRS_PDB_Arch_M_thermau_3AII.pdb
 0.774513 -0.015694  0.632363    18.687053
 0.632148 -0.016758 -0.774666    71.574883
 0.022755  0.999736 -0.003058    -8.326835
>../../../../class1/trp//data/domains/Catalytic_domain/structures/TrpRS_AF_Arch_Natrialba_magadii_ATCC_43099_gene8824932.pdb
 0.544101 -0.031994  0.838409    56.704235
 0.213624  0.971623 -0.101558    24.312165
-0.811368  0.234362  0.535496    40.174608
>../../../../class1/trp//data/domains/Catalytic_domain/structures/TrpRS_AF_Arch_Nitrosopumilus_maritimus_SCM1_gene5773245.pdb
 0.496084  0.176524  0.850141    55.549403
 0.092171  0.962877 -0.253717    25.538365
-0.863368  0.204223  0.461398    38.676454
>../../../../class1/trp//data/domains/Catalytic_domain/structures/TrpRS_AF_Arch_Sulfolobus_islandicus_M1627_gene7814138.pdb
-0.600191  0.595864 -0.533589    52.756402
 0.027885  0.682287  0.730552    24.121704
 0.799371  0.423591 -0.426118    40.795739
>../../../../class1/trp//data/domains/Catalytic_domain/structures/TrpRS_AF_Arch_Thermoplasma_acidophilum_DSM_1728_gene1456706.pdb
-0.743861  0.623893 -0.239641    58.197666
-0.504034 -0.759155 -0.411865    26.421762
-0.438884 -0.185583  0.879170    44.188895
>../../../../class1/trp//data/domains/Catalytic_domain/structures/TrpRS_AF_Bact_Anoxybacillus_flavithermus_WK1_gene7038388.pdb
-0.393276  0.874907 -0.282617    50.621782
 0.380357  0.434668  0.816329    21.818021
 0.837056  0.213547 -0.503721    42.519987
>../../../../class1/trp//data/domains/Catalytic_domain/structures/TrpRS_AF_Bact_Brachyspira_pilosicoli_95_1000_gene56440833.pdb
-0.533278 -0.476981 -0.698644    55.808670
 0.660968 -0.750374  0.007779    19.827382
-0.527955 -0.457632  0.715428    40.745382
>../../../../class1/trp//data/domains/Catalytic_domain/structures/TrpRS_AF_Bact_Helicobacter_cinaedi_PAGU611_gene66538868.pdb
-0.515900  0.665630 -0.539243    50.083810
 0.206013  0.707409  0.676115    20.863756
 0.831508  0.237717 -0.502081    42.254569
>../../../../class1/trp//data/domains/Catalytic_domain/structures/TrpRS_AF_Bact_Mycoplasma_hyopneumoniae_168-L_gene57101461.pdb
-0.656229  0.471221 -0.589334    50.685868
 0.049884  0.806412  0.589246    19.346181
 0.752911  0.357282 -0.552697    40.719468
>../../../../class1/trp//data/domains/Catalytic_domain/structures/TrpRS_AF_Bact_Porphyromonas_gingivalis_ATCC_33277_gene29255389.pdb
 0.425070 -0.891405 -0.157203    55.416481
-0.838038 -0.321935 -0.440511    20.047806
 0.342065  0.318990 -0.883876    39.335109
>../../../../class1/trp//data/domains/Catalytic_domain/structures/TrpRS_AF_Bact_Prochlorococcus_marinus_subsp_marinus_str_CCMP1375_gene54200405.pdb
 0.583331  0.398360  0.707838    59.022462
-0.155568  0.910132 -0.384004    16.046880
-0.797197  0.113884  0.592880    37.754239
>../../../../class1/trp//data/domains/Catalytic_domain/structures/TrpRS_AF_Bact_Streptomyces_albidoflavus_gene15147734.pdb
-0.030263 -0.855494 -0.516927    55.042701
-0.928404  0.215671 -0.302575    20.098807
 0.370337  0.470761 -0.800771    41.028056
>../../../../class1/trp//data/domains/Catalytic_domain/structures/TrpRS_AF_Bact_Thermus_thermophilus_HB8_gene3168998.pdb
 0.090109  0.846950  0.523981    55.408444
-0.417986  0.509703 -0.751991    20.408500
-0.903974 -0.151256  0.399942    40.368875
>../../../../class1/trp//data/domains/Catalytic_domain/structures/TrpRS_AF_Euk_Cryptococcus_neoformans_var_neoformans_JEC21_gene3254069.pdb
-0.948988  0.225873 -0.220007    56.920911
 0.034691 -0.618715 -0.784849    23.876991
-0.313398 -0.752445  0.579317    39.294756
>../../../../class1/trp//data/domains/Catalytic_domain/structures/TrpRS_AF_Euk_Cyanidioschyzon_merolae_strain_10D_gene16993299.pdb
 0.047007  0.779277  0.624914    56.107894
-0.301600  0.607480 -0.734851    24.576736
-0.952275 -0.153931  0.263586    38.310434
>../../../../class1/trp//data/domains/Catalytic_domain/structures/TrpRS_AF_Euk_Drosophila_melanogaster_gene45399.pdb
 0.357416  0.667279  0.653446    59.108262
-0.158737  0.732885 -0.661575    20.709275
-0.920357  0.132731  0.367867    35.404083
>../../../../class1/trp//data/domains/Catalytic_domain/structures/TrpRS_AF_Euk_Saccharomyces_cerevisiae_S288C_gene854056.pdb
-0.462694 -0.876164 -0.135095    57.574769
 0.862982 -0.480030  0.157584    23.752741
-0.202919 -0.043672  0.978221    39.512420
>../../../../class1/trp//data/domains/Catalytic_domain/structures/TrpRS_AF_Mito_Bufo_gargarizans_gene122922343.pdb
-0.522658  0.848579 -0.082112    55.783040
-0.301930 -0.274312 -0.913012    20.454988
-0.797287 -0.452401  0.399583    39.508750
>../../../../class1/trp//data/domains/Catalytic_domain/structures/TrpRS_AF_Mito_Cyanidioschyzon_merolae_strain_10D_gene16992222.pdb
-0.676211 -0.391189 -0.624267    51.558881
 0.509529 -0.860359 -0.012792    24.603316
-0.532089 -0.326732  0.781106    40.775775
>../../../../class1/trp//data/domains/Catalytic_domain/structures/TrpRS_PDB_Arch_P_hori_3JXE.pdb
-0.464103 -0.524932 -0.713481    57.966526
 0.354699  0.627949 -0.692726    26.024327
 0.811663 -0.574567 -0.105240    89.677978
>../../../../class1/trp//data/domains/Catalytic_domain/structures/TrpRS_PDB_Bact_G_stearo_1I6M.pdb
 1.000000 -0.000000  0.000000     0.000000
 0.000000  1.000000  0.000000     0.000000
-0.000000  0.000000  1.000000     0.000000
>../../../../class1/trp//data/domains/Catalytic_domain/structures/TrpRS_PDB_Euk_S_Cerevisiae_3KT3.pdb
-0.170301  0.211191  0.962494    45.854499
-0.920073  0.315623 -0.232050  -132.972418
-0.352793 -0.925084  0.140561    14.648343
