>../../../../class2/phe1//data/domains/Catalytic_domain/structures/PheRS-Bα_AF_Bact_Brachyspira_pilosicoli_95_1000_gene56440383.pdb
 0.605091 -0.744524  0.282044     2.640529
-0.240048 -0.508379 -0.826999     1.898220
 0.759106  0.432706 -0.486337    -1.490181
>../../../../class2/phe1//data/domains/Catalytic_domain/structures/PheRS-Bα_AF_Bact_Chlamydia_psittaci_6BC_gene12243227.pdb
-0.238775 -0.793742 -0.559428     4.518308
-0.700088  0.539936 -0.467275    -1.080286
 0.672952  0.280075 -0.684612    -0.979686
>../../../../class2/phe1//data/domains/Catalytic_domain/structures/PheRS-Bα_AF_Bact_Ferrimonas_balearica_DSM_9799_gene67181906.pdb
-0.307317 -0.456544 -0.834939     2.826535
 0.576796 -0.787221  0.218150    -3.377987
-0.756877 -0.414548  0.505259     0.060117
>../../../../class2/phe1//data/domains/Catalytic_domain/structures/PheRS-Bα_AF_Bact_Mycobacterium_intracellulare_ATCC_13950_gene11909689.pdb
 0.076949  0.995746  0.050692     0.903253
-0.459487  0.080538 -0.884526   -10.444912
-0.884845  0.044771  0.463729     0.689416
>../../../../class2/phe1//data/domains/Catalytic_domain/structures/PheRS-Bα_AF_Bact_Mycoplasma_capricolum_subsp_capricolum_ATCC_27343_gene23778662.pdb
-0.244145 -0.768467 -0.591483     2.218720
 0.780152 -0.517926  0.350879    -0.199902
-0.575983 -0.375781  0.725970     1.067282
>../../../../class2/phe1//data/domains/Catalytic_domain/structures/PheRS-Bα_AF_Bact_Porphyromonas_gingivalis_ATCC_33277_gene29256875.pdb
 0.106511 -0.994304  0.003934     2.573505
-0.365688 -0.042851 -0.929751     0.540951
 0.924623  0.097590 -0.368169    -4.756927
>../../../../class2/phe1//data/domains/Catalytic_domain/structures/PheRS-Bα_AF_Bact_Prochlorococcus_marinus_subsp_marinus_str_CCMP1375_gene54200681.pdb
 0.827153 -0.287276  0.483002     3.390257
 0.380979  0.918469 -0.106157    -9.448620
-0.413126  0.271821  0.869161     3.034983
>../../../../class2/phe1//data/domains/Catalytic_domain/structures/PheRS-Bα_AF_Bact_Staphylococcus_argenteus_gene66839332.pdb
 0.521183 -0.850162  0.074782     7.244664
 0.796743  0.516091  0.314406    -3.005218
-0.305890 -0.104281  0.946338     1.928008
>../../../../class2/phe1//data/domains/Catalytic_domain/structures/PheRS-Bα_PDB_Bact.A_E_coli_3PCO.pdb
 0.432670 -0.245376  0.867518   -38.042223
 0.860150  0.400606 -0.315685    39.451430
-0.270071  0.882783  0.384390   -31.868422
>../../../../class2/phe1//data/domains/Catalytic_domain/structures/PheRS-Bα_PDB_Bact.A_T_thermophilus_1PYS.pdb
 0.904932 -0.358216  0.229738     3.821890
-0.335759 -0.269307  0.902629     8.034630
-0.261466 -0.893955 -0.363979    53.230215
>../../../../class2/phe3//data/domains/Catalytic_domain/structures/PheRS-Aα_AF_Arch_Candidatus_Nitrosopumilus_koreensis_AR1_gene13724458.pdb
 0.100766 -0.491109 -0.865250     5.382881
 0.976316 -0.118543  0.180985    -4.261077
-0.191453 -0.862995  0.467532    -9.771507
>../../../../class2/phe3//data/domains/Catalytic_domain/structures/PheRS-Aα_AF_Arch_Haloterrigena_turkmenica_DSM_5511_gene8744248.pdb
 1.000000  0.000000  0.000000     0.000000
 0.000000  1.000000  0.000000     0.000000
 0.000000  0.000000  1.000000     0.000000
>../../../../class2/phe3//data/domains/Catalytic_domain/structures/PheRS-Aα_AF_Arch_Thermoplasma_volcanium_GSS1_gene1441177.pdb
 0.213554 -0.219649  0.951919     0.654563
-0.204801 -0.962811 -0.176217     0.717628
 0.955223 -0.157322 -0.250596     1.582054
>../../../../class2/phe3//data/domains/Catalytic_domain/structures/PheRS-Aα_AF_Arch_Thermosphaera_aggregans_DSM_11486_gene9165306.pdb
 0.439635 -0.655776 -0.613741    -4.086088
 0.795161 -0.033578  0.605468     3.245347
-0.417660 -0.754208  0.506685     4.703321
>../../../../class2/phe3//data/domains/Catalytic_domain/structures/PheRS-Aα_AF_Euk_Cyanidioschyzon_merolae_strain_10D_gene16993638.pdb
-0.488438 -0.781441  0.388302    -4.117743
-0.830842  0.280471 -0.480664    -7.898555
 0.266703 -0.557392 -0.786247     1.496876
>../../../../class2/phe3//data/domains/Catalytic_domain/structures/PheRS-Aα_AF_Euk_Megalobrama_amblycephala_gene125266654.pdb
-0.387702  0.545365  0.743144    -6.415542
 0.647189 -0.413027  0.640746     3.046551
 0.656379  0.729373 -0.192823     2.158432
>../../../../class2/phe3//data/domains/Catalytic_domain/structures/PheRS-Aα_AF_Euk_Plasmodium_falciparum_3D7_gene813233.pdb
 0.052108  0.348220 -0.935963   -10.779675
 0.028217 -0.937376 -0.347174    -1.113132
-0.998243 -0.008320 -0.058671    -1.804375
>../../../../class2/phe3//data/domains/Catalytic_domain/structures/PheRS-Aα_AF_Euk_Schizosaccharomyces_pombe_gene2543647.pdb
 0.721983  0.642211 -0.257498    -4.466746
-0.628985  0.454112 -0.630999    -6.601064
-0.288302  0.617533  0.731803     0.020975
>../../../../class2/phe3//data/domains/Catalytic_domain/structures/PheRS-Aα_PDB_Euk.B_H_sapiens_3L4G.C.pdb
 0.921685 -0.253767  0.293426     4.382425
 0.387680  0.574917 -0.720538  -106.457258
 0.014153  0.777865  0.628273   -70.477510
