>../../../../class1/arg//data/domains/Catalytic_domain/structures/ArgRS_AF_Arch_Candidatus_Korarchaeum_cryptofilum_OPF8_gene6093502.pdb
 0.087385  0.286107 -0.954205    -0.456029
-0.162470 -0.940950 -0.297012     4.239565
-0.982836  0.180984 -0.035741     2.488408
>../../../../class1/arg//data/domains/Catalytic_domain/structures/ArgRS_AF_Arch_Candidatus_Nitrosopumilus_sediminis_gene13697696.pdb
 0.028962  0.729141 -0.683750    -2.397295
-0.585388 -0.542092 -0.602874     2.707098
-0.810236  0.417720  0.411131     3.002950
>../../../../class1/arg//data/domains/Catalytic_domain/structures/ArgRS_AF_Arch_Desulfurococcus_mucosus_DSM_2162_gene10153309.pdb
 0.278932  0.428598 -0.859361     4.147926
-0.154968 -0.863059 -0.480743    -0.746814
-0.947725  0.267268 -0.174316     1.965365
>../../../../class1/arg//data/domains/Catalytic_domain/structures/ArgRS_AF_Arch_Methanothermococcus_okinawensis_IH1_gene10773248.pdb
 0.302142 -0.132826 -0.943964    -3.395184
 0.098921 -0.980530  0.169634     1.968224
-0.948116 -0.144632 -0.283120     2.882778
>../../../../class1/arg//data/domains/Catalytic_domain/structures/ArgRS_AF_Bact_Anoxybacillus_flavithermus_WK1_gene7039015.pdb
 0.508250  0.656582 -0.557299    -4.970960
-0.812994  0.152308 -0.562000     3.925469
-0.284118  0.738717  0.611207     1.750191
>../../../../class1/arg//data/domains/Catalytic_domain/structures/ArgRS_AF_Bact_Brachyspira_pilosicoli_95_1000_gene56439668.pdb
 0.106967 -0.051645 -0.992920    -3.689474
 0.530306 -0.841779  0.100913     2.462428
-0.841031 -0.537346 -0.062655     6.422976
>../../../../class1/arg//data/domains/Catalytic_domain/structures/ArgRS_AF_Bact_Chlamydia_psittaci_6BC_gene12242456.pdb
-0.006352  0.283920 -0.958827    -2.620394
 0.058371 -0.957106 -0.283797     4.134446
-0.998275 -0.057771 -0.010493     4.168557
>../../../../class1/arg//data/domains/Catalytic_domain/structures/ArgRS_AF_Bact_Corynebacterium_ulcerans_809_gene75260071.pdb
 0.040930 -0.000356 -0.999162    -3.077860
 0.417591 -0.908468  0.017430     2.056485
-0.907713 -0.417954 -0.037035     5.594191
>../../../../class1/arg//data/domains/Catalytic_domain/structures/ArgRS_AF_Bact_Cupriavidus_taiwanensis_LMG_19424_gene29762022.pdb
 0.038048  0.142282 -0.989095    -2.940586
 0.103022 -0.985096 -0.137743     1.056692
-0.993951 -0.096657 -0.052139     3.875472
>../../../../class1/arg//data/domains/Catalytic_domain/structures/ArgRS_AF_Bact_Mycoplasma_hyopneumoniae_168-L_gene57100855.pdb
-0.015937  0.231521 -0.972699    -0.691313
-0.062954 -0.971125 -0.230115     1.946007
-0.997889  0.057568  0.030052     2.295805
>../../../../class1/arg//data/domains/Catalytic_domain/structures/ArgRS_AF_Bact_Prochlorococcus_marinus_subsp_marinus_str_CCMP1375_gene54199571.pdb
 0.758154  0.617680 -0.208984    -2.172542
-0.639436  0.641445 -0.423875    -1.628558
-0.127767  0.454995  0.881281     3.935551
>../../../../class1/arg//data/domains/Catalytic_domain/structures/ArgRS_AF_Bact_Streptobacillus_moniliformis_DSM_12112_gene29674021.pdb
-0.863698  0.343643  0.368693    -3.654396
 0.503262  0.548208  0.667979     2.302218
 0.027426  0.762481 -0.646429     4.731689
>../../../../class1/arg//data/domains/Catalytic_domain/structures/ArgRS_AF_Euk_Micromonas_commoda_gene8250062.pdb
 0.046712  0.322100  0.945553    -3.865534
 0.275450 -0.914039  0.297757     5.754277
 0.960180  0.246544 -0.131419     2.622243
>../../../../class1/arg//data/domains/Catalytic_domain/structures/ArgRS_AF_Euk_Paulinella_chromatophora_gene6481434.pdb
 0.892414  0.448992 -0.044758     0.231307
-0.445869  0.862260 -0.240224    -0.619707
-0.069266  0.234336  0.969685     5.234028
>../../../../class1/arg//data/domains/Catalytic_domain/structures/ArgRS_AF_Euk_Polyodon_spathula_gene121324634.pdb
 0.394141 -0.582407 -0.710954    -2.926646
 0.432789 -0.564814  0.702622    10.430978
-0.810769 -0.584625  0.029444     1.514901
>../../../../class1/arg//data/domains/Catalytic_domain/structures/ArgRS_AF_Euk_Thalassiosira_pseudonana_CCMP1335_gene7449555.pdb
-0.909324  0.317627  0.268779    -7.647119
 0.408559  0.803913  0.432208     4.306834
-0.078794  0.502829 -0.860787    -0.851536
>../../../../class1/arg//data/domains/Catalytic_domain/structures/ArgRS_AF_Mito_Caenorhabditis_elegans_gene174023.pdb
 0.999979  0.006365  0.001531    -0.090926
-0.006357  0.999967 -0.004970    -0.063193
-0.001563  0.004961  0.999986    -0.188981
>../../../../class1/arg//data/domains/Catalytic_domain/structures/ArgRS_AF_Mito_Saccharomyces_cerevisiae_S288C_gene851942.pdb
-0.513283 -0.805449  0.296299    -4.782205
-0.589393  0.079873 -0.803889     3.955733
 0.623825 -0.587259 -0.515723     5.204189
>../../../../class1/arg//data/domains/Catalytic_domain/structures/ArgRS_PDB_Arch_2ZUF.pdb
 0.874552 -0.483912  0.031443   -22.472073
-0.331825 -0.549889  0.766495   -14.289514
-0.353626 -0.680773 -0.641481    28.593885
>../../../../class1/arg//data/domains/Catalytic_domain/structures/ArgRS_PDB_Bact_1IQ0.pdb
-0.400954  0.276265 -0.873449   -17.721116
-0.123123  0.928544  0.350210   -60.832961
 0.907787  0.247959 -0.338289   -22.262214
>../../../../class1/arg//data/domains/Catalytic_domain/structures/ArgRS_PDB_Bact_3FNR.pdb
-0.525270 -0.845723  0.094041    53.953214
 0.492785 -0.392423 -0.776639    87.442984
 0.693725 -0.361603  0.622887   -90.114694
>../../../../class1/glu1//data/domains/Catalytic_domain/structures/GluRS_AF_Bact_Bifidobacterium_animalis_subsp_lactis_BLC1_gene66532600.pdb
-0.686586 -0.596511 -0.415662     3.397210
-0.720518  0.481792  0.498729    -8.251998
-0.097235  0.641913 -0.760588     0.415335
>../../../../class1/glu1//data/domains/Catalytic_domain/structures/GluRS_AF_Bact_Chlamydia_psittaci_6BC_gene12242467.pdb
-0.548462 -0.199447 -0.812041    12.522237
-0.813778 -0.095950  0.573201    -5.770472
-0.192238  0.975200 -0.109681    -2.160292
>../../../../class1/glu1//data/domains/Catalytic_domain/structures/GluRS_AF_Bact_[Eubacterium]_eligens_ATCC_27750_gene41357084.pdb
-0.912948 -0.122387 -0.389290     3.679998
-0.407375  0.217489  0.886986    -5.763521
-0.023889  0.968359 -0.248414     0.992814
>../../../../class1/glu1//data/domains/Catalytic_domain/structures/GluRS_AF_Bact_Mycoplasma_hyopneumoniae_168-L_gene57101016.pdb
-0.910507 -0.267226 -0.315544     5.003580
-0.380282  0.241508  0.892782    -7.050143
-0.162368  0.932879 -0.321516     0.527593
>../../../../class1/glu1//data/domains/Catalytic_domain/structures/GluRS_AF_Bact_Paracoccus_denitrificans_PD1222_gene75500422.pdb
-0.953193 -0.107250 -0.282702     4.530479
-0.298102  0.176921  0.937995    -5.622250
-0.050584  0.978364 -0.200611     1.246597
>../../../../class1/glu1//data/domains/Catalytic_domain/structures/GluRS_AF_Bact_Porphyromonas_gingivalis_ATCC_33277_gene29255772.pdb
-0.381350  0.344502 -0.857841     4.939205
 0.844546 -0.247521 -0.474842    -7.612961
-0.375918 -0.905567 -0.196556     0.904314
>../../../../class1/glu1//data/domains/Catalytic_domain/structures/GluRS_AF_Bact_Prochlorococcus_marinus_subsp_marinus_str_CCMP1375_gene54199839.pdb
 0.299156  0.954204  0.001067     3.852460
 0.321893 -0.099865 -0.941494    -6.778776
-0.898271  0.281997 -0.337027     0.871997
>../../../../class1/glu1//data/domains/Catalytic_domain/structures/GluRS_AF_Bact_Treponema_pallidum_subsp_pertenue_str_SamoaD_gene57879197.pdb
-0.784320 -0.452140 -0.424750     4.342181
-0.566629  0.243411  0.787199    -9.444909
-0.252535  0.858091 -0.447108     1.607724
>../../../../class1/glu1//data/domains/Catalytic_domain/structures/GluRS_AF_Euk_Arabidopsis_thaliana_gene836526.pdb
 0.919674 -0.266789  0.288139     8.070320
 0.392492  0.601586 -0.695733   -10.935074
 0.012274  0.752939  0.657975     0.839344
>../../../../class1/glu1//data/domains/Catalytic_domain/structures/GluRS_AF_Euk_Cryptococcus_neoformans_var_grubii_H99_gene23890400.pdb
-0.371585  0.593046 -0.714297     2.141134
 0.700797 -0.325471 -0.634785    -9.462844
-0.608940 -0.736454 -0.294665     2.177350
>../../../../class1/glu1//data/domains/Catalytic_domain/structures/GluRS_AF_Euk_Ostreococcus_tauri_proteinOUS48355.1.pdb
 0.569537 -0.818344 -0.077081     7.962514
 0.735300  0.549154 -0.397196    -8.120032
 0.367373  0.169540  0.914491     4.259326
>../../../../class1/glu1//data/domains/Catalytic_domain/structures/GluRS_AF_Euk_Plasmodium_knowlesi_strain_H_gene7321821.pdb
-0.743672 -0.488958 -0.455931     5.559241
-0.612726  0.225689  0.757384    -8.108943
-0.267430  0.842606 -0.467436     0.669744
>../../../../class1/glu1//data/domains/Catalytic_domain/structures/GluRS_AF_Mito_Cyanidioschyzon_merolae_strain_10D_gene16997617.pdb
 0.596435 -0.795195 -0.109223     5.375228
 0.714380  0.587940 -0.379457    -8.866988
 0.365959  0.148295  0.918740     3.801888
>../../../../class1/glu1//data/domains/Catalytic_domain/structures/GluRS_AF_Mito_Drosophila_melanogaster_gene39828.pdb
 0.904186 -0.381480  0.192149     4.476922
 0.380576  0.515254 -0.767903    -8.526318
 0.193934  0.767454  0.611068    -2.660926
>../../../../class1/glu1//data/domains/Catalytic_domain/structures/GluRS_PDB_Bact_T_therm_1J09.pdb
-0.517649  0.627942 -0.581144     9.389794
 0.617837 -0.195529 -0.761607   -22.938297
-0.591876 -0.753298 -0.286751    48.784424
