>../../../../class1/arg//data/domains/Catalytic_domain/structures/ArgRS_AF_Arch_NC_002689.2.pdb
 0.724084 -0.494149 -0.481165     0.746798
 0.688873  0.552536  0.469210    -0.739394
 0.034001 -0.671209  0.740488     1.548382
>../../../../class1/arg//data/domains/Catalytic_domain/structures/ArgRS_AF_Arch_NC_013158.1.pdb
-0.759475  0.620186  0.196386    -0.366850
 0.494796  0.354715  0.793318    -1.871872
 0.422344  0.699676 -0.576263    -0.952481
>../../../../class1/arg//data/domains/Catalytic_domain/structures/ArgRS_AF_Arch_NC_018656.1.pdb
 0.869496 -0.334455 -0.363478     1.221035
 0.454895  0.828964  0.325407     0.586846
 0.192476 -0.448284  0.872923    -0.302827
>../../../../class1/arg//data/domains/Catalytic_domain/structures/ArgRS_AF_Arch_NC_020247.1.pdb
 0.997581 -0.005536  0.069288     2.901595
 0.006238  0.999931 -0.009916     3.001382
-0.069229  0.010324  0.997547    -1.015787
>../../../../class1/arg//data/domains/Catalytic_domain/structures/ArgRS_AF_Bact_NC_002967.9.pdb
 0.033909  0.030434  0.998961     3.888546
-0.098889 -0.994529  0.033655     3.350325
 0.994521 -0.099927 -0.030714     5.339294
>../../../../class1/arg//data/domains/Catalytic_domain/structures/ArgRS_AF_Bact_NC_005042.1.pdb
 0.178714 -0.484260 -0.856478     0.635720
 0.875085 -0.319690  0.363352     4.160190
-0.449764 -0.814427  0.366635     1.413323
>../../../../class1/arg//data/domains/Catalytic_domain/structures/ArgRS_AF_Bact_NC_008095.1.pdb
 0.995336  0.090458  0.033524    -1.190216
-0.092547  0.993443  0.067131     0.434070
-0.027232 -0.069921  0.997181     0.089217
>../../../../class1/arg//data/domains/Catalytic_domain/structures/ArgRS_AF_Bact_NC_010729.1.pdb
-0.196861  0.523233  0.829140     0.444380
 0.253120 -0.789895  0.558566     4.660264
 0.947194  0.319832  0.023059     3.930178
>../../../../class1/arg//data/domains/Catalytic_domain/structures/ArgRS_AF_Bact_NC_013515.1.pdb
 1.000000  0.000000  0.000000     0.000000
 0.000000  1.000000  0.000000     0.000000
 0.000000  0.000000  1.000000     0.000000
>../../../../class1/arg//data/domains/Catalytic_domain/structures/ArgRS_AF_Bact_NC_015687.1.pdb
 0.999907  0.013309  0.002902     1.099297
-0.013561  0.992651  0.120246     0.195956
-0.001281 -0.120274  0.992740    -0.787975
>../../../../class1/arg//data/domains/Catalytic_domain/structures/ArgRS_AF_Bact_NC_017317.1.pdb
 0.743247  0.668474 -0.026958    -1.072645
-0.535558  0.570347 -0.622802     0.717695
-0.400951  0.477334  0.781915     1.209620
>../../../../class1/arg//data/domains/Catalytic_domain/structures/ArgRS_AF_Bact_NC_021283.1.pdb
 0.999907  0.010476 -0.008697     2.092778
-0.011637  0.989160 -0.146377     1.216892
 0.007069  0.146465  0.989191    -1.086993
>../../../../class1/arg//data/domains/Catalytic_domain/structures/ArgRS_AF_Euk_NC_001140.6.pdb
 0.080561 -0.386361 -0.918823    -0.396184
 0.822826 -0.494485  0.280073     5.432135
-0.562554 -0.778594  0.278072     0.506635
>../../../../class1/arg//data/domains/Catalytic_domain/structures/ArgRS_AF_Euk_NC_009356.1.pdb
-0.101701  0.308244  0.945856     0.493095
 0.093631 -0.943599  0.317576     2.733009
 0.990399  0.120859  0.067103     3.907748
>../../../../class1/arg//data/domains/Catalytic_domain/structures/ArgRS_AF_Euk_NC_009411.2.pdb
 0.265072  0.204315  0.942333     2.853986
 0.129183 -0.976007  0.175278     1.487390
 0.955536  0.075273 -0.285106     0.265710
>../../../../class1/arg//data/domains/Catalytic_domain/structures/ArgRS_PDB_Arch_2ZUF.pdb
 0.408870  0.730066  0.547567   -22.502049
 0.631827  0.206490 -0.747098     9.998957
-0.658498  0.651434 -0.376848    26.159233
>../../../../class1/arg//data/domains/Catalytic_domain/structures/ArgRS_PDB_Bact_1IQ0.pdb
-0.887549 -0.363906  0.282541    34.668981
 0.049196 -0.684622 -0.727236    47.735788
 0.458079 -0.631558  0.625538    39.463625
>../../../../class1/arg//data/domains/Catalytic_domain/structures/ArgRS_PDB_Bact_3FNR.pdb
-0.739257  0.408776 -0.535165    84.081210
-0.600562 -0.040651  0.798544   -61.143308
 0.304671  0.911729  0.275546   -91.370896
>../../../../class1/arg//data/domains/Catalytic_domain/structures/ArgRS_PDB_Bact_4oby.pdb
-0.219577  0.923875 -0.313435   -48.866721
-0.639642 -0.378918 -0.668790    54.983564
-0.736644  0.053635  0.674151     1.850320
>../../../../class1/glu1//data/domains/Catalytic_domain/structures/Glu_Bact_1J09_T_therm.pdb
 0.501778  0.774771  0.384642   -40.509251
-0.837556  0.324066  0.439865    34.676668
 0.216145 -0.542874  0.811523     1.109937
>../../../../class1/glu1//data/domains/Catalytic_domain/structures/Glu_Bact_2O5R_T_maritima.pdb
 0.663381 -0.545736 -0.511955    68.477721
 0.706987  0.681257  0.189889    14.395564
 0.245144 -0.487914  0.837761   -34.587231
>../../../../class1/glu1//data/domains/Catalytic_domain/structures/Glutamyl.B.Actinobacteria.NC_017216.2.pdb
-0.113573 -0.832507 -0.542249     5.837740
-0.018611 -0.543902  0.838943    15.005814
-0.993355  0.105373  0.046279    -5.119028
>../../../../class1/glu1//data/domains/Catalytic_domain/structures/Glutamyl.B.Bacteroidota.NC_010729.1.pdb
 0.285063 -0.899158  0.332045     3.802652
 0.077931 -0.323529 -0.943003    12.895768
 0.955335  0.294692 -0.022154    -1.933824
>../../../../class1/glu1//data/domains/Catalytic_domain/structures/Glutamyl.B.Chlamydiae.NC_002620.2.pdb
 0.431948 -0.859630  0.272870     7.508246
 0.491402 -0.029380 -0.870437    13.850029
 0.756271  0.510072  0.409733    -9.921138
>../../../../class1/glu1//data/domains/Catalytic_domain/structures/Glutamyl.B.Firmicutes.NC_016941.1.pdb
-0.424460 -0.611411 -0.667840     7.677790
-0.153279 -0.678415  0.718511    14.238783
-0.892379  0.407345  0.194243    -1.887851
>../../../../class1/glu1//data/domains/Catalytic_domain/structures/Glutamyl.B.Proteobacteria.NC_003317.1.pdb
 0.075974 -0.996920  0.019475     4.179218
-0.096945 -0.026824 -0.994928    12.791208
 0.992386  0.073700 -0.098684    -0.147063
>../../../../class1/glu1//data/domains/Catalytic_domain/structures/Glutamyl.B.Spirochaetes.NC_016842.1.pdb
 0.280419 -0.916239  0.286132     4.547895
 0.131551 -0.258595 -0.956986    14.484075
 0.950821  0.305998  0.048017    -1.079593
>../../../../class1/glu1//data/domains/Catalytic_domain/structures/Glutamyl.E.Rhodophyta.NC_010145.1.pdb
-0.540388  0.105812 -0.834736     1.611249
-0.542676 -0.801982  0.249656    12.928183
-0.643026  0.587902  0.490803    -1.249408
