>../../../../class1/arg//data/domains/Catalytic_domain/structures/ArgRS_AF_Arch_Candidatus_Korarchaeum_cryptofilum_OPF8_gene6093502.pdb
-0.178859 -0.723352  0.666911    -1.982637
-0.805268 -0.281831 -0.521647     0.364837
 0.565290 -0.630343 -0.532085     3.883844
>../../../../class1/arg//data/domains/Catalytic_domain/structures/ArgRS_AF_Arch_Candidatus_Nitrosopumilus_sediminis_gene13697696.pdb
-0.336595 -0.892132  0.301336    -1.058823
-0.929625  0.263846 -0.257260    -0.713429
 0.150004 -0.366722 -0.918158     1.937889
>../../../../class1/arg//data/domains/Catalytic_domain/structures/ArgRS_AF_Arch_Desulfurococcus_mucosus_DSM_2162_gene10153309.pdb
-0.367813 -0.784703  0.498954    -8.113846
-0.703028 -0.116549 -0.701547    -1.063054
 0.608659 -0.608817 -0.508800     2.801155
>../../../../class1/arg//data/domains/Catalytic_domain/structures/ArgRS_AF_Arch_Methanothermococcus_okinawensis_IH1_gene10773248.pdb
-0.236593 -0.378800  0.894726    -0.500815
-0.560577 -0.698924 -0.444137    -1.469521
 0.793585 -0.606643 -0.046986     1.069720
>../../../../class1/arg//data/domains/Catalytic_domain/structures/ArgRS_AF_Bact_Anoxybacillus_flavithermus_WK1_gene7039015.pdb
-0.847964 -0.484231  0.215585     1.996242
-0.503038  0.863367 -0.039375    -1.609043
-0.167062 -0.141835 -0.975691     2.416900
>../../../../class1/arg//data/domains/Catalytic_domain/structures/ArgRS_AF_Bact_Brachyspira_pilosicoli_95_1000_gene56439668.pdb
 0.146085 -0.401288  0.904228     0.335028
-0.307995 -0.887055 -0.343908     1.278285
 0.940105 -0.228258 -0.253180    -1.133302
>../../../../class1/arg//data/domains/Catalytic_domain/structures/ArgRS_AF_Bact_Chlamydia_psittaci_6BC_gene12242456.pdb
-0.009255 -0.722762  0.691035     0.278303
-0.721764 -0.473462 -0.504867     0.550005
 0.692078 -0.503437 -0.517281     1.935886
>../../../../class1/arg//data/domains/Catalytic_domain/structures/ArgRS_AF_Bact_Corynebacterium_ulcerans_809_gene75260071.pdb
 0.138236 -0.465625  0.874119    -0.276108
-0.450225 -0.815670 -0.363290     0.789715
 0.882150 -0.343331 -0.322391    -0.533484
>../../../../class1/arg//data/domains/Catalytic_domain/structures/ArgRS_AF_Bact_Cupriavidus_taiwanensis_LMG_19424_gene29762022.pdb
-0.013671 -0.631475  0.775276    -1.152600
-0.693109 -0.552863 -0.462538    -0.798402
 0.720703 -0.543675 -0.430122    -0.006469
>../../../../class1/arg//data/domains/Catalytic_domain/structures/ArgRS_AF_Bact_Mycoplasma_hyopneumoniae_168-L_gene57100855.pdb
-0.051572 -0.687069  0.724759    -2.574452
-0.800463 -0.405512 -0.441383    -0.813976
 0.597160 -0.602906 -0.529060     2.466724
>../../../../class1/arg//data/domains/Catalytic_domain/structures/ArgRS_AF_Bact_Prochlorococcus_marinus_subsp_marinus_str_CCMP1375_gene54199571.pdb
-0.979029 -0.203682 -0.003959    -3.198532
-0.190996  0.910948  0.365642    -2.251004
-0.070868  0.358730 -0.930747    -1.426174
>../../../../class1/arg//data/domains/Catalytic_domain/structures/ArgRS_AF_Bact_Streptobacillus_moniliformis_DSM_12112_gene29674021.pdb
 1.000000  0.000000  0.000000     0.000000
 0.000000  1.000000  0.000000     0.000000
 0.000000  0.000000  1.000000     0.000000
>../../../../class1/arg//data/domains/Catalytic_domain/structures/ArgRS_AF_Euk_Micromonas_commoda_gene8250062.pdb
 0.138239 -0.731646 -0.667521     1.985000
 0.895864 -0.194996  0.399255    -0.075395
-0.422277 -0.653201  0.628499     3.566452
>../../../../class1/arg//data/domains/Catalytic_domain/structures/ArgRS_AF_Euk_Paulinella_chromatophora_gene6481434.pdb
-0.997497  0.050903 -0.049075    -4.740647
 0.012298  0.808388  0.588522     0.013858
 0.069629  0.586445 -0.806991    -0.659711
>../../../../class1/arg//data/domains/Catalytic_domain/structures/ArgRS_AF_Euk_Polyodon_spathula_gene121324634.pdb
-0.151416  0.183837  0.971225     3.472561
-0.243210 -0.959276  0.143658     2.032685
 0.958083 -0.214459  0.189960     7.747462
>../../../../class1/arg//data/domains/Catalytic_domain/structures/ArgRS_AF_Euk_Thalassiosira_pseudonana_CCMP1335_gene7449555.pdb
 0.988597  0.144258 -0.043195     4.289802
-0.150394  0.931368 -0.331566    -4.374961
-0.007600  0.334281  0.942443     3.528456
>../../../../class1/arg//data/domains/Catalytic_domain/structures/ArgRS_AF_Mito_Caenorhabditis_elegans_gene174023.pdb
-0.877656  0.477735  0.038595    -4.163123
 0.336926  0.557687  0.758594    -3.922013
 0.340883  0.678788 -0.650419     3.003686
>../../../../class1/arg//data/domains/Catalytic_domain/structures/ArgRS_AF_Mito_Saccharomyces_cerevisiae_S288C_gene851942.pdb
 0.152860  0.710432 -0.686965     1.677840
-0.021224 -0.692614 -0.720996     0.725117
-0.988020  0.124791 -0.090795     0.334733
>../../../../class1/arg//data/domains/Catalytic_domain/structures/ArgRS_AF_Vir_Megavirus_chiliensis_gene11257368.pdb
 0.760894  0.637089 -0.123113     3.064074
-0.414423  0.331145 -0.847701    -3.454268
-0.499293  0.696032  0.515991    -1.768513
>../../../../class1/arg//data/domains/Catalytic_domain/structures/ArgRS_PDB_Arch_2ZUF.pdb
-0.930641  0.125154  0.343867     8.246553
-0.154086 -0.986352 -0.058025     2.677690
 0.331912 -0.106985  0.937224   -33.479791
>../../../../class1/arg//data/domains/Catalytic_domain/structures/ArgRS_PDB_Bact_1IQ0.pdb
 0.309924  0.241121  0.919678   -20.908879
 0.472137  0.800577 -0.369002   -60.581945
-0.825247  0.548577  0.134276   -28.752336
>../../../../class1/arg//data/domains/Catalytic_domain/structures/ArgRS_PDB_Euk_S_cerevisiae_1BS2.pdb
-0.707829 -0.069176  0.702988    48.318186
 0.487871  0.671828  0.557341   -60.708688
-0.510842  0.737470 -0.441790   -42.315529
>../../../../class1/glu1//data/domains/Catalytic_domain/structures/GluRS_AF_Bact_Bifidobacterium_animalis_subsp_lactis_BLC1_gene66532600.pdb
 0.194439  0.786924  0.585615   -11.770572
-0.726611  0.516606 -0.452940    -6.324498
-0.658962 -0.337445  0.672235    -1.570495
>../../../../class1/glu1//data/domains/Catalytic_domain/structures/GluRS_AF_Bact_Chlamydia_psittaci_6BC_gene12242467.pdb
 0.062883  0.138518  0.988362   -18.232474
-0.784634  0.618866 -0.036812    -4.115463
-0.616762 -0.773187  0.147602     4.972112
>../../../../class1/glu1//data/domains/Catalytic_domain/structures/GluRS_AF_Bact_[Eubacterium]_eligens_ATCC_27750_gene41357084.pdb
 0.567503  0.263436  0.780091   -10.382271
-0.568043  0.811120  0.139327    -4.537003
-0.596044 -0.522194  0.609956    -0.500630
>../../../../class1/glu1//data/domains/Catalytic_domain/structures/GluRS_AF_Bact_Mycoplasma_hyopneumoniae_168-L_gene57101016.pdb
 0.580050  0.377084  0.722045   -12.399957
-0.655019  0.742857  0.138253    -5.398098
-0.484244 -0.553147  0.677891    -0.184852
>../../../../class1/glu1//data/domains/Catalytic_domain/structures/GluRS_AF_Bact_Paracoccus_denitrificans_PD1222_gene75500422.pdb
 0.645223  0.256906  0.719504   -11.171865
-0.577572  0.780490  0.239261    -3.929469
-0.500098 -0.569942  0.651972    -0.237241
>../../../../class1/glu1//data/domains/Catalytic_domain/structures/GluRS_AF_Bact_Porphyromonas_gingivalis_ATCC_33277_gene29255772.pdb
 0.751363 -0.448016  0.484494   -12.730057
 0.032509 -0.708183 -0.705280    -5.186478
 0.659088  0.545672 -0.517538    -1.116860
>../../../../class1/glu1//data/domains/Catalytic_domain/structures/GluRS_AF_Bact_Prochlorococcus_marinus_subsp_marinus_str_CCMP1375_gene54199839.pdb
-0.132806 -0.850184 -0.509460   -11.387089
-0.379028  0.518508 -0.766477    -5.374136
 0.915806  0.091307 -0.391104    -0.774448
>../../../../class1/glu1//data/domains/Catalytic_domain/structures/GluRS_AF_Bact_Treponema_pallidum_subsp_pertenue_str_SamoaD_gene57879197.pdb
 0.388413  0.512554  0.765784   -13.184801
-0.764981  0.642672 -0.042147    -6.154687
-0.513751 -0.569439  0.641716    -2.873060
>../../../../class1/glu1//data/domains/Catalytic_domain/structures/GluRS_AF_Euk_Arabidopsis_thaliana_gene836526.pdb
-0.579741  0.551255 -0.600015   -17.221467
 0.548984  0.808423  0.212294    -6.215262
 0.602094 -0.206323 -0.771306    -1.684189
>../../../../class1/glu1//data/domains/Catalytic_domain/structures/GluRS_AF_Euk_Cryptococcus_neoformans_var_grubii_H99_gene23890400.pdb
 0.663804 -0.702177  0.257509   -11.284452
-0.227007 -0.517224 -0.825195    -6.049825
 0.712623  0.489312 -0.502735    -4.067042
>../../../../class1/glu1//data/domains/Catalytic_domain/structures/GluRS_AF_Euk_Ostreococcus_tauri_proteinOUS48355.1.pdb
-0.083422  0.990763 -0.106912   -15.406929
 0.891530  0.122134  0.436185    -2.040431
 0.445213 -0.058928 -0.893483    -2.264119
>../../../../class1/glu1//data/domains/Catalytic_domain/structures/GluRS_AF_Euk_Plasmodium_knowlesi_strain_H_gene7321821.pdb
 0.308961  0.549311  0.776403   -13.565557
-0.807393  0.582932 -0.091136    -5.648735
-0.502652 -0.598705  0.623613    -0.770456
>../../../../class1/glu1//data/domains/Catalytic_domain/structures/GluRS_AF_Mito_Cyanidioschyzon_merolae_strain_10D_gene16997617.pdb
-0.124130  0.990081 -0.065812   -13.520738
 0.888760  0.140430  0.436331    -3.690291
 0.441245 -0.004329 -0.897376    -3.493047
>../../../../class1/glu1//data/domains/Catalytic_domain/structures/GluRS_AF_Mito_Drosophila_melanogaster_gene39828.pdb
-0.592549  0.585230 -0.553527   -12.802333
 0.650246  0.753095  0.100141    -8.842522
 0.475464 -0.300590 -0.826789     0.360218
>../../../../class1/glu1//data/domains/Catalytic_domain/structures/GluRS_PDB_Bact_T_therm_1J09.pdb
 0.751650 -0.655851  0.069875   -23.602219
-0.306941 -0.441598 -0.843077    24.424013
 0.583789  0.612251 -0.533235   -40.316295
