>../../../../class1/arg//data/domains/Catalytic_domain/structures/ArgRS_AF_Arch_Candidatus_Korarchaeum_cryptofilum_OPF8_gene6093502.pdb
-0.178240 -0.725492  0.664749    -2.005751
-0.808943 -0.276584 -0.518760     0.443688
 0.560215 -0.630208 -0.537584     3.888474
>../../../../class1/arg//data/domains/Catalytic_domain/structures/ArgRS_AF_Arch_Candidatus_Nitrosopumilus_sediminis_gene13697696.pdb
-0.335163 -0.893887  0.297710    -1.087458
-0.931277  0.266428 -0.248472    -0.606339
 0.142788 -0.360529 -0.921754     1.908871
>../../../../class1/arg//data/domains/Catalytic_domain/structures/ArgRS_AF_Arch_Desulfurococcus_mucosus_DSM_2162_gene10153309.pdb
-0.359066 -0.802101  0.477185    -8.372446
-0.705940 -0.101036 -0.701028    -1.054274
 0.610508 -0.588580 -0.529956     2.662326
>../../../../class1/arg//data/domains/Catalytic_domain/structures/ArgRS_AF_Arch_Methanothermococcus_okinawensis_IH1_gene10773248.pdb
-0.236348 -0.385163  0.892070    -0.552376
-0.560639 -0.695790 -0.448954    -1.523843
 0.793614 -0.606239 -0.051489     1.006874
>../../../../class1/arg//data/domains/Catalytic_domain/structures/ArgRS_AF_Bact_Anoxybacillus_flavithermus_WK1_gene7039015.pdb
-0.848066 -0.486403  0.210228     1.936162
-0.504443  0.862552 -0.039258    -1.584098
-0.162237 -0.139341 -0.976864     2.330277
>../../../../class1/arg//data/domains/Catalytic_domain/structures/ArgRS_AF_Bact_Brachyspira_pilosicoli_95_1000_gene56439668.pdb
 0.144579 -0.399977  0.905050     0.367461
-0.307520 -0.887529 -0.343108     1.298674
 0.940494 -0.228714 -0.251319    -1.128336
>../../../../class1/arg//data/domains/Catalytic_domain/structures/ArgRS_AF_Bact_Chlamydia_psittaci_6BC_gene12242456.pdb
-0.007125 -0.725841  0.687826     0.231914
-0.733058 -0.464042 -0.497283     0.748090
 0.680129 -0.507759 -0.528777     1.901893
>../../../../class1/arg//data/domains/Catalytic_domain/structures/ArgRS_AF_Bact_Corynebacterium_ulcerans_809_gene75260071.pdb
 0.139050 -0.464775  0.874442    -0.299450
-0.448887 -0.816674 -0.362690     0.832463
 0.882704 -0.342094 -0.322190    -0.606642
>../../../../class1/arg//data/domains/Catalytic_domain/structures/ArgRS_AF_Bact_Cupriavidus_taiwanensis_LMG_19424_gene29762022.pdb
-0.015867 -0.631287  0.775387    -1.095414
-0.692973 -0.552088 -0.463667    -0.773308
 0.720789 -0.544679 -0.428705    -0.027096
>../../../../class1/arg//data/domains/Catalytic_domain/structures/ArgRS_AF_Bact_Mycoplasma_hyopneumoniae_168-L_gene57100855.pdb
-0.053504 -0.687463  0.724246    -2.554935
-0.799649 -0.404902 -0.443413    -0.844550
 0.598079 -0.602867 -0.528066     2.445079
>../../../../class1/arg//data/domains/Catalytic_domain/structures/ArgRS_AF_Bact_Prochlorococcus_marinus_subsp_marinus_str_CCMP1375_gene54199571.pdb
-0.979416 -0.201726 -0.007157    -3.298422
-0.189944  0.909058  0.370857    -2.159018
-0.068305  0.364582 -0.928662    -1.466554
>../../../../class1/arg//data/domains/Catalytic_domain/structures/ArgRS_AF_Bact_Streptobacillus_moniliformis_DSM_12112_gene29674021.pdb
 1.000000  0.000000  0.000000     0.000000
 0.000000  1.000000  0.000000     0.000000
 0.000000  0.000000  1.000000     0.000000
>../../../../class1/arg//data/domains/Catalytic_domain/structures/ArgRS_AF_Euk_Micromonas_commoda_gene8250062.pdb
 0.133110 -0.731663 -0.668544     1.938134
 0.900102 -0.193102  0.390548     0.160681
-0.414847 -0.653744  0.632867     3.580617
>../../../../class1/arg//data/domains/Catalytic_domain/structures/ArgRS_AF_Euk_Paulinella_chromatophora_gene6481434.pdb
-0.997251  0.055536 -0.049057    -4.773969
 0.015342  0.802439  0.596537     0.162754
 0.072495  0.594144 -0.801085    -0.639939
>../../../../class1/arg//data/domains/Catalytic_domain/structures/ArgRS_AF_Euk_Polyodon_spathula_gene121324634.pdb
-0.156683  0.187750  0.969639     3.560542
-0.246717 -0.958080  0.145645     2.118960
 0.956337 -0.216406  0.196436     7.881060
>../../../../class1/arg//data/domains/Catalytic_domain/structures/ArgRS_AF_Euk_Thalassiosira_pseudonana_CCMP1335_gene7449555.pdb
 0.987888  0.149442 -0.041758     4.313177
-0.154800  0.930702 -0.331406    -4.446291
-0.010662  0.333857  0.942564     3.462640
>../../../../class1/arg//data/domains/Catalytic_domain/structures/ArgRS_AF_Mito_Caenorhabditis_elegans_gene174023.pdb
-0.875276  0.482191  0.037203    -4.196837
 0.334749  0.548523  0.766202    -3.759470
 0.349049  0.683091 -0.641522     2.953463
>../../../../class1/arg//data/domains/Catalytic_domain/structures/ArgRS_AF_Mito_Saccharomyces_cerevisiae_S288C_gene851942.pdb
 0.155211  0.710272 -0.686602     1.753397
-0.016226 -0.693098 -0.720661     0.803314
-0.987748  0.122996 -0.096051     0.419109
>../../../../class1/arg//data/domains/Catalytic_domain/structures/ArgRS_AF_Vir_Megavirus_chiliensis_gene11257368.pdb
 0.763178  0.635231 -0.118493     3.031252
-0.407494  0.330795 -0.851189    -3.235131
-0.501505  0.697894  0.511308    -1.785196
>../../../../class1/arg//data/domains/Catalytic_domain/structures/ArgRS_PDB_Arch_2ZUF.pdb
-0.931950  0.125330  0.340238     8.460737
-0.154926 -0.986032 -0.061145     2.842163
 0.327822 -0.109696  0.938349   -33.395282
>../../../../class1/arg//data/domains/Catalytic_domain/structures/ArgRS_PDB_Bact_1IQ0.pdb
 0.308246  0.240201  0.920482   -20.806488
 0.475781  0.798963 -0.367818   -60.390870
-0.823782  0.551327  0.131994   -28.907415
>../../../../class1/arg//data/domains/Catalytic_domain/structures/ArgRS_PDB_Bact_3FNR.pdb
 0.733507  0.509553 -0.449803    -9.886318
 0.604234 -0.791906  0.088243    -5.289785
-0.311237 -0.336513 -0.888758   139.210877
>../../../../class1/glu1//data/domains/Catalytic_domain/structures/GluRS_AF_Bact_Bifidobacterium_animalis_subsp_lactis_BLC1_gene66532600.pdb
 0.195537  0.785154  0.587621   -11.758623
-0.725879  0.518780 -0.451628    -6.305144
-0.659443 -0.338231  0.671367    -1.585365
>../../../../class1/glu1//data/domains/Catalytic_domain/structures/GluRS_AF_Bact_Chlamydia_psittaci_6BC_gene12242467.pdb
 0.062988  0.137177  0.988542   -18.234389
-0.784516  0.619067 -0.035918    -4.117611
-0.616901 -0.773265  0.146611     4.967079
>../../../../class1/glu1//data/domains/Catalytic_domain/structures/GluRS_AF_Bact_[Eubacterium]_eligens_ATCC_27750_gene41357084.pdb
 0.563788  0.266813  0.781635   -10.420228
-0.572804  0.808110  0.137310    -4.565998
-0.595011 -0.525138  0.608434    -0.413608
>../../../../class1/glu1//data/domains/Catalytic_domain/structures/GluRS_AF_Bact_Mycoplasma_hyopneumoniae_168-L_gene57101016.pdb
 0.580050  0.377084  0.722045   -12.399957
-0.655019  0.742857  0.138253    -5.398098
-0.484244 -0.553147  0.677891    -0.184852
>../../../../class1/glu1//data/domains/Catalytic_domain/structures/GluRS_AF_Bact_Paracoccus_denitrificans_PD1222_gene75500422.pdb
 0.650291  0.252026  0.716662   -11.164532
-0.574541  0.780345  0.246910    -4.074484
-0.497016 -0.572315  0.652251    -0.346692
>../../../../class1/glu1//data/domains/Catalytic_domain/structures/GluRS_AF_Bact_Porphyromonas_gingivalis_ATCC_33277_gene29255772.pdb
 0.747241 -0.443590  0.494833   -12.606428
 0.041121 -0.712318 -0.700651    -5.251874
 0.663280  0.543903 -0.514032    -1.163645
>../../../../class1/glu1//data/domains/Catalytic_domain/structures/GluRS_AF_Bact_Prochlorococcus_marinus_subsp_marinus_str_CCMP1375_gene54199839.pdb
-0.132806 -0.850184 -0.509460   -11.387089
-0.379028  0.518508 -0.766477    -5.374136
 0.915806  0.091307 -0.391104    -0.774448
>../../../../class1/glu1//data/domains/Catalytic_domain/structures/GluRS_AF_Bact_Treponema_pallidum_subsp_pertenue_str_SamoaD_gene57879197.pdb
 0.388413  0.512554  0.765784   -13.184801
-0.764981  0.642672 -0.042147    -6.154687
-0.513751 -0.569439  0.641716    -2.873060
>../../../../class1/glu1//data/domains/Catalytic_domain/structures/GluRS_AF_Euk_Arabidopsis_thaliana_gene836526.pdb
-0.586511  0.544993 -0.599155   -17.168957
 0.543281  0.813370  0.208028    -6.214449
 0.600709 -0.203499 -0.773135    -1.661608
>../../../../class1/glu1//data/domains/Catalytic_domain/structures/GluRS_AF_Euk_Cryptococcus_neoformans_var_grubii_H99_gene23890400.pdb
 0.661754 -0.702630  0.261520   -11.203578
-0.230524 -0.522619 -0.820809    -5.889300
 0.713401  0.482887 -0.507818    -4.135957
>../../../../class1/glu1//data/domains/Catalytic_domain/structures/GluRS_AF_Euk_Ostreococcus_tauri_proteinOUS48355.1.pdb
-0.096706  0.988912 -0.112699   -15.401362
 0.887608  0.136918  0.439780    -2.045429
 0.450334 -0.057503 -0.891007    -2.211049
>../../../../class1/glu1//data/domains/Catalytic_domain/structures/GluRS_AF_Euk_Plasmodium_knowlesi_strain_H_gene7321821.pdb
 0.309602  0.548314  0.776851   -13.593780
-0.807099  0.583489 -0.090179    -5.642306
-0.502731 -0.599076  0.623193    -0.781155
>../../../../class1/glu1//data/domains/Catalytic_domain/structures/GluRS_AF_Mito_Cyanidioschyzon_merolae_strain_10D_gene16997617.pdb
-0.120261  0.990686 -0.063860   -13.521136
 0.889418  0.136096  0.436364    -3.681213
 0.440991 -0.004321 -0.897501    -3.471179
>../../../../class1/glu1//data/domains/Catalytic_domain/structures/GluRS_AF_Mito_Drosophila_melanogaster_gene39828.pdb
-0.592549  0.585230 -0.553527   -12.802333
 0.650246  0.753095  0.100141    -8.842522
 0.475464 -0.300590 -0.826789     0.360218
>../../../../class1/glu1//data/domains/Catalytic_domain/structures/GluRS_PDB_Bact_T_therm_1J09.pdb
 0.751650 -0.655851  0.069875   -23.602219
-0.306941 -0.441598 -0.843077    24.424013
 0.583789  0.612251 -0.533235   -40.316295
