>../../../../class2//thr/data/domains/ThrRS_IM//structures/ThrRS_AF_Arch_Candidatus_Methanomethylophilus_alvus_Mx1201_gene15140074.pdb
 0.851233  0.521683 -0.056998    -0.465573
-0.494122  0.833333  0.247788     1.606188
 0.176765 -0.182762  0.967136    -1.485187
>../../../../class2//thr/data/domains/ThrRS_IM//structures/ThrRS_AF_Arch_Candidatus_Nitrosopumilus_koreensis_AR1_gene13725077.pdb
-0.672077  0.712327 -0.202245    -9.675365
-0.069852  0.210920  0.975004     6.672238
 0.737179  0.669405 -0.091997    -1.382590
>../../../../class2//thr/data/domains/ThrRS_IM//structures/ThrRS_AF_Arch_Pyrococcus_furiosus_DSM_3638_gene1469226.pdb
-0.724912  0.503723 -0.469856    -8.023215
-0.233661  0.461841  0.855632     4.976765
 0.648000  0.730045 -0.217094    -1.299675
>../../../../class2//thr/data/domains/ThrRS_IM//structures/ThrRS_AF_Arch_Sulfolobus_islandicus_M164_gene7940156.pdb
 0.418747  0.646181 -0.638045     0.239747
-0.204473 -0.617478 -0.759547     6.456404
-0.884783  0.448521 -0.126440     2.841993
>../../../../class2//thr/data/domains/ThrRS_IM//structures/ThrRS_AF_Bact_Bifidobacterium_longum_subsp_longum_JCM_1217_gene69578309.pdb
-0.507554 -0.717688 -0.476774    -3.736318
-0.295005 -0.375152  0.878768    -0.877434
-0.809544  0.586673 -0.021311    -4.103799
>../../../../class2//thr/data/domains/ThrRS_IM//structures/ThrRS_AF_Bact_Brachyspira_pilosicoli_95_1000_gene56439092.pdb
 0.098101 -0.020383 -0.994968    -0.545238
 0.349119 -0.935545  0.053588    -0.954189
-0.931929 -0.352619 -0.084661    -3.915285
>../../../../class2//thr/data/domains/ThrRS_IM//structures/ThrRS_AF_Bact_Brucella_abortus_2308_gene3787745.pdb
 0.061344 -0.483820  0.873015    -0.429071
 0.134049 -0.862745 -0.487548    -0.704286
 0.989074  0.146935  0.011932    -3.376636
>../../../../class2//thr/data/domains/ThrRS_IM//structures/ThrRS_AF_Bact_Lactobacillus_acidophilus_La-14_gene56943112.pdb
-0.917371  0.331206  0.220753    -2.680719
 0.336419  0.941598 -0.014688    -4.668769
-0.212726  0.060791 -0.975219    -6.629602
>../../../../class2//thr/data/domains/ThrRS_IM//structures/ThrRS_AF_Bact_Mycoplasma_hyopneumoniae_168-L_gene57101460.pdb
 1.000000  0.000000  0.000000     0.000000
 0.000000  1.000000  0.000000     0.000000
 0.000000  0.000000  1.000000     0.000000
>../../../../class2//thr/data/domains/ThrRS_IM//structures/ThrRS_AF_Bact_Porphyromonas_gingivalis_ATCC_33277_gene29256174.pdb
 0.474069 -0.393514 -0.787658    -2.852058
 0.591783 -0.519985  0.615962    -1.303528
-0.651960 -0.758131 -0.013634    -1.141102
>../../../../class2//thr/data/domains/ThrRS_IM//structures/ThrRS_AF_Bact_Prochlorococcus_marinus_subsp_marinus_str_CCMP1375_gene54200406.pdb
-0.468352  0.875318  0.120274    -3.953753
-0.675122 -0.442354  0.590367    -1.867326
 0.569962  0.195300  0.798123    -4.723612
>../../../../class2//thr/data/domains/ThrRS_IM//structures/ThrRS_AF_Bact_Streptobacillus_moniliformis_DSM_12112_gene29674242.pdb
-0.945344  0.308380  0.105956    -1.285656
 0.285930  0.627772  0.723979    -1.865075
 0.156744  0.714706 -0.681636    -3.776398
>../../../../class2//thr/data/domains/ThrRS_IM//structures/ThrRS_AF_Euk_Arabidopsis_thaliana_gene832741.pdb
-0.575130 -0.817438 -0.031945    -3.892782
-0.416605  0.259060  0.871394    -2.424380
-0.704035  0.514474 -0.489542    -2.759173
>../../../../class2//thr/data/domains/ThrRS_IM//structures/ThrRS_AF_Euk_Cryptococcus_gattii_WM276_gene10188143.pdb
-0.785216 -0.533489 -0.314364    -2.213092
-0.251078 -0.189766  0.949183    -3.191554
-0.566034  0.824244  0.015060    -5.032186
>../../../../class2//thr/data/domains/ThrRS_IM//structures/ThrRS_AF_Euk_Cyanidioschyzon_merolae_strain_10D_gene16997242.pdb
-0.155274 -0.012102  0.987797    -2.218209
 0.132588 -0.991133  0.008699    -2.459043
 0.978933  0.132321  0.155502    -5.456758
>../../../../class2//thr/data/domains/ThrRS_IM//structures/ThrRS_AF_Euk_Zymoseptoria_tritici_IPO323_gene13396560.pdb
-0.729643 -0.474009 -0.492885    -6.339460
 0.107250  0.632530 -0.767074   -16.787035
 0.675365 -0.612553 -0.410684    -5.589604
>../../../../class2//thr/data/domains/ThrRS_IM//structures/ThrRS_AF_Mito_Cyanidioschyzon_merolae_strain_10D_gene16995590.pdb
-0.906776  0.419676  0.040367    -1.945925
 0.001643 -0.092226  0.995737     0.810576
 0.421610  0.902976  0.082938    -3.028970
>../../../../class2//thr/data/domains/ThrRS_IM//structures/ThrRS_AF_Mito_Oryza_sativa_Japonica_Group_gene4345200.pdb
-0.195457 -0.207670 -0.958473    -2.852298
 0.802841  0.527415 -0.277993    -3.282634
 0.563243 -0.823837  0.063639    -4.347842
>../../../../class2//thr/data/domains/ThrRS_IM//structures/ThrRS_PDB_Bact_E_coli_1evk.pdb
 0.448033  0.006312  0.893995   -31.557525
-0.874020 -0.207223  0.439486    41.619975
 0.188030 -0.978273 -0.087327    51.019881
>../../../../class2//thr/data/domains/ThrRS_IM//structures/ThrRS_PDB_Bact_S_aureus_1nyr.pdb
 0.532771 -0.803184  0.266551    16.527926
 0.704161  0.595447  0.386782   -59.705105
-0.469374 -0.018371  0.882808   -41.446657
