>structures/Pro_Arch_1nj8_M_janacshii.pdb
 0.031360  0.599412  0.799826   -66.714717
 0.850551  0.404284 -0.336330   -88.181119
-0.524957  0.690840 -0.497152    44.595140
>structures/Pro_Bact_2J3M_E_faecalis.pdb
 0.999147 -0.033962  0.023484   -28.486576
 0.016832  0.854347  0.519431     1.342239
-0.037705 -0.518592  0.854190   -14.931272
>structures/Pro_Bact_5znj_S_aureus.pdb
 0.959137 -0.062083 -0.276046     4.916526
 0.282680  0.168313  0.944332   -20.392103
-0.012165 -0.983777  0.178985    -3.350717
>structures/Prolyl.A.Candidatus_Thermoplasmatota.NC_005877.1.pdb
 0.981076 -0.181399 -0.067707    -2.968901
 0.151575  0.937118 -0.314381     0.410032
 0.120478  0.298169  0.946879     5.348226
>structures/Prolyl.A.Crenarchaeota.NC_007181.1.pdb
 0.059859 -0.236991  0.969666    -2.752223
-0.670304 -0.729354 -0.136879    -1.266174
 0.739669 -0.641777 -0.202514     5.973480
>structures/Prolyl.A.Euryarchaeota.NC_022084.1.pdb
 0.830033 -0.464645 -0.308464    -2.122886
 0.489870  0.871781  0.004990    -0.925173
 0.266595 -0.155249  0.951223     5.847460
>structures/Prolyl.A.Thaumarchaeota.NC_018656.1.pdb
-0.005186 -0.131756  0.991269    -2.662993
-0.578022 -0.808506 -0.110488    -1.795686
 0.816005 -0.573548 -0.071965     5.676784
>structures/Prolyl.B.Actinobacteria.NC_012590.1.pdb
 0.901485 -0.275108  0.334127     0.328439
-0.286876  0.198249  0.937230    -3.112937
-0.324080 -0.940751  0.099797    -0.248119
>structures/Prolyl.B.Bacteroidota.NC_010729.1.pdb
 0.847792 -0.415818 -0.329158    -2.389654
 0.445291  0.895243  0.015966    -0.921238
 0.288037 -0.160107  0.944140     4.830978
>structures/Prolyl.B.Chlamydiae.NC_002620.2.pdb
-0.794422  0.547669  0.262590     0.552450
 0.561288  0.496806  0.661922    -3.595423
 0.232057  0.673233 -0.702073    -1.184087
>structures/Prolyl.B.Cyanobacteria.NC_005042.1.pdb
 0.727966 -0.536603 -0.426758     1.229801
 0.682188  0.504766  0.528991    -1.319763
-0.068445 -0.676216  0.733517    -0.983529
>structures/Prolyl.B.Firmicutes.NC_015875.1.pdb
-0.003842  0.219085 -0.975698     0.501073
 0.623864 -0.762017 -0.173562    -3.100317
-0.781523 -0.609370 -0.133752     0.990005
>structures/Prolyl.B.Fusobacteria.NC_013515.1.pdb
 1.000000  0.000000  0.000000     0.000000
 0.000000  1.000000  0.000000     0.000000
 0.000000  0.000000  1.000000     0.000000
>structures/Prolyl.B.Proteobacteria.NC_006526.2.pdb
 0.650958  0.651795 -0.389123    -5.762589
-0.221145 -0.327541 -0.918592     1.973599
-0.726188  0.684018 -0.069074     6.823084
>structures/Prolyl.B.Spirochaetes.NC_014330.1.pdb
 0.658116 -0.491079 -0.570723     0.474623
 0.742127  0.295223  0.601740    -1.261054
-0.127011 -0.819564  0.558734     0.025378
>structures/Prolyl.E.Apicomplexa.NC_036186.2.pdb
 0.968790 -0.161279 -0.188242    -0.529404
 0.035801  0.842472 -0.537548    -6.132828
 0.245284  0.514032  0.821953     5.655850
>structures/Prolyl.E.Ascomycota.NC_032095.1.pdb
-0.758326  0.622201  0.194444    -4.530177
-0.003693 -0.302379  0.953181    -2.410668
 0.651865  0.722103  0.231599     4.270015
>structures/Prolyl.E.Evosea.NC_007090.3.pdb
 0.994623 -0.101257 -0.021714     2.997940
 0.065043  0.773975 -0.629866    -4.976010
 0.080584  0.625067  0.776400     6.947388
>structures/Prolyl.E.Rhodophyta.NC_010136.1.pdb
 0.986419  0.162425 -0.024427     1.614938
-0.126967  0.659681 -0.740744    -5.431639
-0.104201  0.733785  0.671344     4.981430
