>structures/LysRS-I_AF_Arch_Candidatus_Bathyarchaeota_archaeon_proteinRJS75864.1.pdb
-0.977207  0.059355  0.203824    -0.849226
 0.135053  0.914594  0.381155    -5.174929
-0.163793  0.399994 -0.901763     2.162159
>structures/LysRS-I_AF_Arch_Candidatus_Nitrosopumilus_koreensis_AR1_gene13726042.pdb
-0.053440 -0.206626  0.976959    -2.970309
-0.167123 -0.962707 -0.212754    -1.373618
 0.984487 -0.174642  0.016916     3.353818
>structures/LysRS-I_AF_Arch_Ferroplasma_acidarmanus_Fer1_gene16025146.pdb
-0.982009  0.123917  0.142487    -3.655044
 0.175482  0.877544  0.446232    -3.328546
-0.069743  0.463207 -0.883501    -0.830141
>structures/LysRS-I_AF_Arch_Halorubrum_lacusprofundi_ATCC_49239_gene7400505.pdb
 0.645272  0.677810 -0.352416     0.199178
-0.638459  0.225145 -0.735989    -6.920342
-0.419516  0.699917  0.578033     0.137510
>structures/LysRS-I_AF_Bact_Cereibacter_sphaeroides_KD131_gene67447319.pdb
 1.000000  0.000000  0.000000     0.000000
 0.000000  1.000000  0.000000     0.000000
 0.000000  0.000000  1.000000     0.000000
>structures/LysRS-I_AF_Bact_Cyanobacteria_bacterium_J007_proteinRMH73500.1.pdb
-0.949203 -0.229581  0.215187    -0.459884
-0.249018  0.966132 -0.067676    -6.544763
-0.192362 -0.117823 -0.974225     2.932843
>structures/LysRS-I_AF_Bact_Streptomyces_albidoflavus_gene15147364.pdb
-0.281009 -0.234188  0.930693     1.423165
-0.092057 -0.958721 -0.269036    -3.702101
 0.955280 -0.161278  0.247851     2.832793
>structures/LysRS-I_AF_Bact_Treponema_denticola_ATCC_35405_gene2739918.pdb
-0.359998 -0.170669  0.917210     1.563036
-0.133548 -0.963573 -0.231713    -3.620726
 0.923345 -0.205908  0.324092     3.200305
>structures/LysRS-I_PDB_Arch_P_hori_1IRX.pdb
-0.485511  0.633741 -0.602206    41.217688
-0.813163 -0.580302  0.044899    51.471201
-0.321007  0.511490  0.797077   -58.978509
