>structures/Lys_Arch_1IRX_P_hori.pdb
 0.626085 -0.610808  0.484696   -43.304431
-0.771208 -0.576839  0.269249    38.856316
 0.115133 -0.542374 -0.832211    72.230857
>structures/Lysyl.A.Candidatus_Thermoplasmatota.NC_021592.1.pdb
 1.000000  0.000000  0.000000     0.000000
 0.000000  1.000000  0.000000     0.000000
 0.000000  0.000000  1.000000     0.000000
>structures/Lysyl.A.Euryarchaeota.NC_002607.1.pdb
-0.963833  0.223724 -0.144823    -2.412111
 0.127976  0.865189  0.484840     2.276457
 0.233770  0.448770 -0.862529    -2.117647
>structures/Lysyl.B.Spirochaetes.NC_002967.9.pdb
 0.264668  0.377819 -0.887245    -5.059845
 0.028113 -0.922686 -0.384525     1.683725
-0.963930  0.076828 -0.254827    -2.938833
