>structures/Lys_Arch_1IRX_P_hori.pdb
 0.026382  0.350339  0.936251   -81.208008
 0.956467  0.263459 -0.125537   -43.400594
-0.290644  0.898806 -0.328137     1.422419
>structures/Lysyl.A.Candidatus_Thermoplasmatota.NC_021592.1.pdb
 0.259393  0.025796 -0.965427    -1.419581
 0.375371 -0.923739  0.076174     3.754019
-0.889838 -0.382152 -0.249295    -4.476918
>structures/Lysyl.A.Euryarchaeota.NC_002607.1.pdb
-0.475058 -0.339510  0.811821    -0.205858
-0.466477 -0.685107 -0.559488     0.405873
 0.746136 -0.644485  0.167093    -2.796123
>structures/Lysyl.B.Spirochaetes.NC_002967.9.pdb
 1.000000  0.000000  0.000000     0.000000
 0.000000  1.000000  0.000000     0.000000
 0.000000  0.000000  1.000000     0.000000
