>../../../../class2//ser2/data/domains/SerRS-A_IM//structures/SerRS-A_AF_Arch_Conexivisphaera_calida_protein1635512986.pdb
-0.812108  0.380865  0.442067    45.722850
 0.479147  0.867645  0.132703    -2.360349
-0.333016  0.319584 -0.887111    83.879554
>../../../../class2//ser2/data/domains/SerRS-A_IM//structures/SerRS-A_AF_Arch_Ignisphaera_aggregans_protein304378874.pdb
-0.377208  0.482545  0.790484    45.842361
 0.907481  0.022163  0.419507    -1.746408
 0.184911  0.875591 -0.446260    81.399961
>../../../../class2//ser2/data/domains/SerRS-A_IM//structures/SerRS-A_AF_Arch_Methanosarcina_barkeri_protein805401349.pdb
-0.874224 -0.466118  0.135888    48.699047
-0.424365  0.597588 -0.680296    -0.934748
 0.235894 -0.652397 -0.720231    82.553333
>../../../../class2//ser2/data/domains/SerRS-A_IM//structures/SerRS-A_AF_Arch_Unclassified_Thermoplasmata_protein1635512986.pdb
-0.899176  0.218856  0.378926    48.511920
 0.234867  0.972019 -0.004078    -3.429750
-0.369215  0.085330 -0.925418    83.469868
>../../../../class2//ser2/data/domains/SerRS-A_IM//structures/SerRS-A_PDB_Arch_M_barkeri_2cim.pdb
 1.000000  0.000000  0.000000     0.000000
 0.000000  1.000000  0.000000     0.000000
 0.000000  0.000000  1.000000     0.000000
>../../../../class2//ser2/data/domains/SerRS-A_IM//structures/SerRS-A_PDB_Arch_M_barkeri_2cjb.pdb
 0.999360 -0.006695  0.035131    -3.145413
 0.005771  0.999637  0.026333    -2.144958
-0.035294 -0.026113  0.999036     1.036785
