>structures/LeuRS-B_AF_Bact_Bifidobacterium_longum_subsp_longum_JCM_1217_gene69578373.pdb
 0.587124 -0.772130 -0.243105     2.301231
 0.748198  0.402977  0.527076     0.596524
-0.309006 -0.491349  0.814304    -2.719201
>structures/LeuRS-B_AF_Bact_Brachyspira_pilosicoli_95_1000_gene56439070.pdb
 1.000000 -0.000000  0.000000     0.000000
 0.000000  1.000000  0.000000     0.000000
-0.000000  0.000000  1.000000     0.000000
>structures/LeuRS-B_AF_Bact_Chlamydia_psittaci_6BC_gene12243068.pdb
-0.967134  0.254131 -0.008300     1.340119
 0.221169  0.856900  0.465625    -0.673790
 0.125442  0.448486 -0.884943     0.349466
>structures/LeuRS-B_AF_Bact_Clostridium_botulinum_A_str_ATCC_3502_gene5187707.pdb
 0.132669 -0.452095  0.882048     1.172104
-0.372075 -0.847548 -0.378447     3.937220
 0.918672 -0.277980 -0.280657    -1.544549
>structures/LeuRS-B_AF_Bact_Mycoplasma_hyopneumoniae_168-L_gene57101518.pdb
 0.059945  0.803535 -0.592231     1.090628
-0.600819 -0.444746 -0.664242     0.863897
-0.797134  0.395642  0.456119    -2.192021
>structures/LeuRS-B_AF_Bact_Orientia_tsutsugamushi_str_Ikeda_gene66652454.pdb
-0.919287  0.392124  0.033914     2.064669
 0.319585  0.693372  0.645833     0.749112
 0.229731  0.604545 -0.762725    -0.171255
>structures/LeuRS-B_AF_Bact_Porphyromonas_gingivalis_ATCC_33277_gene29256038.pdb
 0.943319 -0.307613  0.124594     1.709772
 0.282298  0.941090  0.186162    -0.544686
-0.174520 -0.140438  0.974587    -0.120791
>structures/LeuRS-B_AF_Bact_Thermus_thermophilus_HB8_gene3168656.pdb
 0.126007 -0.445747  0.886246     5.252695
-0.249627 -0.878868 -0.406544     1.366041
 0.960109 -0.170003 -0.222014     3.791895
>structures/LeuRS-B_AF_Euk_Bathycoccus_prasinos_gene19015540.pdb
-0.947240  0.320153  0.015450     2.193720
 0.308814  0.898656  0.311532    -0.189614
 0.085853  0.299866 -0.950110    -1.326453
>structures/LeuRS-B_AF_Euk_Plasmodium_falciparum_3D7_gene2655460.pdb
 0.569614 -0.704462 -0.423407     4.204094
 0.746002  0.226893  0.626100     3.654008
-0.344995 -0.672498  0.654771     2.773463
>structures/LeuRS-B_AF_Euk_Thalassiosira_pseudonana_CCMP1335_gene7441753.pdb
 0.995876 -0.069488  0.058335     6.353698
 0.058846  0.984092  0.167631     0.286907
-0.069056 -0.163507  0.984122     1.513157
>structures/LeuRS-B_AF_Mito_Homo_sapiens_gene23395.pdb
-0.955630  0.250037 -0.155734    -0.840841
 0.175263  0.907545  0.381636     0.791545
 0.236758  0.337408 -0.911099    -1.018969
>structures/LeuRS-B_AF_Mito_Treponema_denticola_ATCC_35405_gene2739434.pdb
-0.163301  0.182566 -0.969537     2.110522
 0.149615 -0.966780 -0.207247     0.690672
-0.975166 -0.178901  0.130562    -0.286417
>structures/LeuRS-B_PDB_Bact_T_therm_2V0C.pdb
 0.511838  0.678707 -0.526667    25.699612
 0.723112 -0.671363 -0.162422   -34.366657
-0.463822 -0.297705 -0.834411    16.069829
