>../../../../class1/arg//data/domains/Catalytic_domain/structures/ArgRS_AF_Arch_Candidatus_Korarchaeum_cryptofilum_OPF8_gene6093502.pdb
 0.942542 -0.167506 -0.289061     1.396039
 0.282429  0.861683  0.421587    -2.495530
 0.178460 -0.479003  0.859481    -2.372265
>../../../../class1/arg//data/domains/Catalytic_domain/structures/ArgRS_AF_Arch_Candidatus_Nitrosopumilus_sediminis_gene13697696.pdb
 0.724286 -0.216338 -0.654681     0.184743
 0.681611  0.367866  0.632519    -0.720229
 0.103997 -0.904363  0.413899    -0.761877
>../../../../class1/arg//data/domains/Catalytic_domain/structures/ArgRS_AF_Arch_Desulfurococcus_mucosus_DSM_2162_gene10153309.pdb
 0.967112 -0.221405 -0.125200     2.907546
 0.251063  0.752043  0.609425     1.684923
-0.040774 -0.620815  0.782896    -7.106688
>../../../../class1/arg//data/domains/Catalytic_domain/structures/ArgRS_AF_Arch_Methanothermococcus_okinawensis_IH1_gene10773248.pdb
 1.000000  0.000000  0.000000     0.000000
 0.000000  1.000000  0.000000     0.000000
 0.000000  0.000000  1.000000     0.000000
>../../../../class1/arg//data/domains/Catalytic_domain/structures/ArgRS_AF_Bact_Anoxybacillus_flavithermus_WK1_gene7039015.pdb
 0.350025 -0.484650 -0.801622     0.705015
 0.774503 -0.331621  0.538677    -1.495646
-0.526904 -0.809409  0.259287     2.090213
>../../../../class1/arg//data/domains/Catalytic_domain/structures/ArgRS_AF_Bact_Brachyspira_pilosicoli_95_1000_gene56439668.pdb
 0.884298  0.403218 -0.235442    -3.338575
-0.403043  0.913753  0.051102    -1.020810
 0.235742  0.049704  0.970544    -0.727835
>../../../../class1/arg//data/domains/Catalytic_domain/structures/ArgRS_AF_Bact_Chlamydia_psittaci_6BC_gene12242456.pdb
 0.955446  0.047569 -0.291309    -0.685667
 0.077469  0.911916  0.402998    -2.186045
 0.284819 -0.407610  0.867601    -0.420919
>../../../../class1/arg//data/domains/Catalytic_domain/structures/ArgRS_AF_Bact_Corynebacterium_ulcerans_809_gene75260071.pdb
 0.917576  0.294226 -0.267367    -2.524339
-0.272602  0.955160  0.115572    -0.642748
 0.289383 -0.033161  0.956639    -1.108143
>../../../../class1/arg//data/domains/Catalytic_domain/structures/ArgRS_AF_Bact_Cupriavidus_taiwanensis_LMG_19424_gene29762022.pdb
 0.964476  0.016901 -0.263628    -0.964123
 0.062286  0.955267  0.289113     0.382258
 0.256722 -0.295263  0.920279    -1.040066
>../../../../class1/arg//data/domains/Catalytic_domain/structures/ArgRS_AF_Bact_Mycoplasma_hyopneumoniae_168-L_gene57100855.pdb
 0.930851 -0.082803 -0.355895     1.319649
 0.218685  0.906539  0.361059    -0.414341
 0.292736 -0.413920  0.861960    -2.554528
>../../../../class1/arg//data/domains/Catalytic_domain/structures/ArgRS_AF_Bact_Prochlorococcus_marinus_subsp_marinus_str_CCMP1375_gene54199571.pdb
 0.292641 -0.181641 -0.938812    -0.916760
 0.551542 -0.769954  0.320894     3.253930
-0.781129 -0.611701 -0.125137    -2.152615
>../../../../class1/arg//data/domains/Catalytic_domain/structures/ArgRS_AF_Bact_Streptobacillus_moniliformis_DSM_12112_gene29674021.pdb
-0.236593 -0.560577  0.793585    -1.791183
-0.378800 -0.698924 -0.606643    -0.567855
 0.894726 -0.444137 -0.046986    -0.154316
>../../../../class1/arg//data/domains/Catalytic_domain/structures/ArgRS_AF_Euk_Micromonas_commoda_gene8250062.pdb
-0.873403 -0.225890  0.431440     0.590051
-0.411964  0.815161 -0.407182    -3.426252
-0.259715 -0.533372 -0.805023     1.247235
>../../../../class1/arg//data/domains/Catalytic_domain/structures/ArgRS_AF_Euk_Paulinella_chromatophora_gene6481434.pdb
 0.289558 -0.010231 -0.957106    -1.185069
 0.328032 -0.938326  0.109271     1.863047
-0.899195 -0.345601 -0.268344    -4.535667
>../../../../class1/arg//data/domains/Catalytic_domain/structures/ArgRS_AF_Euk_Polyodon_spathula_gene121324634.pdb
 0.925613  0.337205 -0.171853     2.235505
-0.369851  0.709552 -0.599789    -7.986621
-0.080313  0.618732  0.781486     1.418257
>../../../../class1/arg//data/domains/Catalytic_domain/structures/ArgRS_AF_Euk_Thalassiosira_pseudonana_CCMP1335_gene7449555.pdb
-0.159895 -0.306884  0.938219     2.531833
-0.277746 -0.898064 -0.341084    -1.271681
 0.947254 -0.315124  0.058360     5.430187
>../../../../class1/arg//data/domains/Catalytic_domain/structures/ArgRS_AF_Mito_Caenorhabditis_elegans_gene174023.pdb
 0.303583  0.098644 -0.947685     3.608289
-0.113609 -0.983783 -0.138796     1.967054
-0.946007  0.149802 -0.287453    -2.561760
>../../../../class1/arg//data/domains/Catalytic_domain/structures/ArgRS_AF_Mito_Saccharomyces_cerevisiae_S288C_gene851942.pdb
-0.806369  0.319426  0.497730    -2.449348
 0.555021  0.118065  0.823415    -2.094505
 0.204256  0.940227 -0.272493     0.960402
>../../../../class1/arg//data/domains/Catalytic_domain/structures/ArgRS_AF_Vir_Megavirus_chiliensis_gene11257368.pdb
-0.343051  0.206896  0.916248    -1.917454
 0.307349 -0.897022  0.317628     1.853251
 0.887611  0.390570  0.244135     4.078964
>../../../../class1/arg//data/domains/Catalytic_domain/structures/ArgRS_PDB_Arch_2ZUF.pdb
 0.575615  0.437556  0.690805   -31.997151
 0.257436  0.704869 -0.660973    14.934792
-0.776141  0.558304  0.293090     7.527435
>../../../../class1/arg//data/domains/Catalytic_domain/structures/ArgRS_PDB_Bact_1IQ0.pdb
-0.993723 -0.071287  0.086216    14.257331
 0.055936 -0.984040 -0.168930    67.152661
 0.096882 -0.163047  0.981850     9.110401
>../../../../class1/arg//data/domains/Catalytic_domain/structures/ArgRS_PDB_Euk_S_cerevisiae_1BS2.pdb
-0.506999  0.220655 -0.833225   -12.879064
 0.249894 -0.887532 -0.387091    48.418801
-0.824927 -0.404473  0.394838    72.500368
>../../../../class1/cys//data/domains/Catalytic_domain/structures/CysRS_AF_Arch_Aciduliprofundum_boonei_T469_gene8827372.pdb
-0.015367  0.258904 -0.965781     2.564338
-0.781130 -0.606072 -0.150045    -2.233595
-0.624180  0.752094  0.211551    -8.001595
>../../../../class1/cys//data/domains/Catalytic_domain/structures/CysRS_AF_Arch_Candidatus_Nitrosopumilus_sediminis_gene13696907.pdb
-0.078546 -0.152888 -0.985117     4.167086
-0.654021 -0.737888  0.166666     5.238463
-0.752387  0.657379 -0.042034    -4.811496
>../../../../class1/cys//data/domains/Catalytic_domain/structures/CysRS_AF_Arch_Methanospirillum_hungatei_JF-1_gene3922979.pdb
 0.914123 -0.259309 -0.311671     7.400049
 0.333231  0.042640  0.941881    -2.637131
-0.230949 -0.964853  0.125388    -5.479585
>../../../../class1/cys//data/domains/Catalytic_domain/structures/CysRS_AF_Arch_Pyrobaculum_ferrireducens_gene11593896.pdb
 0.999493  0.002901 -0.031721     4.113877
 0.027738  0.410307  0.911525     2.090880
 0.015660 -0.911943  0.410019    -3.265356
>../../../../class1/cys//data/domains/Catalytic_domain/structures/CysRS_AF_Bact_Bordetella_avium_197N_gene41394405.pdb
 0.896816 -0.381343 -0.224274     4.998996
 0.065978 -0.385988  0.920141     1.972014
-0.437457 -0.839995 -0.321000    -4.345602
>../../../../class1/cys//data/domains/Catalytic_domain/structures/CysRS_AF_Bact_Lactobacillus_amylovorus_GRL1118_gene66523130.pdb
 0.941571 -0.253136 -0.222183     4.482459
 0.236546  0.027389  0.971234     0.456551
-0.239769 -0.967043  0.085668    -3.682315
>../../../../class1/cys//data/domains/Catalytic_domain/structures/CysRS_AF_Bact_Mycobacterium_canettii_CIPT_140010059_gene45427568.pdb
-0.158019 -0.654703  0.739185     4.666145
 0.515672 -0.693114 -0.503661     0.952395
 0.842088  0.301589  0.447137    -5.557709
>../../../../class1/cys//data/domains/Catalytic_domain/structures/CysRS_AF_Bact_Mycoplasma_hyopneumoniae_168-L_gene57101512.pdb
 0.994694 -0.061821 -0.082228     6.519261
 0.093172  0.202501  0.974840     0.825352
-0.043614 -0.977329  0.207186    -5.092901
>../../../../class1/cys//data/domains/Catalytic_domain/structures/CysRS_AF_Bact_Porphyromonas_gingivalis_ATCC_33277_gene29256960.pdb
 0.093218 -0.082550 -0.992218     3.875541
-0.515407 -0.856641  0.022848     0.982053
-0.851860  0.509267 -0.122401    -9.648786
>../../../../class1/cys//data/domains/Catalytic_domain/structures/CysRS_AF_Bact_Prochlorococcus_marinus_subsp_marinus_str_CCMP1375_gene54200571.pdb
 0.863419  0.504376 -0.010638     5.626900
-0.383971  0.670689  0.634620    -0.025455
 0.327222 -0.543858  0.772751    -5.654911
>../../../../class1/cys//data/domains/Catalytic_domain/structures/CysRS_AF_Bact_Streptobacillus_moniliformis_DSM_12112_gene29673427.pdb
 0.131491  0.491289 -0.861014     2.396545
-0.932932 -0.232346 -0.275050    -4.700878
-0.335182  0.839434  0.427788    -6.356311
>../../../../class1/cys//data/domains/Catalytic_domain/structures/CysRS_AF_Bact_Treponema_pallidum_subsp_pertenue_str_SamoaD_gene57878631.pdb
-0.044591 -0.030408 -0.998542     4.956748
-0.594674 -0.802348  0.050990    -1.153047
-0.802729  0.596081  0.017695    -9.280749
>../../../../class1/cys//data/domains/Catalytic_domain/structures/CysRS_AF_Euk_Arabidopsis_thaliana_gene833874.pdb
 0.996999 -0.038557 -0.067130     2.045832
 0.069339  0.059119  0.995840     3.497498
-0.034428 -0.997506  0.061615    -3.837703
>../../../../class1/cys//data/domains/Catalytic_domain/structures/CysRS_AF_Euk_Cyanidioschyzon_merolae_strain_10D_gene16993418.pdb
 0.755474  0.654480  0.030249    -1.425314
-0.580595  0.647366  0.493787     6.844348
 0.303592 -0.390606  0.869056     0.027728
>../../../../class1/cys//data/domains/Catalytic_domain/structures/CysRS_AF_Euk_Drosophila_melanogaster_gene36784.pdb
 0.598767  0.746411 -0.290430     1.711446
-0.764961  0.640397  0.068749     5.974489
 0.237305  0.181003  0.954424    -6.320921
>../../../../class1/cys//data/domains/Catalytic_domain/structures/CysRS_AF_Euk_Micromonas_commoda_gene8246535.pdb
-0.316562 -0.115805  0.941476     2.218343
 0.801055 -0.564209  0.199948     4.551328
 0.508035  0.817470  0.271373    -3.859134
>../../../../class1/cys//data/domains/Catalytic_domain/structures/CysRS_AF_Mito_Morone_saxatilis_gene118339815.pdb
 0.208348 -0.086055 -0.974262     4.758703
-0.331352 -0.943425  0.012471    -0.198080
-0.920216  0.320226 -0.225075    -1.699598
>../../../../class1/cys//data/domains/Catalytic_domain/structures/CysRS_AF_Mito_Saccharomyces_cerevisiae_S288C_gene855474.pdb
 0.393757  0.323331 -0.860473     1.751482
-0.596101 -0.622761 -0.506787     4.835716
-0.699728  0.712479 -0.052478    -6.136887
>../../../../class1/cys//data/domains/Catalytic_domain/structures/CysRS_AF_Vir_Megavirus_chiliensis_gene11257271.pdb
-0.284447  0.298514  0.911032     5.389539
 0.956304  0.021319  0.291596     6.095243
 0.067623  0.954167 -0.291535    -6.827975
>../../../../class1/cys//data/domains/Catalytic_domain/structures/CysRS_PDB_Bact_E_coli_1LI5.pdb
 0.264004 -0.947338  0.181254    59.529814
 0.922071  0.303025  0.240751  -115.589445
-0.282997  0.103570  0.953512   -43.805991
>../../../../class1/cys//data/domains/Catalytic_domain/structures/CysRS_PDB_Bact_M_smegmatis_3C8Z.pdb
-0.849581  0.127645 -0.511780    17.797618
 0.524635  0.304748 -0.794913   -48.316557
 0.054497 -0.943841 -0.325875   -12.338844
