>../../../../class1/arg//data/domains/Catalytic_domain/structures/ArgRS_AF_Arch_Candidatus_Korarchaeum_cryptofilum_OPF8_gene6093502.pdb
-0.178240 -0.725492  0.664749    -2.005751
-0.808943 -0.276584 -0.518760     0.443688
 0.560215 -0.630208 -0.537584     3.888474
>../../../../class1/arg//data/domains/Catalytic_domain/structures/ArgRS_AF_Arch_Candidatus_Nitrosopumilus_sediminis_gene13697696.pdb
-0.335163 -0.893887  0.297710    -1.087458
-0.931277  0.266428 -0.248472    -0.606339
 0.142788 -0.360529 -0.921754     1.908871
>../../../../class1/arg//data/domains/Catalytic_domain/structures/ArgRS_AF_Arch_Desulfurococcus_mucosus_DSM_2162_gene10153309.pdb
-0.359066 -0.802101  0.477185    -8.372446
-0.705940 -0.101036 -0.701028    -1.054274
 0.610508 -0.588580 -0.529956     2.662326
>../../../../class1/arg//data/domains/Catalytic_domain/structures/ArgRS_AF_Arch_Methanothermococcus_okinawensis_IH1_gene10773248.pdb
-0.236348 -0.385163  0.892070    -0.552376
-0.560639 -0.695790 -0.448954    -1.523843
 0.793614 -0.606239 -0.051489     1.006874
>../../../../class1/arg//data/domains/Catalytic_domain/structures/ArgRS_AF_Bact_Anoxybacillus_flavithermus_WK1_gene7039015.pdb
-0.855880 -0.474794  0.205039     1.810125
-0.492348  0.869385 -0.042002    -1.675220
-0.158316 -0.136899 -0.977852     2.322895
>../../../../class1/arg//data/domains/Catalytic_domain/structures/ArgRS_AF_Bact_Brachyspira_pilosicoli_95_1000_gene56439668.pdb
 0.144579 -0.399977  0.905050     0.367461
-0.307520 -0.887529 -0.343108     1.298674
 0.940494 -0.228714 -0.251319    -1.128336
>../../../../class1/arg//data/domains/Catalytic_domain/structures/ArgRS_AF_Bact_Chlamydia_psittaci_6BC_gene12242456.pdb
-0.007125 -0.725841  0.687826     0.231914
-0.733058 -0.464042 -0.497283     0.748090
 0.680129 -0.507759 -0.528777     1.901893
>../../../../class1/arg//data/domains/Catalytic_domain/structures/ArgRS_AF_Bact_Corynebacterium_ulcerans_809_gene75260071.pdb
 0.139050 -0.464775  0.874442    -0.299450
-0.448887 -0.816674 -0.362690     0.832463
 0.882704 -0.342094 -0.322190    -0.606642
>../../../../class1/arg//data/domains/Catalytic_domain/structures/ArgRS_AF_Bact_Cupriavidus_taiwanensis_LMG_19424_gene29762022.pdb
-0.015867 -0.631287  0.775387    -1.095414
-0.692973 -0.552088 -0.463667    -0.773308
 0.720789 -0.544679 -0.428705    -0.027096
>../../../../class1/arg//data/domains/Catalytic_domain/structures/ArgRS_AF_Bact_Mycoplasma_hyopneumoniae_168-L_gene57100855.pdb
-0.053504 -0.687463  0.724246    -2.554935
-0.799649 -0.404902 -0.443413    -0.844550
 0.598079 -0.602867 -0.528066     2.445079
>../../../../class1/arg//data/domains/Catalytic_domain/structures/ArgRS_AF_Bact_Prochlorococcus_marinus_subsp_marinus_str_CCMP1375_gene54199571.pdb
-0.979416 -0.201726 -0.007157    -3.298422
-0.189944  0.909058  0.370857    -2.159018
-0.068305  0.364582 -0.928662    -1.466554
>../../../../class1/arg//data/domains/Catalytic_domain/structures/ArgRS_AF_Bact_Streptobacillus_moniliformis_DSM_12112_gene29674021.pdb
 1.000000  0.000000  0.000000     0.000000
 0.000000  1.000000  0.000000     0.000000
 0.000000  0.000000  1.000000     0.000000
>../../../../class1/arg//data/domains/Catalytic_domain/structures/ArgRS_AF_Euk_Micromonas_commoda_gene8250062.pdb
 0.133110 -0.731663 -0.668544     1.938134
 0.900102 -0.193102  0.390548     0.160681
-0.414847 -0.653744  0.632867     3.580617
>../../../../class1/arg//data/domains/Catalytic_domain/structures/ArgRS_AF_Euk_Paulinella_chromatophora_gene6481434.pdb
-0.997251  0.055536 -0.049057    -4.773969
 0.015342  0.802439  0.596537     0.162754
 0.072495  0.594144 -0.801085    -0.639939
>../../../../class1/arg//data/domains/Catalytic_domain/structures/ArgRS_AF_Euk_Polyodon_spathula_gene121324634.pdb
-0.156683  0.187750  0.969639     3.560542
-0.246717 -0.958080  0.145645     2.118960
 0.956337 -0.216406  0.196436     7.881060
>../../../../class1/arg//data/domains/Catalytic_domain/structures/ArgRS_AF_Euk_Thalassiosira_pseudonana_CCMP1335_gene7449555.pdb
 0.987888  0.149442 -0.041758     4.313177
-0.154800  0.930702 -0.331406    -4.446291
-0.010662  0.333857  0.942564     3.462640
>../../../../class1/arg//data/domains/Catalytic_domain/structures/ArgRS_AF_Mito_Caenorhabditis_elegans_gene174023.pdb
-0.875276  0.482191  0.037203    -4.196837
 0.334749  0.548523  0.766202    -3.759470
 0.349049  0.683091 -0.641522     2.953463
>../../../../class1/arg//data/domains/Catalytic_domain/structures/ArgRS_AF_Mito_Saccharomyces_cerevisiae_S288C_gene851942.pdb
 0.155211  0.710272 -0.686602     1.753397
-0.016226 -0.693098 -0.720661     0.803314
-0.987748  0.122996 -0.096051     0.419109
>../../../../class1/arg//data/domains/Catalytic_domain/structures/ArgRS_AF_Vir_Megavirus_chiliensis_gene11257368.pdb
 0.763178  0.635231 -0.118493     3.031252
-0.407494  0.330795 -0.851189    -3.235131
-0.501505  0.697894  0.511308    -1.785196
>../../../../class1/arg//data/domains/Catalytic_domain/structures/ArgRS_PDB_Arch_2ZUF.pdb
-0.931950  0.125330  0.340238     8.460737
-0.154926 -0.986032 -0.061145     2.842163
 0.327822 -0.109696  0.938349   -33.395282
>../../../../class1/arg//data/domains/Catalytic_domain/structures/ArgRS_PDB_Bact_1IQ0.pdb
 0.308246  0.240201  0.920482   -20.806488
 0.475781  0.798963 -0.367818   -60.390870
-0.823782  0.551327  0.131994   -28.907415
>../../../../class1/arg//data/domains/Catalytic_domain/structures/ArgRS_PDB_Bact_3FNR.pdb
 0.733507  0.509553 -0.449803    -9.886318
 0.604234 -0.791906  0.088243    -5.289785
-0.311237 -0.336513 -0.888758   139.210877
>../../../../class1/cys//data/domains/Catalytic_domain/structures/CysRS_AF_Arch_Aciduliprofundum_boonei_T469_gene8827372.pdb
-0.249064  0.836125  0.488735    -7.021638
 0.831628 -0.073987  0.550382     2.522618
 0.496348  0.543526 -0.676918     4.903940
>../../../../class1/cys//data/domains/Catalytic_domain/structures/CysRS_AF_Arch_Candidatus_Nitrosopumilus_sediminis_gene13696907.pdb
-0.401330  0.909371  0.109443    -7.793311
 0.825689  0.307478  0.472964    -5.060093
 0.396449  0.280181 -0.874258     1.518636
>../../../../class1/cys//data/domains/Catalytic_domain/structures/CysRS_AF_Arch_Methanospirillum_hungatei_JF-1_gene3922979.pdb
-0.542796 -0.820574 -0.178973    -5.905426
-0.652267  0.546112 -0.525651    -1.058807
 0.529074 -0.168583 -0.831661     9.006527
>../../../../class1/cys//data/domains/Catalytic_domain/structures/CysRS_AF_Arch_Pyrobaculum_ferrireducens_gene11593896.pdb
-0.222533 -0.974343  0.033691    -4.920424
-0.617767  0.114191 -0.778026    -3.247401
 0.754217 -0.193949 -0.627328     3.496612
>../../../../class1/cys//data/domains/Catalytic_domain/structures/CysRS_AF_Bact_Bordetella_avium_197N_gene41394405.pdb
-0.621533 -0.508891 -0.595589    -6.139163
-0.369360  0.860827 -0.350071    -3.348955
 0.690847  0.002406 -0.722997     4.234754
>../../../../class1/cys//data/domains/Catalytic_domain/structures/CysRS_AF_Bact_Lactobacillus_amylovorus_GRL1118_gene66523130.pdb
-0.513864 -0.822034 -0.245363    -4.869755
-0.603019  0.549550 -0.578241    -2.400341
 0.610173 -0.149179 -0.778097     4.596939
>../../../../class1/cys//data/domains/Catalytic_domain/structures/CysRS_AF_Bact_Mycobacterium_canettii_CIPT_140010059_gene45427568.pdb
 0.594973  0.688035  0.415468    -6.615986
-0.638268  0.718622 -0.276037    -2.003646
-0.488488 -0.100946  0.866712     4.597799
>../../../../class1/cys//data/domains/Catalytic_domain/structures/CysRS_AF_Bact_Mycoplasma_hyopneumoniae_168-L_gene57101512.pdb
-0.301821 -0.937326 -0.174141    -6.656147
-0.621553  0.331966 -0.709557    -3.048150
 0.722894 -0.105921 -0.682792     6.283260
>../../../../class1/cys//data/domains/Catalytic_domain/structures/CysRS_AF_Bact_Porphyromonas_gingivalis_ATCC_33277_gene29256960.pdb
-0.577254  0.808580  0.113916   -10.138163
 0.685441  0.404001  0.605767     0.208554
 0.443788  0.427764 -0.787445     4.058598
>../../../../class1/cys//data/domains/Catalytic_domain/structures/CysRS_AF_Bact_Prochlorococcus_marinus_subsp_marinus_str_CCMP1375_gene54200571.pdb
 0.244723 -0.857702  0.452171    -6.693683
-0.389433 -0.514031 -0.764273    -1.681188
 0.887949  0.010944 -0.459812     6.023957
>../../../../class1/cys//data/domains/Catalytic_domain/structures/CysRS_AF_Bact_Streptobacillus_moniliformis_DSM_12112_gene29673427.pdb
 0.031574  0.726276  0.686678    -4.756992
 0.713180 -0.497710  0.493618     3.554885
 0.700269  0.474139 -0.533681     6.321514
>../../../../class1/cys//data/domains/Catalytic_domain/structures/CysRS_AF_Bact_Treponema_pallidum_subsp_pertenue_str_SamoaD_gene57878631.pdb
-0.465478  0.851898  0.240000    -9.086870
 0.799188  0.288049  0.527567     1.048519
 0.380302  0.437376 -0.814907     6.288918
>../../../../class1/cys//data/domains/Catalytic_domain/structures/CysRS_AF_Euk_Arabidopsis_thaliana_gene833874.pdb
-0.289947 -0.907369 -0.304322    -5.472716
-0.614129  0.420280 -0.667989    -2.871703
 0.734013 -0.006789 -0.679101     0.899983
>../../../../class1/cys//data/domains/Catalytic_domain/structures/CysRS_AF_Euk_Cyanidioschyzon_merolae_strain_10D_gene16993418.pdb
 0.312562 -0.766154  0.561527    -2.395155
-0.173103 -0.627188 -0.759389    -5.211295
 0.933992  0.140154 -0.328658    -4.120775
>../../../../class1/cys//data/domains/Catalytic_domain/structures/CysRS_AF_Euk_Drosophila_melanogaster_gene36784.pdb
 0.382013 -0.256445  0.887864    -8.673846
 0.092779 -0.945232 -0.312934    -3.544236
 0.919488  0.201921 -0.337298    -0.797446
>../../../../class1/cys//data/domains/Catalytic_domain/structures/CysRS_AF_Euk_Micromonas_commoda_gene8246535.pdb
 0.220395  0.973743 -0.057010    -5.862855
-0.586109  0.085486 -0.805710    -3.794014
-0.779681  0.210988  0.589560     0.371570
>../../../../class1/cys//data/domains/Catalytic_domain/structures/CysRS_AF_Mito_Morone_saxatilis_gene118339815.pdb
-0.743386  0.668489  0.022346    -2.799684
 0.520121  0.556745  0.647695    -2.975975
 0.420536  0.493110 -0.761572     5.202028
>../../../../class1/cys//data/domains/Catalytic_domain/structures/CysRS_AF_Mito_Saccharomyces_cerevisiae_S288C_gene855474.pdb
-0.484467  0.802649  0.347916    -7.920198
 0.498553 -0.073477  0.863739    -2.502026
 0.718844  0.591908 -0.364566     0.088165
>../../../../class1/cys//data/domains/Catalytic_domain/structures/CysRS_AF_Vir_Megavirus_chiliensis_gene11257271.pdb
-0.263087  0.765862 -0.586720   -10.166629
-0.525208 -0.623824 -0.578792    -5.592556
-0.809285  0.155877  0.566357     2.099866
>../../../../class1/cys//data/domains/Catalytic_domain/structures/CysRS_PDB_Bact_E_coli_1LI5.pdb
-0.661443  0.190767  0.725328    -9.349393
-0.662548  0.304574 -0.684298    61.970650
-0.351458 -0.933189 -0.075066   122.737228
>../../../../class1/cys//data/domains/Catalytic_domain/structures/CysRS_PDB_Bact_M_smegmatis_3C8Z.pdb
 0.052414 -0.982683  0.177726     4.467561
 0.100338  0.182252  0.978119    27.062613
-0.993572 -0.033435  0.108153    45.552777
