>../../../../class1/arg//data/domains/Catalytic_domain/structures/ArgRS_AF_Arch_Candidatus_Korarchaeum_cryptofilum_OPF8_gene6093502.pdb
 0.917798  0.238555 -0.317393    -6.115853
-0.396865  0.527006 -0.751507    -1.387858
-0.012008  0.815694  0.578360     2.462874
>../../../../class1/arg//data/domains/Catalytic_domain/structures/ArgRS_AF_Arch_Candidatus_Nitrosopumilus_sediminis_gene13697696.pdb
 0.877022  0.082958 -0.473233    -7.021655
-0.222140  0.943392 -0.246305    -2.862325
 0.426011  0.321139  0.845804     4.525517
>../../../../class1/arg//data/domains/Catalytic_domain/structures/ArgRS_AF_Arch_Desulfurococcus_mucosus_DSM_2162_gene10153309.pdb
 0.977832  0.189172 -0.089766    -2.465083
-0.197985  0.695753 -0.690457     3.218556
-0.068160  0.692923  0.717783     5.639271
>../../../../class1/arg//data/domains/Catalytic_domain/structures/ArgRS_AF_Arch_Methanothermococcus_okinawensis_IH1_gene10773248.pdb
 0.913119  0.334562 -0.232987    -7.155286
-0.259686  0.036744 -0.964994    -3.274645
-0.314289  0.941657  0.120433     5.531009
>../../../../class1/arg//data/domains/Catalytic_domain/structures/ArgRS_AF_Bact_Anoxybacillus_flavithermus_WK1_gene7039015.pdb
 0.692562 -0.393511 -0.604572    -7.206308
 0.462673  0.885322 -0.046237    -5.772519
 0.553436 -0.247697  0.795207     4.142598
>../../../../class1/arg//data/domains/Catalytic_domain/structures/ArgRS_AF_Bact_Brachyspira_pilosicoli_95_1000_gene56439668.pdb
 0.614531  0.688440 -0.385229   -10.268642
-0.452041 -0.092908 -0.887146    -2.294656
-0.646538  0.719318  0.254108     6.065271
>../../../../class1/arg//data/domains/Catalytic_domain/structures/ArgRS_AF_Bact_Chlamydia_psittaci_6BC_gene12242456.pdb
 0.805177  0.469529 -0.362261    -8.279507
-0.559901  0.400547 -0.725308    -2.176652
-0.195451  0.786832  0.585401     3.743418
>../../../../class1/arg//data/domains/Catalytic_domain/structures/ArgRS_AF_Bact_Corynebacterium_ulcerans_809_gene75260071.pdb
 0.693023  0.606198 -0.390183    -9.276217
-0.496294  0.008613 -0.868112    -2.082033
-0.522887  0.795267  0.306821     5.857249
>../../../../class1/arg//data/domains/Catalytic_domain/structures/ArgRS_AF_Bact_Cupriavidus_taiwanensis_LMG_19424_gene29762022.pdb
 0.858940  0.405988 -0.312084    -7.457299
-0.454352  0.323122 -0.830154    -2.590412
-0.236192  0.854849  0.462004     6.362588
>../../../../class1/arg//data/domains/Catalytic_domain/structures/ArgRS_AF_Bact_Mycoplasma_hyopneumoniae_168-L_gene57100855.pdb
 0.870141  0.328967 -0.366927    -5.432835
-0.487631  0.467168 -0.737544    -1.492469
-0.071211  0.820692  0.566916     4.658789
>../../../../class1/arg//data/domains/Catalytic_domain/structures/ArgRS_AF_Bact_Prochlorococcus_marinus_subsp_marinus_str_CCMP1375_gene54199571.pdb
 0.657956 -0.247303 -0.711291    -6.364154
 0.665799  0.632365  0.396013    -0.549710
 0.351860 -0.734136  0.580722     8.638304
>../../../../class1/arg//data/domains/Catalytic_domain/structures/ArgRS_AF_Bact_Streptobacillus_moniliformis_DSM_12112_gene29674021.pdb
-0.542796 -0.652267  0.529074    -8.661190
-0.820574  0.546112 -0.168583    -2.749266
-0.178973 -0.525651 -0.831661     5.876902
>../../../../class1/arg//data/domains/Catalytic_domain/structures/ArgRS_AF_Euk_Micromonas_commoda_gene8250062.pdb
-0.848551  0.213702  0.484038    -8.131583
 0.509589  0.576287  0.638915    -4.164745
-0.142407  0.788812 -0.597909     2.200870
>../../../../class1/arg//data/domains/Catalytic_domain/structures/ArgRS_AF_Euk_Paulinella_chromatophora_gene6481434.pdb
 0.618216 -0.220516 -0.754441    -6.415126
 0.775375  0.328439  0.539371     1.658559
 0.128848 -0.918423  0.374029     7.394399
>../../../../class1/arg//data/domains/Catalytic_domain/structures/ArgRS_AF_Euk_Polyodon_spathula_gene121324634.pdb
 0.736715  0.384276 -0.556402    -8.144165
-0.192360 -0.669739 -0.717250    -5.241663
-0.648266  0.635438 -0.419487    -2.467619
>../../../../class1/arg//data/domains/Catalytic_domain/structures/ArgRS_AF_Euk_Thalassiosira_pseudonana_CCMP1335_gene7449555.pdb
-0.476242 -0.508494  0.717376    -6.480452
-0.874051  0.362887 -0.323030    -9.041230
-0.096068 -0.780863 -0.617271     4.539533
>../../../../class1/arg//data/domains/Catalytic_domain/structures/ArgRS_AF_Mito_Caenorhabditis_elegans_gene174023.pdb
 0.440646 -0.289677 -0.849658    -2.297343
 0.834064 -0.217851  0.506832    -1.438258
-0.331917 -0.932002  0.145614     6.233046
>../../../../class1/arg//data/domains/Catalytic_domain/structures/ArgRS_AF_Mito_Saccharomyces_cerevisiae_S288C_gene851942.pdb
-0.595489  0.107267  0.796170   -10.061312
 0.032343 -0.987041  0.157174    -3.647103
 0.802712  0.119346  0.584303     4.598921
>../../../../class1/arg//data/domains/Catalytic_domain/structures/ArgRS_PDB_Arch_2ZUF.pdb
 0.739652  0.554233  0.381759   -33.024179
 0.672718 -0.592796 -0.442767    -5.046756
-0.019091  0.584310 -0.811306    30.485733
>../../../../class1/arg//data/domains/Catalytic_domain/structures/ArgRS_PDB_Bact_1IQ0.pdb
-0.920730 -0.354323 -0.163438    25.987273
 0.115359  0.152959 -0.981476   -14.262070
 0.372759 -0.922529 -0.099959    65.314742
>../../../../class1/arg//data/domains/Catalytic_domain/structures/ArgRS_PDB_Bact_3FNR.pdb
-0.956899  0.062277 -0.283666    73.843593
-0.220131 -0.792645  0.568556   -21.182449
-0.189439  0.606494  0.772190  -105.423597
>../../../../class1/cys//data/domains/Catalytic_domain/structures/CysRS_AF_Arch_Aciduliprofundum_boonei_T469_gene8827372.pdb
-0.119488 -0.156512 -0.980422    -3.841669
 0.597857 -0.799727  0.054804     3.808875
-0.792648 -0.579603  0.189129     1.900593
>../../../../class1/cys//data/domains/Catalytic_domain/structures/CysRS_AF_Arch_Candidatus_Nitrosopumilus_sediminis_gene13696907.pdb
-0.107552 -0.542394 -0.833211    -0.722523
 0.723511 -0.617502  0.308582     0.455566
-0.681883 -0.569649  0.458842     8.599273
>../../../../class1/cys//data/domains/Catalytic_domain/structures/CysRS_AF_Arch_Methanospirillum_hungatei_JF-1_gene3922979.pdb
 1.000000  0.000000  0.000000     0.000000
 0.000000  1.000000  0.000000     0.000000
 0.000000  0.000000  1.000000     0.000000
>../../../../class1/cys//data/domains/Catalytic_domain/structures/CysRS_AF_Arch_Pyrobaculum_ferrireducens_gene11593896.pdb
 0.922247  0.352243  0.159329    -2.373400
-0.279768  0.892512 -0.353770    -1.023632
-0.266816  0.281688  0.921662     5.608162
>../../../../class1/cys//data/domains/Catalytic_domain/structures/CysRS_AF_Bact_Bordetella_avium_197N_gene41394405.pdb
 0.944091 -0.281181  0.172131    -1.212250
 0.194743  0.896913  0.397016    -0.470105
-0.266020 -0.341298  0.901526     5.085725
>../../../../class1/cys//data/domains/Catalytic_domain/structures/CysRS_AF_Bact_Lactobacillus_amylovorus_GRL1118_gene66523130.pdb
 0.995378  0.021209  0.093664    -2.383231
-0.022363  0.999686  0.011283    -0.643772
-0.093395 -0.013326  0.995540     3.920128
>../../../../class1/cys//data/domains/Catalytic_domain/structures/CysRS_AF_Bact_Mycobacterium_canettii_CIPT_140010059_gene45427568.pdb
-0.176711 -0.896943  0.405299    -1.624249
-0.766688 -0.132786 -0.628138     0.777761
 0.617222 -0.421737 -0.664210     4.256328
>../../../../class1/cys//data/domains/Catalytic_domain/structures/CysRS_AF_Bact_Mycoplasma_hyopneumoniae_168-L_gene57101512.pdb
 0.953470  0.241014  0.181126     0.016823
-0.215806  0.965123 -0.148207    -0.132909
-0.210529  0.102223  0.972228     3.458866
>../../../../class1/cys//data/domains/Catalytic_domain/structures/CysRS_AF_Bact_Porphyromonas_gingivalis_ATCC_33277_gene29256960.pdb
 0.104717 -0.475095 -0.873681    -1.462526
 0.776026 -0.510372  0.370546     4.971030
-0.621947 -0.716802  0.315242     4.028972
>../../../../class1/cys//data/domains/Catalytic_domain/structures/CysRS_AF_Bact_Prochlorococcus_marinus_subsp_marinus_str_CCMP1375_gene54200571.pdb
 0.585914  0.810239  0.014744    -0.963448
-0.555945  0.415128 -0.720134     0.676580
-0.589602  0.413740  0.693678     2.896947
>../../../../class1/cys//data/domains/Catalytic_domain/structures/CysRS_AF_Bact_Streptobacillus_moniliformis_DSM_12112_gene29673427.pdb
-0.107444  0.156841 -0.981762    -5.244509
 0.261530 -0.948242 -0.180108     2.408099
-0.959196 -0.276112  0.060864    -0.241977
>../../../../class1/cys//data/domains/Catalytic_domain/structures/CysRS_AF_Bact_Treponema_pallidum_subsp_pertenue_str_SamoaD_gene57878631.pdb
-0.035714 -0.423949 -0.904982    -1.082859
 0.765206 -0.594060  0.248097     4.332545
-0.642794 -0.683637  0.345625     1.661746
>../../../../class1/cys//data/domains/Catalytic_domain/structures/CysRS_AF_Euk_Arabidopsis_thaliana_gene833874.pdb
 0.944514  0.223436  0.240770    -3.665218
-0.226190  0.973943 -0.016507    -0.067837
-0.238185 -0.038869  0.970442     7.458513
>../../../../class1/cys//data/domains/Catalytic_domain/structures/CysRS_AF_Euk_Cyanidioschyzon_merolae_strain_10D_gene16993418.pdb
 0.423875  0.905677 -0.008948    -6.312365
-0.513288  0.232066 -0.826245    -2.761475
-0.746235  0.354817  0.563240    12.244870
>../../../../class1/cys//data/domains/Catalytic_domain/structures/CysRS_AF_Euk_Drosophila_melanogaster_gene36784.pdb
 0.217078  0.851505 -0.477301    -1.905279
-0.416801 -0.361295 -0.834112     2.833159
-0.882697  0.380007  0.276479    10.068688
>../../../../class1/cys//data/domains/Catalytic_domain/structures/CysRS_AF_Euk_Micromonas_commoda_gene8246535.pdb
-0.162396 -0.475975  0.864335    -3.241751
-0.380200 -0.778142 -0.499943    -0.062021
 0.910536 -0.409809 -0.054599     8.281238
>../../../../class1/cys//data/domains/Catalytic_domain/structures/CysRS_AF_Mito_Morone_saxatilis_gene118339815.pdb
 0.305098 -0.477856 -0.823753    -2.555577
 0.823166 -0.302625  0.480432    -2.772616
-0.478866 -0.824664  0.301025     3.727787
>../../../../class1/cys//data/domains/Catalytic_domain/structures/CysRS_AF_Mito_Saccharomyces_cerevisiae_S288C_gene855474.pdb
 0.331121 -0.106441 -0.937566    -2.210055
 0.547466 -0.787607  0.282765     2.533156
-0.768531 -0.606914 -0.202521     8.842713
>../../../../class1/cys//data/domains/Catalytic_domain/structures/CysRS_PDB_Bact_E_coli_1LI5.pdb
 0.612667 -0.790339  0.001701    20.076263
 0.228567  0.175123 -0.957648    18.617337
 0.756569  0.587108  0.287937  -127.374416
>../../../../class1/cys//data/domains/Catalytic_domain/structures/CysRS_PDB_Bact_M_smegmatis_3C8Z.pdb
-0.623673  0.438363 -0.647201    -3.824309
 0.180874  0.886416  0.426089     2.803380
 0.760471  0.148678 -0.632122   -47.094800
