>../../../../class1/arg//data/domains/Catalytic_domain/structures/ArgRS_AF_Arch_NC_002689.2.pdb
 1.000000  0.000000  0.000000     0.000000
 0.000000  1.000000  0.000000     0.000000
 0.000000  0.000000  1.000000     0.000000
>../../../../class1/arg//data/domains/Catalytic_domain/structures/ArgRS_AF_Arch_NC_013158.1.pdb
-0.195404  0.715936  0.670264    -1.632505
 0.358480 -0.584005  0.728307     1.707464
 0.912858  0.382590 -0.142532    -1.809557
>../../../../class1/arg//data/domains/Catalytic_domain/structures/ArgRS_AF_Arch_NC_018656.1.pdb
 0.948580  0.316506 -0.004479     1.147363
-0.308871  0.922417 -0.231831     1.766104
-0.069245  0.221294  0.972746    -0.875528
>../../../../class1/arg//data/domains/Catalytic_domain/structures/ArgRS_AF_Arch_NC_020247.1.pdb
 0.715049  0.694149  0.082838     4.034792
-0.438902  0.538001 -0.719666     2.781362
-0.544122  0.478239  0.689361    -1.041683
>../../../../class1/arg//data/domains/Catalytic_domain/structures/ArgRS_AF_Bact_NC_002967.9.pdb
-0.003136 -0.669144  0.743126     5.274883
-0.740290 -0.498041 -0.451582    -1.798768
 0.672281 -0.551545 -0.493799     3.293882
>../../../../class1/arg//data/domains/Catalytic_domain/structures/ArgRS_AF_Bact_NC_005042.1.pdb
 0.714388 -0.604102 -0.353144     3.355821
 0.699728  0.612726  0.367352     2.820004
-0.005537 -0.509536  0.860431     2.338814
>../../../../class1/arg//data/domains/Catalytic_domain/structures/ArgRS_AF_Bact_NC_008095.1.pdb
 0.646949  0.755145  0.105891    -0.624671
-0.526209  0.542625 -0.654723     2.851071
-0.551870  0.367852  0.748415     0.563497
>../../../../class1/arg//data/domains/Catalytic_domain/structures/ArgRS_AF_Bact_NC_010729.1.pdb
 0.071293 -0.154105  0.985479     3.662761
-0.398697 -0.910037 -0.113465     1.607782
 0.914308 -0.384818 -0.126320     4.529425
>../../../../class1/arg//data/domains/Catalytic_domain/structures/ArgRS_AF_Bact_NC_013515.1.pdb
 0.724084  0.688873  0.034001    -0.084043
-0.494149  0.552536 -0.671209     1.816858
-0.481165  0.469210  0.740488    -0.440294
>../../../../class1/arg//data/domains/Catalytic_domain/structures/ArgRS_AF_Bact_NC_015687.1.pdb
 0.708284  0.695222  0.122474     0.793250
-0.499725  0.616331 -0.608614     2.032427
-0.498607  0.369868  0.783957    -1.373594
>../../../../class1/arg//data/domains/Catalytic_domain/structures/ArgRS_AF_Bact_NC_017317.1.pdb
 0.165416  0.896756 -0.410447    -0.310549
-0.409891 -0.316020 -0.855641     2.089145
-0.897010  0.309775  0.315297     1.313927
>../../../../class1/arg//data/domains/Catalytic_domain/structures/ArgRS_AF_Bact_NC_021283.1.pdb
 0.715548  0.692794 -0.089592     2.357302
-0.521534  0.444478 -0.728314     2.497786
-0.464750  0.567869  0.679362    -1.691778
>../../../../class1/arg//data/domains/Catalytic_domain/structures/ArgRS_AF_Euk_NC_001140.6.pdb
 0.611726 -0.647979 -0.453777     3.469470
 0.787766  0.446616  0.424215     4.801393
-0.072219 -0.616974  0.783663     2.793325
>../../../../class1/arg//data/domains/Catalytic_domain/structures/ArgRS_AF_Euk_NC_009356.1.pdb
 0.031617 -0.434774  0.899985     2.455999
-0.575214 -0.744291 -0.339352     0.487837
 0.817392 -0.506954 -0.273620     3.713260
>../../../../class1/arg//data/domains/Catalytic_domain/structures/ArgRS_AF_Euk_NC_009411.2.pdb
 0.315471 -0.522510  0.792125     3.046363
-0.702337 -0.689904 -0.175370     1.183375
 0.638123 -0.501015 -0.584623    -0.935310
>../../../../class1/arg//data/domains/Catalytic_domain/structures/ArgRS_PDB_Arch_2ZUF.pdb
 0.700476  0.703233 -0.121638    -8.742221
 0.599734 -0.672416 -0.433792     0.772485
-0.386848  0.230911 -0.892765    34.493800
>../../../../class1/arg//data/domains/Catalytic_domain/structures/ArgRS_PDB_Bact_1IQ0.pdb
-0.594425 -0.754446 -0.278336    59.110761
 0.165770  0.223727 -0.960451   -15.234038
 0.786880 -0.617056 -0.007925    34.895725
>../../../../class1/arg//data/domains/Catalytic_domain/structures/ArgRS_PDB_Bact_3FNR.pdb
-0.939187  0.301273  0.164807    16.415071
-0.168311 -0.822166  0.543796   -15.419450
 0.299330  0.482988  0.822875  -136.750309
>../../../../class1/arg//data/domains/Catalytic_domain/structures/ArgRS_PDB_Bact_4oby.pdb
-0.626487  0.411038 -0.662240     2.437228
 0.248031 -0.700344 -0.669328    55.177993
-0.738915 -0.583581  0.336806    50.256694
>../../../../class1/cys//data/domains/Catalytic_domain/structures/Cys_Bact_1LI5_E_coli.pdb
 0.915338 -0.387190  0.110638   -40.126256
 0.178894  0.144842 -0.973148    29.949626
 0.360768  0.910552  0.201845  -127.632823
>../../../../class1/cys//data/domains/Catalytic_domain/structures/Cys_Bact_3C8Z_M_smegmatis.pdb
-0.156550  0.448783 -0.879821   -22.165759
 0.156645  0.890812  0.426516     7.626896
 0.975169 -0.071049 -0.209757   -47.075848
>../../../../class1/cys//data/domains/Catalytic_domain/structures/Cysteinyl.A.Candidatus_Thermoplasmatota.NC_013926.1.pdb
-0.502019 -0.382826 -0.775514     2.415549
 0.604878 -0.796317  0.001535     7.567554
-0.618142 -0.468321  0.631329    -5.129140
>../../../../class1/cys//data/domains/Catalytic_domain/structures/Cysteinyl.A.Crenarchaeota.NC_009033.1.pdb
-0.484067  0.285915 -0.827002     0.452316
 0.256730 -0.857113 -0.446596     3.392427
-0.836522 -0.428498  0.341497    -6.890247
>../../../../class1/cys//data/domains/Catalytic_domain/structures/Cysteinyl.A.Euryarchaeota.NC_014297.1.pdb
 0.839804 -0.371771  0.395621     6.707002
 0.303519  0.925726  0.225627     2.808602
-0.450118 -0.069404  0.890268    -4.741490
>../../../../class1/cys//data/domains/Catalytic_domain/structures/Cysteinyl.A.Thaumarchaeota.NC_018656.1.pdb
-0.327731 -0.837990 -0.436308     8.712721
 0.800921 -0.491381  0.342156     3.918949
-0.501116 -0.237313  0.832205    -0.704013
>../../../../class1/cys//data/domains/Catalytic_domain/structures/Cysteinyl.B.Actinobacteria.NC_020990.1.pdb
 0.719337  0.307087  0.623098     5.248487
-0.210180  0.951154 -0.226122     3.168717
-0.662101  0.031696  0.748744    -5.757738
>../../../../class1/cys//data/domains/Catalytic_domain/structures/Cysteinyl.B.Chlamydiae.NC_017287.1.pdb
-0.544763  0.026425 -0.838174     1.259716
 0.295218 -0.929477 -0.221177     5.245170
-0.784907 -0.367933  0.498544    -5.192236
>../../../../class1/cys//data/domains/Catalytic_domain/structures/Cysteinyl.B.Cyanobacteria.NC_005042.1.pdb
 0.234033  0.898211  0.372083     5.527938
-0.524945  0.438873 -0.729262     4.674799
-0.818329 -0.024652  0.574222    -5.248160
>../../../../class1/cys//data/domains/Catalytic_domain/structures/Cysteinyl.B.Firmicutes.NC_008525.1.pdb
 0.502842  0.695442  0.513332     5.359691
-0.410200  0.714733 -0.566474     2.687658
-0.760845  0.074278  0.644668    -4.167711
>../../../../class1/cys//data/domains/Catalytic_domain/structures/Cysteinyl.B.Fusobacteria.NC_013515.1.pdb
-0.524135 -0.218931 -0.823014     0.839983
 0.439969 -0.897050 -0.041568     7.291618
-0.729184 -0.383888  0.566499    -5.862601
>../../../../class1/cys//data/domains/Catalytic_domain/structures/Cysteinyl.B.Proteobacteria.NC_009379.1.pdb
 0.788517  0.016948  0.614779     4.708588
-0.056353  0.997406  0.044782     3.766779
-0.612425 -0.069956  0.787427    -5.161957
>../../../../class1/cys//data/domains/Catalytic_domain/structures/Cysteinyl.B.Spirochaetes.NC_002967.9.pdb
-0.370319 -0.835881 -0.405175     5.092570
-0.847689  0.482465 -0.220568     4.387767
 0.379851  0.261782 -0.887234    -3.703094
>../../../../class1/cys//data/domains/Catalytic_domain/structures/Cysteinyl.E.Ascomycota.NC_012860.1.pdb
-0.384514  0.280473 -0.879479     7.578733
 0.481984 -0.751551 -0.450402     1.381319
-0.787300 -0.597081  0.153798     0.029843
>../../../../class1/cys//data/domains/Catalytic_domain/structures/Cysteinyl.E.Chlorophyta.NC_013046.1.pdb
 0.110702 -0.935717  0.334931     6.696162
-0.598002 -0.331884 -0.729552     3.104097
 0.793813 -0.119527 -0.596301     0.232135
>../../../../class1/cys//data/domains/Catalytic_domain/structures/Cysteinyl.E.Evosea.NC_007090.3.pdb
-0.513865 -0.307428 -0.800894     4.905382
 0.553321 -0.832209 -0.035570     0.590255
-0.655576 -0.461429  0.597749     1.738725
>../../../../class1/cys//data/domains/Catalytic_domain/structures/Cysteinyl.E.Rhodophyta.NC_010131.1.pdb
 0.237448  0.466386  0.852117     4.869844
 0.265088 -0.875020  0.405053     3.264923
 0.934530  0.129707 -0.331406    -4.896367
