>structures/GlyRS-E_AF_Euk_Cryptococcus_neoformans_var_neoformans_JEC21_gene3258293.pdb
 0.098507 -0.354922  0.929692    -1.268586
-0.255487 -0.911941 -0.321075    -1.065921
 0.961781 -0.205896 -0.180511    -1.474664
>structures/GlyRS-E_AF_Euk_Girardinichthys_multiradiatus_gene124858359.pdb
 0.901300 -0.365641 -0.232304    -0.645372
 0.433045  0.774624  0.460901    -2.150615
 0.011424 -0.516008  0.856508    -2.371740
>structures/GlyRS-E_AF_Euk_Plasmodium_yoelii_gene3801472.pdb
 0.999998 -0.001915  0.000219     0.021171
 0.001915  0.999997 -0.001240    -0.030720
-0.000217  0.001241  0.999999    -0.013829
>structures/GlyRS-E_AF_Euk_Schizosaccharomyces_pombe_gene2543181.pdb
 0.775024 -0.477508 -0.413912     0.035943
 0.631849  0.574980  0.519773    -1.364625
-0.010205 -0.664367  0.747337    -2.917709
>structures/GlyRS-E_PDB_Euk_H_sapiens_2q5h.pdb
-0.232870  0.144821 -0.961664  -106.846317
 0.456025 -0.857134 -0.239507   -63.796512
-0.858960 -0.494317  0.133559    88.999158
