>structures/Ala_Bact_3HXV_E_coli.pdb
 0.462503  0.814682 -0.349833   -11.154776
 0.115361 -0.446512 -0.887310    34.141067
-0.879080  0.370027 -0.300496    22.040486
>structures/Asn_Arch_1X54_P_horikoshii.pdb
 0.496158 -0.203909  0.843948     0.716964
-0.572065  0.654427  0.494436   -32.622628
-0.653122 -0.728112  0.208050     7.059559
>structures/Asp_Arch_1b8a_T_kodarensis.pdb
-0.453704 -0.395991  0.798338    15.359657
 0.042990  0.885080  0.463449   -38.670715
-0.890115  0.244589 -0.384540    56.466302
>structures/Asp_Bact_1c0a_E_coli.pdb
 0.235363  0.078305 -0.968748     4.436680
-0.971871  0.010254 -0.235293    44.025506
-0.008491  0.996877  0.078516   -26.638586
>structures/GlyT_Bact_5f5w_A_aeolicus.pdb
 0.604568  0.357370  0.711887    44.779408
 0.369022 -0.917676  0.147286    31.794871
 0.705918  0.173657 -0.686675    36.121258
>structures/Glycyl.A.Candidatus_Thermoplasmatota.NC_002689.2.pdb
 0.239817 -0.532411 -0.811805    25.943197
 0.791769  0.591142 -0.153795   -13.357830
 0.561774 -0.605879  0.563312    15.790416
>structures/His_Bact_1HTT_E_coli.pdb
-0.287265  0.956800 -0.044870    10.585902
-0.087701 -0.072921 -0.993474    15.817172
-0.953828 -0.281455  0.104860     6.548660
>structures/His_Bact_4e51_B_thailandensis.pdb
-0.476188 -0.543594  0.691195     0.293285
 0.481919  0.496150  0.722211   -43.563307
-0.735526  0.677008  0.025708    20.297144
>structures/Lys_Bact_3E9H_G_stearothermophilus.pdb
-0.030655  0.448008 -0.893504    87.137943
 0.236890  0.871712  0.428954    35.666804
 0.971053 -0.198513 -0.132851   -57.514030
>structures/Phe_Bact_1EIY.B_T_thermophilus.pdb
-0.114631 -0.991193 -0.066304    68.103544
-0.873485  0.068777  0.481968     0.634506
-0.473163  0.113164 -0.873677    39.174037
>structures/Phe_Bact_1PYS.A_T_thermophilus.pdb
 0.408610  0.900648 -0.147887   -29.235901
 0.479694 -0.074068  0.874304   -22.419739
 0.776487 -0.428190 -0.462300    34.779539
>structures/Phe_Euk_3CMQ.H_sapiens.pdb
 0.136105 -0.760610 -0.634782    56.324269
 0.816548 -0.276709  0.506638    -5.345138
-0.561004 -0.587286  0.583413    20.627719
>structures/Phe_Euk_3L4G.B_H_sapiens.pdb
-0.572362  0.812600 -0.109922   -48.697047
 0.233115  0.289767  0.928274   -44.550954
 0.786167  0.505684 -0.355281   -66.212834
>structures/Phe_Euk_3L4G.C_H_sapiens.pdb
-0.295712 -0.941587 -0.161150   138.114667
 0.814699 -0.160493 -0.557232   -41.720404
 0.498819 -0.296069  0.814569    59.993166
>structures/Pro_Arch_1nj8_M_janacshii.pdb
-0.051865  0.629627  0.775165   -29.385830
 0.996753 -0.015235  0.079066  -113.567794
 0.061592  0.776748 -0.626792    -0.286264
>structures/Pro_Bact_2J3M_E_faecalis.pdb
 1.000000 -0.000000  0.000000     0.000000
 0.000000  1.000000  0.000000     0.000000
-0.000000  0.000000  1.000000     0.000000
>structures/Pyl_Arch_2Q7E_M_mazei.pdb
-0.989007  0.090338 -0.117068    43.620380
-0.017908  0.712692  0.701249   -55.874653
 0.146783  0.695636 -0.703239     5.789997
>structures/Sep_Arch_2DU4_A_fulgidus.pdb
 0.724962  0.661679 -0.191338   -53.266979
-0.659181  0.747063  0.085893   -42.722542
 0.199775  0.063857  0.977759    21.261731
>structures/Ser_Arch_2cim_M_barkeri.pdb
 0.023162 -0.516545 -0.855946   101.529761
 0.993293 -0.085126  0.078251   -50.842123
-0.113283 -0.852018  0.511109   -25.279549
>structures/Seryl.B.Actinobacteria.NC_021064.1.pdb
 0.946506  0.150522  0.285428    33.434720
 0.256239  0.187032 -0.948346    -0.407330
-0.196131  0.970753  0.138458    14.043882
>structures/Thr_Bact_1evk_E_coli.pdb
-0.102942  0.382871 -0.918048    21.913240
 0.353388 -0.848662 -0.393559    28.993415
-0.929795 -0.364941 -0.047939    67.425734
