>structures/Ala_Bact_3HXV_E_coli.pdb
-0.397755  0.049653 -0.916147    32.646962
 0.340520 -0.919226 -0.197660    44.099851
-0.851961 -0.390586  0.348719    24.890300
>structures/Asn_Arch_1X54_P_horikoshii.pdb
-0.683894  0.062725  0.726880   -26.606836
-0.180921  0.950598 -0.252253     6.574824
-0.706793 -0.304022 -0.638760    17.682123
>structures/Asp_Arch_1b8a_T_kodarensis.pdb
-0.558950  0.673665  0.483477    -4.239926
 0.802552  0.586143  0.111118   -35.132022
-0.208530  0.450124 -0.868276    31.827409
>structures/Asp_Bact_1c0a_E_coli.pdb
-0.690953  0.583134 -0.427244    15.073696
-0.716274 -0.632089  0.295660    71.362520
-0.097647  0.510312  0.854428   -13.405403
>structures/Glycyl.A.Candidatus_Thermoplasmatota.NC_002689.2.pdb
 1.000000 -0.000000  0.000000     0.000000
 0.000000  1.000000  0.000000     0.000000
-0.000000  0.000000  1.000000     0.000000
>structures/GlyT_Bact_5f5w_A_aeolicus.pdb
 0.769715 -0.609540 -0.189738    50.130360
-0.632145 -0.769210 -0.093325     1.013646
-0.089062  0.191775 -0.977389   -10.897813
>structures/His_Bact_1HTT_E_coli.pdb
-0.670365  0.004227 -0.742020    14.528787
 0.682469 -0.389032 -0.618781    31.114462
-0.291285 -0.921215  0.257909     2.778556
>structures/His_Bact_4e51_B_thailandensis.pdb
-0.142441  0.675425  0.723541   -26.386815
 0.986063  0.160318  0.044466    -6.837219
-0.085963  0.719791 -0.688848    29.962026
>structures/Lys_Bact_3E9H_G_stearothermophilus.pdb
 0.667450  0.742483 -0.056828    23.860111
-0.453596  0.465904  0.759726    48.850971
 0.590560 -0.481302  0.647755   -94.708068
>structures/Phe_Bact_1EIY.B_T_thermophilus.pdb
-0.989052 -0.078876 -0.124717    32.711431
-0.147543  0.513417  0.845361   -29.103625
-0.002647  0.854507 -0.519433   -23.223236
>structures/Phe_Bact_1PYS.A_T_thermophilus.pdb
 0.916198 -0.076974  0.393263    -9.995757
-0.400065 -0.232011  0.886633    10.868109
 0.022994 -0.969663 -0.243362    56.939456
>structures/Phe_Euk_3CMQ.H_sapiens.pdb
 0.438705 -0.667842  0.601269    13.680754
 0.710658  0.667352  0.222724   -13.811879
-0.550003  0.329587  0.767378   -23.455078
>structures/Phe_Euk_3L4G.B_H_sapiens.pdb
 0.565160  0.648527  0.509908   -84.219865
-0.052288 -0.588683  0.806671    74.255547
 0.823322 -0.482560 -0.298790    28.845136
>structures/Phe_Euk_3L4G.C_H_sapiens.pdb
 0.884448 -0.466534  0.009882    23.204107
 0.315340  0.581938 -0.749606  -101.916787
 0.343966  0.666104  0.661810   -64.725158
>structures/Pro_Arch_1nj8_M_janacshii.pdb
 0.812408  0.573064 -0.107660  -101.576255
 0.575874 -0.817516 -0.005989   -18.776742
-0.091446 -0.057133 -0.994170    52.253079
>structures/Pro_Bact_2J3M_E_faecalis.pdb
 0.239817  0.791769  0.561774    -4.515943
-0.532411  0.591142 -0.605879    31.275900
-0.811805 -0.153795  0.563312    10.111513
>structures/Pyl_Arch_2Q7E_M_mazei.pdb
-0.130043  0.984206  0.120113   -35.711686
 0.420172 -0.055024  0.905775   -28.090322
 0.898078  0.168258 -0.406380   -11.449468
>structures/Sep_Arch_2DU4_A_fulgidus.pdb
-0.285425  0.762614  0.580476   -35.413390
-0.889096  0.015439 -0.457460    24.225294
-0.357828 -0.646670  0.673630    73.774927
>structures/Ser_Arch_2cim_M_barkeri.pdb
 0.733756 -0.663226  0.147422   -35.147025
 0.636762  0.746978  0.191202   -37.135314
-0.236931 -0.046423  0.970417   -78.587284
>structures/Seryl.B.Actinobacteria.NC_021064.1.pdb
 0.358059  0.697453 -0.620768    11.514491
-0.215379 -0.585222 -0.781746     5.295655
-0.908518  0.413612 -0.059328    -9.418772
>structures/Thr_Bact_1evk_E_coli.pdb
-0.249707 -0.784027 -0.568285    60.997284
 0.834324 -0.472076  0.284688    -4.721780
-0.491477 -0.403045  0.772013    26.628416
