>../../../../class2/his//data/domains/Catalytic_domain/structures/HisRS_AF_Arch_Candidatus_Methanomassiliicoccus_intestinalis_Issoire-Mx1_gene16154026.pdb
 0.097461 -0.827610  0.552777    32.370167
-0.669597 -0.465442 -0.578796    50.404868
 0.736303 -0.313728 -0.599527    14.467433
>../../../../class2/his//data/domains/Catalytic_domain/structures/HisRS_AF_Arch_Candidatus_Nitrosopumilus_koreensis_AR1_gene13725657.pdb
 0.036816 -0.850279 -0.525043    32.971061
 0.810428 -0.281995  0.513503    53.014661
-0.584681 -0.444415  0.678708    12.057467
>../../../../class2/his//data/domains/Catalytic_domain/structures/HisRS_AF_Arch_Desulfurococcus_amylolyticus_1221n_gene7171287.pdb
-0.154467  0.861400 -0.483871    31.495381
-0.522076 -0.486953 -0.700224    52.880388
-0.838795  0.144456  0.524934     9.699085
>../../../../class2/his//data/domains/Catalytic_domain/structures/HisRS_AF_Arch_Methanoregula_formicica_SMSP_gene14310605.pdb
-0.234961 -0.939242  0.250235    31.633818
-0.791779  0.035616 -0.609769    48.628998
 0.563808 -0.341403 -0.752040    12.386077
>../../../../class2/his//data/domains/Catalytic_domain/structures/HisRS_AF_Bact_Chlamydia_muridarum_str_Nigg_gene1246198.pdb
 0.662424 -0.748687  0.025748    30.823475
 0.427137  0.405712  0.808055    53.543067
-0.615426 -0.524277  0.588545    12.632450
>../../../../class2/his//data/domains/Catalytic_domain/structures/HisRS_AF_Bact_Lacticaseibacillus_paracasei_gene61269730.pdb
-0.310217 -0.275005 -0.910021    27.997685
 0.352198 -0.922376  0.158677    55.111074
-0.883018 -0.271283  0.382993     9.112202
>../../../../class2/his//data/domains/Catalytic_domain/structures/HisRS_AF_Bact_Paracoccus_denitrificans_PD1222_gene75501415.pdb
-0.032655  0.995445 -0.089566    32.876660
-0.605097 -0.091015 -0.790932    52.724451
-0.795482  0.028369  0.605313    11.976384
>../../../../class2/his//data/domains/Catalytic_domain/structures/HisRS_AF_Bact_Prochlorococcus_marinus_subsp_marinus_str_CCMP1375_gene54200127.pdb
 0.195912  0.920331 -0.338539    29.202323
-0.672957 -0.124927 -0.729056    46.782712
-0.713266  0.370653  0.594869     8.841017
>../../../../class2/his//data/domains/Catalytic_domain/structures/HisRS_AF_Bact_Streptobacillus_moniliformis_DSM_12112_gene29674169.pdb
-0.291919 -0.376146 -0.879373    29.600448
 0.368405 -0.892699  0.259550    56.230118
-0.882644 -0.248198  0.399170     8.027836
>../../../../class2/his//data/domains/Catalytic_domain/structures/HisRS_AF_Bact_Streptomyces_albidoflavus_gene15149169.pdb
-0.027548 -0.385548 -0.922276    31.057021
 0.566215 -0.766364  0.303458    51.615813
-0.823797 -0.513847  0.239415    12.132189
>../../../../class2/his//data/domains/Catalytic_domain/structures/HisRS_AF_Bact_Thermus_thermophilus_HB8_gene3168691.pdb
-0.444405 -0.122659 -0.887389    27.782161
 0.196181 -0.979862  0.037194    54.716204
-0.874081 -0.157560  0.459519    10.308420
>../../../../class2/his//data/domains/Catalytic_domain/structures/HisRS_AF_Bact_Treponema_denticola_ATCC_35405_gene2741405.pdb
 0.919669 -0.319977  0.227648    29.819732
 0.307399  0.947343  0.089707    51.065824
-0.244365 -0.012522  0.969602    12.899952
>../../../../class2/his//data/domains/Catalytic_domain/structures/HisRS_AF_Euk_Arabidopsis_thaliana_gene823753.pdb
-0.112471 -0.354773 -0.928163    31.632259
 0.610383 -0.761746  0.217200    52.357209
-0.784081 -0.542106  0.302222    11.337221
>../../../../class2/his//data/domains/Catalytic_domain/structures/HisRS_AF_Euk_Cryptococcus_gattii_WM276_gene10186972.pdb
-0.397251  0.748807  0.530547    31.318521
 0.755414 -0.061455  0.652360    52.313471
 0.521096  0.659933 -0.541246    10.190541
>../../../../class2/his//data/domains/Catalytic_domain/structures/HisRS_AF_Euk_Plasmodium_falciparum_3D7_gene812010.pdb
-0.550494 -0.796050 -0.251517    41.939443
 0.800607 -0.588781  0.111203    48.560409
-0.236612 -0.140150  0.961443    21.758900
>../../../../class2/his//data/domains/Catalytic_domain/structures/HisRS_AF_Euk_Platysiphonia_delicata_gene33353157.pdb
-0.294797 -0.311121 -0.903492    27.997519
 0.369040 -0.909221  0.192681    56.403433
-0.881422 -0.276623  0.382851     7.115735
>../../../../class2/his//data/domains/Catalytic_domain/structures/HisRS_AF_Mito_Fusarium_fujikuroi_IMI_58289_gene35396474.pdb
 0.353105 -0.827566 -0.436407    33.661128
 0.793312  0.017572  0.608562    58.139928
-0.495957 -0.561093  0.662723    11.490325
>../../../../class2/his//data/domains/Catalytic_domain/structures/HisRS_AF_Mito_Rattus_rattus_gene116884285.pdb
-0.205400 -0.865763  0.456361    32.216578
-0.548804 -0.284198 -0.786159    53.216092
 0.810324 -0.411930 -0.416759     8.681258
>../../../../class2/his//data/domains/Catalytic_domain/structures/HisRS_PDB_Arch_T_acidophilum_1WU7.pdb
-0.345905 -0.121818  0.930328   -25.230275
 0.853983 -0.451608  0.258385    47.359827
 0.388668  0.883861  0.260244   -52.664331
>../../../../class2/his//data/domains/Catalytic_domain/structures/HisRS_PDB_Bact_B_thailandensis_4e51.pdb
 0.877001 -0.420039  0.233316    16.283689
-0.362325 -0.897049 -0.253028    65.965372
 0.315578  0.137369 -0.938904    52.495063
>../../../../class2/his//data/domains/Catalytic_domain/structures/HisRS_PDB_Bact_E_coli_1HTT.pdb
 0.872941  0.163734 -0.459527    52.257312
 0.280843  0.601548  0.747842    28.436728
 0.398875 -0.781877  0.479132    18.092346
>../../../../class2/thr//data/domains/Catalytic_domain/structures/ThrRS_AF_Arch_Candidatus_Methanomethylophilus_alvus_Mx1201_gene15140074.pdb
 0.727998 -0.682125 -0.068734    35.530197
-0.011989  0.087575 -0.996086    61.145645
 0.685475  0.725972  0.055577    16.495232
>../../../../class2/thr//data/domains/Catalytic_domain/structures/ThrRS_AF_Arch_Candidatus_Nitrosopumilus_koreensis_AR1_gene13725077.pdb
-0.400864  0.126119 -0.907415    30.096051
-0.355423 -0.934311  0.027157    57.154826
-0.844383  0.333403  0.419358    10.433700
>../../../../class2/thr//data/domains/Catalytic_domain/structures/ThrRS_AF_Arch_Pyrococcus_furiosus_DSM_3638_gene1469226.pdb
-0.240579 -0.176217 -0.954500    32.277110
-0.213458 -0.949702  0.229132    56.634318
-0.946867  0.258870  0.190863    10.591887
>../../../../class2/thr//data/domains/Catalytic_domain/structures/ThrRS_AF_Arch_Sulfolobus_islandicus_M164_gene7940156.pdb
 0.165867  0.836074  0.522942    31.740718
 0.931724 -0.306594  0.194656    55.944325
 0.323077  0.454951 -0.829844    19.015003
>../../../../class2/thr//data/domains/Catalytic_domain/structures/ThrRS_AF_Bact_Bifidobacterium_longum_subsp_longum_JCM_1217_gene69578309.pdb
 0.026322  0.197293 -0.979991    37.852716
 0.842961 -0.531325 -0.084326    62.625954
-0.537331 -0.823874 -0.180295    13.206817
>../../../../class2/thr//data/domains/Catalytic_domain/structures/ThrRS_AF_Bact_Brachyspira_pilosicoli_95_1000_gene56439092.pdb
-0.438998  0.835475 -0.330549    37.428219
 0.877619  0.477560  0.041495    63.192579
 0.192525 -0.271880 -0.942876    16.202432
>../../../../class2/thr//data/domains/Catalytic_domain/structures/ThrRS_AF_Bact_Brucella_abortus_2308_gene3787745.pdb
 0.047012  0.706713  0.705937    37.695878
-0.991923 -0.050319  0.116432    63.282252
 0.117807 -0.705709  0.698639    15.384509
>../../../../class2/thr//data/domains/Catalytic_domain/structures/ThrRS_AF_Bact_Lactobacillus_acidophilus_La-14_gene56943112.pdb
-0.554610 -0.826571 -0.095859    39.211796
 0.108397 -0.185985  0.976555    66.435853
-0.825020  0.531216  0.192747    12.884793
>../../../../class2/thr//data/domains/Catalytic_domain/structures/ThrRS_AF_Bact_Mycoplasma_hyopneumoniae_168-L_gene57101460.pdb
 0.232237 -0.960793  0.151468    36.727396
 0.058247 -0.141709 -0.988193    59.525780
 0.970914  0.238318  0.023054    16.264961
>../../../../class2/thr//data/domains/Catalytic_domain/structures/ThrRS_AF_Bact_Porphyromonas_gingivalis_ATCC_33277_gene29256174.pdb
-0.526090  0.237507 -0.816590    38.139263
 0.600573  0.783600 -0.159009    61.561073
 0.602114 -0.574075 -0.554885    13.592558
>../../../../class2/thr//data/domains/Catalytic_domain/structures/ThrRS_AF_Bact_Prochlorococcus_marinus_subsp_marinus_str_CCMP1375_gene54200406.pdb
 0.631214  0.666456 -0.396744    36.908278
-0.488259 -0.056010 -0.870899    64.596645
-0.602637  0.743438  0.290049    12.340605
>../../../../class2/thr//data/domains/Catalytic_domain/structures/ThrRS_AF_Bact_Streptobacillus_moniliformis_DSM_12112_gene29674242.pdb
-0.476567 -0.413492 -0.775827    37.544312
-0.254828 -0.779628  0.572051    63.470020
-0.841395  0.470324  0.266176    14.664199
>../../../../class2/thr//data/domains/Catalytic_domain/structures/ThrRS_AF_Euk_Arabidopsis_thaliana_gene832741.pdb
 0.104811 -0.438458 -0.892619    39.237660
 0.753402 -0.550876  0.359056    61.923287
-0.649154 -0.710134  0.272597    11.795178
>../../../../class2/thr//data/domains/Catalytic_domain/structures/ThrRS_AF_Euk_Cryptococcus_gattii_WM276_gene10188143.pdb
-0.046905  0.103970 -0.993474    40.205691
 0.587219 -0.801694 -0.111624    63.904596
-0.808068 -0.588622 -0.023450    13.542278
>../../../../class2/thr//data/domains/Catalytic_domain/structures/ThrRS_AF_Euk_Cyanidioschyzon_merolae_strain_10D_gene16997242.pdb
-0.012376  0.949364  0.313936    38.922492
-0.991586  0.028807 -0.126203    64.682770
-0.128856 -0.312856  0.941019    13.622601
>../../../../class2/thr//data/domains/Catalytic_domain/structures/ThrRS_AF_Euk_Zymoseptoria_tritici_IPO323_gene13396560.pdb
-0.252998 -0.806437  0.534463    51.540283
-0.688248  0.538273  0.486391    65.978834
-0.679931 -0.244787 -0.691211     5.228811
>../../../../class2/thr//data/domains/Catalytic_domain/structures/ThrRS_AF_Mito_Cyanidioschyzon_merolae_strain_10D_gene16995590.pdb
-0.231925  0.428749 -0.873147    37.124820
-0.517284 -0.814540 -0.262570    63.459997
-0.823789  0.390768  0.410697    14.486047
>../../../../class2/thr//data/domains/Catalytic_domain/structures/ThrRS_AF_Mito_Oryza_sativa_Japonica_Group_gene4345200.pdb
-0.714435 -0.699116 -0.028647    39.671536
-0.697821  0.714917 -0.044043    63.822407
 0.051271 -0.011475 -0.998619    12.564626
>../../../../class2/thr//data/domains/Catalytic_domain/structures/ThrRS_PDB_Bact_E_coli_1evk.pdb
 1.000000 -0.000000  0.000000     0.000000
 0.000000  1.000000  0.000000     0.000000
-0.000000  0.000000  1.000000     0.000000
>../../../../class2/thr//data/domains/Catalytic_domain/structures/ThrRS_PDB_Bact_S_aureus_1nyr.pdb
-0.626683 -0.756217 -0.188161    92.425267
 0.376096 -0.082029 -0.922942   108.438164
 0.682510 -0.649159  0.335816    20.083568
