>structures/TyrRS_AF_Arch_Candidatus_Korarchaeum_cryptofilum_OPF8_gene6094625.pdb
 0.659123  0.751865 -0.015959    -3.594613
-0.435607  0.364405 -0.823077    -0.243743
-0.613028  0.549461  0.567706     3.384787
>structures/TyrRS_AF_Arch_Desulfurococcus_amylolyticus_1221n_gene7171652.pdb
 0.997260  0.072423 -0.015099    -4.144415
-0.070716  0.873233 -0.482144     0.110866
-0.021733  0.481891  0.875962     4.501764
>structures/TyrRS_AF_Arch_Methanothermococcus_okinawensis_IH1_gene10772133.pdb
-0.195471 -0.194724 -0.961183    -3.060867
 0.793224 -0.607731 -0.038195     1.349754
-0.576704 -0.769900  0.273254     7.597339
>structures/TyrRS_AF_Arch_Thermoplasma_acidophilum_DSM_1728_gene1456112.pdb
-0.903953 -0.387822  0.180173    -7.357643
-0.216622  0.778553  0.589008    -2.935168
-0.368705  0.493406 -0.787786     0.882342
>structures/TyrRS_AF_Bact_Bifidobacterium_animalis_subsp_lactis_BLC1_gene66533077.pdb
 0.983764  0.176578  0.032071     0.454500
-0.172141  0.978953 -0.109630    -0.636921
-0.050755  0.102330  0.993455     0.060724
>structures/TyrRS_AF_Bact_Brachyspira_pilosicoli_95_1000_gene56440491.pdb
-0.986619  0.153611  0.054654    -7.110277
 0.142133  0.646085  0.749915     0.933158
 0.079884  0.747648 -0.659273     0.361348
>structures/TyrRS_AF_Bact_Chlamydia_psittaci_6BC_gene12242888.pdb
 0.999124  0.026359 -0.032506    -4.178988
-0.027309  0.999203 -0.029126    -1.158684
 0.031712  0.029989  0.999047     1.967779
>structures/TyrRS_AF_Bact_Lactococcus_lactis_subsp_cremoris_KW2_gene61108704.pdb
 1.000000  0.000000  0.000000     0.000000
 0.000000  1.000000  0.000000     0.000000
 0.000000  0.000000  1.000000     0.000000
>structures/TyrRS_AF_Bact_Porphyromonas_gingivalis_ATCC_33277_gene29255602.pdb
-0.989240 -0.014445 -0.145586    -5.043802
-0.074656  0.905643  0.417417    -1.568498
 0.125820  0.423795 -0.896977    -2.190265
>structures/TyrRS_AF_Bact_Prochlorococcus_marinus_subsp_marinus_str_CCMP1375_gene54200747.pdb
 0.583748 -0.414575 -0.698116    -2.922886
 0.785280  0.069773  0.615197    -1.837237
-0.206335 -0.907336  0.366288     3.207588
>structures/TyrRS_AF_Bact_Serratia_plymuthica_AS9_gene57666950.pdb
 0.385961 -0.838594 -0.384440     1.832592
 0.855316  0.169155  0.489716    -1.912540
-0.345643 -0.517829  0.782550     0.141648
>structures/TyrRS_AF_Bact_Streptobacillus_moniliformis_DSM_12112_gene29673957.pdb
 0.659779 -0.725250 -0.196734     2.057109
 0.715096  0.525499  0.460964     3.162311
-0.230930 -0.444818  0.865337     5.614674
>structures/TyrRS_AF_Euk_Cryptococcus_neoformans_var_neoformans_JEC21_gene3254328.pdb
 0.966232 -0.204374 -0.156932    -0.110461
 0.235496  0.947594  0.215886    -1.540919
 0.104586 -0.245553  0.963725     0.931810
>structures/TyrRS_AF_Euk_Drosophila_melanogaster_gene39829.pdb
-0.643792 -0.678749  0.353316    -8.339876
 0.497628 -0.020614  0.867146     1.648442
-0.581291  0.734081  0.351035    -4.220069
>structures/TyrRS_AF_Euk_Plasmodium_falciparum_3D7_gene2655248.pdb
 0.943083  0.268659  0.196002    -3.789410
 0.038504  0.497203 -0.866779    -1.669383
-0.330320  0.824992  0.458559     6.062324
>structures/TyrRS_AF_Euk_Seriola_dumerili_gene111223086.pdb
-0.655650 -0.466187 -0.593964   -10.268433
 0.395141 -0.882167  0.256212     3.366643
-0.643418 -0.066714  0.762602    -3.912175
>structures/TyrRS_AF_Mito_Aspergillus_fumigatus_Af293_gene3509181.pdb
-0.400172  0.821423  0.406359    -5.926214
-0.851828 -0.496936  0.165659    -7.937323
 0.338010 -0.279856  0.898571    10.449557
>structures/TyrRS_AF_Mito_Cyanidioschyzon_merolae_strain_10D_gene16996209.pdb
 0.986216 -0.153308 -0.062251    -0.613070
 0.162621  0.967503  0.193627    -0.118802
 0.030544 -0.201081  0.979098     1.947019
>structures/TyrRS_PDB_Arch_M_jannashii_1U7D.pdb
-0.215860  0.937684  0.272311   -53.233671
 0.976361  0.210468  0.049227   -12.904867
-0.011153  0.276500 -0.960949    10.315751
>structures/TyrRS_PDB_E_coli_Bact_1WQ4.pdb
 0.358653  0.432765  0.827093   -64.482738
-0.927810  0.067837  0.366833     3.945583
 0.102645 -0.898951  0.425853   -11.183084
>structures/TyrRS_PDB_L_major_Euk_3P0I.pdb
 0.682044  0.711251 -0.170111   -56.846814
 0.711838 -0.698994 -0.068517    34.796436
-0.167639 -0.074360 -0.983040    77.540210
