>structures/Aspartyl.B.Bacteroidota.NC_010729.1.pdb
 0.177739 -0.748601  0.638753    -4.983211
-0.765272 -0.513222 -0.388538     2.105894
 0.618682 -0.419762 -0.664103    -2.006335
>structures/Aspartyl.B.Chlamydiae.NC_002620.2.pdb
 1.000000  0.000000  0.000000     0.000000
 0.000000  1.000000  0.000000     0.000000
 0.000000  0.000000  1.000000     0.000000
>structures/Aspartyl.B.Firmicutes.NC_015687.1.pdb
 0.777726  0.543788 -0.315335    -6.780142
-0.626400  0.712395 -0.316411     3.264953
 0.052583  0.443607  0.894677    -3.911414
>structures/Aspartyl.B.Fusobacteria.NC_013515.1.pdb
-0.001964  0.026799 -0.999639    -4.392123
-0.503365 -0.863789 -0.022168     5.579333
-0.864072  0.503140  0.015186    -2.613127
>structures/Aspartyl.B.Spirochaetes.NC_014330.1.pdb
 0.934987  0.342486 -0.092207    -4.560063
-0.257586  0.834397  0.487269     2.676190
 0.243820 -0.431839  0.868370    -3.777650
>structures/Aspartyl.E.Evosea.NC_007087.3.pdb
 0.987607 -0.066926 -0.141963     0.461582
 0.129336  0.859449  0.494590     2.378976
 0.088909 -0.506821  0.857454    -0.065544
>structures/Asp_Bact_1c0a_E_coli.pdb
 0.331809  0.135863 -0.933512   -33.799049
-0.291305  0.955968  0.035589   -15.500249
 0.897242  0.260128  0.356777   -63.908616
