>structures/AspRS_AF_Arch_Candidatus_Methanomassiliicoccus_intestinalis_Issoire-Mx1_gene16154434.pdb
 0.395303 -0.593771  0.700836    63.362533
 0.252417  0.803827  0.538654    37.738344
-0.883188 -0.036029  0.467633    -7.739654
>structures/AspRS_AF_Arch_unclassified_Euryarchaeota_proteinHHT76046.1.pdb
 0.544068 -0.667052  0.508951    56.651594
 0.122477  0.663229  0.738327    37.761657
-0.830054 -0.339365  0.442540    -5.948046
>structures/AspRS_AF_Bact_Bacillus_anthracis_str_Ames_Ancestor_gene45024275.pdb
 0.499261  0.762137  0.412172    60.380175
 0.829032 -0.558476  0.028463    43.441206
 0.251881  0.327493 -0.910661    -7.188768
>structures/AspRS_AF_Bact_Brachyspira_pilosicoli_95_1000_gene56440011.pdb
 0.444757 -0.850463  0.280898    58.583310
 0.219776  0.407664  0.886289    36.895835
-0.868268 -0.332449  0.368223    -5.702252
>structures/AspRS_AF_Bact_Chlamydia_muridarum_str_Nigg_gene1246197.pdb
-0.084989 -0.987259 -0.134522    58.481252
 0.555421 -0.159031  0.816221    36.418385
-0.827215 -0.005347  0.561860    -6.064082
>structures/AspRS_AF_Bact_Mycoplasma_hyopneumoniae_168-L_gene57101115.pdb
 0.501047 -0.063123  0.863115    63.817866
-0.118053  0.983028  0.140424    33.950080
-0.857330 -0.172252  0.485092    -7.880987
>structures/AspRS_AF_Bact_Nocardia_cyriacigeorgica_GUH-2_gene45501717.pdb
-0.151904  0.987266  0.047236    56.140948
-0.930289 -0.126666 -0.344265    33.176648
-0.333898 -0.096238  0.937684    -4.608288
>structures/AspRS_AF_Bact_Porphyromonas_gingivalis_ATCC_33277_gene29255515.pdb
 0.820561 -0.563192 -0.097434    59.425255
-0.491678 -0.608628 -0.622756    37.749748
 0.291430  0.558916 -0.776326    -4.131488
>structures/AspRS_AF_Bact_Prochlorococcus_marinus_subsp_marinus_str_CCMP1375_gene54201182.pdb
-0.148692 -0.987911  0.043838    60.363855
 0.509062 -0.038463  0.859870    41.999313
-0.847789  0.150172  0.508627    -8.410801
>structures/AspRS_AF_Bact_Xylella_fastidiosa_Temecula1_gene58016479.pdb
-0.226917  0.973795 -0.015209    56.969308
-0.896760 -0.215006 -0.386775    39.022320
-0.379909 -0.074127  0.922049    -4.572571
>structures/AspRS_AF_Mito_Oryza_sativa_Japonica_Group_gene4324505.pdb
-0.400249 -0.733595 -0.549216    56.855860
-0.238378  0.662029 -0.710559    33.299631
 0.884859 -0.153479 -0.439850    -1.511316
>structures/AspRS_AF_Mito_Oryzias_melastigma_gene112147132.pdb
 0.456530  0.154637  0.876167    57.059480
-0.614471  0.766989  0.184804    39.350934
-0.643433 -0.622747  0.445174    -6.024260
>structures/AspRS_PDB_Bact_E_coli_1c0a.pdb
 1.000000  0.000000  0.000000     0.000000
 0.000000  1.000000  0.000000     0.000000
 0.000000  0.000000  1.000000    -0.000000
