>../../../../class2/phe4//data/domains/Catalytic_domain/structures/Phe_Euk_3L4G.B_H_sapiens_d.pdb
 0.538680 -0.836880 -0.097237    97.614709
 0.792094  0.463735  0.396908   -35.146500
-0.287073 -0.290828  0.912693    73.035419
>../../../../class2/phe4//data/domains/Catalytic_domain/structures/Phe_Euk_3L4G.B_H_sapiens.pdb
 0.538680 -0.836880 -0.097237    97.614709
 0.792094  0.463735  0.396908   -35.146500
-0.287073 -0.290828  0.912693    73.035419
>../../../../class2/phe4//data/domains/Catalytic_domain/structures/Phenylalanyl.A.Crenarchaeota.NC_012588.1.pdb
-0.083895  0.019792  0.996278    44.290726
-0.385339  0.921378 -0.050753    51.035856
-0.918954 -0.388162 -0.069672    47.111403
>../../../../class2/phe4//data/domains/Catalytic_domain/structures/Phenylalanyl.A.Thaumarchaeota.NC_018655.1.pdb
-0.210520 -0.202933  0.956295    46.072564
-0.193993  0.967435  0.162591    53.396691
-0.958148 -0.151286 -0.243032    44.937375
>../../../../class2/pyl//data/domains/Catalytic_domain/structures/Pyl_Arch_2Q7E_M_mazei.pdb
 1.000000  0.000000  0.000000     0.000000
 0.000000  1.000000  0.000000     0.000000
 0.000000  0.000000  1.000000     0.000000
>../../../../class2/pyl//data/domains/Catalytic_domain/structures/Pyl_Arch_2ZNJ_D_hafniense.pdb
 0.016485  0.396525  0.917876    42.199655
-0.547667  0.771624 -0.323508    47.389192
-0.836534 -0.497357  0.229883    78.192159
>../../../../class2/pyl//data/domains/Catalytic_domain/structures/Pyl_Arch_6jp2_M_alvus.pdb
 0.184009  0.982593  0.025515   -12.629601
-0.982514  0.184620 -0.024121    71.073833
-0.028412 -0.020630  0.999383    17.149117
>../../../../class2/pyl//data/domains/Catalytic_domain/structures/Pyrrolysyl.A.Euryarchaeota.NC_007955.1.pdb
-0.419299  0.809574  0.410826    12.547527
 0.500577  0.583690 -0.639319    37.820396
-0.757371 -0.062415 -0.649995    24.454743
