>../../../../class2/phe4//data/domains/Catalytic_domain/structures/Phe_Euk_3L4G.B_H_sapiens_d.pdb
 0.538680 -0.836880 -0.097237    97.614709
 0.792094  0.463735  0.396908   -35.146500
-0.287073 -0.290828  0.912693    73.035419
>../../../../class2/phe4//data/domains/Catalytic_domain/structures/Phe_Euk_3L4G.B_H_sapiens.pdb
 0.538680 -0.836880 -0.097237    97.614709
 0.792094  0.463735  0.396908   -35.146500
-0.287073 -0.290828  0.912693    73.035419
>../../../../class2/phe4//data/domains/Catalytic_domain/structures/Phenylalanyl.A.Crenarchaeota.NC_012588.1.pdb
-0.083895  0.019792  0.996278    44.290726
-0.385339  0.921378 -0.050753    51.035856
-0.918954 -0.388162 -0.069672    47.111403
>../../../../class2/phe4//data/domains/Catalytic_domain/structures/Phenylalanyl.A.Thaumarchaeota.NC_018655.1.pdb
-0.210520 -0.202933  0.956295    46.072564
-0.193993  0.967435  0.162591    53.396691
-0.958148 -0.151286 -0.243032    44.937375
>../../../../class2/pyl//data/domains/Catalytic_domain/structures/Pyl_Arch_2Q7E_M_mazei.pdb
 1.000000  0.000000  0.000000     0.000000
 0.000000  1.000000  0.000000     0.000000
 0.000000  0.000000  1.000000     0.000000
>../../../../class2/pyl//data/domains/Catalytic_domain/structures/Pyl_Arch_2ZNJ_D_hafniense.pdb
 0.018262  0.402833  0.915091    41.844706
-0.552993  0.766582 -0.326422    47.641623
-0.832986 -0.500078  0.236763    78.330663
>../../../../class2/pyl//data/domains/Catalytic_domain/structures/Pyl_Arch_6jp2_M_alvus.pdb
 0.172916  0.984739  0.019725   -12.363489
-0.984628  0.173328 -0.021549    71.398544
-0.024639 -0.015696  0.999573    16.929656
>../../../../class2/pyl//data/domains/Catalytic_domain/structures/Pyrrolysyl.A.Euryarchaeota.NC_007955.1.pdb
-0.418997  0.809758  0.410772    12.531715
 0.495083  0.582976 -0.644229    37.811137
-0.761140 -0.066564 -0.645163    24.532416
