>../../../../class2/phe4//data/domains/Catalytic_domain/structures/PheRS-Aβ_AF_Arch_Candidatus_Nitrosopumilus_koreensis_AR1_gene13724457.pdb
 0.072628  0.220594 -0.972658   -28.436575
 0.784688  0.589326  0.192248   -10.127523
 0.615622 -0.777196 -0.130296   -26.547359
>../../../../class2/phe4//data/domains/Catalytic_domain/structures/PheRS-Aβ_AF_Arch_Halalkalicoccus_jeotgali_B3_gene9420006.pdb
 0.849273 -0.438300 -0.294327   -27.073531
-0.435608 -0.266747 -0.859705    -7.768224
 0.298298  0.858335 -0.417468   -27.496611
>../../../../class2/phe4//data/domains/Catalytic_domain/structures/PheRS-Aβ_AF_Arch_Sulfolobus_islandicus_YG5714_gene7807969.pdb
-0.091639  0.053653 -0.994346   -27.534947
 0.798302  0.600850 -0.041150   -12.558067
 0.595245 -0.797559 -0.097893   -23.500558
>../../../../class2/phe4//data/domains/Catalytic_domain/structures/PheRS-Aβ_AF_Arch_Thermoplasma_volcanium_GSS1_gene1441711.pdb
-0.882791  0.440987  0.161898   -29.748659
-0.353222 -0.850320  0.390116    -8.285856
 0.309701  0.287205  0.906421   -27.342600
>../../../../class2/phe4//data/domains/Catalytic_domain/structures/PheRS-Aβ_AF_Euk_Astyanax_mexicanus_gene103044481.pdb
-0.279549  0.563463  0.777407   -25.814143
-0.953219 -0.065894 -0.295010   -16.274759
-0.115001 -0.823509  0.555525   -24.848442
>../../../../class2/phe4//data/domains/Catalytic_domain/structures/PheRS-Aβ_AF_Euk_Didymosphenia_geminata_gene19740299.pdb
 0.120831 -0.388635 -0.913434   -23.381759
-0.023932  0.918769 -0.394071    -0.960040
 0.992385  0.069476  0.101715   -25.200558
>../../../../class2/phe4//data/domains/Catalytic_domain/structures/PheRS-Aβ_AF_Euk_Drosophila_melanogaster_gene42888.pdb
 0.518132 -0.784068 -0.341725   -24.205415
 0.194505  0.497086 -0.845620   -14.021225
 0.832891  0.371676  0.410061   -23.361794
>../../../../class2/phe4//data/domains/Catalytic_domain/structures/PheRS-Aβ_AF_Euk_Gracilariopsis_tenuifrons_gene68635617.pdb
-0.466483 -0.628562  0.622337   -30.288105
-0.253039  0.769006  0.587028    -2.385256
-0.847564  0.116363 -0.517779   -16.145422
>../../../../class2/phe4//data/domains/Catalytic_domain/structures/PheRS-Aβ_PDB_Euk.B_H_sapiens_3L4G.pdb
-0.324933  0.925044  0.196755  -101.212478
 0.376124  0.317284 -0.870553   -45.668418
-0.867726 -0.208867 -0.451027    44.154353
>../../../../class2/pyl//data/domains/Catalytic_domain/structures/PylRS_AF_Arch_Candidatus_Methanomassiliicoccus_intestinalis_Issoire-Mx1_gene16153983.pdb
 0.003163  0.186759 -0.982401    -4.596086
 0.336772 -0.925218 -0.174804     3.206514
-0.941581 -0.330292 -0.065822    -3.420545
>../../../../class2/pyl//data/domains/Catalytic_domain/structures/PylRS_AF_Arch_Methanosalsum_zhilinae_DSM_4017_gene10822650.pdb
 0.843851 -0.473154 -0.253064     1.026093
 0.525450  0.633122  0.568382     5.091270
-0.108712 -0.612602  0.782879    -2.368805
>../../../../class2/pyl//data/domains/Catalytic_domain/structures/PylRS_AF_Arch_Unclassified_Candidatus_Bathyarchaeota_proteinUCH69683.1.pdb
-0.489484  0.559985  0.668448    -4.223667
 0.684617 -0.227997  0.692327     1.671036
 0.540097  0.796514 -0.271774    -2.099564
>../../../../class2/pyl//data/domains/Catalytic_domain/structures/PylRS_AF_Bact_Unclassified_Actinobacteria_proteinMBU2601214.1.pdb
-0.515922  0.575428  0.634592    -4.497570
 0.673009 -0.186044  0.715853     1.898267
 0.529984  0.796411 -0.291284    -1.543746
>../../../../class2/pyl//data/domains/Catalytic_domain/structures/PylRS_AF_Bact_Unclassified_Aerophobetes_proteinMCD6471581.1.pdb
-0.333716  0.597110  0.729447    -4.980283
 0.694853 -0.367105  0.618395     2.000734
 0.637034  0.713227 -0.292395    -2.207613
>../../../../class2/pyl//data/domains/Catalytic_domain/structures/PylRS_AF_Bact_unclassified_Desulfosarcina_proteinMBC2741817.pdb
-0.335456  0.491681  0.803567     1.772109
 0.449948 -0.665786  0.595211     2.321827
 0.827657  0.561230  0.002111    -5.988087
>../../../../class2/pyl//data/domains/Catalytic_domain/structures/PylRS_AF_Bact_unclassified_Lachnospiraceae_proteinHCE77498.1.pdb
 1.000000  0.000000  0.000000     0.000000
 0.000000  1.000000  0.000000     0.000000
 0.000000  0.000000  1.000000    -0.000000
>../../../../class2/pyl//data/domains/Catalytic_domain/structures/PylRS_PDB_Arch_M_mazei_2Q7E.pdb
-0.966333  0.257290  0.001496     1.553577
 0.031317  0.123388 -0.991864    26.985580
-0.255381 -0.958424 -0.127291    42.579808
>../../../../class2/pyl//data/domains/Catalytic_domain/structures/PylRS_PDB_Bact_D_hafniense_2ZNJ.pdb
-0.144227 -0.203047 -0.968489   -26.987597
 0.764633  0.598382 -0.239322   -43.489163
 0.628120 -0.775056  0.068953   -22.835070
