>structures/TyrRS_AF_Arch_Candidatus_Korarchaeum_cryptofilum_OPF8_gene6094625.pdb
 0.477768 -0.271518  0.835474    26.489906
 0.842809 -0.126609 -0.523109    13.861502
 0.247812  0.954069  0.168348    55.458268
>structures/TyrRS_AF_Arch_Desulfurococcus_amylolyticus_1221n_gene7171652.pdb
 0.147537 -0.803062  0.577343    25.085620
 0.504262 -0.441090 -0.742401    12.425677
 0.850854  0.400664  0.339876    55.294245
>structures/TyrRS_AF_Arch_Methanothermococcus_okinawensis_IH1_gene10772133.pdb
-0.864219  0.494667 -0.091816    25.178398
 0.419994  0.608844 -0.672989    10.211757
-0.277004 -0.620172 -0.733931    58.205834
>structures/TyrRS_AF_Arch_Thermoplasma_acidophilum_DSM_1728_gene1456112.pdb
 0.098903 -0.757674 -0.645095    27.416882
-0.087787 -0.652390  0.752782    14.455844
-0.991217 -0.017821 -0.131038    50.341898
>structures/TyrRS_AF_Bact_Bifidobacterium_animalis_subsp_lactis_BLC1_gene66533077.pdb
 0.493094 -0.848917  0.190258    29.047578
 0.438905  0.053923 -0.896914    17.606858
 0.751146  0.525768  0.399183    57.241283
>structures/TyrRS_AF_Bact_Brachyspira_pilosicoli_95_1000_gene56440491.pdb
-0.406306 -0.472904 -0.781842    24.074635
-0.485914 -0.612808  0.623181    13.655520
-0.773824  0.633110  0.019197    51.907866
>structures/TyrRS_AF_Bact_Chlamydia_psittaci_6BC_gene12242888.pdb
 0.311856 -0.948061  0.062664    28.165837
 0.399506  0.071003 -0.913977    14.284768
 0.862056  0.310064  0.400899    53.658326
>structures/TyrRS_AF_Bact_Lactococcus_lactis_subsp_cremoris_KW2_gene61108704.pdb
 0.343396 -0.932872  0.108760    28.126583
 0.430984  0.053631 -0.900764    17.583337
 0.834465  0.356192  0.420470    57.219558
>structures/TyrRS_AF_Bact_Porphyromonas_gingivalis_ATCC_33277_gene29255602.pdb
-0.248334 -0.838514 -0.485000    28.233289
-0.527383 -0.302940  0.793785    17.849611
-0.812526  0.452904 -0.366988    51.510216
>structures/TyrRS_AF_Bact_Prochlorococcus_marinus_subsp_marinus_str_CCMP1375_gene54200747.pdb
-0.571506 -0.295073 -0.765710    28.835599
 0.487765  0.628228 -0.606148    12.841799
 0.659899 -0.719904 -0.215110    54.706378
>structures/TyrRS_AF_Bact_Serratia_plymuthica_AS9_gene57666950.pdb
-0.677439 -0.509593 -0.530463    30.837214
 0.558390  0.113172 -0.821823    17.834859
 0.478828 -0.852941  0.207884    57.298520
>structures/TyrRS_AF_Bact_Streptobacillus_moniliformis_DSM_12112_gene29673957.pdb
-0.512191 -0.760555 -0.399019    25.499621
 0.492213  0.120791 -0.862053    12.464492
 0.703837 -0.637938  0.312487    62.266099
>structures/TyrRS_AF_Euk_Cryptococcus_neoformans_var_neoformans_JEC21_gene3254328.pdb
 0.070550 -0.980669 -0.182515    29.418949
 0.298277  0.195339 -0.934277    16.763369
 0.951868  0.011473  0.306292    57.515001
>structures/TyrRS_AF_Euk_Drosophila_melanogaster_gene39829.pdb
-0.610313 -0.053742 -0.790335    24.315578
 0.205053 -0.974409 -0.092087    18.344487
-0.765161 -0.218263  0.605715    47.521139
>structures/TyrRS_AF_Euk_Plasmodium_falciparum_3D7_gene2655248.pdb
 0.056441 -0.339737  0.938825    27.826767
 0.734577 -0.622707 -0.269504    11.929078
 0.676173  0.704851  0.214416    55.884975
>structures/TyrRS_AF_Euk_Seriola_dumerili_gene111223086.pdb
-0.507349  0.791734 -0.340227    22.634053
 0.272906 -0.226873 -0.934907    17.578938
-0.817386 -0.567174 -0.100965    46.385724
>structures/TyrRS_AF_Mito_Aspergillus_fumigatus_Af293_gene3509181.pdb
 0.717295  0.695974  0.033290    34.674423
-0.534227  0.580009 -0.614973     4.733002
-0.447313  0.423333  0.787845    54.081324
>structures/TyrRS_AF_Mito_Cyanidioschyzon_merolae_strain_10D_gene16996209.pdb
 0.222690 -0.931395 -0.287946    30.154276
 0.359041  0.352958 -0.864008    15.192838
 0.906366  0.089022  0.413009    57.176949
>structures/TyrRS_AF_Vir_Megavirus_chiliensis_gene11257765.pdb
-0.544068  0.837728  0.046924    28.127893
 0.432427  0.327891 -0.839937     7.474992
-0.719025 -0.436692 -0.540651    57.070539
>structures/TyrRS_PDB_Arch_M_jannashii_1U7D.pdb
-0.997699 -0.048119 -0.047759    31.771721
-0.052729  0.107955  0.992756   -12.172473
-0.042614  0.992991 -0.110244    12.116852
>structures/TyrRS_PDB_E_coli_Bact_1WQ4.pdb
 1.000000  0.000000  0.000000     0.000000
 0.000000  1.000000  0.000000     0.000000
 0.000000  0.000000  1.000000     0.000000
>structures/TyrRS_PDB_Vir_Acanthamoeba_polyphaga_mimivirus_2J5B.pdb
-0.010663 -0.921936 -0.387195   111.654875
 0.956024  0.104099 -0.274194   -32.508598
 0.293096 -0.373091  0.880283    24.572333
