>structures/TrpRS_AF_Arch_Natrialba_magadii_ATCC_43099_gene8824932.pdb
-0.966642  0.246092 -0.071003    -2.843027
 0.139288  0.737713  0.660590     2.336574
 0.214946  0.628664 -0.747382    -1.480913
>structures/TrpRS_AF_Arch_Nitrosopumilus_maritimus_SCM1_gene5773245.pdb
-0.985126  0.094394 -0.143585    -3.403589
 0.003675  0.846987  0.531601     1.736182
 0.171794  0.523166 -0.834736     0.486384
>structures/TrpRS_AF_Arch_Sulfolobus_islandicus_M1627_gene7814138.pdb
 1.000000  0.000000  0.000000     0.000000
 0.000000  1.000000  0.000000     0.000000
 0.000000  0.000000  1.000000     0.000000
>structures/TrpRS_AF_Arch_Thermoplasma_acidophilum_DSM_1728_gene1456706.pdb
 0.056158 -0.549318  0.833724    -0.280426
-0.980676 -0.187087 -0.057210     6.189432
 0.187405 -0.814400 -0.549210    -2.307006
>structures/TrpRS_AF_Bact_Anoxybacillus_flavithermus_WK1_gene7038388.pdb
 0.929929 -0.323798 -0.174322     2.810200
 0.352537  0.919849  0.172033    -2.017091
 0.104646 -0.221433  0.969544    -1.342277
>structures/TrpRS_AF_Bact_Brachyspira_pilosicoli_95_1000_gene56440833.pdb
-0.089512 -0.133768  0.986962    -1.850867
-0.067736 -0.987828 -0.140029    -0.860587
 0.993680 -0.079387  0.079361    -5.131656
>structures/TrpRS_AF_Bact_Helicobacter_cinaedi_PAGU611_gene66538868.pdb
 0.987865 -0.148207 -0.046442     2.852410
 0.145124  0.987347 -0.063918    -2.992124
 0.055328  0.056403  0.996874    -1.807962
>structures/TrpRS_AF_Bact_Mycoplasma_hyopneumoniae_168-L_gene57101461.pdb
 0.996175  0.058617 -0.064800     0.999298
-0.070263  0.978231 -0.195260    -4.407673
 0.051944  0.199067  0.978608    -2.408594
>structures/TrpRS_AF_Bact_Porphyromonas_gingivalis_ATCC_33277_gene29255389.pdb
 0.003905  0.755781 -0.654813    -2.788976
-0.206137 -0.640146 -0.740082    -1.187747
-0.978515  0.137871  0.153294    -4.177539
>structures/TrpRS_AF_Bact_Prochlorococcus_marinus_subsp_marinus_str_CCMP1375_gene54200405.pdb
-0.996504 -0.078020  0.029878    -6.439031
-0.058498  0.906930  0.417200    -2.481347
-0.059648  0.413993 -0.908324    -7.771319
>structures/TrpRS_AF_Bact_Streptomyces_albidoflavus_gene15147734.pdb
 0.235399  0.905650 -0.352685    -1.044304
-0.487203 -0.204035 -0.849119    -0.893733
-0.840964  0.371710  0.393206    -4.250466
>structures/TrpRS_AF_Bact_Thermus_thermophilus_HB8_gene3168998.pdb
-0.809776 -0.585595 -0.036624    -1.654217
-0.582799  0.809991 -0.065270    -0.631855
 0.067887 -0.031510 -0.997195    -4.256838
>structures/TrpRS_AF_Euk_Cryptococcus_neoformans_var_neoformans_JEC21_gene3254069.pdb
 0.319526 -0.755010  0.572594    -3.741649
-0.683237 -0.602268 -0.412869     1.608942
 0.656575 -0.259295 -0.708290    -1.680312
>structures/TrpRS_AF_Euk_Cyanidioschyzon_merolae_strain_10D_gene16993299.pdb
-0.800166 -0.573078 -0.176960    -4.085077
-0.580569  0.814132 -0.011356     1.286345
 0.150577  0.093651 -0.984152    -0.341438
>structures/TrpRS_AF_Euk_Drosophila_melanogaster_gene45399.pdb
-0.958320 -0.268027 -0.098914    -8.357904
-0.277551  0.955502  0.099903    -0.898559
 0.067736  0.123193 -0.990068    -3.661599
>structures/TrpRS_AF_Euk_Saccharomyces_cerevisiae_S288C_gene854056.pdb
 0.132173  0.480454  0.867003    -3.992463
 0.229942 -0.865678  0.444666     2.000581
 0.964187  0.140588 -0.224896    -2.270617
>structures/TrpRS_AF_Mito_Bufo_gargarizans_gene122922343.pdb
-0.349448 -0.879841  0.322127    -3.000572
-0.848709  0.151581 -0.506671    -0.990940
 0.396961 -0.450447 -0.799699    -3.796658
>structures/TrpRS_AF_Mito_Cyanidioschyzon_merolae_strain_10D_gene16992222.pdb
-0.001467 -0.111694  0.993742     1.079201
-0.292579 -0.950210 -0.107234    -0.372385
 0.956240 -0.290905 -0.031285     1.085252
>structures/TrpRS_PDB_Arch_P_hori_3JXE.pdb
 0.939585 -0.129961  0.316686    36.287480
 0.301358 -0.124774 -0.945312    24.866677
 0.162368  0.983637 -0.078071   -22.080334
>structures/TrpRS_PDB_Bact_G_stearo_1I6M.pdb
-0.592323  0.033788  0.804992    -2.789102
 0.616719  0.661949  0.426005   -65.957527
-0.518470  0.748787 -0.412925    26.330153
>structures/TrpRS_PDB_Bact_Y_pestis_3N9I.pdb
-0.413786 -0.476667  0.775609    33.968242
-0.401937 -0.668779 -0.625445    71.002915
 0.816840 -0.570546  0.085142     8.411470
>structures/TrpRS_PDB_Euk_S_Cerevisiae_3KT3.pdb
-0.203666 -0.859054 -0.469623   -20.836813
-0.876625 -0.053579  0.478182  -122.062018
-0.435946  0.509073 -0.742156  -100.538329
