>structures/Trp_Arch_3JXE_P_hori.pdb
 0.427845 -0.639785 -0.638454    41.067842
-0.701831 -0.680263  0.211365   -11.245994
-0.569545  0.357655 -0.740069   -28.126882
>structures/Trp_Bact_1I6M_G_stearo.pdb
 0.600874  0.157217  0.783731   -68.588689
 0.502855 -0.836499 -0.217729     0.108140
 0.621359  0.524931 -0.581688   -24.938633
>structures/Trp_Bact_3N9I_Y_pestis.pdb
-0.866568 -0.376542 -0.327530    61.550355
-0.307379  0.919741 -0.244119   -50.269045
 0.393164 -0.110870 -0.912760     5.821537
>structures/Trp_Bact_3SZ3_V_chole.pdb
-0.938006 -0.239184  0.250872     5.520317
 0.282131 -0.106378  0.953460    -9.283274
-0.201365  0.965130  0.167264   -25.953234
>structures/Trp_Euk_3HZR_E_hist.pdb
-0.423669  0.669267  0.610398   -30.605069
-0.851345 -0.064048 -0.520682    27.132965
-0.309381 -0.740256  0.596913   -12.123899
>structures/Trp_Euk_3KT3_S_Cerevisiae.pdb
-0.540597 -0.549101  0.637372   -53.209644
 0.742410  0.044976  0.668434   128.854457
-0.395704  0.834545  0.383344   -77.257269
>structures/Tryptophanyl.A.Candidatus_Korarchaeota.NC_010482.1.pdb
 0.250707  0.724719 -0.641817    -1.263290
-0.357813 -0.546668 -0.757049    -1.380936
-0.899509  0.419448  0.122260    -4.360760
>structures/Tryptophanyl.A.Crenarchaeota.NC_014961.1.pdb
-0.974842 -0.208442  0.078963     1.017494
-0.192124  0.965375  0.176463    -1.537810
-0.113011  0.156853 -0.981135     1.098030
>structures/Tryptophanyl.A.Euryarchaeota.NC_000961.1.pdb
-0.787501  0.469014  0.399836     0.242246
 0.429596 -0.047451  0.901774    -0.033239
 0.441917  0.881915 -0.164119     0.663513
>structures/Tryptophanyl.A.Thaumarchaeota.NC_018655.1.pdb
 1.000000  0.000000  0.000000     0.000000
 0.000000  1.000000  0.000000     0.000000
 0.000000  0.000000  1.000000     0.000000
>structures/Tryptophanyl.B.Actinobacteria.NC_004551.1.pdb
-0.277178  0.356092  0.892396    -1.084754
 0.442982 -0.776822  0.447565     0.720087
 0.852607  0.519371  0.057576    -3.719041
>structures/Tryptophanyl.B.Chlamydiae.NC_002620.2.pdb
-0.763209 -0.572745  0.299124     2.037932
-0.645171  0.649984 -0.401592     1.602410
 0.035584 -0.499485 -0.865592    -2.074978
>structures/Tryptophanyl.B.Cyanobacteria.NC_005042.1.pdb
 0.250867 -0.274808 -0.928195     0.720087
 0.773796 -0.519206  0.362857     1.221830
-0.581640 -0.809263  0.082393    -4.725313
>structures/Tryptophanyl.B.Firmicutes.NC_004557.1.pdb
-0.968876  0.217867  0.117531     0.385466
 0.242484  0.739728  0.627698     2.973470
 0.049813  0.636660 -0.769534    -3.316235
>structures/Tryptophanyl.B.Proteobacteria.NC_014500.1.pdb
 0.612417  0.738156 -0.282968     0.612959
-0.664339  0.286542 -0.690324    -3.578044
-0.428485  0.610753  0.665869    -5.303496
>structures/Tryptophanyl.B.Spirochaetes.NC_002967.9.pdb
-0.690360  0.703048  0.170665    -0.528144
 0.398449  0.172587  0.900806     2.261756
 0.603855  0.689882 -0.399276    -3.846311
>structures/Tryptophanyl.E.Ascomycota.NC_001136.10.pdb
-0.054434 -0.538820  0.840661    -0.637001
-0.577869 -0.669595 -0.466594     1.381094
 0.814312 -0.511190 -0.274919    -3.474715
>structures/Tryptophanyl.E.Bacillariophyta.NC_012087.1.pdb
 0.184523 -0.445079 -0.876274     0.930765
 0.929697 -0.210132  0.302503     0.089068
-0.318771 -0.870488  0.375014    -0.120372
>structures/Tryptophanyl.E.Evosea.NC_007088.5.pdb
-0.358771 -0.827772  0.431366    -0.628186
-0.767750 -0.001148 -0.640748     2.504180
 0.530889 -0.561064 -0.635110    -3.725937
