>structures/IleRS_AF_Arch_Candidatus_Korarchaeum_cryptofilum_OPF8_gene6094904.pdb
-0.295356 -0.882785  0.365316    -0.521555
-0.857415  0.076255 -0.508944     0.696781
 0.421431 -0.463547 -0.779436     1.251895
>structures/IleRS_AF_Arch_Candidatus_Nitrosopumilus_sediminis_gene13697091.pdb
 0.310804  0.547302 -0.777085    -5.701950
-0.398101 -0.667447 -0.629309     3.089183
-0.863085  0.504950  0.010437     0.673869
>structures/IleRS_AF_Arch_Pyrobaculum_aerophilum_str_IM2_gene1465853.pdb
-0.055594 -0.406699 -0.911869     1.160141
 0.618842 -0.730742  0.288186     4.660465
-0.783546 -0.548281  0.292308     5.518014
>structures/IleRS_AF_Arch_Thermoplasma_acidophilum_DSM_1728_gene1456418.pdb
-0.422903 -0.109713  0.899509    -2.108819
-0.236978 -0.944709 -0.226641     3.156115
 0.874640 -0.309011  0.373521    -0.310008
>structures/IleRS_AF_Bact_Chlamydia_muridarum_str_Nigg_gene1246458.pdb
-0.941605  0.334013  0.042612    -1.442540
 0.283260  0.717316  0.636570    -3.696339
 0.182057  0.611467 -0.770041     2.460951
>structures/IleRS_AF_Bact_Lactobacillus_acidophilus_La-14_gene56942445.pdb
 0.142439 -0.594096 -0.791682    -0.736236
 0.909505 -0.237018  0.341501    -0.772861
-0.390527 -0.768682  0.506573     3.562003
>structures/IleRS_AF_Bact_Mycoplasma_hyopneumoniae_168-L_gene57100872.pdb
 0.154959 -0.654082 -0.740381     1.273099
 0.912737 -0.191976  0.360632     0.854718
-0.378018 -0.731657  0.567257     2.331805
>structures/IleRS_AF_Bact_Orientia_tsutsugamushi_str_Ikeda_gene66653313.pdb
 0.954640  0.292099 -0.057799    -0.996369
-0.297525  0.927999 -0.224267     1.762507
-0.011871  0.231291  0.972812     0.117100
>structures/IleRS_AF_Bact_Porphyromonas_gingivalis_ATCC_33277_gene29255747.pdb
 0.973142  0.222823 -0.057837     0.985984
-0.230196  0.944265 -0.235317     3.125701
 0.002179  0.242311  0.970196    -1.793248
>structures/IleRS_AF_Bact_Streptobacillus_moniliformis_DSM_12112_gene29674186.pdb
 0.212965 -0.585621 -0.782109     1.240057
 0.904602 -0.184330  0.384341     5.087746
-0.369244 -0.789348  0.490498     3.949245
>structures/IleRS_AF_Bact_Thermus_thermophilus_HB8_gene3168241.pdb
-0.970371  0.229157  0.076593    -1.232753
 0.236928  0.840305  0.487598    -0.269334
 0.047375  0.491299 -0.869702    -0.510593
>structures/IleRS_AF_Bact_Treponema_pallidum_subsp_pertenue_str_SamoaD_gene57878975.pdb
-0.738570 -0.585082  0.334953    -1.146319
-0.664582  0.715367 -0.215827    -0.423207
-0.113337 -0.382007 -0.917183     0.534487
>structures/IleRS_AF_Euk_Cyanidioschyzon_merolae_strain_10D_gene16992835.pdb
-0.638542  0.513209  0.573480    -1.321569
 0.495373 -0.296183  0.816628     0.139830
 0.588956  0.805538 -0.065105     1.011701
>structures/IleRS_AF_Euk_Ostreococcus_lucimarinus_CCE9901_gene5000489.pdb
-0.416683 -0.732029  0.538989    -1.006156
-0.907495  0.369658 -0.199515    -7.564591
-0.053191 -0.572265 -0.818342     3.126871
>structures/IleRS_AF_Euk_Trypanosoma_brucei_brucei_TREU927_gene3663037.pdb
-0.319998 -0.681153  0.658507    -0.939075
-0.916477  0.046370 -0.397392    -0.257172
 0.240150 -0.730671 -0.639099     3.472649
>structures/IleRS_AF_Euk_Ustilago_maydis_521_gene23568123.pdb
 0.426400 -0.794326 -0.432700     2.383739
 0.902079  0.338206  0.268085    -1.242994
-0.066605 -0.504641  0.860756     2.016719
>structures/IleRS_AF_Mito_Drosophila_melanogaster_gene39762.pdb
 0.776897  0.628569 -0.036513     2.140194
-0.445462  0.507747 -0.737398     1.725834
-0.444966  0.589147  0.674471    -1.524120
>structures/IleRS_AF_Mito_Homo_sapiens_gene55699.pdb
 0.098761 -0.589462 -0.801736     0.175438
 0.924857 -0.242981  0.292575    -0.221968
-0.367269 -0.770386  0.521171     2.028623
>structures/IleRS_AF_Vir_Megavirus_chiliensis_gene11256744.pdb
 1.000000 -0.000000  0.000000     0.000000
 0.000000  1.000000  0.000000     0.000000
-0.000000  0.000000  1.000000     0.000000
>structures/IleRS_PDB_Bact_S_aureus_1QU2.pdb
-0.671033 -0.483436 -0.562143   102.028880
 0.621262 -0.780430 -0.070443    47.849724
-0.404658 -0.396508  0.824035   -30.134937
>structures/IleRS_PDB_Bact_T_therm_1ILE.pdb
-0.967558  0.180311  0.176972   -19.900734
 0.182714  0.983162 -0.002761     6.152639
-0.174490  0.029663 -0.984212   -33.140156
>structures/IleRS_PDB_Euk_S_cere_7D5C.pdb
 0.382951 -0.273930  0.882219   -33.875821
 0.918879  0.211090 -0.333321     4.223867
-0.094921  0.938298  0.332546   -19.444325
