>structures/IleRS_AF_Arch_Candidatus_Korarchaeum_cryptofilum_OPF8_gene6094904.pdb
-0.994532  0.048899 -0.092281    -3.478058
-0.000881  0.879650  0.475621     4.305756
 0.104432  0.473101 -0.874797    -1.446213
>structures/IleRS_AF_Arch_Candidatus_Nitrosopumilus_sediminis_gene13697091.pdb
 0.027031 -0.666595 -0.744930    -2.141267
 0.569509 -0.602169  0.559511     6.862967
-0.821541 -0.439368  0.363355     2.933953
>structures/IleRS_AF_Arch_Pyrobaculum_aerophilum_str_IM2_gene1465853.pdb
 0.835284 -0.548392 -0.039572    -0.880048
 0.539019  0.802561  0.255645    -1.117695
-0.108435 -0.234866  0.965960     0.821117
>structures/IleRS_AF_Arch_Thermoplasma_acidophilum_DSM_1728_gene1456418.pdb
-0.623274 -0.764750 -0.163361    -0.928927
-0.393937  0.487508 -0.779198     5.826906
 0.675531 -0.421300 -0.605115     0.052654
>structures/IleRS_AF_Bact_Chlamydia_muridarum_str_Nigg_gene1246458.pdb
-0.026727  0.498145  0.866682    -8.046594
 0.357024 -0.805054  0.473733     4.047594
 0.933713  0.322088 -0.156333    -2.367121
>structures/IleRS_AF_Bact_Lactobacillus_acidophilus_La-14_gene56942445.pdb
 0.996753 -0.063493 -0.049515    -5.410427
 0.063361  0.997982 -0.004229     2.235863
 0.049684  0.001078  0.998764    -1.112016
>structures/IleRS_AF_Bact_Mycoplasma_hyopneumoniae_168-L_gene57100872.pdb
 0.997789 -0.048909 -0.044994    -3.170910
 0.044863  0.995205 -0.086917     1.703296
 0.049030  0.084706  0.995199    -2.742040
>structures/IleRS_AF_Bact_Orientia_tsutsugamushi_str_Ikeda_gene66653313.pdb
-0.059771  0.816787 -0.573834    -2.175363
-0.506605 -0.520148 -0.687603     5.084916
-0.860104  0.249608  0.444878    -1.331499
>structures/IleRS_AF_Bact_Porphyromonas_gingivalis_ATCC_33277_gene29255747.pdb
-0.008960  0.811072 -0.584878     0.206114
-0.533560 -0.498557 -0.683194     5.110376
-0.845715  0.305946  0.437222    -3.134531
>structures/IleRS_AF_Bact_Streptobacillus_moniliformis_DSM_12112_gene29674186.pdb
 1.000000  0.000000  0.000000     0.000000
 0.000000  1.000000 -0.000000     0.000000
-0.000000  0.000000  1.000000     0.000000
>structures/IleRS_AF_Bact_Thermus_thermophilus_HB8_gene3168241.pdb
 0.003466  0.635516  0.772080    -3.559782
 0.481161 -0.677893  0.555829     5.671166
 0.876625  0.369568 -0.308135    -1.959462
>structures/IleRS_AF_Bact_Treponema_pallidum_subsp_pertenue_str_SamoaD_gene57878975.pdb
-0.716762  0.665727  0.207508    -4.237473
 0.644177  0.518202  0.562585     5.114488
 0.266997  0.536911 -0.800274    -1.630955
>structures/IleRS_AF_Euk_Cyanidioschyzon_merolae_strain_10D_gene16992835.pdb
 0.088084 -0.447722  0.889824    -3.937048
-0.192886 -0.884055 -0.425726     4.249056
 0.977260 -0.134135 -0.164230    -1.716301
>structures/IleRS_AF_Euk_Ostreococcus_lucimarinus_CCE9901_gene5000489.pdb
-0.889303  0.381859  0.251644   -11.920643
 0.451701  0.819424  0.352860     4.605491
-0.071461  0.427467 -0.901202    -3.737331
>structures/IleRS_AF_Euk_Trypanosoma_brucei_brucei_TREU927_gene3663037.pdb
-0.986036  0.165445  0.018983    -5.227833
 0.166116  0.969133  0.182173     2.716618
 0.011743  0.182783 -0.983083    -0.476702
>structures/IleRS_AF_Euk_Ustilago_maydis_521_gene23568123.pdb
 0.933242  0.317286 -0.168488    -4.846850
-0.358939  0.804087 -0.473928     1.933567
-0.014891  0.502766  0.864294    -4.358842
>structures/IleRS_AF_Mito_Drosophila_melanogaster_gene39762.pdb
-0.073971  0.374325 -0.924342    -0.663090
-0.015371 -0.927200 -0.374252     4.440584
-0.997142 -0.013476  0.074340    -4.841101
>structures/IleRS_AF_Mito_Homo_sapiens_gene55699.pdb
 0.992478 -0.069240 -0.100957    -4.134884
 0.068188  0.997577 -0.013830     2.657037
 0.101670  0.006842  0.994795    -2.474262
>structures/IleRS_AF_Vir_Megavirus_chiliensis_gene11256744.pdb
 0.215155  0.904638 -0.367883    -3.384337
-0.583876 -0.182802 -0.790994     4.683830
-0.782813  0.384985  0.488866    -2.969495
>structures/IleRS_PDB_Bact_S_aureus_1QU2.pdb
 0.591637 -0.699105 -0.401520    70.094725
 0.579932  0.715017 -0.390422   -33.894746
 0.560040 -0.001867  0.828464   -86.934771
>structures/IleRS_PDB_Bact_T_therm_1ILE.pdb
 0.034742  0.918019  0.395012    10.420272
 0.669559 -0.314812  0.672744    41.444145
 0.741946  0.241111 -0.625605    -1.057160
>structures/IleRS_PDB_Euk_S_cere_7D5C.pdb
 0.946008 -0.226600 -0.231778    -0.081041
-0.323021 -0.599578 -0.732232    40.208998
 0.026955  0.767567 -0.640402    14.954853
