>../../../../class1/lys//data/domains/Catalytic_domain/structures/LysRS-I_AF_Arch_Candidatus_Bathyarchaeota_archaeon_proteinRJS75864.1.pdb
 1.000000  0.000000  0.000000     0.000000
 0.000000  1.000000  0.000000     0.000000
 0.000000  0.000000  1.000000     0.000000
>../../../../class1/lys//data/domains/Catalytic_domain/structures/LysRS-I_AF_Arch_Candidatus_Nitrosopumilus_koreensis_AR1_gene13726042.pdb
-0.131045  0.107622 -0.985518     2.385424
 0.235921 -0.962146 -0.136440     3.842960
-0.962896 -0.250384  0.100694    -0.076133
>../../../../class1/lys//data/domains/Catalytic_domain/structures/LysRS-I_AF_Arch_Ferroplasma_acidarmanus_Fer1_gene16025146.pdb
 0.994746 -0.084385  0.057963     3.471100
 0.080160  0.994199  0.071717     0.418127
-0.063679 -0.066694  0.995739     3.069131
>../../../../class1/lys//data/domains/Catalytic_domain/structures/LysRS-I_AF_Arch_Halorubrum_lacusprofundi_ATCC_49239_gene7400505.pdb
-0.641489 -0.750883  0.157057    -0.851917
-0.719403  0.517747 -0.463029    -2.373569
 0.266365 -0.410016 -0.872317     1.353777
>../../../../class1/lys//data/domains/Catalytic_domain/structures/LysRS-I_AF_Bact_Cereibacter_sphaeroides_KD131_gene67447319.pdb
-0.977207  0.135053 -0.163793     0.223165
 0.059355  0.914594  0.399994     3.918513
 0.203824  0.381155 -0.901763     4.095298
>../../../../class1/lys//data/domains/Catalytic_domain/structures/LysRS-I_AF_Bact_Cyanobacteria_bacterium_J007_proteinRMH73500.1.pdb
 0.928351  0.366574 -0.061543    -0.715053
-0.355718  0.828128 -0.433208    -0.894238
-0.107837  0.424061  0.899190    -0.926566
>../../../../class1/lys//data/domains/Catalytic_domain/structures/LysRS-I_AF_Bact_Streptomyces_albidoflavus_gene15147364.pdb
 0.107039  0.126788 -0.986138    -2.079548
 0.268434 -0.958689 -0.094122     1.936274
-0.957333 -0.254638 -0.136652     0.583455
>../../../../class1/lys//data/domains/Catalytic_domain/structures/LysRS-I_AF_Bact_Treponema_denticola_ATCC_35405_gene2739918.pdb
 0.171101  0.080545 -0.981956    -2.079084
 0.212600 -0.976191 -0.043027     2.074412
-0.962042 -0.201402 -0.184151     0.471315
>../../../../class1/lys//data/domains/Catalytic_domain/structures/LysRS-I_PDB_Arch_P_hori_1IRX.pdb
 0.427592 -0.779037  0.458547   -23.422146
-0.896902 -0.302300  0.322771    30.364066
-0.112832 -0.549287 -0.827981    85.311969
>../../../../class1/met//data/domains/Catalytic_domain/structures/MetRS_AF_Arch_Aciduliprofundum_boonei_T469_gene8827030.pdb
 0.382683 -0.441740 -0.811431     3.358919
 0.221257 -0.808907  0.544715     3.855880
-0.896994 -0.387988 -0.211817    -0.018601
>../../../../class1/met//data/domains/Catalytic_domain/structures/MetRS_AF_Arch_Candidatus_Korarchaeum_cryptofilum_OPF8_gene6093355.pdb
 0.791653  0.547768 -0.270620     1.032322
-0.549830  0.831869  0.075369     5.765082
 0.266406  0.089129  0.959731    -2.776299
>../../../../class1/met//data/domains/Catalytic_domain/structures/MetRS_AF_Arch_Candidatus_Nitrosopumilus_sediminis_gene13696902.pdb
-0.114302  0.214112  0.970099     2.730914
 0.904568 -0.381284  0.190734     7.964395
 0.410721  0.899321 -0.150097    -0.913793
>../../../../class1/met//data/domains/Catalytic_domain/structures/MetRS_AF_Arch_Halalkalicoccus_jeotgali_B3_gene9420443.pdb
 0.416062 -0.419094 -0.807002     4.411625
 0.051369 -0.875213  0.481002     7.030746
-0.907884 -0.241582 -0.342615    -1.579682
>../../../../class1/met//data/domains/Catalytic_domain/structures/MetRS_AF_Bact_Bacillus_anthracis_str_Ames_Ancestor_gene45024892.pdb
-0.825382 -0.559136 -0.078173     3.595551
-0.061720  0.226996 -0.971938     6.810080
 0.561190 -0.797396 -0.221868    -1.882663
>../../../../class1/met//data/domains/Catalytic_domain/structures/MetRS_AF_Bact_Brucella_suis_1330_gene45052047.pdb
 0.705054  0.647538 -0.289127     1.225106
-0.670646  0.741358  0.024957     9.256231
 0.230508  0.176306  0.956965    -1.566127
>../../../../class1/met//data/domains/Catalytic_domain/structures/MetRS_AF_Bact_Chlamydia_psittaci_6BC_gene12243105.pdb
-0.130443 -0.262932 -0.955956     4.591735
-0.410552 -0.863319  0.293473    12.173016
-0.902459  0.430751  0.004667    -1.849326
>../../../../class1/met//data/domains/Catalytic_domain/structures/MetRS_AF_Bact_Mycoplasma_hyopneumoniae_168-L_gene57101263.pdb
 0.020763 -0.106194 -0.994129     3.932453
-0.135059 -0.985526  0.102455     9.915320
-0.990620  0.132139 -0.034805    -0.077589
>../../../../class1/met//data/domains/Catalytic_domain/structures/MetRS_AF_Bact_Nocardia_farcinica_IFM_10152_gene61135500.pdb
 0.248461  0.715481 -0.652958     0.650930
-0.966410  0.137369 -0.217212    10.775278
-0.065715  0.684994  0.725579    -1.502190
>../../../../class1/met//data/domains/Catalytic_domain/structures/MetRS_AF_Bact_Prochlorococcus_marinus_subsp_marinus_str_CCMP1375_gene54200313.pdb
 0.011415 -0.324836  0.945702     1.776413
 0.521373 -0.805094 -0.282832     9.907468
 0.853253  0.496292  0.160170    -0.895523
>../../../../class1/met//data/domains/Catalytic_domain/structures/MetRS_AF_Bact_Streptobacillus_moniliformis_DSM_12112_gene29673607.pdb
-0.940108  0.202511 -0.274200     2.283629
 0.232714  0.969068 -0.082162     7.390865
 0.249080 -0.141051 -0.958156     1.462442
>../../../../class1/met//data/domains/Catalytic_domain/structures/MetRS_AF_Bact_Treponema_denticola_ATCC_35405_gene2740824.pdb
 0.086740  0.204502  0.975015     0.333759
 0.667564 -0.738404  0.095486     8.142860
 0.739483  0.642603 -0.200567    -2.826571
>../../../../class1/met//data/domains/Catalytic_domain/structures/MetRS_AF_Euk_Drosophila_melanogaster_gene37177.pdb
 0.339974 -0.778713 -0.527280     7.312092
 0.268357 -0.457035  0.848000    15.610564
-0.901334 -0.429797  0.053593     0.804552
>../../../../class1/met//data/domains/Catalytic_domain/structures/MetRS_AF_Euk_Oryza_sativa_Japonica_Group_gene4341140.pdb
 0.753642 -0.569821 -0.327609     8.245238
 0.358501 -0.061404  0.931508    10.209917
-0.550909 -0.819472  0.158005     1.150098
>../../../../class1/met//data/domains/Catalytic_domain/structures/MetRS_AF_Euk_Scheffersomyces_stipitis_CBS_6054_gene4836672.pdb
-0.265163  0.296463  0.917496    -3.850970
 0.937565 -0.142849  0.317121    12.360693
 0.225078  0.944300 -0.240076     2.463446
>../../../../class1/met//data/domains/Catalytic_domain/structures/MetRS_AF_Euk_Trypanosoma_brucei_brucei_TREU927_gene3662741.pdb
-0.967873  0.239429 -0.076788     0.166045
 0.251152  0.935221 -0.249570    11.492152
 0.012060 -0.260837 -0.965307     0.952116
>../../../../class1/met//data/domains/Catalytic_domain/structures/MetRS_AF_Mito_Arvicanthis_niloticus_gene117706247.pdb
-0.688633  0.537935  0.486221     1.875868
 0.720292  0.584648  0.373317    10.006732
-0.083448  0.607300 -0.790078     2.023862
>../../../../class1/met//data/domains/Catalytic_domain/structures/MetRS_AF_Mito_Brachypodium_distachyon_gene100843706.pdb
 0.229208 -0.351755 -0.907597     2.786068
 0.156628 -0.906942  0.391056     8.904386
-0.960693 -0.231788 -0.152783     0.365692
>../../../../class1/met//data/domains/Catalytic_domain/structures/MetRS_PDB_Arch_P_abyssi_1RQG.pdb
-0.945982  0.070218 -0.316525    48.375583
 0.195200  0.902849 -0.383095    17.041604
 0.258874 -0.424186 -0.867785    86.605024
>../../../../class1/met//data/domains/Catalytic_domain/structures/MetRS_PDB_Bact_E_coli_1PFV.pdb
-0.048832  0.824583 -0.563629    14.208655
-0.986251  0.049389  0.157703    10.285410
 0.157877  0.563580  0.810834   -32.626537
>../../../../class1/met//data/domains/Catalytic_domain/structures/MetRS_PDB_Bact_T_therm_1WOY.pdb
 0.709654 -0.298285 -0.638293    76.015918
-0.477872  0.461932 -0.747166   112.948362
 0.517716  0.835252  0.185270    -7.065071
