>structures/Trp_Arch_3JXE_P_hori.pdb
 0.871853 -0.222764  0.436176    35.176574
 0.458514  0.058199 -0.886780    26.102681
 0.172157  0.973134  0.152881   -23.228417
>structures/Trp_Bact_3N9I_Y_pestis.pdb
-0.462816 -0.259650  0.847575    18.933823
-0.285233 -0.861672 -0.419719    77.595871
 0.839311 -0.436009  0.324734    -5.042641
>structures/Trp_Bact_3SZ3_V_chole.pdb
-0.109127 -0.910245 -0.399432    23.615728
-0.910905  0.252431 -0.326389     1.401159
 0.397923  0.328227 -0.856694    -0.562080
>structures/Trp_Euk_3HZR_E_hist.pdb
 0.501104  0.842277 -0.198658   -10.367151
 0.096198  0.173921  0.980050   -39.875291
 0.860024 -0.510217  0.006127    -0.254719
>structures/Trp_Euk_3KT3_S_Cerevisiae.pdb
-0.062342 -0.900248 -0.430892     3.147918
-0.968986 -0.048843  0.242241  -141.024962
-0.239123  0.432630 -0.869282   -70.744970
>structures/Tryptophanyl.A.Candidatus_Korarchaeota.NC_010482.1.pdb
 1.000000  0.000000  0.000000     0.000000
 0.000000  1.000000  0.000000     0.000000
 0.000000  0.000000  1.000000     0.000000
>structures/Tryptophanyl.A.Crenarchaeota.NC_014961.1.pdb
-0.074968 -0.534602  0.841772    -4.325333
-0.600983 -0.649394 -0.465947     4.135314
 0.795738 -0.540822 -0.272604    -1.052495
>structures/Tryptophanyl.A.Euryarchaeota.NC_000961.1.pdb
-0.746940 -0.661226 -0.069720    -4.633068
-0.623882  0.733263 -0.270364     2.364186
 0.229894 -0.158449 -0.960230    -1.381616
>structures/Tryptophanyl.A.Thaumarchaeota.NC_018655.1.pdb
 0.239121 -0.360246 -0.901689    -3.879196
 0.726610 -0.549609  0.412273     1.936880
-0.644096 -0.753759  0.130336    -1.382279
>structures/Tryptophanyl.B.Actinobacteria.NC_004551.1.pdb
-0.994122 -0.106067  0.021711    -1.035273
-0.091018  0.927360  0.362932    -0.504804
-0.058629  0.358822 -0.931563    -1.793440
>structures/Tryptophanyl.B.Chlamydiae.NC_002620.2.pdb
 0.044462  0.084309  0.995447    -2.489792
-0.205432 -0.974366  0.091699     1.409939
 0.977661 -0.208574 -0.026003    -3.603047
>structures/Tryptophanyl.B.Cyanobacteria.NC_005042.1.pdb
 0.328021  0.852367 -0.407274     0.014813
-0.490523 -0.214768 -0.844548    -0.425356
-0.807335  0.476807  0.347657    -3.394970
>structures/Tryptophanyl.B.Firmicutes.NC_004557.1.pdb
-0.335478 -0.790024  0.513143    -1.824820
-0.813066 -0.032292 -0.581275    -1.131537
 0.475792 -0.612224 -0.631509    -4.117647
>structures/Tryptophanyl.B.Proteobacteria.NC_014500.1.pdb
 0.751260 -0.483542 -0.449217     1.949900
 0.659031  0.586583  0.470743     2.318959
 0.035879 -0.649698  0.759345     0.219126
>structures/Tryptophanyl.B.Spirochaetes.NC_002967.9.pdb
-0.845133 -0.533339  0.036044    -1.432921
-0.474905  0.718164 -0.508631    -1.497934
 0.245387 -0.446978 -0.860230    -2.677384
>structures/Tryptophanyl.E.Ascomycota.NC_001136.10.pdb
-0.506129  0.582676  0.635863    -1.047683
 0.649770 -0.227190  0.725385    -0.421583
 0.567126  0.780303 -0.263619    -2.439289
>structures/Tryptophanyl.E.Bacillariophyta.NC_012087.1.pdb
-0.008236  0.738427 -0.674283    -3.592784
-0.526379 -0.576523 -0.624937     2.698085
-0.850210  0.349782  0.393441    -2.008086
>structures/Tryptophanyl.E.Evosea.NC_007088.5.pdb
-0.297787  0.303098  0.905237    -1.847126
 0.394677 -0.824332  0.405842    -1.563849
 0.869226  0.478130  0.125849    -3.107757
