>structures/Trp_Arch_3JXE_P_hori.pdb
 1.000000  0.000000  0.000000     0.000000
 0.000000  1.000000  0.000000     0.000000
 0.000000  0.000000  1.000000     0.000000
>structures/Trp_Bact_1I6M_G_stearo.pdb
-0.464103  0.354699  0.811663   -55.116712
-0.524932  0.627949 -0.574567    65.612522
-0.713481 -0.692726 -0.105240    68.823460
>structures/Trp_Bact_3N9I_Y_pestis.pdb
-0.395435 -0.698425  0.596517    13.009794
 0.899807 -0.424911  0.098986    24.989725
 0.184333  0.575893  0.796473   -49.690523
>structures/Trp_Bact_3SZ3_V_chole.pdb
-0.446795 -0.621989 -0.643042   -17.590048
 0.346257  0.542531 -0.765354    23.128176
 0.824912 -0.564614 -0.027032    20.389314
>structures/Trp_Euk_3HZR_E_hist.pdb
 0.621423  0.736089  0.268341   -65.934424
 0.735925 -0.665907  0.122405    27.892379
 0.268791  0.121413 -0.955516    42.527207
>structures/Trp_Euk_3KT3_S_Cerevisiae.pdb
-0.531817 -0.738646 -0.414214  -111.406595
-0.281510  0.615498 -0.736149   -49.742809
 0.798701 -0.274891 -0.535268   127.323653
>structures/Tryptophanyl.A.Candidatus_Korarchaeota.NC_010482.1.pdb
 0.872449  0.456701  0.173945   -38.618657
-0.224968  0.059342  0.972557    28.949615
 0.433845 -0.887639  0.154516    11.385427
>structures/Tryptophanyl.A.Crenarchaeota.NC_014961.1.pdb
-0.196006 -0.854369  0.481285   -40.718461
 0.753124 -0.445482 -0.484097    29.147162
 0.628001  0.267581  0.730763     5.757137
>structures/Tryptophanyl.A.Euryarchaeota.NC_000961.1.pdb
-0.895536 -0.268381 -0.354946   -41.767436
 0.358367  0.037884 -0.932812    28.815758
 0.263795 -0.962568  0.062252     7.034236
>structures/Tryptophanyl.A.Thaumarchaeota.NC_018655.1.pdb
 0.429422 -0.698217 -0.572791   -41.358420
-0.640902 -0.682460  0.351416    28.622532
-0.636271  0.216197 -0.740552     7.699855
>structures/Tryptophanyl.B.Actinobacteria.NC_004551.1.pdb
-0.921844  0.386471  0.029039   -40.084883
 0.159383  0.446337 -0.880557    27.368927
-0.353270 -0.807108 -0.473050    11.296725
>structures/Tryptophanyl.B.Chlamydiae.NC_002620.2.pdb
 0.120064 -0.405041  0.906381   -40.753340
 0.927632 -0.279480 -0.247772    26.090754
 0.353673  0.870536  0.342173     8.516944
>structures/Tryptophanyl.B.Cyanobacteria.NC_005042.1.pdb
-0.083628  0.722997 -0.685771   -39.411402
-0.886305  0.260594  0.382823    25.609849
 0.455488  0.639817  0.619003    11.159125
>structures/Tryptophanyl.B.Firmicutes.NC_004557.1.pdb
-0.596610 -0.799134  0.073769   -41.570419
 0.478607 -0.428080 -0.766605    25.159130
 0.644199 -0.422058  0.637867    10.840430
>structures/Tryptophanyl.B.Proteobacteria.NC_014500.1.pdb
 0.965538 -0.256083 -0.046460   -35.845710
-0.087306 -0.486855  0.869109    28.853406
-0.245183 -0.835101 -0.492434    10.273504
>structures/Tryptophanyl.B.Spirochaetes.NC_002967.9.pdb
-0.908847 -0.218284 -0.355456   -40.997572
 0.406854 -0.275907 -0.870830    26.581665
 0.092016 -0.936070  0.339567    11.620441
>structures/Tryptophanyl.E.Ascomycota.NC_001136.10.pdb
-0.062360  0.536487  0.841602   -40.359630
 0.709313  0.617044 -0.340782    26.788009
-0.702130  0.575708 -0.419016    11.075186
>structures/Tryptophanyl.E.Bacillariophyta.NC_012087.1.pdb
-0.392608  0.446265 -0.804181   -40.880522
-0.859091  0.134235  0.493907    27.973481
 0.328362  0.884776  0.330680     7.223014
>structures/Tryptophanyl.E.Evosea.NC_007088.5.pdb
 0.074741 -0.015876  0.997077   -41.393117
 0.938573  0.338911 -0.064959    26.244401
-0.336889  0.940685  0.040231    11.616486
