>structures/TrpRS_AF_Arch_Natrialba_magadii_ATCC_43099_gene8824932.pdb
-0.257723 -0.010875 -0.966158     0.042099
 0.594108 -0.790355 -0.149583    -1.072246
-0.761981 -0.612553  0.210154     0.272847
>structures/TrpRS_AF_Arch_Nitrosopumilus_maritimus_SCM1_gene5773245.pdb
-0.197313 -0.198263 -0.960083     1.571072
 0.703336 -0.710854  0.002248    -0.888397
-0.682924 -0.674818  0.279707    -1.383537
>structures/TrpRS_AF_Arch_Sulfolobus_islandicus_M1627_gene7814138.pdb
 0.317364 -0.674111  0.666974     3.487447
-0.753813 -0.606067 -0.253868    -2.259494
 0.575367 -0.422205 -0.700497     1.640515
>structures/TrpRS_AF_Arch_Thermoplasma_acidophilum_DSM_1728_gene1456706.pdb
 0.827503 -0.558063 -0.061686    -2.604550
 0.474471  0.753801 -0.454600    -4.897398
 0.300194  0.346915  0.888557     0.617146
>structures/TrpRS_AF_Bact_Anoxybacillus_flavithermus_WK1_gene7038388.pdb
 0.115823 -0.882763  0.455319     4.910213
-0.952133 -0.229231 -0.202227    -2.697002
 0.282891 -0.410101 -0.867058     4.953538
>structures/TrpRS_AF_Bact_Brachyspira_pilosicoli_95_1000_gene56440833.pdb
 0.692828  0.575345  0.434704     0.587657
-0.142138  0.699966 -0.699889     1.158066
-0.706956  0.423115  0.566734     4.302687
>structures/TrpRS_AF_Bact_Helicobacter_cinaedi_PAGU611_gene66538868.pdb
 0.234575 -0.688551  0.686201     5.405536
-0.864942 -0.470018 -0.175951    -1.966068
 0.443678 -0.552250 -0.705812     5.652909
>structures/TrpRS_AF_Bact_Mycoplasma_hyopneumoniae_168-L_gene57101461.pdb
 0.387552 -0.538877  0.747941     5.284903
-0.744893 -0.661045 -0.090298     0.322303
 0.543083 -0.522141 -0.657594     5.785782
>structures/TrpRS_AF_Bact_Porphyromonas_gingivalis_ATCC_33277_gene29255389.pdb
-0.535524  0.730968  0.422967     1.359592
 0.372536 -0.245007  0.895091     1.846141
 0.757912  0.636913 -0.141105     3.392454
>structures/TrpRS_AF_Bact_Prochlorococcus_marinus_subsp_marinus_str_CCMP1375_gene54200405.pdb
-0.306561 -0.390806 -0.867923    -1.821537
 0.825597 -0.562971 -0.038117     6.477460
-0.473719 -0.728241  0.495233     4.779428
>structures/TrpRS_AF_Bact_Streptomyces_albidoflavus_gene15147734.pdb
-0.123227  0.663444  0.738009     1.068573
 0.299669 -0.684083  0.665003     0.429176
 0.946052  0.303105 -0.114516     4.500592
>structures/TrpRS_AF_Bact_Thermus_thermophilus_HB8_gene3168998.pdb
 0.196827 -0.739330 -0.643933     1.059475
 0.952583 -0.011237  0.304072     0.816617
-0.232046 -0.673249  0.702061     3.674424
>structures/TrpRS_AF_Euk_Cryptococcus_neoformans_var_neoformans_JEC21_gene3254069.pdb
 1.000000  0.000000  0.000000     0.000000
 0.000000  1.000000  0.000000     0.000000
 0.000000  0.000000  1.000000     0.000000
>structures/TrpRS_AF_Euk_Cyanidioschyzon_merolae_strain_10D_gene16993299.pdb
 0.246473 -0.673726 -0.696667     1.144575
 0.913260 -0.079124  0.399619     0.041874
-0.324357 -0.734733  0.595785    -0.968976
>structures/TrpRS_AF_Euk_Drosophila_melanogaster_gene45399.pdb
-0.061511 -0.647149 -0.759878    -0.944438
 0.868762 -0.409532  0.278453     5.415341
-0.491394 -0.643026  0.587409    -0.287702
>structures/TrpRS_AF_Euk_Saccharomyces_cerevisiae_S288C_gene854056.pdb
 0.528802  0.830719 -0.173997    -0.666232
-0.486703  0.128845 -0.864013     0.054796
-0.695333  0.541577  0.472447     0.092568
>structures/TrpRS_AF_Mito_Bufo_gargarizans_gene122922343.pdb
 0.739089 -0.667935 -0.087243     0.937559
 0.664749  0.702288  0.254757     1.703826
-0.108892 -0.246283  0.963061     3.109314
>structures/TrpRS_AF_Mito_Cyanidioschyzon_merolae_strain_10D_gene16992222.pdb
 0.814528  0.461157  0.351964     4.624111
-0.080344  0.690531 -0.718827    -2.894562
-0.574534  0.557226  0.599508     1.432411
>structures/TrpRS_PDB_Arch_P_hori_3JXE.pdb
 0.194499  0.706265  0.680706   -16.798881
-0.934677 -0.077081  0.347042   -38.964222
 0.297572 -0.703739  0.645137    27.161115
>structures/TrpRS_PDB_Bact_G_stearo_1I6M.pdb
-0.948988  0.034691 -0.313398    65.503835
 0.225873 -0.618715 -0.752445    31.483302
-0.220007 -0.784849  0.579317     8.498696
>structures/TrpRS_PDB_Euk_S_Cerevisiae_3KT3.pdb
 0.236424  0.105352 -0.965922    12.147925
 0.796557  0.548261  0.254768   113.142104
 0.556418 -0.829645  0.045703   111.252161
