>structures/TrpRS_AF_Arch_Natrialba_magadii_ATCC_43099_gene8824932.pdb
 1.000000  0.000000  0.000000     0.000000
 0.000000  1.000000  0.000000     0.000000
 0.000000  0.000000  1.000000     0.000000
>structures/TrpRS_AF_Arch_Nitrosopumilus_maritimus_SCM1_gene5773245.pdb
 0.989053  0.142865  0.036927     0.909731
-0.134894  0.976825 -0.166184     0.785292
-0.059813  0.159383  0.985403    -1.811511
>structures/TrpRS_AF_Arch_Sulfolobus_islandicus_M1627_gene7814138.pdb
-0.967848  0.134005  0.212869    -2.673693
 0.240628  0.739777  0.628354     0.081393
-0.073273  0.659373 -0.748237    -2.853318
>structures/TrpRS_AF_Arch_Thermoplasma_acidophilum_DSM_1728_gene1456706.pdb
-0.158039  0.327939 -0.931386    -1.936649
-0.567605 -0.801999 -0.186070     2.909149
-0.807990  0.499253  0.312887     3.185693
>structures/TrpRS_AF_Bact_Anoxybacillus_flavithermus_WK1_gene7038388.pdb
-0.815628  0.397577  0.420338    -5.793931
 0.571334  0.438854  0.693530    -1.581093
 0.091264  0.805816 -0.585091    -3.509197
>structures/TrpRS_AF_Bact_Brachyspira_pilosicoli_95_1000_gene56440833.pdb
 0.270404 -0.050350 -0.961430    -1.940342
 0.539439 -0.819224  0.194621    -4.196691
-0.797426 -0.571259 -0.194360    -0.023922
>structures/TrpRS_AF_Bact_Helicobacter_cinaedi_PAGU611_gene66538868.pdb
-0.914856  0.312271  0.255981    -6.036060
 0.403660  0.722851  0.560844    -2.724358
-0.009901  0.616420 -0.787355    -4.069601
>structures/TrpRS_AF_Bact_Mycoplasma_hyopneumoniae_168-L_gene57101461.pdb
-0.956683  0.134295  0.258305    -4.758001
 0.245806  0.848031  0.469493    -4.498266
-0.156000  0.512649 -0.844308    -4.262532
>structures/TrpRS_AF_Bact_Porphyromonas_gingivalis_ATCC_33277_gene29255389.pdb
-0.224671 -0.809732  0.542086    -1.013302
-0.762193 -0.200571 -0.615494    -4.204890
 0.607112 -0.551458 -0.572109    -1.006250
>structures/TrpRS_AF_Bact_Prochlorococcus_marinus_subsp_marinus_str_CCMP1375_gene54200405.pdb
 0.931681  0.316125 -0.178982     1.480876
-0.355408  0.895181 -0.268955    -8.632746
 0.075197  0.314192  0.946377     1.560075
>structures/TrpRS_AF_Bact_Streptomyces_albidoflavus_gene15147734.pdb
-0.502805 -0.810460  0.300570    -2.547168
-0.823240  0.342959 -0.452389    -3.782925
 0.263560 -0.474904 -0.839644    -0.388038
>structures/TrpRS_AF_Bact_Thermus_thermophilus_HB8_gene3168998.pdb
 0.696573  0.692314 -0.188384    -1.678359
-0.609000  0.431683 -0.665409    -3.622733
-0.379350  0.578232  0.722317    -0.564581
>structures/TrpRS_AF_Euk_Cryptococcus_neoformans_var_neoformans_JEC21_gene3254069.pdb
-0.257362  0.594596 -0.761722     0.855203
-0.010210 -0.789904 -0.613146    -0.670538
-0.966261 -0.150023  0.209362    -0.170163
>structures/TrpRS_AF_Euk_Cyanidioschyzon_merolae_strain_10D_gene16993299.pdb
 0.730047  0.682612 -0.032745     1.269650
-0.521013  0.524933 -0.673046    -0.164130
-0.442241  0.508416  0.738875    -1.458188
>structures/TrpRS_AF_Euk_Drosophila_melanogaster_gene45399.pdb
 0.905452  0.415475 -0.086817     4.470830
-0.386258  0.721768 -0.574331    -4.783066
-0.175959  0.553563  0.814007    -0.089369
>structures/TrpRS_AF_Euk_Saccharomyces_cerevisiae_S288C_gene854056.pdb
 0.104635 -0.549038 -0.829222     0.971275
 0.806721 -0.440752  0.393623    -0.822879
-0.581596 -0.710137  0.396802     0.497082
>structures/TrpRS_AF_Mito_Bufo_gargarizans_gene122922343.pdb
 0.293206  0.773202 -0.562306    -0.720254
-0.462444 -0.400073 -0.791257    -3.919914
-0.836765  0.492036  0.240259    -0.800846
>structures/TrpRS_AF_Mito_Cyanidioschyzon_merolae_strain_10D_gene16992222.pdb
 0.174521 -0.125372 -0.976639    -3.250251
 0.401594 -0.896553  0.186854     0.684784
-0.899036 -0.424822 -0.106119    -3.998931
>structures/TrpRS_AF_Vir_Megavirus_chiliensis_gene11257301.pdb
 0.942865  0.271815  0.192669    -0.294361
-0.204108  0.928303 -0.310795    -0.008996
-0.263334  0.253712  0.930745    -0.531829
>structures/TrpRS_PDB_Arch_P_hori_3JXE.pdb
-0.834408  0.308436 -0.456761   -38.796397
 0.550805  0.495862 -0.671367    13.168262
 0.019416 -0.811781 -0.583640    27.806966
>structures/TrpRS_PDB_Bact_G_stearo_1I6M.pdb
 0.544901  0.213666 -0.810820    -3.507592
-0.032085  0.971594  0.234470   -31.223369
 0.837886 -0.101747  0.536278   -66.588396
>structures/TrpRS_PDB_Bact_Y_pestis_3N9I.pdb
 0.535137  0.188175 -0.823540   -19.736934
 0.109341 -0.982103 -0.153356    65.863435
-0.837659 -0.007980 -0.546135    36.937998
>structures/TrpRS_PDB_Euk_S_Cerevisiae_3KT3.pdb
-0.011241  0.931272  0.364151   -19.830601
-0.970605  0.077397 -0.227894  -158.342759
-0.240416 -0.356008  0.903027    -7.043239
