>structures/Trp_Arch_3JXE_P_hori.pdb
 1.000000  0.000000  0.000000     0.000000
 0.000000  1.000000  0.000000     0.000000
 0.000000  0.000000  1.000000     0.000000
>structures/Trp_Bact_3N9I_Y_pestis.pdb
-0.394730 -0.698638  0.596735    13.013732
 0.900040 -0.424583  0.098272    24.948972
 0.184708  0.575876  0.796398   -49.705177
>structures/Trp_Bact_3SZ3_V_chole.pdb
-0.449342 -0.623512 -0.639785   -17.551319
 0.348720  0.536924 -0.768184    23.313514
 0.822488 -0.568283 -0.023832    20.401100
>structures/Trp_Euk_3HZR_E_hist.pdb
 0.620347  0.736875  0.268673   -65.947198
 0.736382 -0.665119  0.123932    27.820674
 0.270022  0.120965 -0.955225    42.505583
>structures/Trp_Euk_3KT3_S_Cerevisiae.pdb
-0.531817 -0.738646 -0.414214  -111.406595
-0.281510  0.615498 -0.736149   -49.742809
 0.798701 -0.274891 -0.535268   127.323653
>structures/Tryptophanyl.A.Candidatus_Korarchaeota.NC_010482.1.pdb
 0.873364  0.455629  0.172156   -38.645758
-0.222012  0.057794  0.973330    28.938684
 0.433528 -0.888292  0.151630    11.356696
>structures/Tryptophanyl.A.Crenarchaeota.NC_014961.1.pdb
-0.196006 -0.854369  0.481285   -40.718461
 0.753124 -0.445482 -0.484097    29.147162
 0.628001  0.267581  0.730763     5.757137
>structures/Tryptophanyl.A.Euryarchaeota.NC_000961.1.pdb
-0.895302 -0.267916 -0.355886   -41.748022
 0.359558  0.036995 -0.932389    28.800316
 0.262968 -0.962732  0.063209     7.020325
>structures/Tryptophanyl.A.Thaumarchaeota.NC_018655.1.pdb
 0.429965 -0.697947 -0.572713   -41.364394
-0.640050 -0.683028  0.351865    28.612610
-0.636762  0.215276 -0.740399     7.705481
>structures/Tryptophanyl.B.Actinobacteria.NC_004551.1.pdb
-0.922291  0.385632  0.025845   -40.044660
 0.160669  0.443363 -0.881825    27.342442
-0.351518 -0.809146 -0.470869    11.253365
>structures/Tryptophanyl.B.Chlamydiae.NC_002620.2.pdb
 0.120969 -0.405817  0.905913   -40.740214
 0.928077 -0.277558 -0.248265    26.086092
 0.352194  0.870789  0.343054     8.503141
>structures/Tryptophanyl.B.Cyanobacteria.NC_005042.1.pdb
-0.084766  0.722903 -0.685731   -39.401482
-0.885352  0.261092  0.384686    25.607238
 0.457129  0.639721  0.617891    11.145153
>structures/Tryptophanyl.B.Firmicutes.NC_004557.1.pdb
-0.596428 -0.799425  0.072073   -41.556333
 0.481381 -0.428101 -0.764854    25.159280
 0.642298 -0.421486  0.640159    10.818614
>structures/Tryptophanyl.B.Proteobacteria.NC_014500.1.pdb
 0.965526 -0.256329 -0.045324   -35.828647
-0.088599 -0.487338  0.868707    28.841801
-0.244763 -0.834744 -0.493248    10.264623
>structures/Tryptophanyl.B.Spirochaetes.NC_002967.9.pdb
-0.907989 -0.218564 -0.357470   -40.985724
 0.408880 -0.275896 -0.869884    26.605607
 0.091501 -0.936008  0.339877    11.617270
>structures/Tryptophanyl.E.Ascomycota.NC_001136.10.pdb
-0.058166  0.539117  0.840220   -40.315328
 0.708253  0.615435 -0.345856    26.808595
-0.703558  0.574971 -0.417629    11.058407
>structures/Tryptophanyl.E.Bacillariophyta.NC_012087.1.pdb
-0.392608  0.446265 -0.804181   -40.880522
-0.859091  0.134235  0.493907    27.973481
 0.328362  0.884776  0.330680     7.223014
>structures/Tryptophanyl.E.Evosea.NC_007088.5.pdb
 0.075968 -0.014181  0.997009   -41.339899
 0.936617  0.343991 -0.066474    26.264239
-0.342019  0.938866  0.039414    11.575512
