>structures/ArgRS_AF_Arch_Candidatus_Korarchaeum_cryptofilum_OPF8_gene6093502.pdb
 0.999880  0.008092  0.013206     0.275144
-0.007766  0.999669 -0.024520     0.004864
-0.013400  0.024415  0.999612     0.065726
>structures/ArgRS_AF_Arch_Candidatus_Nitrosopumilus_sediminis_gene13697696.pdb
 0.760429 -0.633570 -0.142609    -9.894990
 0.647131  0.720829  0.248247     6.073028
-0.054485 -0.281061  0.958142     0.384103
>structures/ArgRS_AF_Arch_Desulfurococcus_mucosus_DSM_2162_gene10153309.pdb
 0.979126 -0.113917 -0.168333    10.930081
 0.184380  0.846337  0.499717    -3.881917
 0.085540 -0.520323  0.849675     5.098043
>structures/ArgRS_AF_Arch_Methanothermococcus_okinawensis_IH1_gene10773248.pdb
 0.881357  0.096609  0.462467    -6.190329
 0.172089  0.845977 -0.504686     6.532295
-0.439994  0.524395  0.728983     1.402580
>structures/ArgRS_AF_Bact_Anoxybacillus_flavithermus_WK1_gene7039015.pdb
 0.192768 -0.857947 -0.476201    -4.341996
 0.981236  0.166530  0.097180     6.411172
-0.004073 -0.485999  0.873950     3.631987
>structures/ArgRS_AF_Bact_Brachyspira_pilosicoli_95_1000_gene56439668.pdb
 0.786268  0.465803  0.405969   -14.351268
-0.283871  0.855903 -0.432258     5.400974
-0.548817  0.224628  0.805197     1.361709
>structures/ArgRS_AF_Bact_Chlamydia_psittaci_6BC_gene12242456.pdb
 0.969160  0.025130  0.245147   -10.290548
-0.020502  0.999561 -0.021410     4.150915
-0.245577  0.015724  0.969249    -0.353319
>structures/ArgRS_AF_Bact_Corynebacterium_ulcerans_809_gene75260071.pdb
 0.856433  0.377634  0.352016   -10.860170
-0.177820  0.855915 -0.485581     7.093040
-0.484668  0.353273  0.800185     1.591598
>structures/ArgRS_AF_Bact_Cupriavidus_taiwanensis_LMG_19424_gene29762022.pdb
 0.950453  0.104056  0.292935    -7.030649
-0.037206  0.973618 -0.225131     5.193918
-0.308633  0.203077  0.929250     0.107277
>structures/ArgRS_AF_Bact_Mycoplasma_hyopneumoniae_168-L_gene57100855.pdb
 0.993115 -0.008312  0.116852    -3.603952
 0.022115  0.992847 -0.117327     4.489306
-0.115041  0.119104  0.986195    -2.256941
>structures/ArgRS_AF_Bact_Prochlorococcus_marinus_subsp_marinus_str_CCMP1375_gene54199571.pdb
 0.007282 -0.640893 -0.767596    -9.402394
 0.892617 -0.341852  0.293892    11.095034
-0.450757 -0.687309  0.569583     2.125134
>structures/ArgRS_AF_Bact_Streptobacillus_moniliformis_DSM_12112_gene29674021.pdb
 0.247660 -0.829727  0.500218   -13.447698
-0.790343 -0.471647 -0.391034     6.145655
 0.560378 -0.298500 -0.772577     0.858828
>structures/ArgRS_AF_Euk_Micromonas_commoda_gene8250062.pdb
-0.962146 -0.231928 -0.143122    -7.983735
-0.242653  0.968101  0.062446     0.359693
 0.124074  0.094811 -0.987733    -0.360418
>structures/ArgRS_AF_Euk_Paulinella_chromatophora_gene6481434.pdb
-0.134311 -0.397542 -0.907701   -11.535918
 0.679937 -0.703322  0.207421     8.466937
-0.720865 -0.589321  0.364768    -2.520266
>structures/ArgRS_AF_Euk_Polyodon_spathula_gene121324634.pdb
 0.667251  0.742871  0.054022    -6.965771
-0.352085  0.378495 -0.856024    -4.583147
-0.656363  0.552163  0.514105    -3.231667
>structures/ArgRS_AF_Euk_Thalassiosira_pseudonana_CCMP1335_gene7449555.pdb
 0.253381 -0.738246  0.625132    -4.540765
-0.746986 -0.559923 -0.358467     0.689262
 0.614663 -0.376136 -0.693333     1.723929
>structures/ArgRS_AF_Mito_Caenorhabditis_elegans_gene174023.pdb
-0.613461 -0.625468  0.482137   -45.622919
 0.247922  0.427118  0.869543   -40.778860
-0.749800  0.652963 -0.106953   -11.603263
>structures/ArgRS_AF_Mito_Saccharomyces_cerevisiae_S288C_gene851942.pdb
-0.291992  0.930428  0.221460   -16.876699
 0.079197 -0.207235  0.975080     5.300112
 0.953136  0.302254 -0.013176     3.660363
>structures/ArgRS_AF_Vir_Megavirus_chiliensis_gene11257368.pdb
 0.287658  0.366826  0.884698    -9.749485
-0.078740 -0.911557  0.403565     6.185630
 0.954491 -0.185750 -0.233333     3.715346
>structures/ArgRS_PDB_Arch_2ZUF.pdb
 0.020348  0.622317  0.782501   -31.027242
 0.685392  0.561127 -0.464084     8.608409
-0.727890  0.545763 -0.415113    30.591544
>structures/ArgRS_PDB_Bact_1IQ0.pdb
-0.721623 -0.514934  0.462713    35.865776
 0.192572 -0.791312 -0.580294    50.053755
 0.664964 -0.329648  0.670190    12.905182
>structures/ArgRS_PDB_Euk_S_cerevisiae_1BS2.pdb
-0.881248 -0.243721 -0.404973    32.094719
 0.472312 -0.421456 -0.774142     4.276718
 0.017996 -0.873485  0.486519    77.449455
