>structures/GlnRS_AF_Bact_Anaerostipes_hadrus_gene15230984.pdb
 0.947725  0.315564 -0.047296     0.467958
-0.286805  0.777463 -0.559727    -0.649923
-0.139859  0.544031  0.827327    -0.022921
>structures/GlnRS_AF_Bact_Cutibacterium_avidum_44067_gene29843447.pdb
 1.000000  0.000000  0.000000     0.000000
 0.000000  1.000000  0.000000     0.000000
 0.000000  0.000000  1.000000     0.000000
>structures/GlnRS_AF_Bact_Pasteurella_multocida_subsp_multocida_str_Pm70_gene1243875.pdb
 0.936865  0.020352 -0.349099    -0.164167
-0.054783  0.994520 -0.089040    -1.613782
 0.345374  0.102543  0.932846    -0.503871
>structures/GlnRS_AF_Bact_Porphyromonas_gingivalis_ATCC_33277_gene29257033.pdb
 0.832447  0.517545 -0.197939     1.174251
-0.459092  0.444173 -0.769380     0.940753
-0.310270  0.731340  0.607351     0.152390
>structures/GlnRS_AF_Bact_Thermus_thermophilus_HB8_gene3168786.pdb
-0.590948  0.307434  0.745832     2.299831
 0.342647 -0.741337  0.577072     2.253750
 0.730324  0.596576  0.332750     0.636107
>structures/GlnRS_AF_Euk_Candida_dubliniensis_CD36_gene8049124.pdb
 0.871071  0.472113 -0.135441     1.559455
-0.489806  0.814554 -0.310792     2.013539
-0.036404  0.337062  0.940779    -2.900005
>structures/GlnRS_AF_Euk_Dictyostelium_discoideum_AX4_gene8627167.pdb
-0.851469  0.479522  0.212274     4.166357
 0.398199  0.327814  0.856723     1.930826
 0.341231  0.814000 -0.470069    -5.161590
>structures/GlnRS_AF_Euk_Encephalitozoon_romaleae_SJ-2008_gene20564565.pdb
-0.749652  0.277181  0.600993     1.694384
 0.613889 -0.048109  0.787925     1.179473
 0.247311  0.959613 -0.134093    -3.039567
>structures/GlnRS_AF_Euk_Myodes_glareolus_gene125393344.pdb
 0.361427 -0.497151 -0.788804     2.677140
 0.593407 -0.529897  0.605869    -5.740915
-0.719193 -0.687059  0.103493    -1.325673
>structures/GlnRS_AF_Mito_Cyanidioschyzon_merolae_strain_10D_gene16997184.pdb
-0.626896  0.431768  0.648520     0.285529
 0.394127 -0.542280  0.742022     3.615494
 0.672061  0.720769  0.169782    -3.536195
>structures/GlnRS_Bact_D_radio_2HZ7.pdb
-0.767883  0.607708 -0.202600     9.063897
 0.500384  0.371557 -0.782024    23.169172
-0.399965 -0.701880 -0.589400    84.956312
>structures/GlnRS_Bact_E_coli_1QTQ.pdb
 0.704044  0.654960 -0.274497   -33.953261
 0.385151 -0.027413  0.922447   -28.214094
 0.596641 -0.755166 -0.271558    -7.344015
>structures/GlnRS_PDB_Euk_T_gondii_4P2B.pdb
-0.474201  0.856811 -0.202503     8.729956
 0.862067  0.498583  0.090857  -107.504335
 0.178812 -0.131487 -0.975058    42.475080
