>structures/ArgRS_AF_Arch_Candidatus_Korarchaeum_cryptofilum_OPF8_gene6093502.pdb
 0.951996  0.140205 -0.272116    -2.468550
-0.209013  0.947189 -0.243201    -6.312166
 0.223647  0.288402  0.931024     0.375231
>structures/ArgRS_AF_Arch_Candidatus_Nitrosopumilus_sediminis_gene13697696.pdb
 0.777755 -0.122335 -0.616547    -5.962447
 0.247929  0.961057  0.122063   -10.535853
 0.577605 -0.247796  0.777798     2.171025
>structures/ArgRS_AF_Arch_Desulfurococcus_mucosus_DSM_2162_gene10153309.pdb
 0.999659 -0.001803 -0.026055    -0.283142
 0.001838  0.999997  0.001347    -0.067359
 0.026053 -0.001394  0.999660    -0.432981
>structures/ArgRS_AF_Arch_Methanothermococcus_okinawensis_IH1_gene10773248.pdb
 0.979388  0.194641 -0.053986    -5.050329
-0.185405  0.760210 -0.622661    -6.147430
-0.080154  0.619835  0.780628     3.416463
>structures/ArgRS_AF_Bact_Anoxybacillus_flavithermus_WK1_gene7039015.pdb
 0.554027 -0.475415 -0.683400    -4.724430
 0.810548  0.495313  0.312534   -10.760923
 0.189913 -0.727080  0.659763     4.696815
>structures/ArgRS_AF_Bact_Brachyspira_pilosicoli_95_1000_gene56439668.pdb
 0.740390  0.582949 -0.334655    -9.026477
-0.619487  0.398543 -0.676313    -7.536846
-0.260881  0.708049  0.656206     3.024093
>structures/ArgRS_AF_Bact_Chlamydia_psittaci_6BC_gene12242456.pdb
 0.863522  0.360447 -0.352715    -5.404756
-0.434199  0.887130 -0.156435    -4.671364
 0.256518  0.288233  0.922562     0.101905
>structures/ArgRS_AF_Bact_Corynebacterium_ulcerans_809_gene75260071.pdb
 0.829217  0.453864 -0.326200    -8.369728
-0.553020  0.581604 -0.596579    -7.517641
-0.081046  0.675088  0.733272     2.692042
>structures/ArgRS_AF_Bact_Cupriavidus_taiwanensis_LMG_19424_gene29762022.pdb
 0.910609  0.289569 -0.294856    -5.131203
-0.394136  0.823080 -0.408897    -5.126417
 0.124286  0.488559  0.863634     4.078259
>structures/ArgRS_AF_Bact_Mycoplasma_hyopneumoniae_168-L_gene57100855.pdb
 0.937010  0.125084 -0.326137    -3.775103
-0.243418  0.903464 -0.352846    -7.003622
 0.250518  0.410008  0.877003     2.224803
>structures/ArgRS_AF_Bact_Prochlorococcus_marinus_subsp_marinus_str_CCMP1375_gene54199571.pdb
 0.533517 -0.260959 -0.804525    -3.957002
 0.815788 -0.092329  0.570934    -0.751777
-0.223272 -0.960924  0.163628     3.405869
>structures/ArgRS_AF_Bact_Streptobacillus_moniliformis_DSM_12112_gene29674021.pdb
-0.465441 -0.637202  0.614278    -5.979799
-0.806781  0.020042 -0.590511    -4.780778
 0.363963 -0.770436 -0.523411     2.858589
>structures/ArgRS_AF_Euk_Micromonas_commoda_gene8250062.pdb
-0.883569  0.047935  0.465840    -5.027441
 0.139754  0.976409  0.164603    -9.037519
-0.446961  0.210542 -0.869424     0.853631
>structures/ArgRS_AF_Euk_Paulinella_chromatophora_gene6481434.pdb
 0.499270 -0.189413 -0.845489    -3.747320
 0.748441 -0.397359  0.530982    -0.447343
-0.436538 -0.897902 -0.056625     1.684941
>structures/ArgRS_AF_Euk_Polyodon_spathula_gene121324634.pdb
 0.784539  0.421788 -0.454525    -3.878398
-0.496540 -0.011719 -0.867935   -11.456293
-0.371411  0.906619  0.200241    -1.103230
>structures/ArgRS_AF_Euk_Thalassiosira_pseudonana_CCMP1335_gene7449555.pdb
-0.380074 -0.490788  0.784009    -2.326238
-0.741928 -0.344399 -0.575267    -8.812315
 0.552346 -0.800322 -0.233233     6.273666
>structures/ArgRS_AF_Mito_Caenorhabditis_elegans_gene174023.pdb
 0.404716 -0.250133 -0.879567     0.789511
 0.377708 -0.830251  0.409903    -0.836171
-0.832792 -0.498113 -0.241539     1.696227
>structures/ArgRS_AF_Mito_Saccharomyces_cerevisiae_S288C_gene851942.pdb
-0.714169  0.139710  0.685889    -8.897563
 0.480193 -0.615160  0.625295    -6.330288
 0.509291  0.775925  0.372240     0.902084
>structures/ArgRS_AF_Vir_Megavirus_chiliensis_gene11257368.pdb
-0.363642 -0.184585  0.913068    -4.502990
-0.225637 -0.933530 -0.278585    -3.719217
 0.903799 -0.307327  0.297822     7.812909
>structures/ArgRS_PDB_Arch_2ZUF.pdb
 0.591136  0.618737  0.517420   -29.503544
 0.704134 -0.083000 -0.705199    -3.578101
-0.393387  0.781202 -0.484738    29.961853
>structures/ArgRS_PDB_Bact_1IQ0.pdb
-0.964453 -0.254424 -0.071413    22.109137
 0.172053 -0.399458 -0.900461    18.542484
 0.200572 -0.880739  0.429033    63.300526
>structures/ArgRS_PDB_Bact_3FNR.pdb
-0.840806  0.117223 -0.528492    95.790434
-0.540159 -0.246024  0.804798   -65.022768
-0.035681  0.962149  0.270177   -72.439982
