>../../../../class1/gln//data/domains/Catalytic_domain/structures/GlnRS_AF_Bact_Anaerostipes_hadrus_gene15230984.pdb
-0.125329  0.748479 -0.651208   -11.833808
 0.781501 -0.329882 -0.529561    -6.236508
-0.611186 -0.575289 -0.543593     2.496028
>../../../../class1/gln//data/domains/Catalytic_domain/structures/GlnRS_AF_Bact_Cutibacterium_avidum_44067_gene29843447.pdb
 0.173614  0.979220 -0.104818   -11.666921
 0.640321 -0.193107 -0.743437    -6.345099
-0.748229  0.061954 -0.660542     3.468724
>../../../../class1/gln//data/domains/Catalytic_domain/structures/GlnRS_AF_Bact_Pasteurella_multocida_subsp_multocida_str_Pm70_gene1243875.pdb
 0.061634  0.963196 -0.261638   -13.101969
 0.351697 -0.266282 -0.897442    -5.728302
-0.934083 -0.036704 -0.355166     4.059377
>../../../../class1/gln//data/domains/Catalytic_domain/structures/GlnRS_AF_Bact_Porphyromonas_gingivalis_ATCC_33277_gene29257033.pdb
-0.255302  0.441720 -0.860061   -10.979245
 0.847666 -0.325612 -0.418855    -5.360050
-0.465063 -0.835978 -0.291301     2.877595
>../../../../class1/gln//data/domains/Catalytic_domain/structures/GlnRS_AF_Bact_Thermus_thermophilus_HB8_gene3168786.pdb
 0.132250 -0.749672  0.648461    -9.706384
-0.991151 -0.107543  0.077812    -5.453143
 0.011404 -0.653013 -0.757260     2.308033
>../../../../class1/gln//data/domains/Catalytic_domain/structures/GlnRS_AF_Euk_Arabidopsis_thaliana_gene832718.pdb
 0.034534  0.909757  0.413703   -18.543483
-0.363876 -0.374092  0.853024    -4.993512
 0.930807 -0.179995  0.318119     2.370763
>../../../../class1/gln//data/domains/Catalytic_domain/structures/GlnRS_AF_Euk_Candida_dubliniensis_CD36_gene8049124.pdb
-0.335635  0.839145 -0.428002    -9.081696
 0.668244 -0.108135 -0.736041    -3.222441
-0.663927 -0.533051 -0.524460     4.490122
>../../../../class1/gln//data/domains/Catalytic_domain/structures/GlnRS_AF_Euk_Encephalitozoon_romaleae_SJ-2008_gene20564565.pdb
 0.455304 -0.118241  0.882449   -10.289856
-0.791225 -0.508200  0.340142    -3.334122
 0.408242 -0.853084 -0.324941     3.709148
>../../../../class1/gln//data/domains/Catalytic_domain/structures/GlnRS_AF_Euk_Myodes_glareolus_gene125393344.pdb
 0.748231 -0.518161  0.414319   -17.923416
 0.612330  0.299003 -0.731881    -2.606072
 0.255349  0.801316  0.541008     1.391732
>../../../../class1/gln//data/domains/Catalytic_domain/structures/GlnRS_AF_Mito_Cyanidioschyzon_merolae_strain_10D_gene16997184.pdb
 0.219780 -0.530699  0.818569    -7.532598
-0.974562 -0.157188  0.159754    -4.213651
 0.043888 -0.832857 -0.551745     5.480672
>../../../../class1/gln//data/domains/Catalytic_domain/structures/GlnRS_Bact_D_radio_2HZ7.pdb
 0.435593  0.470293 -0.767518    10.441312
-0.215076  0.882342  0.418587   -69.412758
 0.874072 -0.017259  0.485490   -54.173463
>../../../../class1/gln//data/domains/Catalytic_domain/structures/GlnRS_Bact_E_coli_1QTQ.pdb
 0.404769  0.178244  0.896879   -43.398721
-0.077628  0.983975 -0.160519   -16.618773
-0.911118 -0.004649  0.412119    33.352560
>../../../../class1/gln//data/domains/Catalytic_domain/structures/GlnRS_PDB_Euk_T_gondii_4P2B.pdb
 0.700300  0.688115  0.189944  -121.455396
-0.664419  0.531018  0.525896    -2.819869
 0.261013 -0.494487  0.829069   -39.451760
>../../../../class1/tyr//data/domains/Catalytic_domain/structures/TyrRS_AF_Arch_Candidatus_Korarchaeum_cryptofilum_OPF8_gene6094625.pdb
-0.292412 -0.602372 -0.742727    -8.259313
-0.880404 -0.133642  0.455003     2.165995
-0.373341  0.786948 -0.491253     2.582196
>../../../../class1/tyr//data/domains/Catalytic_domain/structures/TyrRS_AF_Arch_Desulfurococcus_amylolyticus_1221n_gene7171652.pdb
-0.664476  0.145682 -0.732972    -8.478743
-0.683289  0.278758  0.674840     3.568306
 0.302634  0.949247 -0.085685     3.066669
>../../../../class1/tyr//data/domains/Catalytic_domain/structures/TyrRS_AF_Arch_Methanothermococcus_okinawensis_IH1_gene10772133.pdb
 0.851775  0.267445  0.450503   -10.474305
-0.325462 -0.403724  0.855033     4.977020
 0.410553 -0.874917 -0.256839     5.630870
>../../../../class1/tyr//data/domains/Catalytic_domain/structures/TyrRS_AF_Arch_Thermoplasma_acidophilum_DSM_1728_gene1456112.pdb
 0.656389  0.397755  0.641049    -5.694431
 0.347028  0.595299 -0.724701     3.110739
-0.669869  0.698148  0.252716    -2.141212
>../../../../class1/tyr//data/domains/Catalytic_domain/structures/TyrRS_AF_Bact_Bifidobacterium_animalis_subsp_lactis_BLC1_gene66533077.pdb
-0.764104  0.316457 -0.562138   -10.945181
-0.621936 -0.130003  0.772201    -2.568949
 0.171289  0.939656  0.296153     2.590730
>../../../../class1/tyr//data/domains/Catalytic_domain/structures/TyrRS_AF_Bact_Brachyspira_pilosicoli_95_1000_gene56440491.pdb
 0.665436 -0.174082  0.725872    -3.718136
 0.710472  0.445984 -0.544361     2.711896
-0.228964  0.877949  0.420454     1.803321
>../../../../class1/tyr//data/domains/Catalytic_domain/structures/TyrRS_AF_Bact_Chlamydia_psittaci_6BC_gene12242888.pdb
-0.709994  0.480551 -0.514761    -8.028132
-0.602817 -0.036868  0.797028     1.951052
 0.364035  0.876191  0.315860     1.593383
>../../../../class1/tyr//data/domains/Catalytic_domain/structures/TyrRS_AF_Bact_Lactococcus_lactis_subsp_cremoris_KW2_gene61108704.pdb
-0.685822  0.496736 -0.531885    -9.444494
-0.639172 -0.061644  0.766589    -2.540135
 0.348004  0.865710  0.359777     3.242770
>../../../../class1/tyr//data/domains/Catalytic_domain/structures/TyrRS_AF_Bact_Porphyromonas_gingivalis_ATCC_33277_gene29255602.pdb
 0.584655  0.250010  0.771799    -5.820507
 0.726094  0.263113 -0.635263    -1.107586
-0.361892  0.931808 -0.027700    -0.899054
>../../../../class1/tyr//data/domains/Catalytic_domain/structures/TyrRS_AF_Bact_Prochlorococcus_marinus_subsp_marinus_str_CCMP1375_gene54200747.pdb
 0.161413  0.806188  0.569216    -9.259643
-0.572488 -0.393325  0.719412     2.095391
 0.803868 -0.441991  0.398045     1.835256
>../../../../class1/tyr//data/domains/Catalytic_domain/structures/TyrRS_AF_Bact_Serratia_plymuthica_AS9_gene57666950.pdb
 0.351911  0.930961  0.097317   -11.749563
-0.576109  0.133477  0.806401    -3.052709
 0.737738 -0.339846  0.583307     2.095574
>../../../../class1/tyr//data/domains/Catalytic_domain/structures/TyrRS_AF_Bact_Streptobacillus_moniliformis_DSM_12112_gene29673957.pdb
 0.077991  0.992942 -0.089349   -11.359428
-0.609234  0.118409  0.784100     0.969614
 0.789146 -0.006718  0.614169     9.238906
>../../../../class1/tyr//data/domains/Catalytic_domain/structures/TyrRS_AF_Euk_Cryptococcus_neoformans_var_neoformans_JEC21_gene3254328.pdb
-0.586732  0.763120 -0.270913   -10.727636
-0.543366 -0.122958  0.830443    -1.511321
 0.600416  0.634452  0.486797     2.350222
>../../../../class1/tyr//data/domains/Catalytic_domain/structures/TyrRS_AF_Euk_Drosophila_melanogaster_gene39829.pdb
 1.000000  0.000000  0.000000     0.000000
 0.000000  1.000000  0.000000     0.000000
 0.000000  0.000000  1.000000     0.000000
>../../../../class1/tyr//data/domains/Catalytic_domain/structures/TyrRS_AF_Euk_Plasmodium_falciparum_3D7_gene2655248.pdb
-0.379883 -0.367330 -0.848974   -10.643733
-0.884938  0.411594  0.217890     4.343751
 0.269395  0.834062 -0.481421     2.300197
>../../../../class1/tyr//data/domains/Catalytic_domain/structures/TyrRS_AF_Euk_Seriola_dumerili_gene111223086.pdb
 0.990229 -0.110221  0.085427     1.818297
-0.048978  0.298679  0.953096     1.253111
-0.130567 -0.947967  0.290362     0.647026
>../../../../class1/tyr//data/domains/Catalytic_domain/structures/TyrRS_AF_Mito_Aspergillus_fumigatus_Af293_gene3509181.pdb
-0.316984 -0.674762 -0.666497   -14.993694
 0.569302 -0.697423  0.435313     9.994306
-0.758562 -0.241450  0.605215    -1.714001
>../../../../class1/tyr//data/domains/Catalytic_domain/structures/TyrRS_AF_Mito_Cyanidioschyzon_merolae_strain_10D_gene16996209.pdb
-0.651465  0.714215 -0.255909   -11.414779
-0.571480 -0.240105  0.784704    -0.266897
 0.499003  0.657454  0.564579     3.073220
>../../../../class1/tyr//data/domains/Catalytic_domain/structures/TyrRS_PDB_Arch_M_jannashii_1U7D.pdb
 0.637996 -0.672875  0.374434    13.964529
 0.063439 -0.438671 -0.896406    41.379833
 0.767422  0.595657 -0.237184   -22.132281
>../../../../class1/tyr//data/domains/Catalytic_domain/structures/TyrRS_PDB_E_coli_Bact_1WQ4.pdb
-0.765381  0.222072 -0.604050    42.543685
-0.104704 -0.969043 -0.223590    30.287487
-0.635003 -0.107885  0.764939   -20.253831
>../../../../class1/tyr//data/domains/Catalytic_domain/structures/TyrRS_PDB_L_major_Euk_3P0I.pdb
 0.057506 -0.782728  0.619701     2.301040
-0.599185 -0.523559 -0.605693    92.209226
 0.798543 -0.336484 -0.499106    39.470565
