>../../../../class1/gln//data/domains/Catalytic_domain/structures/GlnRS_AF_Bact_Anaerostipes_hadrus_gene15230984.pdb
-0.613693  0.507268 -0.605029     0.961170
 0.187567  0.838032  0.512368     7.039905
 0.766941  0.200953 -0.609441    -9.289722
>../../../../class1/gln//data/domains/Catalytic_domain/structures/GlnRS_AF_Bact_Cutibacterium_avidum_44067_gene29843447.pdb
-0.369914  0.920659 -0.124706     1.519023
 0.436261  0.290637  0.851591     6.287839
 0.820268  0.260611 -0.509158    -9.674760
>../../../../class1/gln//data/domains/Catalytic_domain/structures/GlnRS_AF_Bact_Pasteurella_multocida_subsp_multocida_str_Pm70_gene1243875.pdb
-0.444544  0.892396 -0.077519     0.201370
 0.692199  0.397162  0.602597     5.132395
 0.568543  0.214222 -0.794272    -9.917080
>../../../../class1/gln//data/domains/Catalytic_domain/structures/GlnRS_AF_Bact_Porphyromonas_gingivalis_ATCC_33277_gene29257033.pdb
-0.680988  0.139465 -0.718891     1.564109
-0.004320  0.980915  0.194390     6.444954
 0.732282  0.135482 -0.667389    -8.388296
>../../../../class1/gln//data/domains/Catalytic_domain/structures/GlnRS_AF_Bact_Thermus_thermophilus_HB8_gene3168786.pdb
 0.435139 -0.872663  0.221615     2.444557
 0.424667  0.415965  0.804134     7.229450
-0.793922 -0.255798  0.551594    -7.709098
>../../../../class1/gln//data/domains/Catalytic_domain/structures/GlnRS_AF_Euk_Candida_dubliniensis_CD36_gene8049124.pdb
-0.768893  0.537148 -0.346807     3.196923
 0.211362  0.725456  0.655011     4.865305
 0.603431  0.430331 -0.671331    -6.201989
>../../../../class1/gln//data/domains/Catalytic_domain/structures/GlnRS_AF_Euk_Dictyostelium_discoideum_AX4_gene8627167.pdb
 0.632458  0.021558  0.774295     1.953798
 0.020676  0.998787 -0.044697     4.032051
-0.774319  0.044279  0.631245    -3.225932
>../../../../class1/gln//data/domains/Catalytic_domain/structures/GlnRS_AF_Euk_Encephalitozoon_romaleae_SJ-2008_gene20564565.pdb
 0.815825 -0.284205  0.503644     1.859201
 0.080895  0.918428  0.387230     4.966062
-0.572613 -0.275169  0.772267    -6.442605
>../../../../class1/gln//data/domains/Catalytic_domain/structures/GlnRS_AF_Euk_Myodes_glareolus_gene125393344.pdb
 0.541722 -0.218981  0.811532    -5.796880
-0.292431 -0.954256 -0.062287     5.155529
 0.788049 -0.203575 -0.580978    -8.668640
>../../../../class1/gln//data/domains/Catalytic_domain/structures/GlnRS_AF_Mito_Cyanidioschyzon_merolae_strain_10D_gene16997184.pdb
 0.519669 -0.739337  0.428165     5.202493
 0.411168  0.655718  0.633226     4.475451
-0.748923 -0.153020  0.644748    -6.626997
>../../../../class1/gln//data/domains/Catalytic_domain/structures/GlnRS_Bact_D_radio_2HZ7.pdb
 0.797458  0.104254 -0.594299    17.720927
-0.565272 -0.215380 -0.796291    87.734267
-0.211017  0.970949 -0.112824   -38.842579
>../../../../class1/gln//data/domains/Catalytic_domain/structures/GlnRS_Bact_E_coli_1QTQ.pdb
-0.000185 -0.173287  0.984871    -9.831485
 0.938292 -0.340642 -0.059760   -24.602285
 0.345844  0.924086  0.162657   -40.305744
>../../../../class1/gln//data/domains/Catalytic_domain/structures/GlnRS_PDB_Euk_T_gondii_4P2B.pdb
 0.919771  0.204686  0.334849  -110.529647
 0.233176  0.401273 -0.885782    12.413388
-0.315673  0.892795  0.321351   -45.452350
>../../../../class1/tyr//data/domains/Catalytic_domain/structures/TyrRS_AF_Arch_Candidatus_Korarchaeum_cryptofilum_OPF8_gene6094625.pdb
-0.110146 -0.148933 -0.982694     1.555416
 0.602785 -0.796135  0.053095     4.327113
-0.790264 -0.586505  0.177465    -0.611101
>../../../../class1/tyr//data/domains/Catalytic_domain/structures/TyrRS_AF_Arch_Desulfurococcus_amylolyticus_1221n_gene7171652.pdb
-0.220270  0.408599 -0.885736     1.071235
-0.156837 -0.911059 -0.381278     3.281257
-0.962748  0.054932  0.264762     0.368776
>../../../../class1/tyr//data/domains/Catalytic_domain/structures/TyrRS_AF_Arch_Methanothermococcus_okinawensis_IH1_gene10772133.pdb
 1.000000  0.000000  0.000000     0.000000
 0.000000  1.000000  0.000000     0.000000
 0.000000  0.000000  1.000000     0.000000
>../../../../class1/tyr//data/domains/Catalytic_domain/structures/TyrRS_AF_Arch_Thermoplasma_acidophilum_DSM_1728_gene1456112.pdb
 0.175394  0.422255  0.889347     1.492788
 0.616596 -0.751347  0.235131     8.698674
 0.767493  0.507127 -0.392143     2.595302
>../../../../class1/tyr//data/domains/Catalytic_domain/structures/TyrRS_AF_Bact_Bifidobacterium_animalis_subsp_lactis_BLC1_gene66533077.pdb
-0.376959  0.695935 -0.611210     0.901332
-0.101992 -0.687065 -0.719402     5.419793
-0.920598 -0.208846  0.329975    -5.777466
>../../../../class1/tyr//data/domains/Catalytic_domain/structures/TyrRS_AF_Bact_Brachyspira_pilosicoli_95_1000_gene56440491.pdb
 0.231706  0.055956  0.971175     5.059602
 0.081079 -0.995981  0.038041     5.953725
 0.969401  0.069928 -0.235312     2.262727
>../../../../class1/tyr//data/domains/Catalytic_domain/structures/TyrRS_AF_Bact_Chlamydia_psittaci_6BC_gene12242888.pdb
-0.253075  0.785152 -0.565234     1.425025
-0.263862 -0.618121 -0.740475     5.396924
-0.930769 -0.038252  0.363602    -0.514169
>../../../../class1/tyr//data/domains/Catalytic_domain/structures/TyrRS_AF_Bact_Lactococcus_lactis_subsp_cremoris_KW2_gene61108704.pdb
-0.228516  0.791083 -0.567422     2.535805
-0.218869 -0.609670 -0.761839     5.301961
-0.948618 -0.049902  0.312463    -5.374333
>../../../../class1/tyr//data/domains/Catalytic_domain/structures/TyrRS_AF_Bact_Porphyromonas_gingivalis_ATCC_33277_gene29255602.pdb
 0.116510  0.504734  0.855376     3.278582
 0.179344 -0.857776  0.481722     9.236579
 0.976863  0.097281 -0.190461    -1.412221
>../../../../class1/tyr//data/domains/Catalytic_domain/structures/TyrRS_AF_Bact_Prochlorococcus_marinus_subsp_marinus_str_CCMP1375_gene54200747.pdb
 0.647713  0.641462  0.411089     0.319545
-0.435831  0.754523 -0.490659     4.646103
-0.624916  0.138641  0.768283    -0.881441
>../../../../class1/tyr//data/domains/Catalytic_domain/structures/TyrRS_AF_Bact_Serratia_plymuthica_AS9_gene57666950.pdb
 0.787122  0.614513  0.053043     0.088868
-0.326306  0.487848 -0.809647     5.817153
-0.523416  0.619983  0.584515    -6.667541
>../../../../class1/tyr//data/domains/Catalytic_domain/structures/TyrRS_AF_Bact_Streptobacillus_moniliformis_DSM_12112_gene29673957.pdb
 0.587839  0.803155 -0.096890     2.057536
-0.425634  0.205207 -0.881321    -1.787730
-0.687955  0.559314  0.462479    -4.762346
>../../../../class1/tyr//data/domains/Catalytic_domain/structures/TyrRS_AF_Euk_Cryptococcus_neoformans_var_neoformans_JEC21_gene3254328.pdb
-0.084367  0.948606 -0.305006     0.425941
-0.466742 -0.308062 -0.829005     5.195909
-0.880360  0.072419  0.468745    -4.773791
>../../../../class1/tyr//data/domains/Catalytic_domain/structures/TyrRS_AF_Euk_Drosophila_melanogaster_gene39829.pdb
 0.851775 -0.325462  0.410553     8.229808
 0.267445 -0.403724 -0.874917     9.737191
 0.450503  0.855033 -0.256839     1.909413
>../../../../class1/tyr//data/domains/Catalytic_domain/structures/TyrRS_AF_Euk_Plasmodium_falciparum_3D7_gene2655248.pdb
 0.081488 -0.111656 -0.990400    -1.292650
 0.021295 -0.993283  0.113734     3.075137
-0.996447 -0.030359 -0.078563     0.281732
>../../../../class1/tyr//data/domains/Catalytic_domain/structures/TyrRS_AF_Euk_Seriola_dumerili_gene111223086.pdb
 0.804230 -0.582796 -0.116456     9.609014
 0.403202  0.678993 -0.613512     9.144883
 0.436626  0.446450  0.781051     3.572466
>../../../../class1/tyr//data/domains/Catalytic_domain/structures/TyrRS_AF_Mito_Aspergillus_fumigatus_Af293_gene3509181.pdb
-0.763319 -0.449651 -0.463852    -8.629041
 0.352144  0.312357 -0.882286     3.064045
 0.541608 -0.836808 -0.080086     4.282917
>../../../../class1/tyr//data/domains/Catalytic_domain/structures/TyrRS_AF_Mito_Cyanidioschyzon_merolae_strain_10D_gene16996209.pdb
-0.169382  0.960066 -0.222672    -0.292088
-0.384884 -0.272433 -0.881841     4.138706
-0.907289 -0.063665  0.415659    -4.303928
>../../../../class1/tyr//data/domains/Catalytic_domain/structures/TyrRS_AF_Vir_Megavirus_chiliensis_gene11257765.pdb
 0.860589 -0.468968 -0.198633    -3.716092
 0.438358  0.880613 -0.179894     0.436668
 0.259283  0.067743  0.963423     2.798750
>../../../../class1/tyr//data/domains/Catalytic_domain/structures/TyrRS_PDB_Arch_M_jannashii_1U7D.pdb
 0.827996 -0.189877  0.527608    -2.387007
-0.540530 -0.520574  0.660931    16.120721
 0.149163 -0.832436 -0.533667    49.322937
>../../../../class1/tyr//data/domains/Catalytic_domain/structures/TyrRS_PDB_E_coli_Bact_1WQ4.pdb
-0.880199  0.455713 -0.132573    26.556853
 0.394056  0.546038 -0.739299    26.481700
-0.264518 -0.702971 -0.660199    51.928181
>../../../../class1/tyr//data/domains/Catalytic_domain/structures/TyrRS_PDB_Vir_Acanthamoeba_polyphaga_mimivirus_2J5B.pdb
 0.263085  0.963070 -0.057287   -80.685442
 0.408164 -0.164909 -0.897890    36.925856
-0.874178  0.212839 -0.436476    52.519457
