>structures/LeuRS_AF_Arch_Aciduliprofundum_boonei_T469_gene8828435.pdb
-0.248150 -0.252275 -0.935296     2.757057
 0.496686 -0.862064  0.100743     1.422498
-0.831700 -0.439549  0.339223     0.094071
>structures/LeuRS_AF_Arch_Candidatus_Nitrosopumilus_koreensis_AR1_gene13725794.pdb
 0.992579  0.120954  0.012547     0.987954
-0.117581  0.980947 -0.154656    -0.095081
-0.031014  0.152033  0.987889     0.378668
>structures/LeuRS_AF_Arch_Methanobrevibacter_smithii_ATCC_35061_gene5216355.pdb
 1.000000  0.000000  0.000000     0.000000
 0.000000  1.000000  0.000000     0.000000
 0.000000  0.000000  1.000000     0.000000
>structures/LeuRS_AF_Arch_Thermoproteus_tenax_Kra_1_gene11261753.pdb
-0.109868  0.046710 -0.992848     0.345935
 0.112775 -0.991859 -0.059143     4.210133
-0.987528 -0.118466  0.103706     4.640170
>structures/LeuRS_AF_Bact_Bifidobacterium_longum_subsp._longum_JCM_1217_gene69578373.pdb
-0.288410  0.059642 -0.955648     6.699206
-0.105470 -0.993964 -0.030203    -1.935751
-0.951681  0.092081  0.292959    -4.209326
>structures/LeuRS_AF_Bact_Brachyspira_pilosicoli_95_1000_gene56439070.pdb
 0.033407 -0.718249 -0.694984     5.209265
 0.707223 -0.474358  0.524233    -1.974174
-0.706201 -0.509022  0.492115    -1.053413
>structures/LeuRS_AF_Bact_Chlamydia_psittaci_6BC_gene12243068.pdb
-0.266508 -0.927351  0.262668     5.008151
-0.726372  0.014115 -0.687157    -0.731546
 0.633528 -0.373927 -0.677363    -1.860859
>structures/LeuRS_AF_Bact_Clostridium_botulinum_A_str._ATCC_3502_gene5187707.pdb
-0.345916  0.792599  0.502125     3.204490
 0.747722 -0.090415  0.657828    -3.509535
 0.566793  0.603003 -0.561367    -4.649706
>structures/LeuRS_AF_Bact_Mycoplasma_hyopneumoniae_168-L_gene57101518.pdb
 0.984679  0.076180  0.156854     5.989988
-0.097462  0.986340  0.132795    -2.600406
-0.144595 -0.146048  0.978653    -3.373688
>structures/LeuRS_AF_Bact_Porphyromonas_gingivalis_ATCC_33277_gene29256038.pdb
-0.043440 -0.570970 -0.819821     5.833503
 0.460745 -0.739569  0.490664    -0.648820
-0.886469 -0.356414  0.295199    -2.123474
>structures/LeuRS_AF_Bact_Rahnella_aquatilis_CIP_78.65_=_ATCC_33071_gene61513843.pdb
 0.294097 -0.715358 -0.633854     1.034405
 0.880763 -0.054696  0.470388     0.114701
-0.371165 -0.696615  0.613975     4.057787
>structures/LeuRS_AF_Bact_Thermus_thermophilus_HB8_gene3168656.pdb
-0.449061  0.758074  0.472936     1.602685
 0.726971  0.002250  0.686665     3.305203
 0.519479  0.652165 -0.552108    -3.414117
>structures/LeuRS_AF_Euk_Arabidopsis_thaliana_gene837489.pdb
-0.170134 -0.940967  0.292635     0.916880
-0.847774 -0.011615 -0.530231     1.537740
 0.502329 -0.338298 -0.795751    -1.895748
>structures/LeuRS_AF_Euk_Leishmania_major_strain_Friedlin_gene5650139.pdb
 0.985113  0.135947  0.105217     3.652872
-0.120981  0.983086 -0.137499     1.598105
-0.122129  0.122723  0.984898    -2.288477
>structures/LeuRS_AF_Euk_Neurospora_crassa_OR74A_gene3879366.pdb
 0.998560 -0.053638 -0.001369     2.446618
 0.053509  0.993638  0.099095     0.257718
-0.003955 -0.099026  0.995077    -1.395512
>structures/LeuRS_AF_Euk_Thalassiosira_pseudonana_CCMP1335_gene7441753.pdb
 0.022859 -0.577283 -0.816224     4.079859
 0.640293 -0.618563  0.455417     2.886862
-0.767791 -0.533033  0.355490    -4.679271
>structures/LeuRS_AF_Mito_Prochlorococcus_marinus_subsp._marinus_str._CCMP1375_gene54200290.pdb
 0.165437 -0.704389 -0.690266     4.626197
 0.737843 -0.376008  0.560540     4.214875
-0.654384 -0.602042  0.457523    -2.844866
>structures/LeuRS_AF_Mito_Treponema_denticola_ATCC_35405_gene2739434.pdb
 0.557335  0.829807  0.028240     4.612664
-0.691015  0.482435 -0.538288    -1.184188
-0.460299  0.280493  0.842288    -2.967142
>structures/LeuRS_PDB_Arch_P_hori_1WKB.pdb
-0.174918  0.778881  0.602285    -1.312269
-0.960966 -0.001876 -0.276662   123.857475
-0.214357 -0.627168  0.748806    46.360817
>structures/LeuRS_PDB_Bact_T_therm_2V0C.pdb
-0.228268  0.721484  0.653724    21.055516
-0.220086  0.615832 -0.756514    40.681731
-0.948397 -0.316563  0.018214     5.431520
