>structures/Leu_Bact_2V0C_T_therm.pdb
-0.379449 -0.852620  0.359247   -29.788565
 0.572180 -0.521381 -0.633066   -16.440933
 0.727069 -0.034662  0.685689   -29.991720
>structures/Leu_Bact_3ZIU_M_mobile.pdb
-0.626594 -0.775293  0.079371   -20.682600
 0.395450 -0.228530  0.889603   -56.936997
-0.671564  0.588808  0.449785   -64.594850
>structures/Leucyl.A.Candidatus_Thermoplasmatota.NC_005877.1.pdb
 0.082302 -0.022593 -0.996351     0.293133
 0.530398 -0.845406  0.062983     2.621496
-0.843744 -0.533646 -0.057595     1.071610
>structures/Leucyl.B.Chlamydiae.NC_017287.1.pdb
 1.000000  0.000000  0.000000     0.000000
 0.000000  1.000000  0.000000     0.000000
 0.000000  0.000000  1.000000     0.000000
>structures/Leucyl.B.Deinococcus-Thermus.NC_006461.1.pdb
 0.379606  0.780118 -0.497309    -1.079843
-0.580315 -0.217856 -0.784712    -2.990988
-0.720509  0.586477  0.370015    -2.549329
>structures/Leucyl.B.Firmicutes.NC_012926.1.pdb
-0.990355  0.115150  0.077060     0.950106
 0.135641  0.919227  0.369626    -0.523388
-0.028274  0.376514 -0.925980     2.036659
>structures/Leucyl.B.Fusobacteria.NC_013515.1.pdb
-0.082430 -0.761310  0.643127    -0.213887
-0.731747 -0.391865 -0.557664     0.603074
 0.676574 -0.516574 -0.524784     0.802031
>structures/Leucyl.B.Proteobacteria.NC_004310.3.pdb
 0.988891  0.134972  0.062262     0.608939
-0.133311  0.990617 -0.030113     0.848385
-0.065742  0.021479  0.997605     0.440869
>structures/Leucyl.B.Spirochaetes.NC_016842.1.pdb
 0.589414 -0.724842 -0.356644     1.177207
 0.780096  0.396016  0.484378    -1.047335
-0.209860 -0.563716  0.798864     3.110671
