>../../../../class1//arg/data/domains/Catalytic_domain//structures/ArgRS_AF_Bact_Prochlorococcus_marinus_subsp_marinus_str_CCMP1375_gene54199571.pdb
-0.663580  0.709039 -0.238591     2.147819
-0.593864 -0.693212 -0.408389     9.025984
-0.454958 -0.129309  0.881075    -2.800583
>../../../../class1//cys/data/domains/Catalytic_domain//structures/CysRS_AF_Arch_Aciduliprofundum_boonei_T469_gene8827372.pdb
 0.737564  0.621340  0.264454     6.929001
-0.626533  0.775754 -0.075247     4.530172
-0.251905 -0.110189  0.961458    -8.131676
>../../../../class1//gln/data/domains/Catalytic_domain//structures/GlnRS_AF_Euk_Candida_dubliniensis_CD36_gene8049124.pdb
 0.310248 -0.200522 -0.929267    -3.657829
 0.631937 -0.686767  0.359175     2.240545
-0.710213 -0.698671 -0.086351    -7.695719
>../../../../class1//glu1/data/domains/Catalytic_domain//structures/GluRS_AF_Bact_Bifidobacterium_animalis_subsp_lactis_BLC1_gene66532600.pdb
-0.735885  0.596032  0.321278    -5.142540
 0.531548  0.214595  0.819393     6.252017
 0.419440  0.773754 -0.474737    -7.477366
>../../../../class1//glu2/data/domains/Catalytic_domain//structures/GlxRS_AF_Euk_Xylariaceae_sp_FL0804_proteinKAI0483267.1.pdb
 1.000000  0.000000  0.000000     0.000000
 0.000000  1.000000  0.000000     0.000000
 0.000000  0.000000  1.000000     0.000000
>../../../../class1//ile/data/domains/Catalytic_domain//structures/IleRS_AF_Arch_Candidatus_Nitrosopumilus_sediminis_gene13697091.pdb
 0.834034  0.222445  0.504881     5.405137
-0.274564  0.961097  0.030116     0.347138
-0.478541 -0.163740  0.862663    -5.819251
>../../../../class1//leu1/data/domains/Catalytic_domain//structures/LeuRS-B_AF_Bact_Bifidobacterium_longum_subsp_longum_JCM_1217_gene69578373.pdb
 0.571552  0.807205 -0.147472    11.485806
-0.820540  0.560821 -0.110424     3.191948
-0.006430  0.184120  0.982883   -17.212006
>../../../../class1//leu2/data/domains/Catalytic_domain//structures/LeuRS-A_AF_Arch_Aciduliprofundum_boonei_T469_gene8828435.pdb
-0.028637  0.971870 -0.233772     6.076411
-0.978082 -0.075496 -0.194050     3.470677
-0.206240  0.223092  0.952730   -13.630625
>../../../../class1//lys/data/domains/Catalytic_domain//structures/LysRS-I_AF_Arch_Candidatus_Bathyarchaeota_archaeon_proteinRJS75864.1.pdb
 0.737503  0.674917 -0.024023    -4.006024
-0.580964  0.615897 -0.532120     4.994876
-0.344341  0.406397  0.846328    -9.929722
>../../../../class1//met/data/domains/Catalytic_domain//structures/MetRS_AF_Bact_Brucella_suis_1330_gene45052047.pdb
 0.057290  0.975652 -0.211708     3.440553
-0.943601 -0.016347 -0.330680    10.870098
-0.326089  0.218713  0.919690    -7.492101
>../../../../class1//trp1/data/domains/Catalytic_domain//structures/TrpRS-A_AF_Arch_Natrialba_magadii_ATCC_43099_gene8824932.pdb
-0.374388  0.768067  0.519526     5.124322
 0.046701 -0.543944  0.837821     4.999842
 0.926095  0.337932  0.167777   -12.714136
>../../../../class1//trp2/data/domains/Catalytic_domain//structures/TrpRS-B_AF_Mito_Cyanidioschyzon_merolae_strain_10D_gene16992222.pdb
-0.243051 -0.849441  0.468376     4.230770
-0.961806  0.148357 -0.230044     0.961421
 0.125922 -0.506399 -0.853056   -16.334871
>../../../../class1//tyr/data/domains/Catalytic_domain//structures/TyrRS_AF_Bact_Chlamydia_psittaci_6BC_gene12242888.pdb
-0.532937  0.367446  0.762208     0.337722
 0.439317 -0.649711  0.620384     3.028296
 0.723173  0.665477  0.184830   -12.462526
>../../../../class1//val/data/domains/Catalytic_domain//structures/ValRS_AF_Mito_Falco_naumanni_gene121082178.pdb
 0.425227 -0.899254 -0.102585     7.016466
 0.177798 -0.028139  0.983665    -1.501606
-0.887451 -0.436521  0.147920   -22.845496
