>../../../../class1/arg//data/domains/Catalytic_domain/structures/ArgRS_AF_Arch_NC_002689.2.pdb
 0.646949 -0.526209 -0.551870     2.215368
 0.755145  0.542625  0.367852    -1.282627
 0.105891 -0.654723  0.748415     1.511080
>../../../../class1/arg//data/domains/Catalytic_domain/structures/ArgRS_AF_Arch_NC_013158.1.pdb
-0.819503  0.559549  0.123774     1.282477
 0.381664  0.371788  0.846230    -2.309175
 0.427489  0.740729 -0.518241    -1.055486
>../../../../class1/arg//data/domains/Catalytic_domain/structures/ArgRS_AF_Arch_NC_018656.1.pdb
 0.821711 -0.398256 -0.407656     2.498961
 0.516597  0.822575  0.237695     0.351835
 0.240664 -0.405910  0.881656    -0.090292
>../../../../class1/arg//data/domains/Catalytic_domain/structures/ArgRS_AF_Arch_NC_020247.1.pdb
 0.994547 -0.092907  0.047376     3.980783
 0.096241  0.992620 -0.073779     2.963565
-0.040172  0.077936  0.996149    -0.647808
>../../../../class1/arg//data/domains/Catalytic_domain/structures/ArgRS_AF_Bact_NC_002967.9.pdb
 0.017502  0.115718  0.993128     4.710119
-0.168737 -0.978691  0.117009     2.973074
 0.985506 -0.169626  0.002396     5.665237
>../../../../class1/arg//data/domains/Catalytic_domain/structures/ArgRS_AF_Bact_NC_005042.1.pdb
 0.113339 -0.430241 -0.895571     1.435228
 0.915500 -0.304986  0.262379     3.831443
-0.386023 -0.849633  0.359319     1.683059
>../../../../class1/arg//data/domains/Catalytic_domain/structures/ArgRS_AF_Bact_NC_008095.1.pdb
 1.000000  0.000000  0.000000     0.000000
 0.000000  1.000000  0.000000     0.000000
 0.000000  0.000000  1.000000     0.000000
>../../../../class1/arg//data/domains/Catalytic_domain/structures/ArgRS_AF_Bact_NC_010729.1.pdb
-0.243532  0.584113  0.774276     1.177414
 0.164580 -0.761846  0.626501     3.999862
 0.955827  0.280003  0.089400     4.240316
>../../../../class1/arg//data/domains/Catalytic_domain/structures/ArgRS_AF_Bact_NC_013515.1.pdb
 0.995336 -0.092547 -0.027232     1.227266
 0.090458  0.993443 -0.069921    -0.317321
 0.033524  0.067131  0.997181    -0.078204
>../../../../class1/arg//data/domains/Catalytic_domain/structures/ArgRS_AF_Bact_NC_015687.1.pdb
 0.996991 -0.069663 -0.033999     2.368233
 0.071311  0.996202  0.049962    -0.006397
 0.030390 -0.052236  0.998172    -0.772767
>../../../../class1/arg//data/domains/Catalytic_domain/structures/ArgRS_AF_Bact_NC_017317.1.pdb
 0.803462  0.595228  0.012344     0.361629
-0.431737  0.596802 -0.676336     0.144066
-0.409941  0.538080  0.736490     1.200013
>../../../../class1/arg//data/domains/Catalytic_domain/structures/ArgRS_AF_Bact_NC_021283.1.pdb
 0.995620 -0.086677 -0.035037     3.418466
 0.076768  0.971845 -0.222766     1.330826
 0.053359  0.219101  0.974242    -1.007980
>../../../../class1/arg//data/domains/Catalytic_domain/structures/ArgRS_AF_Euk_NC_001140.6.pdb
 0.023172 -0.329316 -0.943936     0.448368
 0.867321 -0.462964  0.182808     4.964814
-0.497210 -0.822931  0.274894     0.928611
>../../../../class1/arg//data/domains/Catalytic_domain/structures/ArgRS_AF_Euk_NC_009356.1.pdb
-0.136487  0.391126  0.910160     1.356325
 0.018873 -0.917565  0.397138     2.174852
 0.990462  0.071382  0.117854     4.009827
>../../../../class1/arg//data/domains/Catalytic_domain/structures/ArgRS_AF_Euk_NC_009411.2.pdb
 0.223270  0.298575  0.927903     3.927910
 0.094546 -0.954078  0.284248     1.302349
 0.970161  0.024266 -0.241246     0.326040
>../../../../class1/arg//data/domains/Catalytic_domain/structures/ArgRS_PDB_Arch_2ZUF.pdb
 0.361199  0.691058  0.626078   -22.714616
 0.710349  0.231049 -0.664846     5.681893
-0.604102  0.684876 -0.407438    26.211500
>../../../../class1/arg//data/domains/Catalytic_domain/structures/ArgRS_PDB_Bact_1IQ0.pdb
-0.901307 -0.283020  0.327942    30.445158
-0.060039 -0.668130 -0.741618    47.459443
 0.429001 -0.688115  0.585198    43.780218
>../../../../class1/arg//data/domains/Catalytic_domain/structures/ArgRS_PDB_Bact_3FNR.pdb
-0.682333  0.380392 -0.624278    94.403839
-0.691558 -0.059021  0.719906   -46.442125
 0.237001  0.922940  0.303335   -91.760017
>../../../../class1/arg//data/domains/Catalytic_domain/structures/ArgRS_PDB_Bact_4oby.pdb
-0.137527  0.954718 -0.263819   -52.689705
-0.604456 -0.291899 -0.741235    49.382132
-0.784678  0.057527  0.617229     4.044558
>../../../../class1/lys//data/domains/Catalytic_domain/structures/Lys_Arch_1IRX_P_hori.pdb
 0.212214  0.712959  0.668323   -77.874667
 0.688838  0.375963 -0.619802    10.404671
-0.693158  0.591896 -0.411328    36.425542
>../../../../class1/lys//data/domains/Catalytic_domain/structures/Lysyl.A.Candidatus_Thermoplasmatota.NC_021592.1.pdb
 0.043429 -0.395872 -0.917278     4.560586
-0.103599 -0.914979  0.389974    13.478938
-0.993671  0.078093 -0.080748    -5.771037
>../../../../class1/lys//data/domains/Catalytic_domain/structures/Lysyl.A.Euryarchaeota.NC_002607.1.pdb
-0.285114 -0.754343  0.591335     5.721271
 0.064167 -0.630580 -0.773468    10.589403
 0.956343 -0.182582  0.228191    -2.861368
>../../../../class1/lys//data/domains/Catalytic_domain/structures/Lysyl.B.Spirochaetes.NC_002967.9.pdb
 0.888496  0.285689  0.359107     6.234216
-0.413444  0.837908  0.356334    11.092868
-0.199098 -0.465071  0.862594    -0.411457
