>../../../../class1/arg//data/domains/Catalytic_domain/structures/ArgRS_AF_Arch_Candidatus_Korarchaeum_cryptofilum_OPF8_gene6093502.pdb
 1.000000  0.000000  0.000000     0.000000
 0.000000  1.000000  0.000000     0.000000
 0.000000  0.000000  1.000000     0.000000
>../../../../class1/arg//data/domains/Catalytic_domain/structures/ArgRS_AF_Arch_Candidatus_Nitrosopumilus_sediminis_gene13697696.pdb
 0.896558 -0.258476 -0.359687    -0.392359
 0.406993  0.801158  0.438750     0.925705
 0.174760 -0.539755  0.823482     2.323161
>../../../../class1/arg//data/domains/Catalytic_domain/structures/ArgRS_AF_Arch_Desulfurococcus_mucosus_DSM_2162_gene10153309.pdb
 0.981529 -0.085525  0.171134     1.895077
 0.054169  0.982146  0.180151     5.906436
-0.183486 -0.167553  0.968638    -2.863831
>../../../../class1/arg//data/domains/Catalytic_domain/structures/ArgRS_AF_Arch_Methanothermococcus_okinawensis_IH1_gene10773248.pdb
 0.941677  0.283802  0.180831    -0.158695
-0.167801  0.861794 -0.478700     1.251469
-0.291696  0.420438  0.859154     3.586127
>../../../../class1/arg//data/domains/Catalytic_domain/structures/ArgRS_AF_Bact_Anoxybacillus_flavithermus_WK1_gene7039015.pdb
 0.461429 -0.690244 -0.557357     0.428687
 0.859024  0.190599  0.475132    -1.162326
-0.221725 -0.698023  0.680884     4.390980
>../../../../class1/arg//data/domains/Catalytic_domain/structures/ArgRS_AF_Bact_Brachyspira_pilosicoli_95_1000_gene56439668.pdb
 0.753810  0.655985 -0.038134    -3.784669
-0.614937  0.683809 -0.392756     1.353836
-0.231566  0.319513  0.918852     3.467759
>../../../../class1/arg//data/domains/Catalytic_domain/structures/ArgRS_AF_Bact_Chlamydia_psittaci_6BC_gene12242456.pdb
 0.976228  0.215968 -0.018338    -1.755257
-0.216338  0.976085 -0.021353    -0.547376
 0.013287  0.024812  0.999604     2.268014
>../../../../class1/arg//data/domains/Catalytic_domain/structures/ArgRS_AF_Bact_Corynebacterium_ulcerans_809_gene75260071.pdb
 0.842437  0.537352 -0.039392    -2.929388
-0.520637  0.793048 -0.316246     1.556898
-0.138696  0.286927  0.947859     3.180506
>../../../../class1/arg//data/domains/Catalytic_domain/structures/ArgRS_AF_Bact_Cupriavidus_taiwanensis_LMG_19424_gene29762022.pdb
 0.971241  0.237883 -0.010124    -1.167550
-0.236597  0.959474 -0.153073     2.260539
-0.026700  0.151066  0.988163     3.085811
>../../../../class1/arg//data/domains/Catalytic_domain/structures/ArgRS_AF_Bact_Mycoplasma_hyopneumoniae_168-L_gene57100855.pdb
 0.989954  0.112787 -0.085260     0.507281
-0.118064  0.991215 -0.059606     1.835703
 0.077788  0.069073  0.994574     0.703157
>../../../../class1/arg//data/domains/Catalytic_domain/structures/ArgRS_AF_Bact_Prochlorococcus_marinus_subsp_marinus_str_CCMP1375_gene54199571.pdb
 0.281720 -0.500079 -0.818874    -0.672842
 0.803258 -0.343867  0.486345     5.118407
-0.524795 -0.794781  0.304818     3.501333
>../../../../class1/arg//data/domains/Catalytic_domain/structures/ArgRS_AF_Bact_Streptobacillus_moniliformis_DSM_12112_gene29674021.pdb
-0.178240 -0.808943  0.560215    -2.176970
-0.725492 -0.276584 -0.630208     1.118109
 0.664749 -0.518760 -0.537584     3.653869
>../../../../class1/arg//data/domains/Catalytic_domain/structures/ArgRS_AF_Euk_Micromonas_commoda_gene8250062.pdb
-0.984040 -0.078490  0.159703    -0.603588
-0.084041  0.996061 -0.028291    -2.424497
-0.156853 -0.041261 -0.986760     2.873081
>../../../../class1/arg//data/domains/Catalytic_domain/structures/ArgRS_AF_Euk_Paulinella_chromatophora_gene6481434.pdb
 0.203446 -0.331427 -0.921285    -1.765788
 0.666455 -0.642446  0.378288     5.173146
-0.717250 -0.690956  0.090178     0.910212
>../../../../class1/arg//data/domains/Catalytic_domain/structures/ArgRS_AF_Euk_Polyodon_spathula_gene121324634.pdb
 0.760540  0.621224 -0.188840    -0.115865
-0.429364  0.263019 -0.863983    -6.785256
-0.487058  0.738175  0.466768     0.739951
>../../../../class1/arg//data/domains/Catalytic_domain/structures/ArgRS_AF_Euk_Thalassiosira_pseudonana_CCMP1335_gene7449555.pdb
-0.053553 -0.596729  0.800654     2.810571
-0.661148 -0.579697 -0.476272    -2.733136
 0.748342 -0.554856 -0.363482     7.106688
>../../../../class1/arg//data/domains/Catalytic_domain/structures/ArgRS_AF_Mito_Caenorhabditis_elegans_gene174023.pdb
 0.069847 -0.148126 -0.986499     3.390008
 0.308611 -0.937192  0.162573     3.457137
-0.948620 -0.315800 -0.019746     1.341606
>../../../../class1/arg//data/domains/Catalytic_domain/structures/ArgRS_AF_Mito_Saccharomyces_cerevisiae_S288C_gene851942.pdb
-0.557816  0.510049  0.654745    -2.941010
 0.514061 -0.407024  0.755032    -0.598212
 0.651600  0.757748 -0.035152     4.334968
>../../../../class1/arg//data/domains/Catalytic_domain/structures/ArgRS_PDB_Arch_2ZUF.pdb
 0.467220  0.717723  0.516312   -24.541018
 0.512379  0.256111 -0.819680    15.170783
-0.720536  0.647519 -0.248086    26.111952
>../../../../class1/arg//data/domains/Catalytic_domain/structures/ArgRS_PDB_Bact_1IQ0.pdb
-0.902366 -0.375761  0.211043    33.844388
 0.161879 -0.749357 -0.642075    51.631174
 0.399413 -0.545223  0.737022    36.319533
>../../../../class1/arg//data/domains/Catalytic_domain/structures/ArgRS_PDB_Bact_3FNR.pdb
-0.789827  0.350955 -0.502995    84.014277
-0.511012  0.076971  0.856120   -77.573483
 0.339176  0.933223  0.118549   -73.487343
>../../../../class1/lys//data/domains/Catalytic_domain/structures/LysRS-I_AF_Arch_Candidatus_Bathyarchaeota_archaeon_proteinRJS75864.1.pdb
-0.184756 -0.348329 -0.918984     5.885750
-0.385417 -0.834495  0.393791    11.754923
-0.904057  0.426948  0.019926    -2.419294
>../../../../class1/lys//data/domains/Catalytic_domain/structures/LysRS-I_AF_Arch_Candidatus_Nitrosopumilus_koreensis_AR1_gene13726042.pdb
 0.825458  0.538736  0.168471     4.259950
-0.533848  0.648146  0.543059     7.547566
 0.183372 -0.538210  0.822621    -2.994190
>../../../../class1/lys//data/domains/Catalytic_domain/structures/LysRS-I_AF_Arch_Ferroplasma_acidarmanus_Fer1_gene16025146.pdb
-0.145856 -0.280411 -0.948734     2.482009
-0.503165 -0.804664  0.315185    11.193393
-0.851793  0.523341 -0.023728    -5.784352
>../../../../class1/lys//data/domains/Catalytic_domain/structures/LysRS-I_AF_Arch_Halorubrum_lacusprofundi_ATCC_49239_gene7400505.pdb
 0.136191  0.309538  0.941084     6.019188
 0.953779 -0.297826 -0.040068    14.621358
 0.267877  0.903043 -0.335792    -3.091405
>../../../../class1/lys//data/domains/Catalytic_domain/structures/LysRS-I_AF_Bact_Cereibacter_sphaeroides_KD131_gene67447319.pdb
 0.015869 -0.711281  0.702729     1.267142
 0.422024 -0.632381 -0.649607    10.249548
 0.906446  0.306877  0.290143    -0.960337
>../../../../class1/lys//data/domains/Catalytic_domain/structures/LysRS-I_AF_Bact_Cyanobacteria_bacterium_J007_proteinRMH73500.1.pdb
 0.026553 -0.743108 -0.668644     7.192663
-0.109394 -0.667023  0.736962    12.285770
-0.993644  0.053577 -0.099003    -2.200339
>../../../../class1/lys//data/domains/Catalytic_domain/structures/LysRS-I_AF_Bact_Streptomyces_albidoflavus_gene15147364.pdb
 0.776347  0.538480  0.327604     4.675299
-0.630207  0.653938  0.418575    10.942963
 0.011162 -0.531417  0.847037    -0.006385
>../../../../class1/lys//data/domains/Catalytic_domain/structures/LysRS-I_AF_Bact_Treponema_denticola_ATCC_35405_gene2739918.pdb
 0.777532  0.512185  0.364843     5.123034
-0.626187  0.683882  0.374426    11.061410
-0.057735 -0.519588  0.852464    -0.222396
>../../../../class1/lys//data/domains/Catalytic_domain/structures/LysRS-I_PDB_Arch_P_hori_1IRX.pdb
 0.332660  0.758194  0.560784   -78.466085
 0.507051  0.357580 -0.784243    30.527655
-0.795133  0.545232 -0.265490    32.548099
