>structures/ThrRS_AF_Arch_Candidatus_Methanomethylophilus_alvus_Mx1201_gene15140074.pdb
-0.594845 -0.504554 -0.625767    -3.788395
-0.316164 -0.568876  0.759224     0.038792
-0.739053  0.649466  0.178871     4.851839
>structures/ThrRS_AF_Arch_Candidatus_Nitrosopumilus_koreensis_AR1_gene13725077.pdb
 0.494781 -0.806758 -0.323007    -1.252316
 0.732811  0.587123 -0.343910     6.018501
 0.467097 -0.066543  0.881699    11.215550
>structures/ThrRS_AF_Arch_Pyrococcus_furiosus_DSM_3638_gene1469226.pdb
 0.655881 -0.754721 -0.014688    -1.598174
 0.694057  0.610584 -0.381408     6.530257
 0.296825  0.239964  0.924290     9.094169
>structures/ThrRS_AF_Arch_Sulfolobus_islandicus_M164_gene7940156.pdb
 0.278984 -0.587255  0.759802    -8.688379
-0.918472  0.067782  0.389633     2.296497
-0.280315 -0.806559 -0.520467     9.083257
>structures/ThrRS_AF_Bact_Bifidobacterium_longum_subsp_longum_JCM_1217_gene69578309.pdb
 0.928223  0.343848  0.142027    -0.350993
-0.355860  0.931953  0.069478     1.019828
-0.108473 -0.115033  0.987421     2.428248
>structures/ThrRS_AF_Bact_Brachyspira_pilosicoli_95_1000_gene56439092.pdb
 0.380227  0.461396  0.801587    -2.431187
-0.862891 -0.135016  0.487022    -1.254051
 0.332937 -0.876861  0.346797     2.754220
>structures/ThrRS_AF_Bact_Brucella_abortus_2308_gene3787745.pdb
-0.676761  0.506848 -0.533948    -1.881719
 0.733281  0.528631 -0.427608    -0.836084
 0.065529 -0.680922 -0.729419     2.493326
>structures/ThrRS_AF_Bact_Lactobacillus_acidophilus_La-14_gene56943112.pdb
 0.758583 -0.498810  0.419214     2.025550
 0.335972 -0.251818 -0.907585    -1.678845
 0.558278  0.829323 -0.023438     0.674500
>structures/ThrRS_AF_Bact_Mycoplasma_hyopneumoniae_168-L_gene57101460.pdb
-0.761935 -0.226363 -0.606807    -4.605928
-0.594559 -0.127051  0.793951     1.548141
-0.256817  0.965721 -0.037781     3.915906
>structures/ThrRS_AF_Bact_Porphyromonas_gingivalis_ATCC_33277_gene29256174.pdb
-0.111650  0.912780  0.392895    -1.295448
-0.889941 -0.267771  0.369193     1.643282
 0.442198 -0.308434  0.842217     2.302806
>structures/ThrRS_AF_Bact_Prochlorococcus_marinus_subsp_marinus_str_CCMP1375_gene54200406.pdb
 0.172947 -0.662418 -0.728898     1.602838
 0.814991 -0.319309  0.483560    -0.112915
-0.553063 -0.677676  0.484641     3.143261
>structures/ThrRS_AF_Bact_Streptobacillus_moniliformis_DSM_12112_gene29674242.pdb
 0.552123 -0.818934  0.156549    -1.015158
 0.647994  0.303321 -0.698642    -0.545269
 0.524657  0.487179  0.698135     2.597176
>structures/ThrRS_AF_Euk_Arabidopsis_thaliana_gene832741.pdb
 0.962248  0.269320  0.039310     0.247332
-0.205779  0.814418 -0.542566     2.532151
-0.178139  0.513994  0.839093     1.166377
>structures/ThrRS_AF_Euk_Cryptococcus_gattii_WM276_gene10188143.pdb
 1.000000  0.000000  0.000000     0.000000
 0.000000  1.000000  0.000000     0.000000
 0.000000  0.000000  1.000000     0.000000
>structures/ThrRS_AF_Euk_Cyanidioschyzon_merolae_strain_10D_gene16997242.pdb
-0.479083  0.222010 -0.849230     0.422482
 0.868037  0.263501 -0.420807    -0.730751
 0.130349 -0.938765 -0.318952     1.114998
>structures/ThrRS_AF_Euk_Zymoseptoria_tritici_IPO323_gene13396560.pdb
 0.158486  0.551301  0.819115     7.416338
 0.929119 -0.363985  0.065209     4.139397
 0.334096  0.750721 -0.569910   -11.280658
>structures/ThrRS_AF_Mito_Cyanidioschyzon_merolae_strain_10D_gene16995590.pdb
 0.372501 -0.817115 -0.439962    -0.955645
 0.875348  0.466821 -0.125871    -0.471514
 0.308235 -0.338232  0.889151     3.014464
>structures/ThrRS_AF_Mito_Oryza_sativa_Japonica_Group_gene4345200.pdb
-0.415315  0.465479  0.781565     0.667773
 0.451737 -0.640211  0.621340     0.614403
 0.789587  0.611113  0.055615     0.476854
>structures/ThrRS_PDB_Bact_E_coli_1evk.pdb
-0.047076  0.587417 -0.807914   -24.699644
 0.103901 -0.801544 -0.588840    55.017256
-0.993473 -0.111663 -0.023300    47.396789
>structures/ThrRS_PDB_Bact_S_aureus_1nyr.pdb
-0.307600  0.511064 -0.802618    18.453816
-0.769217  0.362947  0.525904   -33.902173
 0.560078  0.779155  0.281477   -57.088879
