>structures/Asp_Arch_1b8a_T_kodarensis.pdb
 0.357407 -0.916443 -0.179977    -0.298082
 0.913279  0.383264 -0.137951   -32.057230
 0.195403 -0.115065  0.973950   -41.892165
>structures/Aspartyl.B.Bacteroidota.NC_010729.1.pdb
 1.000000  0.000000  0.000000     0.000000
 0.000000  1.000000  0.000000     0.000000
 0.000000  0.000000  1.000000     0.000000
>structures/Aspartyl.B.Chlamydiae.NC_002620.2.pdb
 0.172584 -0.752322  0.635788     3.673146
-0.749162 -0.519331 -0.411159    -3.054646
 0.639509 -0.405349 -0.653239     2.818123
>structures/Aspartyl.B.Firmicutes.NC_015687.1.pdb
 0.610210 -0.152700  0.777385    -2.253125
-0.292090 -0.955486  0.041593     1.785100
 0.736429 -0.252447 -0.627649     0.487482
>structures/Aspartyl.B.Fusobacteria.NC_013515.1.pdb
-0.213919  0.967459 -0.135136    -2.645615
 0.603184  0.239636  0.760752    -1.598271
 0.768380  0.081227 -0.634818     0.039951
>structures/Aspartyl.B.Spirochaetes.NC_014330.1.pdb
 0.470284 -0.866602  0.166836    -1.090287
-0.709857 -0.483776 -0.511922    -0.330970
 0.524344  0.122319 -0.842675     2.036521
>structures/Aspartyl.E.Apicomplexa.NC_011903.2.pdb
 0.159410 -0.927643  0.337737    -3.590856
-0.831621 -0.310534 -0.460407    -0.197113
 0.531972 -0.207476 -0.820950    -5.523493
>structures/Aspartyl.E.Evosea.NC_007087.3.pdb
 0.123255 -0.974132  0.189409     2.019717
-0.848217 -0.202484 -0.489415    -4.524145
 0.515107 -0.100337 -0.851233     2.981888
>structures/Aspartyl.E.Rhodophyta.NC_010136.1.pdb
 0.106338 -0.944136  0.311928    -3.532932
-0.848986 -0.249512 -0.465796    -0.868675
 0.517605 -0.215291 -0.828091    -6.216985
>structures/Asp_Bact_1c0a_E_coli.pdb
 0.866812 -0.495634  0.054633   -33.867061
-0.441703 -0.712378  0.545358    55.680459
-0.231378 -0.496855 -0.836421    29.274718
>structures/Asp_Bact_1n9w_T_thermophilus.pdb
 0.328755 -0.534656 -0.778501    31.081942
 0.788091  0.609547 -0.085817   -22.098764
 0.520416 -0.585317  0.621749   -63.875631
>structures/Asp_Euk_1EOV_S_cerevisiae.pdb
 0.688209  0.321892  0.650195   -42.108569
-0.240337  0.946736 -0.214312    -2.868185
-0.684548 -0.008774  0.728915   -46.419263
