>structures/Asparaginyl.E.Evosea.NC_007087.3.pdb
 0.553655 -0.761258 -0.337568    -2.281614
 0.435994 -0.080380  0.896353    -1.969166
-0.709490 -0.643448  0.287401     2.845122
>structures/Asp_Arch_1b8a_T_kodarensis.pdb
 0.621884  0.302464  0.722341   -51.208067
 0.568304 -0.808929 -0.150548    -7.146456
 0.538786  0.504133 -0.674951     1.284062
>structures/Aspartyl.B.Bacteroidota.NC_010729.1.pdb
-0.209970  0.597920  0.773566     0.383041
 0.967593  0.240594  0.076671     2.970798
-0.140273  0.764595 -0.629061     0.836566
>structures/Aspartyl.B.Chlamydiae.NC_002620.2.pdb
 0.012579 -0.467697 -0.883800    -0.023147
 0.036619 -0.883061  0.467827     6.003187
-0.999250 -0.038249  0.006019    -3.808216
>structures/Aspartyl.B.Firmicutes.NC_015687.1.pdb
 0.274507 -0.733255 -0.622079     2.320381
 0.573816 -0.394208  0.717869     1.250208
-0.771609 -0.554019  0.312541     2.146226
>structures/Aspartyl.B.Fusobacteria.NC_013515.1.pdb
 1.000000  0.000000  0.000000     0.000000
 0.000000  1.000000  0.000000     0.000000
 0.000000  0.000000  1.000000     0.000000
>structures/Aspartyl.B.Spirochaetes.NC_014330.1.pdb
-0.116695 -0.012418 -0.993090     2.029688
 0.324265 -0.945601 -0.026280     1.940224
-0.938741 -0.325091  0.114374    -0.557157
>structures/Aspartyl.E.Apicomplexa.NC_011903.2.pdb
-0.104341 -0.172448 -0.979477    -3.189874
 0.002096 -0.984888  0.173178    -0.968890
-0.994539  0.016016  0.103126     4.521795
>structures/Aspartyl.E.Evosea.NC_007087.3.pdb
-0.122555 -0.002113 -0.992459    -0.326573
-0.050533 -0.998687  0.008366     4.064877
-0.991174  0.051177  0.122287    -4.974588
>structures/Aspartyl.E.Rhodophyta.NC_010136.1.pdb
-0.118847 -0.131407 -0.984179    -4.166787
-0.056258 -0.988720  0.138807    -1.092720
-0.991318  0.071864  0.110114     4.446501
>structures/Asp_Bact_1c0a_E_coli.pdb
-0.613417 -0.710898 -0.344012    62.972901
 0.718347 -0.683239  0.131004   -14.462632
-0.328173 -0.166760  0.929782    30.564603
>structures/Asp_Euk_1EOV_S_cerevisiae.pdb
-0.820016  0.489046  0.297334   -28.429705
 0.552636  0.541411  0.633615   -42.159245
 0.148887  0.683892 -0.714230    33.756300
