>structures/Asp_Arch_1b8a_T_kodarensis.pdb
-0.494306 -0.517988  0.698104    -7.797845
-0.823818  0.535466 -0.186009    36.136440
-0.277461 -0.667056 -0.691412    38.448006
>structures/Aspartyl.B.Bacteroidota.NC_010729.1.pdb
 0.176081 -0.750333  0.637178    -4.674675
-0.751827 -0.520336 -0.404978     2.305348
 0.635415 -0.407739 -0.655742    -1.774748
>structures/Aspartyl.B.Chlamydiae.NC_002620.2.pdb
 1.000000  0.000000  0.000000     0.000000
 0.000000  1.000000  0.000000     0.000000
 0.000000  0.000000  1.000000     0.000000
>structures/Aspartyl.B.Firmicutes.NC_015687.1.pdb
 0.796150  0.527661 -0.296175    -6.090987
-0.604576  0.714016 -0.353085     2.874992
 0.025165  0.460168  0.887475    -4.275069
>structures/Aspartyl.B.Fusobacteria.NC_013515.1.pdb
 0.003443  0.040923 -0.999156    -3.939540
-0.463845 -0.885107 -0.037850     5.111792
-0.885910  0.463584  0.015935    -2.831130
>structures/Aspartyl.B.Spirochaetes.NC_014330.1.pdb
 0.949375  0.288520 -0.124273    -3.324409
-0.196268  0.853636  0.482477     2.484632
 0.245288 -0.433661  0.867048    -3.656033
>structures/Aspartyl.E.Apicomplexa.NC_011903.2.pdb
 0.990281 -0.051888 -0.129042    -8.861274
 0.090170  0.945922  0.311610     7.377804
 0.105895 -0.320217  0.941407    -0.535422
>structures/Aspartyl.E.Evosea.NC_007087.3.pdb
 0.986938 -0.087282 -0.135410     1.119360
 0.140007  0.880503  0.452893     1.906528
 0.079700 -0.465936  0.881222    -0.669211
>structures/Aspartyl.E.Rhodophyta.NC_010136.1.pdb
 0.985306 -0.107405 -0.132799    -8.764700
 0.146851  0.929767  0.337591     7.979014
 0.087214 -0.352132  0.931878     0.239416
>structures/Asp_Bact_1c0a_E_coli.pdb
 0.330813  0.125062 -0.935373   -33.184270
-0.327616  0.944753  0.010448   -13.169577
 0.885003  0.302987  0.353509   -65.512600
>structures/Asp_Bact_1n9w_T_thermophilus.pdb
-0.172406 -0.916509  0.360954   -26.931035
-0.909204  0.289050  0.299663    22.912565
-0.378977 -0.276517 -0.883128    67.447568
>structures/Asp_Euk_1EOV_S_cerevisiae.pdb
-0.146697 -0.658811  0.737867   -39.565179
-0.116361 -0.729265 -0.674264    54.344414
 0.982314 -0.184771  0.030322     2.700771
