>structures/LeuRS-A_AF_Arch_Aciduliprofundum_boonei_T469_gene8828435.pdb
 1.000000 -0.000000  0.000000     0.000000
 0.000000  1.000000  0.000000     0.000000
-0.000000  0.000000  1.000000     0.000000
>structures/LeuRS-A_AF_Arch_Candidatus_Korarchaeum_cryptofilum_OPF8_gene6093520.pdb
 0.313523 -0.434398  0.844394     5.130373
-0.534699 -0.815616 -0.221060     0.341801
 0.784730 -0.382189 -0.487987     6.980224
>structures/LeuRS-A_AF_Arch_Candidatus_Nitrosopumilus_koreensis_AR1_gene13725794.pdb
-0.454821  0.298943 -0.838911     2.858100
 0.165875 -0.897060 -0.409595    -6.991696
-0.874999 -0.325447  0.358414     3.776259
>structures/LeuRS-A_AF_Arch_Methanobrevibacter_smithii_ATCC_35061_gene5216355.pdb
-0.536740  0.447846 -0.715083     8.004985
 0.060607 -0.824855 -0.562086    -6.691633
-0.841568 -0.345033  0.415591     9.440422
>structures/LeuRS-A_AF_Euk_Arabidopsis_thaliana_gene837489.pdb
-0.648550  0.750837  0.125009    10.728007
 0.277468  0.080272  0.957375   -11.613208
 0.708798  0.655591 -0.260394     2.504244
>structures/LeuRS-A_AF_Euk_Drosophila_melanogaster_gene326262.pdb
-0.522392  0.438758 -0.731162     9.118816
 0.187278 -0.777490 -0.600363    -8.526250
-0.831885 -0.450556  0.323985     4.296077
>structures/LeuRS-A_AF_Euk_Leishmania_major_strain_Friedlin_gene5650139.pdb
-0.560185  0.277399 -0.780540    10.591417
 0.266571 -0.831773 -0.486922    -8.917148
-0.784304 -0.480836  0.392001     3.265935
>structures/LeuRS-A_AF_Euk_Neurospora_crassa_OR74A_gene3879366.pdb
-0.454100  0.522702 -0.721509     6.700692
 0.125762 -0.764106 -0.632714    -6.075881
-0.882030 -0.378054  0.281245     0.728076
>structures/LeuRS-A_PDB_Arch_P_hori_1WKB.pdb
-0.285096  0.086186 -0.954616    40.956437
 0.944549 -0.144036 -0.295094  -109.327811
-0.162932 -0.985812 -0.040343    58.388944
