>../../../../class2/ala//data/domains/Catalytic_domain/structures/AlaRS_AF_Arch_Candidatus_Korarchaeum_cryptofilum_OPF8_gene6094822.pdb
-0.318702 -0.237160  0.917706    -6.098662
 0.562797  0.731702  0.384540     6.496735
-0.762685  0.639036 -0.099722     1.444888
>../../../../class2/ala//data/domains/Catalytic_domain/structures/AlaRS_AF_Arch_Candidatus_Nitrosopumilus_koreensis_AR1_gene13725795.pdb
-0.548143  0.826397  0.128869    -9.343206
-0.803335 -0.477311 -0.356128     4.937936
-0.232793 -0.298734  0.925508     6.263159
>../../../../class2/ala//data/domains/Catalytic_domain/structures/AlaRS_AF_Arch_Sulfolobus_islandicus_YG5714_gene7807284.pdb
-0.004530  0.243560  0.969875    -5.501264
 0.981258 -0.185762  0.051233     9.557383
 0.192645  0.951930 -0.238154     3.828805
>../../../../class2/ala//data/domains/Catalytic_domain/structures/AlaRS_AF_Arch_Thermoplasma_acidophilum_DSM_1728_gene1456391.pdb
-0.551719  0.825519  0.118846    -8.692982
-0.794695 -0.477088 -0.375296     5.686856
-0.253114 -0.301504  0.919254     4.502623
>../../../../class2/ala//data/domains/Catalytic_domain/structures/AlaRS_AF_Bact_Brucella_melitensis_bv_1_str_16M_gene29593597.pdb
-0.866784  0.482054 -0.127707   -12.701741
-0.495937 -0.860104  0.119443    -1.753319
-0.052264  0.166867  0.984593     3.495851
>../../../../class2/ala//data/domains/Catalytic_domain/structures/AlaRS_AF_Bact_Chlamydia_psittaci_6BC_gene12242512.pdb
-0.802545 -0.455135 -0.385712    -7.221086
 0.026055  0.619169 -0.784825     1.411484
 0.596023 -0.639907 -0.485052     4.033226
>../../../../class2/ala//data/domains/Catalytic_domain/structures/AlaRS_AF_Bact_Lactobacillus_acidophilus_La-14_gene56942022.pdb
 0.023402 -0.780953  0.624151    -0.097644
 0.155258 -0.613908 -0.773958     0.465794
 0.987597  0.115016  0.106882     8.161632
>../../../../class2/ala//data/domains/Catalytic_domain/structures/AlaRS_AF_Bact_Nocardia_farcinica_IFM_10152_gene61134339.pdb
-0.349883 -0.936636 -0.017140    -5.382287
-0.002679  0.019297 -0.999810     0.797096
 0.936789 -0.349771 -0.009261     4.072952
>../../../../class2/ala//data/domains/Catalytic_domain/structures/AlaRS_AF_Bact_Porphyromonas_gingivalis_ATCC_33277_gene29256567.pdb
-0.713223 -0.617526 -0.331622    -6.276141
-0.014489  0.486001 -0.873838     2.779416
 0.700787 -0.618437 -0.355574     4.719604
>../../../../class2/ala//data/domains/Catalytic_domain/structures/AlaRS_AF_Bact_Prochlorococcus_marinus_subsp_marinus_str_CCMP1375_gene54199407.pdb
 0.722909  0.625189 -0.294180    -4.842879
-0.425376  0.738214  0.523541     0.669714
 0.544480 -0.253335  0.799602     2.199655
>../../../../class2/ala//data/domains/Catalytic_domain/structures/AlaRS_AF_Bact_Streptobacillus_moniliformis_DSM_12112_gene29672963.pdb
-0.886693 -0.283247 -0.365441    -2.886251
 0.101706  0.651536 -0.751769    -0.389108
 0.451034 -0.703756 -0.548904     3.565297
>../../../../class2/ala//data/domains/Catalytic_domain/structures/AlaRS_AF_Bact_Treponema_pallidum_subsp_pertenue_str_SamoaD_gene57879528.pdb
-0.207624  0.804169  0.556961    -5.115785
 0.946586  0.308766 -0.092944    10.526153
-0.246713  0.507914 -0.825322    14.186574
>../../../../class2/ala//data/domains/Catalytic_domain/structures/AlaRS_AF_Euk_Cyanidioschyzon_merolae_strain_10D_gene16993235.pdb
-0.128863  0.646974  0.751544    -0.684925
 0.983507 -0.013616  0.180358     5.734474
 0.126920  0.762391 -0.634549    -0.761922
>../../../../class2/ala//data/domains/Catalytic_domain/structures/AlaRS_AF_Euk_Marasmius_oreades_gene66078979.pdb
-0.672920  0.732177  0.105331    -2.627156
-0.713855 -0.605457 -0.351898     3.450689
-0.193878 -0.311990  0.930093     2.202905
>../../../../class2/ala//data/domains/Catalytic_domain/structures/AlaRS_AF_Euk_Plasmodium_berghei_ANKA_gene55150801.pdb
-0.590156 -0.787189  0.179024    -4.894906
-0.199967 -0.072306 -0.977131    -0.951233
 0.782131 -0.612458 -0.114740     6.981612
>../../../../class2/ala//data/domains/Catalytic_domain/structures/AlaRS_AF_Euk_Saccharomyces_cerevisiae_S288C_gene854513.pdb
-0.168085  0.985540  0.021406    -6.523932
-0.913248 -0.147507 -0.379764     7.086892
-0.371115 -0.083382  0.924836     1.764091
>../../../../class2/ala//data/domains/Catalytic_domain/structures/AlaRS_AF_Mito_Caenorhabditis_elegans_gene174749.pdb
-0.963596 -0.064566 -0.259448    -6.797696
 0.068983  0.877505 -0.474580     6.077438
 0.258308 -0.475202 -0.841107     4.893211
>../../../../class2/ala//data/domains/Catalytic_domain/structures/AlaRS_AF_Mito_Gadus_morhua_gene115539928.pdb
 0.335525 -0.238968 -0.911217    -8.030190
-0.373107 -0.921897  0.104385     5.912601
-0.864994  0.304958 -0.398480     3.586721
>../../../../class2/ala//data/domains/Catalytic_domain/structures/AlaRS_PDB_Bact_E_coli_3HXV.pdb
 0.565362 -0.703568  0.430531    -0.758066
 0.748971  0.656545  0.089388   -29.869676
-0.345554  0.271919  0.898138    -5.260311
>../../../../class2/his//data/domains/Catalytic_domain/structures/HisRS_AF_Arch_Candidatus_Methanomassiliicoccus_intestinalis_Issoire-Mx1_gene16154026.pdb
 0.171545 -0.983036  0.064901   -12.491392
-0.975064 -0.160001  0.153783    12.942034
-0.140790 -0.089664 -0.985971    23.607018
>../../../../class2/his//data/domains/Catalytic_domain/structures/HisRS_AF_Arch_Candidatus_Nitrosopumilus_koreensis_AR1_gene13725657.pdb
 0.057070 -0.997861 -0.031867   -12.118138
 0.966948  0.063191 -0.247019    16.452643
 0.248504 -0.016717  0.968487    23.899334
>../../../../class2/his//data/domains/Catalytic_domain/structures/HisRS_AF_Arch_Desulfurococcus_amylolyticus_1221n_gene7171287.pdb
-0.616025  0.669356 -0.415303   -14.578701
 0.299064 -0.289010 -0.909414    18.097839
-0.728748 -0.684424 -0.022143    23.573147
>../../../../class2/his//data/domains/Catalytic_domain/structures/HisRS_AF_Arch_Methanoregula_formicica_SMSP_gene14310605.pdb
-0.224823 -0.937938 -0.264058   -14.440208
-0.959082  0.165147  0.229973    13.029823
-0.172092  0.304957 -0.936689    21.744948
>../../../../class2/his//data/domains/Catalytic_domain/structures/HisRS_AF_Bact_Chlamydia_muridarum_str_Nigg_gene1246198.pdb
 0.449241 -0.745457  0.492419   -13.641730
 0.841154  0.538656  0.048056    15.982043
-0.301068  0.392612  0.869030    25.865300
>../../../../class2/his//data/domains/Catalytic_domain/structures/HisRS_AF_Bact_Lacticaseibacillus_paracasei_gene61269730.pdb
-0.523433 -0.614825 -0.589922   -17.077950
 0.851986 -0.387202 -0.352412    19.099503
-0.011747 -0.687070  0.726497    26.761367
>../../../../class2/his//data/domains/Catalytic_domain/structures/HisRS_AF_Bact_Paracoccus_denitrificans_PD1222_gene75501415.pdb
-0.532409  0.842601 -0.081021   -12.378783
 0.212477  0.040377 -0.976332    16.409191
-0.819386 -0.537023 -0.200530    23.964204
>../../../../class2/his//data/domains/Catalytic_domain/structures/HisRS_AF_Bact_Prochlorococcus_marinus_subsp_marinus_str_CCMP1375_gene54200127.pdb
-0.307535  0.915631 -0.258925   -18.540004
 0.184236 -0.209666 -0.960259    14.440214
-0.933531 -0.343017 -0.104212    19.820290
>../../../../class2/his//data/domains/Catalytic_domain/structures/HisRS_AF_Bact_Streptobacillus_moniliformis_DSM_12112_gene29674169.pdb
-0.500101 -0.684132 -0.530907   -15.763114
 0.865924 -0.401173 -0.298723    20.771048
-0.008620 -0.609117  0.793033    26.287269
>../../../../class2/his//data/domains/Catalytic_domain/structures/HisRS_AF_Bact_Streptomyces_albidoflavus_gene15149169.pdb
-0.186005 -0.753429 -0.630672   -14.335925
 0.982238 -0.126452 -0.138628    15.202816
 0.024697 -0.645256  0.763567    24.157539
>../../../../class2/his//data/domains/Catalytic_domain/structures/HisRS_AF_Bact_Thermus_thermophilus_HB8_gene3168691.pdb
-0.686007 -0.447788 -0.573481   -16.908095
 0.724687 -0.490908 -0.483569    17.873476
-0.064990 -0.747326  0.661272    27.047957
>../../../../class2/his//data/domains/Catalytic_domain/structures/HisRS_AF_Bact_Treponema_denticola_ATCC_35405_gene2741405.pdb
 0.794440  0.008463  0.607284   -15.114425
 0.491767  0.577820 -0.651375    14.166443
-0.356414  0.816120  0.454882    24.511591
>../../../../class2/his//data/domains/Catalytic_domain/structures/HisRS_AF_Euk_Arabidopsis_thaliana_gene823753.pdb
-0.241199 -0.743039 -0.624273   -13.866684
 0.964307 -0.111087 -0.240356    16.268045
 0.109245 -0.659965  0.743312    24.052730
>../../../../class2/his//data/domains/Catalytic_domain/structures/HisRS_AF_Euk_Cryptococcus_gattii_WM276_gene10186972.pdb
 0.094181  0.902096  0.421133   -14.595129
-0.002835 -0.422769  0.906233    17.047335
 0.995551 -0.086544 -0.037260    23.743597
>../../../../class2/his//data/domains/Catalytic_domain/structures/HisRS_AF_Euk_Plasmodium_falciparum_3D7_gene812010.pdb
-0.332634 -0.921888  0.198688    -1.910116
 0.614903 -0.371759 -0.695478     7.402936
 0.715017 -0.109166  0.690531    21.582074
>../../../../class2/his//data/domains/Catalytic_domain/structures/HisRS_AF_Euk_Platysiphonia_delicata_gene33353157.pdb
-0.508594 -0.637582 -0.578637   -17.584054
 0.860851 -0.389321 -0.327666    21.446055
-0.016361 -0.664769  0.746870    26.714783
>../../../../class2/his//data/domains/Catalytic_domain/structures/HisRS_AF_Mito_Fusarium_fujikuroi_IMI_58289_gene35396474.pdb
 0.358971 -0.929701  0.082443   -10.034245
 0.924675  0.342230 -0.166899    20.243853
 0.126951  0.136145  0.982521    26.938742
>../../../../class2/his//data/domains/Catalytic_domain/structures/HisRS_AF_Mito_Rattus_rattus_gene116884285.pdb
-0.024277 -0.999705 -0.000591   -14.110204
-0.992904  0.024181 -0.116436    19.252202
 0.116416 -0.002240 -0.993198    23.016537
>../../../../class2/his//data/domains/Catalytic_domain/structures/HisRS_PDB_Arch_T_acidophilum_1WU7.pdb
 0.108893  0.097322  0.989278   -89.591985
 0.210446 -0.974895  0.072743    55.401372
 0.971522  0.200269 -0.126641    14.134809
>../../../../class2/his//data/domains/Catalytic_domain/structures/HisRS_PDB_Bact_B_thailandensis_4e51.pdb
 0.789688 -0.563154 -0.243414    -7.016515
-0.319911 -0.716528  0.619874   -10.248898
-0.523498 -0.411636 -0.745993    61.047314
>../../../../class2/his//data/domains/Catalytic_domain/structures/HisRS_PDB_Bact_E_coli_1HTT.pdb
 1.000000 -0.000000  0.000000     0.000000
 0.000000  1.000000  0.000000     0.000000
-0.000000  0.000000  1.000000     0.000000
