>structures/Lys_Bact_3E9H_G_stearothermophilus.pdb
-0.734749  0.159080 -0.659422    81.059239
 0.517882 -0.496299 -0.696768   -51.865722
-0.438113 -0.853452  0.282271   -54.071284
>structures/Lysyl.A.Candidatus_Thermoplasmatota.NC_013926.1.pdb
 1.000000  0.000000  0.000000     0.000000
 0.000000  1.000000  0.000000     0.000000
 0.000000  0.000000  1.000000     0.000000
>structures/Lysyl.A.Crenarchaeota.NC_017275.1.pdb
 0.781534 -0.557735 -0.279529     1.979358
 0.553873  0.414110  0.722314     1.875356
-0.287104 -0.719336  0.632556    -2.147073
>structures/Lysyl.A.Euryarchaeota.NC_018227.2.pdb
 0.322979 -0.539588 -0.777514     2.252480
 0.657872 -0.462593  0.594316     0.952481
-0.680359 -0.703457  0.205572    -1.060397
>structures/Lysyl.B.Bacteroidota.NC_010729.1.pdb
 0.996324 -0.081221  0.027231    -0.790580
 0.083549  0.991524 -0.099502    -3.258564
-0.018919  0.101411  0.994665     2.471304
>structures/Lysyl.B.Cyanobacteria.NC_005042.1.pdb
 0.766715 -0.555103 -0.322503     0.694785
 0.558167  0.328210  0.762055     1.893166
-0.317171 -0.764290  0.561484    -2.031373
>structures/Lysyl.B.Fusobacteria.NC_013515.1.pdb
 0.895986 -0.417103 -0.152431     1.944434
 0.400076  0.609177  0.684721     2.154157
-0.192741 -0.674484  0.712687    -2.412703
>structures/Lysyl.B.Spirochaetes.NC_014330.1.pdb
 0.560544 -0.726300 -0.397841     5.081899
 0.670403  0.115958  0.732881     6.759094
-0.486159 -0.677526  0.551913     0.016766
>structures/Lysyl.B.Tenericutes.NC_021283.1.pdb
 0.740733 -0.564013 -0.364972     2.262383
 0.602583  0.317631  0.732123     1.390488
-0.297001 -0.762233  0.575144    -1.500496
>structures/Lysyl.E.Ascomycota.NC_012866.1.pdb
 0.594103 -0.673940 -0.439143     5.948289
 0.653566  0.086170  0.751948     7.597197
-0.468926 -0.733744  0.491658    -0.159904
>structures/Lysyl.E.Basidiomycota.NC_026481.1.pdb
-0.009546 -0.393330 -0.919348     0.792700
 0.497534 -0.799376  0.336835     6.584343
-0.867392 -0.454192  0.203326    -2.036022
>structures/Lysyl.E.Chlorophyta.NC_014436.2.pdb
 0.953387 -0.300836  0.023467     7.532624
 0.245721  0.819150  0.518280     2.364706
-0.175140 -0.488355  0.854889     1.558329
>structures/Lysyl.E.Rhodophyta.NC_010139.1.pdb
 0.795964 -0.583168 -0.162347     6.930564
 0.526766  0.535127  0.660421     4.798845
-0.298260 -0.611190  0.733135     1.579217
