>../../../../class2/asp2//data/domains/Catalytic_domain/structures/AsxRS_AF_Arch_Candidatus_Korarchaeum_cryptofilum_OPF8_gene6094477.pdb
-0.026200 -0.999648  0.004181    33.268476
-0.619386  0.012951 -0.784980    11.132868
 0.784649 -0.023156 -0.619507    34.181266
>../../../../class2/asp2//data/domains/Catalytic_domain/structures/AsxRS_AF_Arch_Candidatus_Methanomassiliicoccus_intestinalis_Issoire-Mx1_gene16154831.pdb
-0.197012 -0.974499 -0.107420    33.580086
-0.623446  0.209088 -0.753390    11.527247
 0.756638 -0.081456 -0.648740    32.850291
>../../../../class2/asp2//data/domains/Catalytic_domain/structures/AsxRS_AF_Arch_Candidatus_Nitrosopumilus_koreensis_AR1_gene13725312.pdb
-0.675684 -0.629158 -0.384202    31.004493
-0.432765  0.760443 -0.484190     6.483725
 0.596796 -0.160890 -0.786097    34.342272
>../../../../class2/asp2//data/domains/Catalytic_domain/structures/AsxRS_AF_Arch_Methanobacterium_lacus_gene10277817.pdb
-0.891059  0.081164 -0.446571    28.555031
 0.092571  0.995699 -0.003741     8.380731
 0.444347 -0.044673 -0.894740    32.571469
>../../../../class2/asp2//data/domains/Catalytic_domain/structures/AsxRS_AF_Bact_Clostridium_acetobutylicum_DSM_1731_gene45000055.pdb
 0.295470 -0.763494  0.574260    34.387528
-0.519416 -0.632875 -0.574174    12.694243
 0.801814 -0.128629 -0.583566    32.711060
>../../../../class2/asp2//data/domains/Catalytic_domain/structures/AsxRS_AF_Bact_Spirochaetes_bacterium_GWE1_32_154_proteinOHD39701.1.pdb
-0.785931 -0.198341 -0.585639    33.878448
-0.183170  0.979325 -0.085857    10.760096
 0.590560  0.039793 -0.806012    33.397854
>../../../../class2/asp2//data/domains/Catalytic_domain/structures/AsxRS_AF_Bact_Tropheryma_whipplei_TW08_27_gene67388547.pdb
-0.051592  0.988528 -0.141955    33.777271
-0.845562 -0.118873 -0.520475    11.128206
-0.531378  0.093179  0.841994    33.082399
>../../../../class2/asp2//data/domains/Catalytic_domain/structures/AsxRS_AF_Euk_Caenorhabditis_elegans_gene176334.pdb
 0.315954 -0.733020  0.602375    35.134729
-0.541893 -0.660573 -0.519610    13.058547
 0.778797 -0.162250 -0.605929    29.807286
>../../../../class2/asp2//data/domains/Catalytic_domain/structures/AsxRS_AF_Euk_Cryptococcus_neoformans_var_neoformans_JEC21_gene3258977.pdb
-0.687771 -0.192729 -0.699876    43.182764
 0.099898  0.929812 -0.354218    21.931753
 0.719022 -0.313537 -0.620244    33.186139
>../../../../class2/asp2//data/domains/Catalytic_domain/structures/AsxRS_AF_Euk_Thalassiosira_pseudonana_CCMP1335_gene7443135.pdb
 0.233948 -0.832446  0.502297    34.335377
-0.586789 -0.532823 -0.609736    12.115307
 0.775208 -0.152096 -0.613123    31.781229
>../../../../class2/asp2//data/domains/Catalytic_domain/structures/AsxRS_AF_Euk_Theileria_orientalis_strain_Shintoku_gene20715543.pdb
 0.402491 -0.611754  0.680998    35.109334
-0.493453 -0.771572 -0.401473    13.269392
 0.771042 -0.174451 -0.612423    28.881878
>../../../../class2/asp2//data/domains/Catalytic_domain/structures/AsxRS_PDB_Arch_T_kodarensis_1b8a.pdb
 1.000000  0.000000  0.000000     0.000000
 0.000000  1.000000  0.000000     0.000000
 0.000000  0.000000  1.000000     0.000000
>../../../../class2/asp2//data/domains/Catalytic_domain/structures/AsxRS_PDB_Bact_T_thermophilus_1n9w.pdb
 0.927882  0.304598 -0.215071    15.521407
-0.121721  0.792629  0.597431   -20.052398
 0.352448 -0.528167  0.772542   -30.147778
>../../../../class2/asp2//data/domains/Catalytic_domain/structures/AsxRS_PDB_Euk_S_cerevisiae_1EOV.pdb
-0.098192  0.965105  0.242754     8.097464
-0.662714  0.118563 -0.739427    48.635465
-0.742407 -0.233483  0.627947    -1.182234
>../../../../class2/gly3//data/domains/Catalytic_domain/structures/GlyRS-E_AF_Euk_Cryptococcus_neoformans_var_neoformans_JEC21_gene3258293.pdb
-0.410374  0.896241 -0.168358    30.982923
-0.837609 -0.443452 -0.319000    10.204662
-0.360560  0.010108  0.932681    38.172779
>../../../../class2/gly3//data/domains/Catalytic_domain/structures/GlyRS-E_AF_Euk_Girardinichthys_multiradiatus_gene124858359.pdb
-0.751332 -0.046013 -0.658318    31.861038
 0.109913  0.974907 -0.193584     9.948700
 0.650707 -0.217804 -0.727422    39.492456
>../../../../class2/gly3//data/domains/Catalytic_domain/structures/GlyRS-E_AF_Euk_Plasmodium_yoelii_gene3801472.pdb
-0.550259 -0.645803 -0.529295    28.768309
-0.233808  0.727701 -0.644813     9.689287
 0.801591 -0.231061 -0.551418    37.726117
>../../../../class2/gly3//data/domains/Catalytic_domain/structures/GlyRS-E_AF_Euk_Schizosaccharomyces_pombe_gene2543181.pdb
-0.819785  0.234264 -0.522563    31.225521
 0.285163  0.958315 -0.017746    10.572513
 0.496623 -0.163564 -0.852416    39.968967
>../../../../class2/gly3//data/domains/Catalytic_domain/structures/GlyRS-E_PDB_Euk_H_sapiens_2q5h.pdb
 0.291364  0.757399  0.584341    77.767545
 0.945643 -0.320283 -0.056379   -72.406499
 0.144453  0.569005 -0.809547   -81.115625
