>structures/Thr_Bact_1evk_E_coli.pdb
-0.433826  0.748057  0.502201   -35.177217
 0.340723  0.652201 -0.677157   -41.326634
-0.834088 -0.122657 -0.537823    48.695408
>structures/Thr_Bact_1nyr_S_aureus.pdb
 0.850136 -0.100604 -0.516864    23.282569
-0.505921  0.116089 -0.854732    46.919020
 0.145991  0.988131  0.047794   -51.327317
>structures/Threonyl.A.Candidatus_Thermoplasmatota.NC_020913.1.pdb
-0.238911 -0.637265  0.732677     2.913359
 0.671886 -0.653233 -0.349078     2.499909
 0.701064  0.408877  0.584234     3.275025
>structures/Threonyl.A.Crenarchaeota.NC_020247.1.pdb
-0.818481 -0.535186  0.208961     0.239251
-0.292362  0.074881 -0.953372    -3.639277
 0.494584 -0.841409 -0.217756     5.271607
>structures/Threonyl.A.Euryarchaeota.NC_019974.1.pdb
 0.268788 -0.582022  0.767466     4.640130
 0.961049  0.108838 -0.254047     4.255885
 0.064332  0.805857  0.588605    -0.311839
>structures/Threonyl.A.Thaumarchaeota.NC_018655.1.pdb
-0.266218 -0.563566  0.781998     1.985712
 0.573712 -0.744568 -0.341280    -2.903455
 0.774585  0.357787  0.521542     2.667843
>structures/Threonyl.B.Actinobacteria.NC_013929.1.pdb
-0.936411 -0.256163  0.239821     2.835811
-0.320531  0.902555 -0.287498     1.101482
-0.142805 -0.346086 -0.927271    -0.490982
>structures/Threonyl.B.Bacteroidota.NC_010729.1.pdb
 1.000000  0.000000  0.000000     0.000000
 0.000000  1.000000  0.000000     0.000000
 0.000000  0.000000  1.000000     0.000000
>structures/Threonyl.B.Chlamydiae.NC_017287.1.pdb
-0.285367 -0.076480  0.955362     1.892302
 0.915753 -0.315861  0.248250    -0.678125
 0.282776  0.945718  0.160173    -0.379567
>structures/Threonyl.B.Cyanobacteria.NC_005042.1.pdb
 0.209227  0.954373  0.213065     0.064075
-0.579953 -0.054323  0.812837     2.579947
 0.787323 -0.293635  0.542125     2.905856
>structures/Threonyl.B.Firmicutes.NC_011567.1.pdb
 0.041572 -0.638469  0.768524     5.622804
 0.910856 -0.291904 -0.291777     5.870325
 0.410626  0.712144  0.569418     0.577513
>structures/Threonyl.B.Fusobacteria.NC_013515.1.pdb
-0.030378 -0.678310  0.734148     3.723645
 0.900030 -0.338041 -0.275089     1.679851
 0.434768  0.652398  0.620769    -1.021844
>structures/Threonyl.B.Proteobacteria.NC_009379.1.pdb
 0.241461 -0.966038  0.092015     1.487102
 0.941636  0.210327 -0.262839     2.658413
 0.234559  0.150111  0.960442     1.876817
>structures/Threonyl.B.Spirochaetes.NC_016842.1.pdb
-0.749851 -0.294167 -0.592613     3.035926
 0.623252 -0.614620 -0.483528     1.470783
-0.221994 -0.731920  0.644214     3.636595
>structures/Threonyl.E.Ascomycota.NC_001143.9.pdb
-0.290883 -0.663318  0.689490     2.928855
 0.300267 -0.747533 -0.592481    -5.435039
 0.908420  0.034688  0.416617    15.630791
>structures/Threonyl.E.Basidiomycota.NC_026494.1.pdb
-0.134055  0.930217  0.341650     0.417609
 0.186233  0.362268 -0.913279     4.642738
-0.973317 -0.058804 -0.221801     1.590092
>structures/Threonyl.E.Rhodophyta.NC_010145.1.pdb
-0.958725 -0.234106  0.161371     0.917670
-0.254613  0.959475 -0.120744     2.488233
-0.126564 -0.156848 -0.979480     1.338909
