>structures/ThrRS_AF_Arch_Candidatus_Methanomethylophilus_alvus_Mx1201_gene15140074.pdb
-0.540186 -0.811770 -0.221875   -15.451521
-0.636209  0.566510 -0.523742    -1.274842
 0.550852 -0.141759 -0.822476   -65.111429
>structures/ThrRS_AF_Bact_Bifidobacterium_longum_subsp_longum_JCM_1217_gene69578309.pdb
-0.079048  0.892636 -0.443793     0.115610
-0.397484 -0.436489 -0.807145     1.449922
-0.914198  0.112597  0.389313     0.546595
>structures/ThrRS_AF_Bact_Brachyspira_pilosicoli_95_1000_gene56439092.pdb
-0.769832  0.572858  0.281411    -5.297106
-0.207799  0.191927 -0.959158     7.254953
-0.603471 -0.796868 -0.028712    -0.170614
>structures/ThrRS_AF_Bact_Brucella_abortus_2308_gene3787745.pdb
 0.588317  0.804091  0.085564     4.880149
 0.175404 -0.230192  0.957207     1.034233
 0.789377 -0.548133 -0.276467     3.604825
>structures/ThrRS_AF_Bact_Lactobacillus_acidophilus_La-14_gene56943112.pdb
-0.151512 -0.688814 -0.708929     0.780900
-0.960529  0.271876 -0.058878     0.398913
 0.233297  0.672026 -0.702818     0.422842
>structures/ThrRS_AF_Bact_Porphyromonas_gingivalis_ATCC_33277_gene29256174.pdb
-0.997369 -0.069095 -0.021917     1.883108
 0.035882 -0.207891 -0.977494     0.006885
 0.062984 -0.975708  0.209824    -3.929655
>structures/ThrRS_AF_Bact_Prochlorococcus_marinus_subsp_marinus_str_CCMP1375_gene54200406.pdb
 0.999988  0.000980 -0.004871    -0.203769
-0.000992  0.999996 -0.002530    -0.099582
 0.004868  0.002535  0.999985     0.018775
>structures/ThrRS_AF_Bact_Streptobacillus_moniliformis_DSM_12112_gene29674242.pdb
 0.276642 -0.224959 -0.934271    -3.839241
-0.946333  0.105283 -0.305564    -1.109304
 0.167102  0.968663 -0.183761    -0.793114
>structures/ThrRS_AF_Euk_Arabidopsis_thaliana_gene832741.pdb
 0.103999  0.620375 -0.777380     2.103675
-0.443432 -0.670711 -0.594572     5.561022
-0.890254  0.406550  0.205341    -5.229415
>structures/ThrRS_AF_Euk_Cryptococcus_gattii_WM276_gene10188143.pdb
 0.370314  0.756889 -0.538504    -1.876792
-0.676288 -0.177733 -0.714874     4.319260
-0.636790  0.628912  0.446058    -3.993525
>structures/ThrRS_AF_Euk_Cyanidioschyzon_merolae_strain_10D_gene16997242.pdb
 0.424048  0.794825 -0.434092    -2.707988
 0.057442  0.454751  0.888764     4.290212
 0.903816 -0.401814  0.147180    -3.728865
>structures/ThrRS_AF_Euk_Zymoseptoria_tritici_IPO323_gene13396560.pdb
 0.597344 -0.529856  0.602024    10.698709
-0.501641 -0.832545 -0.235001     6.728166
 0.625729 -0.161623 -0.763113   -11.538673
>structures/ThrRS_AF_Mito_Oryza_sativa_Japonica_Group_gene4345200.pdb
-0.131060 -0.801112  0.583989    -1.067160
-0.418251 -0.489397 -0.765216     3.469518
 0.898826 -0.344544 -0.270926    -5.605412
>structures/ThrRS_PDB_Bact_S_aureus_1nyr.pdb
-0.959632  0.183347  0.213283    -1.170930
-0.105638 -0.937758  0.330832    37.299718
 0.260665  0.294946  0.919272   -62.275997
