>structures/ThrRS_AF_Arch_Candidatus_Methanomethylophilus_alvus_Mx1201_gene15140074.pdb
 0.367843 -0.175098 -0.913254   -20.004477
-0.291831  0.910755 -0.292163    48.034644
 0.882908  0.373985  0.283916    35.386764
>structures/ThrRS_AF_Bact_Bifidobacterium_longum_subsp_longum_JCM_1217_gene69578309.pdb
 0.688652 -0.670670  0.275608    -3.203093
 0.607465  0.326095 -0.724326     1.308929
 0.395909  0.666231  0.631975     6.705793
>structures/ThrRS_AF_Bact_Brachyspira_pilosicoli_95_1000_gene56439092.pdb
 0.999970 -0.005039  0.005933     0.024904
 0.005089  0.999950 -0.008552     0.016216
-0.005890  0.008582  0.999946    -0.141145
>structures/ThrRS_AF_Bact_Brucella_abortus_2308_gene3787745.pdb
-0.968455 -0.231318 -0.092661    -9.220006
-0.247924  0.857063  0.451637     1.869983
-0.025056  0.460363 -0.887377     8.893719
>structures/ThrRS_AF_Bact_Lactobacillus_acidophilus_La-14_gene56943112.pdb
 0.167528  0.059711  0.984057    -3.989494
-0.461651 -0.877213  0.131820     1.938057
 0.871099 -0.476374 -0.119392     8.201219
>structures/ThrRS_AF_Bact_Porphyromonas_gingivalis_ATCC_33277_gene29256174.pdb
 0.723241  0.684655  0.090391    -1.804774
-0.613100  0.696801 -0.372259     5.705843
-0.317853  0.213814  0.923717     8.972521
>structures/ThrRS_AF_Bact_Prochlorococcus_marinus_subsp_marinus_str_CCMP1375_gene54200406.pdb
-0.765979 -0.203183 -0.609912    -2.940261
 0.579266  0.193302 -0.791887     1.652173
 0.278795 -0.959870 -0.030368     8.475919
>structures/ThrRS_AF_Bact_Streptobacillus_moniliformis_DSM_12112_gene29674242.pdb
-0.120654 -0.433599  0.892992     0.913549
-0.150367 -0.881201 -0.448190    -0.357895
 0.981240 -0.188353  0.041121     8.649133
>structures/ThrRS_AF_Euk_Arabidopsis_thaliana_gene832741.pdb
 0.545428 -0.580951  0.604156    -2.167455
 0.683422 -0.109035 -0.721835     8.005841
 0.485225  0.806603  0.337564     3.722361
>structures/ThrRS_AF_Euk_Cercospora_beticola_gene35433465.pdb
-0.137458  0.434539  0.890102    -0.918120
 0.990421  0.048427  0.129308     3.517860
 0.013084  0.899350 -0.437033     1.785753
>structures/ThrRS_AF_Euk_Cryptococcus_gattii_WM276_gene10188143.pdb
 0.253685 -0.925126  0.282464    -0.360912
 0.581941 -0.087287 -0.808533     4.763021
 0.772650  0.369490  0.516226     3.916517
>structures/ThrRS_AF_Euk_Cyanidioschyzon_merolae_strain_10D_gene16997242.pdb
-0.889395 -0.450085  0.080000     0.763370
-0.456714  0.867309 -0.197959     3.697533
 0.019714 -0.212601 -0.976940     3.496348
>structures/ThrRS_AF_Mito_Cyanidioschyzon_merolae_strain_10D_gene16995590.pdb
 0.148521 -0.141919 -0.978673    50.111914
-0.268905  0.946563 -0.178071    56.752599
 0.951647  0.289617  0.102422     8.399615
>structures/ThrRS_AF_Mito_Oryza_sativa_Japonica_Group_gene4345200.pdb
-0.367014  0.923116 -0.114709     0.197159
-0.865705 -0.293832  0.405237     6.271501
 0.340375  0.248031  0.906987     5.137383
>structures/ThrRS_PDB_Bact_S_aureus_1nyr.pdb
 0.597259 -0.131146 -0.791254    28.406685
-0.782946 -0.309363 -0.539713    57.527216
-0.174004  0.941857 -0.287450   -25.734796
