>structures/Thr_Bact_1nyr_S_aureus.pdb
 1.000000 -0.000000  0.000000     0.000000
 0.000000  1.000000  0.000000     0.000000
-0.000000  0.000000  1.000000     0.000000
>structures/Threonyl.A.Candidatus_Thermoplasmatota.NC_020913.1.pdb
 0.445715  0.396860 -0.802397    -6.713338
-0.087832 -0.872644 -0.480393    22.165153
-0.890856  0.284594 -0.354093    14.270508
>structures/Threonyl.A.Euryarchaeota.NC_019974.1.pdb
 0.302543 -0.284664  0.909634     8.554185
-0.355039  0.852020  0.384719    60.744558
-0.884542 -0.439350  0.156706    38.134221
>structures/Threonyl.B.Actinobacteria.NC_013929.1.pdb
-0.570375 -0.809173 -0.141110    24.095580
 0.195550  0.033083 -0.980135    47.539647
 0.797767 -0.586639  0.139364    43.785540
>structures/Threonyl.B.Bacteroidota.NC_010729.1.pdb
 0.894277 -0.350198  0.278621    16.494521
-0.309013 -0.032888  0.950489    52.688357
-0.323696 -0.936098 -0.137627    42.130635
>structures/Threonyl.B.Chlamydiae.NC_017287.1.pdb
-0.443607  0.529315  0.723214    22.193332
 0.527807  0.806472 -0.266503    52.334719
-0.724316  0.263495 -0.637132    45.568059
>structures/Threonyl.B.Cyanobacteria.NC_005042.1.pdb
 0.656656  0.745818 -0.112068    17.428938
 0.651435 -0.486014  0.582601    52.762657
 0.380047 -0.455573 -0.804995    46.794702
>structures/Threonyl.B.Firmicutes.NC_011567.1.pdb
-0.085502 -0.169883  0.981748    17.212551
 0.612930  0.767871  0.186254    51.119349
-0.785498  0.617668  0.038471    44.251866
>structures/Threonyl.B.Fusobacteria.NC_013515.1.pdb
-0.259151 -0.114294  0.959050    21.765088
 0.455661  0.861054  0.225742    50.906674
-0.851595  0.495503 -0.171064    42.634955
>structures/Threonyl.B.Proteobacteria.NC_009379.1.pdb
-0.112539 -0.867342  0.484822    16.143751
 0.205163  0.457125  0.865416    51.840581
-0.972236  0.196860  0.126502    46.677839
>structures/Threonyl.E.Basidiomycota.NC_026494.1.pdb
-0.416097  0.505043  0.756171    18.820172
-0.899366 -0.105863 -0.424187    47.324065
-0.134182 -0.856577  0.498267    41.353113
>structures/Threonyl.E.Rhodophyta.NC_010145.1.pdb
-0.675009 -0.737373 -0.025361    19.232406
-0.017403  0.050277 -0.998584    47.605841
 0.737604 -0.673612 -0.046770    43.324794
