>structures/ThrRS_AF_Bact_Bifidobacterium_longum_subsp_longum_JCM_1217_gene69578309.pdb
-0.418697  0.818623  0.393128     3.971967
 0.526030 -0.134253  0.839802     7.828996
 0.740260  0.558420 -0.374409   -14.244185
>structures/ThrRS_AF_Bact_Brachyspira_pilosicoli_95_1000_gene56439092.pdb
-0.726927 -0.273058  0.630092    -2.129598
 0.685947 -0.332093  0.647450     6.142089
 0.032458  0.902859  0.428711   -18.196275
>structures/ThrRS_AF_Bact_Brucella_abortus_2308_gene3787745.pdb
 0.757542  0.251617 -0.602345     8.885381
-0.585778 -0.145198 -0.797359     5.341464
-0.288088  0.956873  0.037398   -13.653597
>structures/ThrRS_AF_Bact_Lactobacillus_acidophilus_La-14_gene56943112.pdb
 0.545825 -0.105017 -0.831292     5.299596
 0.836895  0.019781  0.547006     8.072437
-0.041001 -0.994274  0.098685   -13.027283
>structures/ThrRS_AF_Bact_Porphyromonas_gingivalis_ATCC_33277_gene29256174.pdb
-0.572474 -0.549952  0.608133     2.947098
 0.489716  0.365529  0.791559     9.111788
-0.657610  0.750960  0.060064    -9.499872
>structures/ThrRS_AF_Bact_Prochlorococcus_marinus_subsp_marinus_str_CCMP1375_gene54200406.pdb
 0.589378 -0.501129  0.633643     4.498211
-0.529139 -0.832150 -0.165948     9.274432
 0.610447 -0.237479 -0.755618   -13.408156
>structures/ThrRS_AF_Bact_Streptobacillus_moniliformis_DSM_12112_gene29674242.pdb
 0.737745  0.439898 -0.512077     2.714972
 0.613642 -0.120809  0.780288    12.635346
 0.281383 -0.889885 -0.359066   -14.809823
>structures/ThrRS_AF_Euk_Arabidopsis_thaliana_gene832741.pdb
-0.275706  0.960660 -0.033450    -0.504187
 0.460802  0.162628  0.872476     4.410782
 0.843593  0.225133 -0.487511    -9.611654
>structures/ThrRS_AF_Euk_Cryptococcus_gattii_WM276_gene10188143.pdb
 0.157924  0.932356  0.325226    -1.402974
 0.476489 -0.360430  0.801903     7.100351
 0.864880  0.028327 -0.501178   -12.549333
>structures/ThrRS_AF_Euk_Cyanidioschyzon_merolae_strain_10D_gene16997242.pdb
 0.789803 -0.001264 -0.613359    -1.964650
-0.414483 -0.738222 -0.532195     8.069764
-0.452122  0.674556 -0.583574   -13.554476
>structures/ThrRS_AF_Euk_Zymoseptoria_tritici_IPO323_gene13396560.pdb
 1.000000 -0.000000  0.000000     0.000000
 0.000000  1.000000  0.000000     0.000000
-0.000000  0.000000  1.000000     0.000000
>structures/ThrRS_AF_Mito_Oryza_sativa_Japonica_Group_gene4345200.pdb
 0.698697 -0.445551  0.559738    -1.544646
 0.267490  0.888343  0.373223     7.828842
-0.663529 -0.111046  0.739863   -10.721172
>structures/ThrRS_PDB_Bact_S_aureus_1nyr.pdb
-0.348253  0.765624  0.540870   -54.351453
 0.558121  0.632924 -0.536570   -10.856299
-0.753141  0.115008 -0.647728    23.929366
