>structures/ThrRS_AF_Arch_Candidatus_Methanomethylophilus_alvus_Mx1201_gene15140074.pdb
 0.871239  0.448136  0.200290   -24.790101
-0.187438  0.680852 -0.708031    26.686482
-0.453662  0.579322  0.677182    35.873293
>structures/ThrRS_AF_Arch_Candidatus_Nitrosopumilus_koreensis_AR1_gene13725077.pdb
-0.999350 -0.032448 -0.015680   -52.252223
-0.022848  0.233999  0.971968    66.069430
-0.027869  0.971695 -0.234588   -28.536915
>structures/ThrRS_AF_Arch_Pyrococcus_furiosus_DSM_3638_gene1469226.pdb
 0.129393  0.730581 -0.670454   -74.971108
 0.881303  0.225174  0.415453    58.217401
 0.454491 -0.644630 -0.614728    -8.308676
>structures/ThrRS_AF_Arch_Sulfolobus_islandicus_M164_gene7940156.pdb
-0.291091 -0.952094 -0.093721    -6.479016
-0.931204  0.304435 -0.200443    33.939263
 0.219373  0.028926 -0.975212    -7.184779
>structures/ThrRS_AF_Bact_Bifidobacterium_longum_subsp_longum_JCM_1217_gene69578309.pdb
-0.829645  0.550434 -0.093335    -5.369514
 0.538539  0.744953 -0.393726    -2.709934
-0.147191 -0.376917 -0.914477     1.408555
>structures/ThrRS_AF_Bact_Brachyspira_pilosicoli_95_1000_gene56439092.pdb
-0.966281 -0.254943 -0.036138    -7.793867
-0.243532  0.859266  0.449837    -7.510000
-0.083631  0.443470 -0.892379     6.500250
>structures/ThrRS_AF_Bact_Brucella_abortus_2308_gene3787745.pdb
 1.000000  0.000000  0.000000     0.000000
 0.000000  1.000000  0.000000     0.000000
 0.000000  0.000000  1.000000     0.000000
>structures/ThrRS_AF_Bact_Lactobacillus_acidophilus_La-14_gene56943112.pdb
-0.064304  0.189689 -0.979736    -4.612367
-0.036285 -0.981563 -0.187661    -0.860838
-0.997270  0.023482  0.070002     0.338617
>structures/ThrRS_AF_Bact_Porphyromonas_gingivalis_ATCC_33277_gene29256174.pdb
-0.536795 -0.843458 -0.020724    -8.033886
-0.841208  0.533148  0.090128     1.743582
-0.064971  0.065814 -0.995715     0.815588
>structures/ThrRS_AF_Bact_Prochlorococcus_marinus_subsp_marinus_str_CCMP1375_gene54200406.pdb
 0.585353  0.171382  0.792458    -5.811802
 0.806835 -0.219414 -0.548521    -1.676439
 0.079870  0.960461 -0.266711    -0.032106
>structures/ThrRS_AF_Bact_Streptobacillus_moniliformis_DSM_12112_gene29674242.pdb
 0.128509  0.646922 -0.751650    -9.100793
 0.348024 -0.739149 -0.576662    -4.243037
-0.928636 -0.187486 -0.320131    -1.634175
>structures/ThrRS_AF_Euk_Arabidopsis_thaliana_gene832741.pdb
-0.722698  0.567499 -0.394527    -7.696903
 0.669905  0.434656 -0.601915     1.674370
-0.170103 -0.699299 -0.694295     6.559826
>structures/ThrRS_AF_Euk_Cercospora_beticola_gene35433465.pdb
-0.133847 -0.456216 -0.879745    -7.703555
 0.879246  0.354867 -0.317797    -3.240581
 0.457177 -0.816049  0.353628     6.151802
>structures/ThrRS_AF_Euk_Cryptococcus_gattii_WM276_gene10188143.pdb
-0.406298  0.911086 -0.069601    -9.011013
 0.797558  0.316436 -0.513586    -1.723776
-0.445896 -0.264180 -0.855211     5.097950
>structures/ThrRS_AF_Euk_Cyanidioschyzon_merolae_strain_10D_gene16997242.pdb
 0.973429  0.228374  0.016781    -9.631108
-0.165988  0.754198 -0.635321    -2.819967
-0.157747  0.615654  0.772066     4.479234
>structures/ThrRS_AF_Mito_Cyanidioschyzon_merolae_strain_10D_gene16995590.pdb
-0.606713  0.794908 -0.004511   -82.924146
-0.484054 -0.373943 -0.791112    41.329493
-0.630548 -0.477794  0.611655    26.666405
>structures/ThrRS_AF_Mito_Oryza_sativa_Japonica_Group_gene4345200.pdb
 0.574560 -0.818370 -0.012338    -9.929152
-0.494952 -0.359422  0.791100     0.107123
-0.651847 -0.448427 -0.611563     4.724377
>structures/ThrRS_PDB_Bact_S_aureus_1nyr.pdb
-0.374975  0.178167  0.909753   -49.324340
-0.890599  0.203193 -0.406874    22.808175
-0.257347 -0.962792  0.082483    52.387082
