>structures/PheRS-Bβ_AF_Bact_Brachyspira_pilosicoli_95_1000_gene56440382.pdb
 1.000000  0.000000  0.000000     0.000000
 0.000000  1.000000  0.000000     0.000000
 0.000000  0.000000  1.000000     0.000000
>structures/PheRS-Bβ_AF_Bact_Chlamydia_psittaci_6BC_gene12242429.pdb
-0.125859  0.563485 -0.816483     0.561024
-0.521178 -0.737857 -0.428883     4.922447
-0.844117  0.371554  0.386542     0.928189
>structures/PheRS-Bβ_AF_Bact_Ferrimonas_balearica_DSM_9799_gene67181907.pdb
 0.173253 -0.686576 -0.706114     1.959288
 0.619903 -0.481101  0.619889     2.125406
-0.765313 -0.545120  0.342258     3.690509
>structures/PheRS-Bβ_AF_Bact_Lacticaseibacillus_paracasei_gene61269867.pdb
 0.963484  0.248587 -0.099510    -4.507292
-0.258120  0.961106 -0.098236     1.862166
 0.071220  0.120335  0.990175     0.071921
>structures/PheRS-Bβ_AF_Bact_Mycobacterium_intracellulare_ATCC_13950_gene11909688.pdb
-0.235474 -0.213557 -0.948127     0.957948
 0.110562 -0.975113  0.192176     2.547148
-0.965571 -0.059575  0.253225     2.935021
>structures/PheRS-Bβ_AF_Bact_Mycoplasma_hyopneumoniae_168-L_gene57101148.pdb
 0.625501  0.753302 -0.203186    -3.510626
-0.757375  0.523670 -0.390069    -2.980949
-0.187437  0.397876  0.898088     7.894125
>structures/PheRS-Bβ_AF_Bact_Porphyromonas_gingivalis_ATCC_33277_gene29257179.pdb
-0.734379 -0.673856 -0.081273     3.517624
-0.633975  0.723775 -0.272444    -1.201221
 0.242411 -0.148552 -0.958733     0.989242
>structures/PheRS-Bβ_AF_Bact_Prochlorococcus_marinus_subsp_marinus_str_CCMP1375_gene54200309.pdb
 0.012164  0.499422 -0.866274     1.346468
-0.571493 -0.707425 -0.415867     4.184818
-0.820516  0.500128  0.276811     2.568249
>structures/PheRS-Bβ_PDB_Bact.B_E_coli_3PCO.pdb
-0.508301 -0.150913  0.847853   -48.048773
-0.814156  0.405089 -0.415996     8.463554
-0.280677 -0.901736 -0.328773     2.934830
>structures/PheRS-Bβ_PDB_Bact.B_T_thermophilus_1PYS.pdb
 0.632818 -0.243113 -0.735144    26.808226
-0.766038 -0.058240 -0.640152    26.658524
 0.112815  0.968248 -0.223089   -58.089458
