>structures/PheRS-Bβ_AF_Bact_Brachyspira_pilosicoli_95_1000_gene56440382.pdb
-0.222862  0.104946 -0.969185     2.641869
-0.213280 -0.975352 -0.056570     2.932788
-0.951233  0.194100  0.239752    -0.798558
>structures/PheRS-Bβ_AF_Bact_Chlamydia_psittaci_6BC_gene12242429.pdb
 0.785172 -0.561541 -0.261107     1.666946
 0.594505  0.565427  0.571713    -2.321844
-0.173404 -0.604122  0.777796    -0.724211
>structures/PheRS-Bβ_AF_Bact_Ferrimonas_balearica_DSM_9799_gene67181907.pdb
 0.768687  0.631796 -0.099775    -1.094521
-0.595825  0.650552 -0.470929     0.233615
-0.232623  0.421445  0.876510    -1.080889
>structures/PheRS-Bβ_AF_Bact_Lacticaseibacillus_paracasei_gene61269867.pdb
-0.307400 -0.066706 -0.949239     3.484564
 0.037285 -0.997618  0.058032     2.174171
-0.950850 -0.017554  0.309155     3.853732
>structures/PheRS-Bβ_AF_Bact_Mycobacterium_intracellulare_ATCC_13950_gene11909688.pdb
 1.000000  0.000000  0.000000     0.000000
 0.000000  1.000000  0.000000     0.000000
 0.000000  0.000000  1.000000     0.000000
>structures/PheRS-Bβ_AF_Bact_Mycoplasma_hyopneumoniae_168-L_gene57101148.pdb
-0.024042 -0.501340 -0.864916    -4.691874
 0.617796 -0.687643  0.381413     6.501828
-0.785971 -0.525172  0.326258     3.712564
>structures/PheRS-Bβ_AF_Bact_Porphyromonas_gingivalis_ATCC_33277_gene29257179.pdb
-0.144625  0.380043  0.913592     0.595990
 0.758645 -0.550168  0.348959     3.108913
 0.635249  0.743561 -0.208750    -3.966421
>structures/PheRS-Bβ_AF_Bact_Prochlorococcus_marinus_subsp_marinus_str_CCMP1375_gene54200309.pdb
 0.716990 -0.685558 -0.126235     0.312936
 0.612935  0.533763  0.582588    -2.049671
-0.332018 -0.495084  0.802905    -0.273804
>structures/PheRS-Bβ_AF_Euk_Didymosphenia_geminata_gene19740299.pdb
 0.258473 -0.589836 -0.765039     2.101678
 0.580037 -0.538538  0.611175     0.231760
-0.772495 -0.601723  0.202929    -4.011051
>structures/PheRS-Bβ_AF_Euk_Gracilariopsis_tenuifrons_gene68635617.pdb
-0.502348 -0.781358  0.370305    -3.088952
-0.180889 -0.323820 -0.928665     9.041046
 0.845532 -0.533498  0.021331    -9.848060
>structures/PheRS-Bβ_PDB_Bact.B_E_coli_3PCO.pdb
 0.302851  0.949416  0.083004    11.594447
 0.918062 -0.314006  0.241996     5.008535
 0.255819  0.002914 -0.966720    47.302484
>structures/PheRS-Bβ_PDB_Bact.B_T_thermophilus_1PYS.pdb
-0.345866 -0.889719  0.297954    56.395000
 0.579513  0.047183  0.813596   -25.635516
-0.737930  0.454064  0.499285   -34.479872
