>structures/PheRS-Bβ_AF_Bact_Brachyspira_pilosicoli_95_1000_gene56440382.pdb
-0.739208 -0.629192  0.240185     1.413617
-0.668400  0.729104 -0.147137     3.379849
-0.082542 -0.269305 -0.959511     0.914728
>structures/PheRS-Bβ_AF_Bact_Chlamydia_psittaci_6BC_gene12242429.pdb
 0.236643  0.136680  0.961935    -2.340401
-0.152222 -0.972613  0.175646     5.936429
 0.959598 -0.187993 -0.209356    -1.738514
>structures/PheRS-Bβ_AF_Bact_Ferrimonas_balearica_DSM_9799_gene67181907.pdb
-0.706910  0.678300  0.200468    -0.393284
 0.444612  0.205715  0.871781     2.990331
 0.550090  0.705401 -0.447002    -3.453880
>structures/PheRS-Bβ_AF_Bact_Lacticaseibacillus_paracasei_gene61269867.pdb
-0.528330 -0.763754  0.370874     3.660020
-0.845973  0.510633 -0.153571     7.720760
-0.072090 -0.394885 -0.915898     0.533830
>structures/PheRS-Bβ_AF_Bact_Mycobacterium_intracellulare_ATCC_13950_gene11909688.pdb
-0.144625  0.758645  0.635249     0.247297
 0.380043 -0.550168  0.743561     4.433198
 0.913592  0.348959 -0.208750    -2.457366
>structures/PheRS-Bβ_AF_Bact_Mycoplasma_hyopneumoniae_168-L_gene57101148.pdb
-0.018078 -0.791219  0.611265     7.754235
-0.937805 -0.198572 -0.284766     2.112312
 0.346693 -0.578395 -0.738420    -5.694405
>structures/PheRS-Bβ_AF_Bact_Porphyromonas_gingivalis_ATCC_33277_gene29257179.pdb
 1.000000  0.000000  0.000000     0.000000
 0.000000  1.000000  0.000000     0.000000
 0.000000  0.000000  1.000000     0.000000
>structures/PheRS-Bβ_AF_Bact_Prochlorococcus_marinus_subsp_marinus_str_CCMP1375_gene54200309.pdb
 0.147708  0.190879  0.970437    -1.399539
-0.317317 -0.920182  0.229292     5.600717
 0.936745 -0.341805 -0.075349    -2.763419
>structures/PheRS-Bβ_PDB_Bact.B_E_coli_3PCO.pdb
 0.823555 -0.366254 -0.433145    31.931852
-0.191612  0.539093 -0.820161    41.255685
 0.533893  0.758444  0.373794    -0.985350
>structures/PheRS-Bβ_PDB_Bact.B_T_thermophilus_1PYS.pdb
 0.017903  0.438675  0.898468   -48.854994
-0.999209 -0.024063  0.031659    14.224722
 0.035507 -0.898324  0.437897    47.768633
