>structures/GlyRS-A_AF_Arch_Candidatus_Nitrosopumilus_sediminis_gene13697160.pdb
 0.057332 -0.173652 -0.983137     1.302567
 0.400553 -0.898021  0.181977     3.286874
-0.914478 -0.404231  0.018072    -1.908927
>structures/GlyRS-A_AF_Arch_Candidatus_Woesearchaeota_archaeon_proteinMBT4248212.1.pdb
 0.999562  0.028217 -0.008884     0.664969
-0.028008  0.999347  0.022842     0.589714
 0.009522 -0.022583  0.999700    -0.534531
>structures/GlyRS-A_AF_Arch_Sulfolobus_islandicus_YN1551_gene7810979.pdb
-0.615016  0.736413  0.281873     0.819000
 0.658644  0.283237  0.697112     5.955167
 0.433525  0.614389 -0.659229    -3.792769
>structures/GlyRS-A_AF_Arch_Thermoplasma_acidophilum_DSM_1728_gene1455843.pdb
-0.083646  0.152047 -0.984827    -1.081520
 0.215904 -0.962050 -0.166868     0.728423
-0.972825 -0.226586  0.047644    -1.115353
>structures/GlyRS-A_AF_Bact_Capnocytophaga_ochracea_DSM_7271_gene29675716.pdb
-0.837084  0.470058  0.279885     0.474319
 0.488812  0.412903  0.768488    -0.764945
 0.245668  0.780101 -0.575404     4.156484
>structures/GlyRS-A_AF_Bact_Corynebacterium_ulcerans_809_gene75260805.pdb
 0.397706  0.713444 -0.576912    -4.671064
-0.734833 -0.128837 -0.665899     0.248086
-0.549409  0.688766  0.473024     1.412076
>structures/GlyRS-A_AF_Bact_Treponema_denticola_ATCC_35405_gene2741635.pdb
 0.038895  0.089736  0.995206    -3.744434
 0.421021 -0.904710  0.065121    -0.333290
 0.906217  0.416469 -0.072970    -1.428094
>structures/GlyRS-A_PDB_Bact_T_thermophilus_1ati.pdb
-0.060928 -0.874973 -0.480324    47.096549
-0.763700  0.350714 -0.541998    27.788734
 0.642690  0.333800 -0.689585    -9.001674
