>structures/ThrRS_AF_Arch_Candidatus_Methanomethylophilus_alvus_Mx1201_gene15140074.pdb
-0.721068 -0.538293  0.436236     0.579884
 0.558664 -0.079288  0.825596     1.026026
-0.409824  0.839020  0.357896     2.308954
>structures/ThrRS_AF_Arch_Candidatus_Nitrosopumilus_koreensis_AR1_gene13725077.pdb
 0.965936  0.216205 -0.142204     7.875876
-0.240293  0.953338 -0.182773     0.747433
 0.096052  0.210718  0.972816     6.703530
>structures/ThrRS_AF_Arch_Pyrococcus_furiosus_DSM_3638_gene1469226.pdb
 0.927796  0.368277 -0.059723     7.502693
-0.351260  0.808297 -0.472518     2.157017
-0.125743  0.459378  0.879295     4.974002
>structures/ThrRS_AF_Arch_Sulfolobus_islandicus_M164_gene7940156.pdb
-0.779551 -0.407222  0.475890     1.437337
-0.571335  0.773679 -0.273856     5.420626
-0.256666 -0.485377 -0.835782     8.377156
>structures/ThrRS_AF_Bact_Bifidobacterium_longum_subsp_longum_JCM_1217_gene69578309.pdb
-0.007584  0.914419  0.404698     1.211762
-0.896913  0.172724 -0.407079     0.657507
-0.442142 -0.366066  0.818844    -0.824963
>structures/ThrRS_AF_Bact_Brachyspira_pilosicoli_95_1000_gene56439092.pdb
-0.535212 -0.162569  0.828927    -0.452144
-0.816939 -0.149969 -0.556884     1.227177
 0.214845 -0.975234 -0.052544     0.328704
>structures/ThrRS_AF_Bact_Brucella_abortus_2308_gene3787745.pdb
 0.364826  0.501958 -0.784181     0.655286
 0.889431  0.061185  0.452956     0.102933
 0.275345 -0.862725 -0.424135    -0.307684
>structures/ThrRS_AF_Bact_Lactobacillus_acidophilus_La-14_gene56943112.pdb
 0.769078 -0.225724 -0.597969     1.136303
-0.597775  0.077130 -0.797945    -3.693601
 0.226237  0.971133 -0.075613    -3.312502
>structures/ThrRS_AF_Bact_Mycoplasma_hyopneumoniae_168-L_gene57101460.pdb
-0.909871  0.064695  0.409816     1.416317
 0.391906 -0.190191  0.900132     2.876912
 0.136178  0.979613  0.147695     1.632390
>structures/ThrRS_AF_Bact_Porphyromonas_gingivalis_ATCC_33277_gene29256174.pdb
-0.673410  0.014351  0.739130     0.560749
-0.430749 -0.820173 -0.376524     0.434790
 0.600811 -0.571935  0.558495    -0.996001
>structures/ThrRS_AF_Bact_Prochlorococcus_marinus_subsp_marinus_str_CCMP1375_gene54200406.pdb
 0.630487 -0.726959  0.272058     1.950434
 0.445039  0.625729  0.640627    -1.853051
-0.635945 -0.282831  0.718040    -0.991381
>structures/ThrRS_AF_Bact_Streptobacillus_moniliformis_DSM_12112_gene29674242.pdb
 0.932973  0.047659 -0.356778     0.727593
-0.292369  0.678504 -0.673908    -0.651741
 0.209958  0.733049  0.646960    -0.481144
>structures/ThrRS_AF_Euk_Arabidopsis_thaliana_gene832741.pdb
 0.107413  0.976590 -0.186372     0.760933
-0.839114 -0.011493 -0.543834     0.541865
-0.533244  0.214802  0.818236    -3.148181
>structures/ThrRS_AF_Euk_Cryptococcus_gattii_WM276_gene10188143.pdb
 0.410389  0.868755  0.277210     0.000886
-0.811167  0.486663 -0.324293     0.062535
-0.416639 -0.091778  0.904427    -3.591967
>structures/ThrRS_AF_Euk_Cyanidioschyzon_merolae_strain_10D_gene16997242.pdb
 0.602940  0.036128 -0.796968    -0.325738
 0.761077  0.273496  0.588185    -0.772382
 0.239218 -0.961194  0.137405    -2.357413
>structures/ThrRS_AF_Euk_Zymoseptoria_tritici_IPO323_gene13396560.pdb
 0.963197  0.133443  0.233336     3.736284
 0.230517 -0.856561 -0.461699    -0.793969
 0.138256  0.498494 -0.855797   -17.027048
>structures/ThrRS_AF_Mito_Cyanidioschyzon_merolae_strain_10D_gene16995590.pdb
 1.000000  0.000000  0.000000     0.000000
 0.000000  1.000000  0.000000     0.000000
 0.000000  0.000000  1.000000     0.000000
>structures/ThrRS_AF_Mito_Oryza_sativa_Japonica_Group_gene4345200.pdb
 0.478984 -0.202992  0.854030     0.350532
 0.320563 -0.865257 -0.385449    -0.693954
 0.817199  0.458394 -0.349373    -3.269030
>structures/ThrRS_PDB_Bact_E_coli_1evk.pdb
-0.207611 -0.501569 -0.839837    51.706348
 0.438186 -0.815274  0.378578    29.744002
-0.874580 -0.289408  0.389040    44.610364
>structures/ThrRS_PDB_Bact_S_aureus_1nyr.pdb
-0.617726  0.748772  0.240322   -40.363865
-0.290757 -0.501413  0.814890   -11.943263
 0.730667  0.433503  0.527447   -58.153631
