>structures/Thr_Bact_1evk_E_coli.pdb
 0.016454  0.802090 -0.596976   -43.575376
 0.345202 -0.564902 -0.749481    32.920577
-0.938384 -0.193746 -0.286178    51.688399
>structures/Thr_Bact_1nyr_S_aureus.pdb
-0.131684  0.306637 -0.942674    32.582838
-0.927235  0.298196  0.226526   -14.128379
 0.350563  0.903910  0.245057   -61.280036
>structures/Threonyl.A.Candidatus_Thermoplasmatota.NC_020913.1.pdb
 0.723803 -0.685840 -0.075723     1.623853
 0.446837  0.549515 -0.705953    -1.125182
 0.525781  0.477134  0.704199     2.783099
>structures/Threonyl.A.Crenarchaeota.NC_020247.1.pdb
-0.467870 -0.130838 -0.874059    -5.287710
 0.804515  0.346352 -0.482490     0.691874
 0.365860 -0.928936 -0.056787     5.782929
>structures/Threonyl.A.Euryarchaeota.NC_019974.1.pdb
 0.994319  0.096088  0.045801     2.121224
-0.035367  0.704052 -0.709267    -2.449997
-0.100398  0.703617  0.703451    -0.696419
>structures/Threonyl.A.Thaumarchaeota.NC_018655.1.pdb
 0.605886 -0.795470  0.011373    -5.882006
 0.503742  0.372543 -0.779394    -0.339295
 0.615748  0.477953  0.626430     4.307822
>structures/Threonyl.B.Actinobacteria.NC_013929.1.pdb
-0.570201  0.745099 -0.345975    -0.766868
 0.801016  0.410797 -0.435454    -1.322794
-0.182330 -0.525427 -0.831073    -0.011879
>structures/Threonyl.B.Bacteroidota.NC_010729.1.pdb
 0.194613  0.969778  0.147164    -1.007464
-0.966426  0.163913  0.197872    -0.443641
 0.167769 -0.180732  0.969118    -0.472309
>structures/Threonyl.B.Chlamydiae.NC_017287.1.pdb
 0.857332 -0.208378  0.470702    -2.189336
 0.498950  0.111483 -0.859430    -0.707538
 0.126611  0.971674  0.199549     1.005660
>structures/Threonyl.B.Cyanobacteria.NC_005042.1.pdb
-0.327084  0.130281  0.935971     0.323503
-0.197820 -0.977946  0.066994     1.514119
 0.924058 -0.163241  0.345643     1.049590
>structures/Threonyl.B.Firmicutes.NC_011567.1.pdb
 0.922134 -0.386474 -0.017523     4.339702
 0.255385  0.642126 -0.722809    -2.137207
 0.290598  0.662051  0.690826     1.135530
>structures/Threonyl.B.Fusobacteria.NC_013515.1.pdb
 0.918227 -0.395911  0.010666    -0.245855
 0.304160  0.687672 -0.659237    -2.247833
 0.253664  0.608574  0.751860    -1.716246
>structures/Threonyl.B.Proteobacteria.NC_009379.1.pdb
 1.000000  0.000000  0.000000     0.000000
 0.000000  1.000000  0.000000     0.000000
 0.000000  0.000000  1.000000     0.000000
>structures/Threonyl.B.Spirochaetes.NC_016842.1.pdb
 0.318470 -0.823166 -0.470079    -1.110679
 0.839010  0.013978  0.543936    -0.496299
-0.441179 -0.567628  0.695096     2.638237
>structures/Threonyl.E.Ascomycota.NC_001143.9.pdb
 0.294159 -0.916326 -0.271694    -7.276154
 0.552944  0.395029 -0.733625     0.335048
 0.779566  0.065571  0.622878    15.775742
>structures/Threonyl.E.Basidiomycota.NC_026494.1.pdb
-0.020957  0.581359 -0.813377     2.183741
-0.102692 -0.810505 -0.576660    -0.056630
-0.994492  0.071443  0.076686    -1.933104
>structures/Threonyl.E.Rhodophyta.NC_010145.1.pdb
-0.512219  0.824902 -0.239100     0.359698
 0.818499  0.384517 -0.426857    -0.953441
-0.260176 -0.414347 -0.872138    -1.011777
