>structures/ThrRS_AF_Arch_Candidatus_Methanomethylophilus_alvus_Mx1201_gene15140074.pdb
-0.827360 -0.555858  0.080603    -6.078678
 0.016253  0.119752  0.992671    -4.620764
-0.561436  0.822607 -0.090043    -1.498538
>structures/ThrRS_AF_Arch_Candidatus_Nitrosopumilus_koreensis_AR1_gene13725077.pdb
 0.969715 -0.172499 -0.172909     0.474010
 0.209310  0.951765  0.224349    -0.029852
 0.125869 -0.253746  0.959046     2.075009
>structures/ThrRS_AF_Arch_Pyrococcus_furiosus_DSM_3638_gene1469226.pdb
 0.999575 -0.028489 -0.006229     0.298209
 0.028624  0.999330  0.022806     0.029704
 0.005575 -0.022975  0.999721     0.000338
>structures/ThrRS_AF_Arch_Sulfolobus_islandicus_M164_gene7940156.pdb
-0.499434 -0.596398  0.628391    -7.373232
-0.863187  0.280613 -0.419720     2.152853
 0.073986 -0.752041 -0.654951     1.732415
>structures/ThrRS_AF_Bact_Bifidobacterium_longum_subsp_longum_JCM_1217_gene69578309.pdb
 0.352067  0.825477  0.441176    -5.047398
-0.935939  0.306360  0.173671    -6.020752
 0.008202 -0.474058  0.880456    -4.115573
>structures/ThrRS_AF_Bact_Brachyspira_pilosicoli_95_1000_gene56439092.pdb
-0.226515  0.003893  0.974000    -6.844265
-0.763912 -0.621090 -0.175174    -5.612328
 0.604259 -0.783730  0.143660    -3.202772
>structures/ThrRS_AF_Bact_Brucella_abortus_2308_gene3787745.pdb
-0.007304  0.552622 -0.833400    -5.102472
 0.979710 -0.162972 -0.116652    -6.260240
-0.200286 -0.817342 -0.540220    -3.269206
>structures/ThrRS_AF_Bact_Lactobacillus_acidophilus_La-14_gene56943112.pdb
 0.907868 -0.269280 -0.321347    -5.256500
-0.202045  0.390589 -0.898119   -10.141813
 0.367360  0.880300  0.300196    -4.905500
>structures/ThrRS_AF_Bact_Mycoplasma_hyopneumoniae_168-L_gene57101460.pdb
-0.998636  0.021916  0.047381    -5.763991
 0.051813  0.305146  0.950895    -3.078796
 0.006381  0.952053 -0.305865    -2.965714
>structures/ThrRS_AF_Bact_Porphyromonas_gingivalis_ATCC_33277_gene29256174.pdb
-0.542560  0.348943  0.764113    -5.525301
-0.324627 -0.926067  0.192399    -6.667808
 0.774756 -0.143663  0.615723    -4.165613
>structures/ThrRS_AF_Bact_Prochlorococcus_marinus_subsp_marinus_str_CCMP1375_gene54200406.pdb
 0.495296 -0.867550 -0.045155    -3.474583
 0.301747  0.123064  0.945412    -7.779065
-0.814635 -0.481884  0.322734    -3.083508
>structures/ThrRS_AF_Bact_Streptobacillus_moniliformis_DSM_12112_gene29674242.pdb
 0.951081 -0.264788 -0.159161    -5.099634
 0.185747  0.901768 -0.390272    -7.128016
 0.246866  0.341617  0.906838    -3.181456
>structures/ThrRS_AF_Euk_Arabidopsis_thaliana_gene832741.pdb
 0.443003  0.893908 -0.068390    -5.072000
-0.889990  0.429304 -0.153674    -7.607810
-0.108010  0.128945  0.985752    -6.358207
>structures/ThrRS_AF_Euk_Cryptococcus_gattii_WM276_gene10188143.pdb
 0.719921  0.632851  0.284979    -5.436009
-0.692200  0.684690  0.228163    -8.062787
-0.050729 -0.361522  0.930982    -6.430358
>structures/ThrRS_AF_Euk_Cyanidioschyzon_merolae_strain_10D_gene16997242.pdb
 0.258290  0.037888 -0.965324    -5.506959
 0.952006 -0.179848  0.247667    -8.204082
-0.164228 -0.982965 -0.082522    -4.957426
>structures/ThrRS_AF_Mito_Cyanidioschyzon_merolae_strain_10D_gene16995590.pdb
 0.930746 -0.351738 -0.099966    -5.966801
 0.358083  0.821331  0.444064    -6.617825
-0.074089 -0.449106  0.890401    -3.059865
>structures/ThrRS_AF_Mito_Oryza_sativa_Japonica_Group_gene4345200.pdb
 0.260989  0.061890  0.963356    -5.210849
 0.795074 -0.579758 -0.178153    -8.806137
 0.547487  0.812435 -0.200517    -5.767021
>structures/ThrRS_PDB_Bact_E_coli_1evk.pdb
-0.240512 -0.135602 -0.961128    26.075830
-0.123645 -0.977847  0.168902    56.914915
-0.962739  0.159462  0.218417    19.150580
>structures/ThrRS_PDB_Bact_S_aureus_1nyr.pdb
-0.547140  0.826483 -0.132526   -32.187718
-0.149392  0.059365  0.986994   -56.602204
 0.823602  0.559823  0.090989   -46.834311
