>structures/ThrRS_AF_Arch_Candidatus_Methanomethylophilus_alvus_Mx1201_gene15140074.pdb
-0.721374 -0.529494  0.446381     0.412908
 0.564675 -0.076534  0.821757     1.115803
-0.400952  0.844854  0.354201     2.434821
>structures/ThrRS_AF_Arch_Candidatus_Nitrosopumilus_koreensis_AR1_gene13725077.pdb
 0.968044  0.201688 -0.149039     7.975804
-0.226452  0.958365 -0.173943     0.837747
 0.107752  0.202135  0.973412     6.916007
>structures/ThrRS_AF_Arch_Pyrococcus_furiosus_DSM_3638_gene1469226.pdb
 0.934647  0.349798 -0.063841     7.776039
-0.338119  0.818755 -0.464021     2.157343
-0.110044  0.455282  0.883521     5.086857
>structures/ThrRS_AF_Arch_Sulfolobus_islandicus_M164_gene7940156.pdb
-0.778395 -0.404135  0.480392     1.430457
-0.572682  0.770602 -0.279657     5.404781
-0.257173 -0.492795 -0.831273     8.400882
>structures/ThrRS_AF_Bact_Bifidobacterium_longum_subsp_longum_JCM_1217_gene69578309.pdb
-0.020638  0.911988  0.409697     1.045229
-0.895461  0.165393 -0.413273     0.785213
-0.444661 -0.375397  0.813237    -0.645391
>structures/ThrRS_AF_Bact_Brachyspira_pilosicoli_95_1000_gene56439092.pdb
-0.540112 -0.170766  0.824086    -0.552457
-0.809933 -0.160584 -0.564112     1.289306
 0.228666 -0.972138 -0.051575     0.649309
>structures/ThrRS_AF_Bact_Brucella_abortus_2308_gene3787745.pdb
 0.371718  0.499540 -0.782486     0.645952
 0.893107  0.037597  0.448270     0.073568
 0.253348 -0.865474 -0.432168     0.111004
>structures/ThrRS_AF_Bact_Lactobacillus_acidophilus_La-14_gene56943112.pdb
 0.774778 -0.235185 -0.586862     1.406500
-0.582216  0.096442 -0.807294    -4.056776
 0.246461  0.967154 -0.062207    -3.132489
>structures/ThrRS_AF_Bact_Mycoplasma_hyopneumoniae_168-L_gene57101460.pdb
-0.905875  0.067646  0.418107     1.358857
 0.399681 -0.190143  0.896717     2.918234
 0.140160  0.979423  0.145209     1.758280
>structures/ThrRS_AF_Bact_Porphyromonas_gingivalis_ATCC_33277_gene29256174.pdb
-0.679453 -0.000535  0.733719     0.497211
-0.422341 -0.817434 -0.391700     0.477480
 0.599977 -0.576022  0.555182    -0.835666
>structures/ThrRS_AF_Bact_Prochlorococcus_marinus_subsp_marinus_str_CCMP1375_gene54200406.pdb
 0.627704 -0.723632  0.286956     1.740925
 0.432166  0.630537  0.644713    -1.821123
-0.647472 -0.280677  0.708520    -0.613977
>structures/ThrRS_AF_Bact_Streptobacillus_moniliformis_DSM_12112_gene29674242.pdb
 0.931732  0.069130 -0.356506     0.428558
-0.305185  0.681128 -0.665527    -0.585731
 0.196818  0.728893  0.655726    -0.255166
>structures/ThrRS_AF_Euk_Arabidopsis_thaliana_gene832741.pdb
 0.116581  0.972360 -0.202301     1.275610
-0.841919 -0.011299 -0.539485     0.532406
-0.526859  0.233215  0.817331    -2.900314
>structures/ThrRS_AF_Euk_Cryptococcus_gattii_WM276_gene10188143.pdb
 0.407696  0.868675  0.281402    -0.021230
-0.807591  0.486846 -0.332832     0.179768
-0.426123 -0.091564  0.900020    -3.618779
>structures/ThrRS_AF_Euk_Cyanidioschyzon_merolae_strain_10D_gene16997242.pdb
 0.605914  0.034962 -0.794762    -0.292768
 0.758686  0.275118  0.590513    -0.664285
 0.239299 -0.960775  0.140173    -2.292721
>structures/ThrRS_AF_Mito_Cyanidioschyzon_merolae_strain_10D_gene16995590.pdb
 0.999992  0.002695  0.002940    -0.018812
-0.002683  0.999988 -0.003989     0.118120
-0.002951  0.003981  0.999988     0.041069
>structures/ThrRS_AF_Mito_Oryza_sativa_Japonica_Group_gene4345200.pdb
 0.481078 -0.205128  0.852342     0.306707
 0.318147 -0.865111 -0.387769    -0.606144
 0.816913  0.457717 -0.350926    -3.160266
>structures/ThrRS_PDB_Bact_E_coli_1evk.pdb
-0.200145 -0.490156 -0.848345    51.109724
 0.412314 -0.827597  0.380894    30.997573
-0.888785 -0.273550  0.367737    44.522522
>structures/ThrRS_PDB_Bact_S_aureus_1nyr.pdb
-0.621210  0.746502  0.238397   -39.932275
-0.291203 -0.502333  0.814163   -11.704417
 0.727529  0.436344  0.529438   -58.082229
