>structures/GlnRS_AF_Bact_Anaerostipes_hadrus_gene15230984.pdb
 0.843570  0.455465  0.284501     1.252033
-0.293509  0.834687 -0.465994     1.394858
-0.449713  0.309595  0.837800     0.570779
>structures/GlnRS_AF_Bact_Cutibacterium_avidum_44067_gene29843447.pdb
 0.934721 -0.054927  0.351112     0.442471
 0.018979  0.994289  0.105019     1.632912
-0.354876 -0.091500  0.930425     0.369456
>structures/GlnRS_AF_Bact_Pasteurella_multocida_subsp_multocida_str_Pm70_gene1243875.pdb
 1.000000  0.000000  0.000000     0.000000
 0.000000  1.000000  0.000000     0.000000
 0.000000  0.000000  1.000000     0.000000
>structures/GlnRS_AF_Bact_Porphyromonas_gingivalis_ATCC_33277_gene29257033.pdb
 0.714967  0.695533  0.071109     1.150018
-0.453887  0.539103 -0.709474     2.028653
-0.531798  0.474975  0.701134    -0.473575
>structures/GlnRS_AF_Bact_Thermus_thermophilus_HB8_gene3168786.pdb
-0.343302  0.533456  0.773025     1.955691
 0.385779 -0.670324  0.633908     3.308109
 0.856340  0.515839  0.024328    -0.630651
>structures/GlnRS_AF_Euk_Candida_dubliniensis_CD36_gene8049124.pdb
 0.839531  0.502102  0.207561     0.466303
-0.463682  0.861253 -0.207946     3.026594
-0.283173  0.078335  0.955864    -3.539454
>structures/GlnRS_AF_Euk_Dictyostelium_discoideum_AX4_gene8627167.pdb
-0.707624  0.706268 -0.021290     2.318522
 0.397701  0.423007  0.814186     2.466093
 0.584039  0.567671 -0.580213    -6.150015
>structures/GlnRS_AF_Euk_Encephalitozoon_romaleae_SJ-2008_gene20564565.pdb
-0.649350  0.604826  0.461010     1.121232
 0.612282  0.056241  0.788636     1.972256
 0.451060  0.794369 -0.406845    -2.952553
>structures/GlnRS_AF_Euk_Myodes_glareolus_gene125393344.pdb
 0.024222 -0.666542 -0.745074     3.221298
 0.534246 -0.621313  0.573194    -5.157957
-0.844982 -0.411937  0.341048    -0.947941
>structures/GlnRS_AF_Mito_Cyanidioschyzon_merolae_strain_10D_gene16997184.pdb
-0.377061  0.688166  0.619881    -0.753501
 0.452217 -0.447293  0.771640     4.775172
 0.808285  0.571276 -0.142544    -3.393014
>structures/GlnRS_Bact_D_radio_2HZ7.pdb
-0.870640  0.347418 -0.348262    33.377337
 0.443214  0.246858 -0.861756    39.721614
-0.213419 -0.904634 -0.368905    72.608578
>structures/GlnRS_Bact_E_coli_1QTQ.pdb
 0.841936  0.366284 -0.396206   -33.085101
 0.456670 -0.092615  0.884802   -27.669164
 0.287394 -0.925883 -0.245247     7.182903
>structures/GlnRS_PDB_Euk_T_gondii_4P2B.pdb
-0.434418  0.701978 -0.564364    33.536587
 0.848386  0.529350  0.005383  -102.945047
 0.302525 -0.476460 -0.825508    42.693322
