>structures/AspRS_AF_Arch_Candidatus_Methanomassiliicoccus_intestinalis_Issoire-Mx1_gene16154434.pdb
 0.983221 -0.169932  0.066334     4.445871
 0.181878  0.941202 -0.284710    -3.928315
-0.014052  0.291997  0.956316     2.504235
>structures/AspRS_AF_Arch_unclassified_Euryarchaeota_proteinHHT76046.1.pdb
 1.000000 -0.000000  0.000000     0.000000
 0.000000  1.000000  0.000000     0.000000
-0.000000  0.000000  1.000000     0.000000
>structures/AspRS_AF_Bact_Bacillus_anthracis_str_Ames_Ancestor_gene45024275.pdb
 0.205015  0.045155  0.977717     3.307353
 0.089488 -0.995616  0.027218     1.286099
 0.974659  0.081914 -0.208157     5.275138
>structures/AspRS_AF_Bact_Brachyspira_pilosicoli_95_1000_gene56440011.pdb
 0.998857 -0.047682  0.003375    -2.068670
 0.044038  0.945388  0.322959    -0.331869
-0.018590 -0.322441  0.946407     2.256026
>structures/AspRS_AF_Bact_Chlamydia_muridarum_str_Nigg_gene1246197.pdb
 0.803629 -0.482874 -0.347869    -2.671405
 0.591724  0.585872  0.553730    -0.411042
-0.063575 -0.650836  0.756552     2.034173
>structures/AspRS_AF_Bact_Mycoplasma_hyopneumoniae_168-L_gene57101115.pdb
 0.964569  0.261363  0.036014     3.132748
-0.175426  0.737309 -0.652381    -6.660809
-0.197062  0.622948  0.757035     0.201670
>structures/AspRS_AF_Bact_Nocardia_cyriacigeorgica_GUH-2_gene45501717.pdb
 0.046294  0.589931 -0.806126    -2.598649
-0.368615 -0.739949 -0.562671    -3.104616
-0.928429  0.323198  0.183202    -3.202112
>structures/AspRS_AF_Bact_Porphyromonas_gingivalis_ATCC_33277_gene29255515.pdb
 0.066668 -0.872824  0.483461    -2.105598
-0.971544 -0.167159 -0.167810    -1.647007
 0.227283 -0.458516 -0.859131     3.481982
>structures/AspRS_AF_Bact_Prochlorococcus_marinus_subsp_marinus_str_CCMP1375_gene54201182.pdb
 0.700843 -0.670393 -0.243707     4.056041
 0.710382  0.625005  0.323615     1.096006
-0.064631 -0.399928  0.914265     3.474987
>structures/AspRS_AF_Bact_Xylella_fastidiosa_Temecula1_gene58016479.pdb
 0.049752  0.514991 -0.855750    -2.441567
-0.288161 -0.812973 -0.506001     0.536367
-0.956289  0.271768  0.107953     1.411833
>structures/AspRS_AF_Mito_Oryza_sativa_Japonica_Group_gene4324505.pdb
-0.985979 -0.166676 -0.008078    -4.870347
-0.166778  0.982642  0.081244    -4.476185
-0.005603  0.081452 -0.996661    -1.946001
>structures/AspRS_AF_Mito_Oryzias_melastigma_gene112147132.pdb
 0.662552  0.745576  0.071705    -1.237388
-0.545882  0.546200 -0.635356     1.550526
-0.512871  0.381814  0.768883     1.372452
>structures/AspRS_PDB_Bact_E_coli_1c0a.pdb
 0.532802  0.166692 -0.829660   -42.204475
-0.720334  0.603868 -0.341266    16.015224
 0.444119  0.779460  0.441816   -52.671925
