>structures/IleRS_AF_Arch_Candidatus_Korarchaeum_cryptofilum_OPF8_gene6094904.pdb
-0.891258 -0.201007 -0.406517    13.302459
 0.433058 -0.111153 -0.894486    12.685520
 0.134612 -0.973263  0.186114    37.640584
>structures/IleRS_AF_Arch_Candidatus_Nitrosopumilus_sediminis_gene13697091.pdb
-0.348253 -0.461160 -0.816120    15.404437
-0.935707  0.223319  0.273094    14.742517
 0.056315  0.858755 -0.509282    32.519028
>structures/IleRS_AF_Arch_Pyrobaculum_aerophilum_str_IM2_gene1465853.pdb
 0.517294 -0.847851  0.116431    20.969616
-0.714028 -0.352584  0.604854    17.899388
-0.471774 -0.396022 -0.787779    38.341406
>structures/IleRS_AF_Arch_Thermoplasma_acidophilum_DSM_1728_gene1456418.pdb
-0.257020 -0.965141 -0.049435    17.359120
 0.964997 -0.259071  0.040785    13.292757
-0.052170 -0.037222  0.997944    31.935168
>structures/IleRS_AF_Bact_Chlamydia_muridarum_str_Nigg_gene1246458.pdb
-0.069898  0.818220  0.570641     8.821111
 0.599066  0.491832 -0.631840    12.623031
-0.797643  0.297687 -0.524546    43.873734
>structures/IleRS_AF_Bact_Lactobacillus_acidophilus_La-14_gene56942445.pdb
 0.915666 -0.386717  0.109566    10.710046
-0.313299 -0.515939  0.797277    13.770148
-0.251792 -0.764367 -0.593586    38.716256
>structures/IleRS_AF_Bact_Mycoplasma_hyopneumoniae_168-L_gene57100872.pdb
 0.912054 -0.383421  0.145417    13.503851
-0.322374 -0.451243  0.832139    12.631323
-0.253441 -0.805834 -0.535163    40.062261
>structures/IleRS_AF_Bact_Orientia_tsutsugamushi_str_Ikeda_gene66653313.pdb
-0.007689  0.983267 -0.182009    14.829275
-0.395710  0.164165  0.903584    12.015470
 0.918344  0.078970  0.387826    37.365078
>structures/IleRS_AF_Bact_Porphyromonas_gingivalis_ATCC_33277_gene29255747.pdb
-0.021651  0.981218 -0.191682    17.350461
-0.343687  0.172737  0.923061    10.524143
 0.938835  0.085864  0.333492    35.265986
>structures/IleRS_AF_Bact_Streptobacillus_moniliformis_DSM_12112_gene29674186.pdb
 0.920827 -0.361742  0.145675    17.445618
-0.330229 -0.524616  0.784682    14.300994
-0.207429 -0.770663 -0.602538    39.793835
>structures/IleRS_AF_Bact_Thermus_thermophilus_HB8_gene3168241.pdb
 0.048830  0.901472  0.430074    14.439242
 0.419842  0.372175 -0.827779    12.678501
-0.906283  0.220984 -0.360303    35.348547
>structures/IleRS_AF_Bact_Treponema_pallidum_subsp_pertenue_str_SamoaD_gene57878975.pdb
-0.838469  0.515495 -0.176732    13.251840
 0.135985 -0.116129 -0.983881    13.033795
-0.527709 -0.848987  0.027271    36.389716
>structures/IleRS_AF_Euk_Cyanidioschyzon_merolae_strain_10D_gene16992835.pdb
 0.297465 -0.131516  0.945631    11.853935
 0.823441  0.536602 -0.184398    12.100726
-0.483176  0.833524  0.267916    36.562736
>structures/IleRS_AF_Euk_Ostreococcus_lucimarinus_CCE9901_gene5000489.pdb
-0.987365  0.088347  0.131550    -0.860411
-0.144352 -0.159003 -0.976668     7.163591
-0.065369 -0.983317  0.169748    44.657909
>structures/IleRS_AF_Euk_Trypanosoma_brucei_brucei_TREU927_gene3663037.pdb
-0.957545 -0.178851 -0.226098    13.002396
 0.282070 -0.419291 -0.862920    15.086592
 0.059533 -0.890061  0.451938    38.678960
>structures/IleRS_AF_Euk_Ustilago_maydis_521_gene23568123.pdb
 0.984710  0.060607  0.163317    12.549827
-0.153732 -0.138578  0.978347    12.283875
 0.081927 -0.988495 -0.127142    42.056612
>structures/IleRS_AF_Mito_Drosophila_melanogaster_gene39762.pdb
-0.229543  0.655977 -0.719030    14.542043
-0.726131  0.376510  0.575303     8.670497
 0.648108  0.654167  0.389900    37.452344
>structures/IleRS_AF_Mito_Homo_sapiens_gene55699.pdb
 0.912099 -0.404979  0.063773    12.139867
-0.291171 -0.530404  0.796173    12.617211
-0.288608 -0.744758 -0.601699    37.961365
>structures/IleRS_AF_Vir_Megavirus_chiliensis_gene11256744.pdb
 0.343856  0.938737  0.023164    11.833393
-0.417380  0.130695  0.899284     9.753627
 0.841164 -0.318893  0.436750    41.742789
>structures/IleRS_PDB_Bact_S_aureus_1QU2.pdb
 0.398187 -0.838502 -0.371970    89.737459
 0.041463 -0.388637  0.920458   -44.793196
-0.916367 -0.381937 -0.119983   102.911051
>structures/IleRS_PDB_Bact_T_therm_1ILE.pdb
-0.020386  0.998169 -0.056950    15.069057
 0.195445 -0.051884 -0.979341   -10.200910
-0.980503 -0.031095 -0.194030     4.613575
>structures/IleRS_PDB_Euk_S_cere_7D5C.pdb
 0.999978  0.006045 -0.002559     0.186398
-0.006036  0.999976  0.003344     0.042536
 0.002579 -0.003329  0.999991    -0.217909
