>../../../../class2/ala//data/domains/Catalytic_domain/structures/AlaRS_AF_Arch_Candidatus_Korarchaeum_cryptofilum_OPF8_gene6094822.pdb
-0.300395  0.643410 -0.704121    -3.003027
 0.948942  0.127076 -0.288723     3.769249
-0.096290 -0.754901 -0.648731    -3.060271
>../../../../class2/ala//data/domains/Catalytic_domain/structures/AlaRS_AF_Arch_Candidatus_Nitrosopumilus_koreensis_AR1_gene13725795.pdb
 0.205463 -0.800617  0.562848     2.867976
 0.044214 -0.566937 -0.822574     1.519998
 0.977666  0.193894 -0.081086    -1.917273
>../../../../class2/ala//data/domains/Catalytic_domain/structures/AlaRS_AF_Arch_Sulfolobus_islandicus_YG5714_gene7807284.pdb
 0.170224  0.500441 -0.848871    -1.593631
 0.398683 -0.822765 -0.405103     3.383976
-0.901152 -0.269473 -0.339572    -6.666084
>../../../../class2/ala//data/domains/Catalytic_domain/structures/AlaRS_AF_Arch_Thermoplasma_acidophilum_DSM_1728_gene1456391.pdb
 0.188552 -0.804090  0.563815     1.087732
 0.078039 -0.560030 -0.824789     2.825028
 0.978958  0.199515 -0.042844    -2.334089
>../../../../class2/ala//data/domains/Catalytic_domain/structures/AlaRS_AF_Bact_Brucella_melitensis_bv_1_str_16M_gene29593597.pdb
 0.575301 -0.209689  0.790607     3.483839
 0.324019 -0.829081 -0.455672     1.962544
 0.751027  0.518320 -0.409028     6.442569
>../../../../class2/ala//data/domains/Catalytic_domain/structures/AlaRS_AF_Bact_Chlamydia_psittaci_6BC_gene12242512.pdb
 0.989517 -0.131293 -0.060144     0.113320
 0.139231  0.977904  0.155943     0.429615
 0.038340 -0.162682  0.985933     1.609943
>../../../../class2/ala//data/domains/Catalytic_domain/structures/AlaRS_AF_Bact_Lactobacillus_acidophilus_La-14_gene56942022.pdb
 0.674213  0.656069 -0.339131    -1.674873
-0.533978  0.115816 -0.837528    -7.579527
-0.510200  0.745761  0.428411    -0.851150
>../../../../class2/ala//data/domains/Catalytic_domain/structures/AlaRS_AF_Bact_Nocardia_farcinica_IFM_10152_gene61134339.pdb
 0.903356  0.427980  0.027945    -0.849448
-0.364766  0.800931 -0.474821    -1.133263
-0.225595  0.418739  0.879639     1.877373
>../../../../class2/ala//data/domains/Catalytic_domain/structures/AlaRS_AF_Bact_Porphyromonas_gingivalis_ATCC_33277_gene29256567.pdb
 1.000000  0.000000  0.000000     0.000000
 0.000000  1.000000  0.000000     0.000000
 0.000000  0.000000  1.000000    -0.000000
>../../../../class2/ala//data/domains/Catalytic_domain/structures/AlaRS_AF_Bact_Prochlorococcus_marinus_subsp_marinus_str_CCMP1375_gene54199407.pdb
-0.127934 -0.650580  0.748584    -2.383958
-0.989431  0.135675 -0.051182    -0.463797
-0.068266 -0.747220 -0.661061     2.848121
>../../../../class2/ala//data/domains/Catalytic_domain/structures/AlaRS_AF_Bact_Streptobacillus_moniliformis_DSM_12112_gene29672963.pdb
 0.945088 -0.306043 -0.114662    -3.134323
 0.323797  0.924423  0.201489    -2.887638
 0.044332 -0.227552  0.972756     2.070042
>../../../../class2/ala//data/domains/Catalytic_domain/structures/AlaRS_AF_Bact_Treponema_pallidum_subsp_pertenue_str_SamoaD_gene57879528.pdb
-0.068048 -0.214631 -0.974322     5.962880
 0.746378 -0.658986  0.093038    -3.444997
-0.662034 -0.720882  0.205039   -10.238310
>../../../../class2/ala//data/domains/Catalytic_domain/structures/AlaRS_AF_Euk_Cyanidioschyzon_merolae_strain_10D_gene16993235.pdb
 0.160656  0.074093 -0.984226    -7.865835
 0.475405 -0.879693  0.011377     1.422365
-0.864974 -0.469734 -0.176552    -2.294016
>../../../../class2/ala//data/domains/Catalytic_domain/structures/AlaRS_AF_Euk_Marasmius_oreades_gene66078979.pdb
 0.356340 -0.732734  0.579761    -4.423350
 0.182785 -0.553836 -0.812315    -0.486799
 0.916303  0.395432 -0.063421    -0.870776
>../../../../class2/ala//data/domains/Catalytic_domain/structures/AlaRS_AF_Euk_Plasmodium_berghei_ANKA_gene55150801.pdb
 0.967702  0.127595 -0.217422     0.329160
-0.224177  0.830052 -0.510644    -3.855648
 0.115316  0.542893  0.831847     1.594689
>../../../../class2/ala//data/domains/Catalytic_domain/structures/AlaRS_AF_Euk_Saccharomyces_cerevisiae_S288C_gene854513.pdb
-0.121950 -0.764401  0.633103    -1.972946
-0.128753 -0.620291 -0.773732     3.804446
 0.984150 -0.175871 -0.022774    -2.287528
>../../../../class2/ala//data/domains/Catalytic_domain/structures/AlaRS_AF_Mito_Caenorhabditis_elegans_gene174749.pdb
 0.862800 -0.299064 -0.407600     0.283451
 0.469950  0.771650  0.428606     1.192092
 0.186343 -0.561353  0.806325    -2.890042
>../../../../class2/ala//data/domains/Catalytic_domain/structures/AlaRS_AF_Mito_Gadus_morhua_gene115539928.pdb
-0.837728  0.400877  0.370823     0.530295
 0.129754 -0.513487  0.848230     2.641541
 0.530449  0.758702  0.378147    -1.657445
>../../../../class2/ala//data/domains/Catalytic_domain/structures/AlaRS_PDB_Bact_E_coli_3HXV.pdb
-0.645653  0.691992  0.322924   -11.154053
 0.226764  0.577547 -0.784231   -12.481581
-0.729185 -0.433113 -0.529814    29.938694
>../../../../class2/pyl//data/domains/Catalytic_domain/structures/PylRS_AF_Arch_Candidatus_Methanomassiliicoccus_intestinalis_Issoire-Mx1_gene16153983.pdb
 0.232574 -0.947868 -0.217842    16.875857
 0.525346  0.310932 -0.792043    -2.934471
 0.818487  0.069766  0.570274   -15.912663
>../../../../class2/pyl//data/domains/Catalytic_domain/structures/PylRS_AF_Arch_Methanosalsum_zhilinae_DSM_4017_gene10822650.pdb
 0.540557  0.544277  0.641530    19.079362
 0.781051 -0.041273 -0.623102     1.153899
-0.312662  0.837890 -0.447418   -19.679057
>../../../../class2/pyl//data/domains/Catalytic_domain/structures/PylRS_AF_Arch_Unclassified_Candidatus_Bathyarchaeota_proteinUCH69683.1.pdb
 0.713366 -0.103895  0.693048    15.518856
-0.694317  0.029340  0.719071    -3.250010
-0.095042 -0.994155 -0.051206   -17.498884
>../../../../class2/pyl//data/domains/Catalytic_domain/structures/PylRS_AF_Bact_Unclassified_Actinobacteria_proteinMBU2601214.1.pdb
 0.711551 -0.076512  0.698456    15.842200
-0.698170  0.034889  0.715082    -4.009098
-0.079081 -0.996458 -0.028593   -17.616115
>../../../../class2/pyl//data/domains/Catalytic_domain/structures/PylRS_AF_Bact_Unclassified_Aerophobetes_proteinMCD6471581.1.pdb
 0.753633 -0.250300  0.607773    15.836887
-0.607192  0.088981  0.789557    -3.885667
-0.251706 -0.964071 -0.084921   -17.006797
>../../../../class2/pyl//data/domains/Catalytic_domain/structures/PylRS_AF_Bact_unclassified_Desulfosarcina_proteinMBC2741817.pdb
 0.520646 -0.562699  0.642103    15.907912
-0.729812  0.096963  0.676737     3.735882
-0.443059 -0.820955 -0.360181   -17.447070
>../../../../class2/pyl//data/domains/Catalytic_domain/structures/PylRS_AF_Bact_unclassified_Lachnospiraceae_proteinHCE77498.1.pdb
 0.021482  0.994447  0.103021    14.216752
 0.836810  0.038501 -0.546138    -1.185031
-0.547071  0.097941 -0.831337   -21.549123
>../../../../class2/pyl//data/domains/Catalytic_domain/structures/PylRS_PDB_Arch_M_mazei_2Q7E.pdb
-0.024317  0.031273 -0.999215    45.469739
-0.672216  0.739300  0.039498   -22.066994
 0.739955  0.672649  0.003045   -55.152261
>../../../../class2/pyl//data/domains/Catalytic_domain/structures/PylRS_PDB_Bact_D_hafniense_2ZNJ.pdb
 0.823320  0.503656 -0.261679   -32.350801
-0.444799  0.286167 -0.848683   -12.271119
-0.352560  0.815131  0.459632     7.582104
