>structures/HisRS_AF_Arch_Candidatus_Methanomassiliicoccus_intestinalis_Issoire-Mx1_gene16154026.pdb
-0.910858  0.402351 -0.091936    -6.777796
 0.253680  0.721504  0.644266    -0.754577
 0.325553  0.563513 -0.759255     0.061277
>structures/HisRS_AF_Arch_Candidatus_Nitrosopumilus_koreensis_AR1_gene13725657.pdb
 0.842727  0.535990 -0.050254    -4.780189
-0.395030  0.552266 -0.734135    -3.850367
-0.365735  0.638527  0.677142    -3.367136
>structures/HisRS_AF_Arch_Desulfurococcus_amylolyticus_1221n_gene7171287.pdb
 0.493731 -0.671784 -0.552210    -0.982516
 0.806356  0.115904  0.579962     0.482829
-0.325606 -0.731623  0.598922    -2.325509
>structures/HisRS_AF_Arch_Methanoregula_formicica_SMSP_gene14310605.pdb
-0.699145  0.668881  0.252575    -7.132828
 0.590290  0.340673  0.731779     2.252612
 0.403427  0.660712 -0.633013    -1.790958
>structures/HisRS_AF_Bact_Chlamydia_muridarum_str_Nigg_gene1246198.pdb
 0.479291  0.862577 -0.161993    -3.993145
-0.361705  0.025964 -0.931931    -1.231833
-0.799656  0.505260  0.324443    -1.382904
>structures/HisRS_AF_Bact_Lacticaseibacillus_paracasei_gene61269730.pdb
 0.999963 -0.002727 -0.008203     0.005570
 0.002766  0.999985  0.004677    -0.050213
 0.008190 -0.004700  0.999955    -0.213165
>structures/HisRS_AF_Bact_Paracoccus_denitrificans_PD1222_gene75501415.pdb
 0.417896 -0.406504 -0.812476    -4.731695
 0.882626 -0.030229  0.469103    -1.821532
-0.215253 -0.913149  0.346159    -4.493774
>structures/HisRS_AF_Bact_Prochlorococcus_marinus_subsp_marinus_str_CCMP1375_gene54200127.pdb
 0.302075 -0.625927 -0.719004    -3.714382
 0.797429 -0.247375  0.550375     6.388395
-0.522358 -0.739609  0.424406    -2.750538
>structures/HisRS_AF_Bact_Streptobacillus_moniliformis_DSM_12112_gene29674169.pdb
 0.999711  0.006051  0.023275     0.823194
-0.003142  0.992393 -0.123068    -1.673182
-0.023843  0.122959  0.992125    -1.894609
>structures/HisRS_AF_Bact_Streptomyces_albidoflavus_gene15149169.pdb
 0.938303  0.251973  0.236848    -4.160866
-0.229099  0.965972 -0.120052     0.377600
-0.259038  0.058383  0.964101    -2.053131
>structures/HisRS_AF_Bact_Thermus_thermophilus_HB8_gene3168691.pdb
 0.975968 -0.193306 -0.100593    -0.600583
 0.197348  0.979817  0.031813    -0.728081
 0.092413 -0.050900  0.994419     0.439369
>structures/HisRS_AF_Bact_Treponema_denticola_ATCC_35405_gene2741405.pdb
 0.024704  0.494238 -0.868976    -5.661098
-0.377270 -0.800357 -0.465936     1.414556
-0.925774  0.339349  0.166689    -2.209221
>structures/HisRS_AF_Euk_Arabidopsis_thaliana_gene823753.pdb
 0.961964  0.212948  0.171109    -3.980880
-0.194672  0.973807 -0.117484    -1.436002
-0.191645  0.079705  0.978223    -2.652983
>structures/HisRS_AF_Euk_Cryptococcus_gattii_WM276_gene10186972.pdb
-0.000485 -0.816525  0.577310    -2.981051
-0.820035 -0.330077 -0.467537    -0.842674
 0.572313 -0.473642 -0.669419    -2.568968
>structures/HisRS_AF_Euk_Plasmodium_falciparum_3D7_gene812010.pdb
 0.719337  0.117904 -0.684583   -18.591404
-0.479499  0.797336 -0.366518    -2.503702
 0.502629  0.591907  0.630088    -9.579380
>structures/HisRS_AF_Euk_Platysiphonia_delicata_gene33353157.pdb
 0.998816 -0.016998  0.045571     2.650779
 0.018529  0.999270 -0.033403    -0.771378
-0.044970  0.034208  0.998403    -0.636512
>structures/HisRS_PDB_Arch_T_acidophilum_1WU7.pdb
 0.288127 -0.814492 -0.503573    68.019515
-0.886186 -0.027534 -0.462510    39.940063
 0.362846  0.579521 -0.729725    19.822302
>structures/HisRS_PDB_Bact_B_thailandensis_4e51.pdb
-0.667397 -0.313825  0.675348   -30.949834
-0.007431  0.909631  0.415351   -18.173161
-0.744665  0.272185 -0.609417    28.340590
>structures/HisRS_PDB_Bact_E_coli_1HTT.pdb
-0.518073  0.855324 -0.004554   -25.025068
-0.633246 -0.387128 -0.670173    14.616839
-0.574978 -0.344315  0.742191   -23.386077
