>structures/Ala_Bact_3HXV_E_coli.pdb
 0.747803  0.525831 -0.405331   -37.953645
-0.663831  0.582110 -0.469549    -3.352926
-0.010956  0.620201  0.784366   -42.918894
>structures/Asn_Arch_1X54_P_horikoshii.pdb
-0.103128  0.095959  0.990029   -43.156027
 0.162630 -0.980315  0.111958    -3.559601
 0.981283  0.172555  0.085492     0.426245
>structures/Asp_Arch_1b8a_T_kodarensis.pdb
-0.513061  0.268276  0.815351   -24.211904
-0.765072 -0.573579 -0.292698    38.370612
 0.389145 -0.773973  0.499531   -23.625540
>structures/Glycyl.A.Candidatus_Thermoplasmatota.NC_002689.2.pdb
 0.293218 -0.106540 -0.950091   -13.436984
 0.749462 -0.591381  0.297615    -1.844459
-0.593574 -0.799323 -0.093556    10.718840
>structures/GlyT_Bact_5f5w_A_aeolicus.pdb
 0.293218 -0.106540 -0.950091   -13.436984
 0.749462 -0.591381  0.297615    -1.844459
-0.593574 -0.799323 -0.093556    10.718840
>structures/Pro_Arch_1nj8_M_janacshii.pdb
 0.236230  0.383550  0.892796   -89.096090
 0.415805  0.790528 -0.449635   -62.886988
-0.878238  0.477446  0.027265    74.804030
>structures/Pro_Bact_2J3M_E_faecalis.pdb
 0.888378  0.142773 -0.436348   -25.165066
 0.391075  0.262558  0.882113   -24.682525
 0.240509 -0.954295  0.177416   -11.234303
>structures/Sep_Arch_2DU4_A_fulgidus.pdb
 0.374338  0.917491 -0.134469   -94.339574
 0.922052 -0.352893  0.159015    -7.641948
 0.098441 -0.183512 -0.978076   -12.915246
>structures/Ser_Arch_2cim_M_barkeri.pdb
 0.259789 -0.292192 -0.920399    63.174712
 0.099433 -0.939963  0.326469   -33.136636
-0.960532 -0.176331 -0.215139    59.040371
>structures/Seryl.B.Actinobacteria.NC_021064.1.pdb
 1.000000  0.000000  0.000000     0.000000
 0.000000  1.000000  0.000000     0.000000
 0.000000  0.000000  1.000000     0.000000
>structures/Thr_Bact_1evk_E_coli.pdb
 0.247344  0.329402 -0.911216   -24.351860
-0.833765 -0.406743 -0.373357    53.464158
-0.493616  0.852088  0.174038   -25.430301
