>../../../../class2/phe5//data/domains/Catalytic_domain/structures/PheRS-M_AF_Mito_Arabidopsis_thaliana_gene824983.pdb
-0.964666  0.257583  0.055408   -11.908696
 0.245428  0.802005  0.544567     3.005796
 0.095834  0.538924 -0.836885    -3.971809
>../../../../class2/phe5//data/domains/Catalytic_domain/structures/PheRS-M_AF_Mito_Babesia_bovis_T2Bo_gene5478469.pdb
 0.117912 -0.745390  0.656118    -6.420613
 0.648028 -0.442888 -0.619605     7.191102
 0.752434  0.498242  0.430812    -4.270046
>../../../../class2/phe5//data/domains/Catalytic_domain/structures/PheRS-M_AF_Mito_Candida_albicans_SC5314_gene3638806.pdb
-0.648113 -0.595467 -0.474731    -6.716873
-0.467791 -0.180614  0.865188     3.659601
-0.600934  0.782814 -0.161496    -6.821486
>../../../../class2/phe5//data/domains/Catalytic_domain/structures/PheRS-M_AF_Mito_Crassostrea_gigas_gene105329377.pdb
 0.999995 -0.002154 -0.002192     0.108000
 0.002144  0.999987 -0.004558    -0.013197
 0.002202  0.004553  0.999987    -0.081387
>../../../../class2/phe5//data/domains/Catalytic_domain/structures/PheRS-M_AF_Mito_Drosophila_melanogaster_gene36547.pdb
 0.382939 -0.249636 -0.889404    -7.881925
-0.260612 -0.952880  0.155245     7.736280
-0.886250  0.172340 -0.429953    -6.939289
>../../../../class2/phe5//data/domains/Catalytic_domain/structures/PheRS-M_AF_Mito_Syngnathus_acus_gene119139175.pdb
 0.254997  0.877923 -0.405250    -4.236401
-0.454144 -0.261265 -0.851760     2.219561
-0.853657  0.401238  0.332081    -3.049031
>../../../../class2/phe5//data/domains/Catalytic_domain/structures/PheRS-M_PDB_Mito.H_sapiens_3CMQ.pdb
 0.126774 -0.745651 -0.654166    22.456716
-0.986703 -0.027169 -0.160250     6.965113
 0.101717  0.665783 -0.739180    -8.387839
>../../../../class2/pro2//data/domains/Catalytic_domain/structures/ProRS-B_AF_Bact_Acinetobacter_baylyi_ADP1_gene45233245.pdb
 0.649192 -0.643737 -0.405158     0.083875
-0.486500 -0.760878  0.429397     6.341271
-0.584694 -0.081651 -0.807134     1.971472
>../../../../class2/pro2//data/domains/Catalytic_domain/structures/ProRS-B_AF_Bact_Brachyspira_pilosicoli_95_1000_gene56438966.pdb
-0.083300 -0.093691 -0.992110    -0.503809
-0.986085 -0.135979  0.095636     7.560442
-0.143867  0.986272 -0.081060     0.872360
>../../../../class2/pro2//data/domains/Catalytic_domain/structures/ProRS-B_AF_Bact_Chlamydia_psittaci_6BC_gene12242703.pdb
-0.636211 -0.731488  0.245275     3.282379
 0.441637 -0.605966 -0.661636     9.169852
 0.632607 -0.312618  0.708574     1.194547
>../../../../class2/pro2//data/domains/Catalytic_domain/structures/ProRS-B_AF_Bact_Clostridium_acetobutylicum_DSM_1731_gene44999665.pdb
 0.498703 -0.637349 -0.587436     0.348477
-0.559542 -0.754319  0.343389     7.175900
-0.661973  0.157446 -0.732804     1.167001
>../../../../class2/pro2//data/domains/Catalytic_domain/structures/ProRS-B_AF_Bact_Corynebacterium_ulcerans_809_gene75260584.pdb
-0.834020 -0.508405 -0.214327     1.558777
 0.182958  0.111635 -0.976762     7.324517
 0.520517 -0.853851 -0.000089     1.334232
>../../../../class2/pro2//data/domains/Catalytic_domain/structures/ProRS-B_AF_Bact_Prochlorococcus_marinus_subsp_marinus_str_CCMP1375_gene54199876.pdb
 0.574947 -0.693292 -0.434491     0.713805
-0.526761 -0.719994  0.451808     6.640067
-0.626066 -0.030893 -0.779158     2.477421
>../../../../class2/pro2//data/domains/Catalytic_domain/structures/ProRS-B_AF_Bact_Streptobacillus_moniliformis_DSM_12112_gene29673723.pdb
 0.933295 -0.359022  0.007937    -0.861215
-0.224320 -0.565586  0.793595     7.344870
-0.280429 -0.742439 -0.608395     0.730522
>../../../../class2/pro2//data/domains/Catalytic_domain/structures/ProRS-B_AF_Euk_Candida_albicans_SC5314_gene3640100.pdb
 0.643846 -0.700103 -0.308737    -0.318665
-0.292331 -0.597958  0.746317    10.766370
-0.707111 -0.390259 -0.589654     0.123410
>../../../../class2/pro2//data/domains/Catalytic_domain/structures/ProRS-B_PDB_Bact_S_aureus_5znj.pdb
 0.883512 -0.158691 -0.440707     7.318988
-0.279086 -0.933968 -0.223194    12.031845
-0.376187  0.320190 -0.869461    20.445504
>../../../../class2/pro2//data/domains/Catalytic_domain/structures/ProRS_PDB_Bact_E_faecalis_2J3M.pdb
 0.976166 -0.216857  0.008588   -30.684667
-0.195940 -0.863612  0.464524    -2.396218
-0.093318 -0.455135 -0.885519     9.795186
