>../../../../class2/phe2//data/domains/Catalytic_domain/structures/PheRS-Bβ_AF_Bact_Brachyspira_pilosicoli_95_1000_gene56440382.pdb
 0.963484 -0.258120  0.071220     4.818244
 0.248587  0.961106  0.120335    -0.677936
-0.099510 -0.098236  0.990175    -0.336805
>../../../../class2/phe2//data/domains/Catalytic_domain/structures/PheRS-Bβ_AF_Bact_Chlamydia_psittaci_6BC_gene12242429.pdb
-0.062159  0.760155 -0.646761     4.559326
-0.635479 -0.529829 -0.561648     4.602459
-0.769612  0.376092  0.515996     0.187767
>../../../../class2/phe2//data/domains/Catalytic_domain/structures/PheRS-Bβ_AF_Bact_Ferrimonas_balearica_DSM_9799_gene67181907.pdb
-0.044154 -0.579066 -0.814084     6.412338
 0.547873 -0.695446  0.464963     2.411359
-0.835396 -0.425484  0.347962     2.792733
>../../../../class2/phe2//data/domains/Catalytic_domain/structures/PheRS-Bβ_AF_Bact_Lacticaseibacillus_paracasei_gene61269867.pdb
 1.000000  0.000000  0.000000     0.000000
 0.000000  1.000000  0.000000     0.000000
 0.000000  0.000000  1.000000     0.000000
>../../../../class2/phe2//data/domains/Catalytic_domain/structures/PheRS-Bβ_AF_Bact_Mycobacterium_intracellulare_ATCC_13950_gene11909688.pdb
-0.311719  0.036144 -0.949487     4.789678
-0.062938 -0.997867 -0.017323     2.333536
-0.948088  0.054359  0.313329     1.972024
>../../../../class2/phe2//data/domains/Catalytic_domain/structures/PheRS-Bβ_AF_Bact_Mycoplasma_hyopneumoniae_168-L_gene57101148.pdb
 0.794980  0.606563 -0.009369     3.489990
-0.578688  0.753631 -0.311707    -3.452117
-0.182009  0.253223  0.950132     8.228631
>../../../../class2/phe2//data/domains/Catalytic_domain/structures/PheRS-Bβ_AF_Bact_Porphyromonas_gingivalis_ATCC_33277_gene29257179.pdb
-0.526142 -0.847292 -0.072602     8.539735
-0.764505  0.508664 -0.395971    -0.830719
 0.372433 -0.152832 -0.915388     0.315684
>../../../../class2/phe2//data/domains/Catalytic_domain/structures/PheRS-Bβ_AF_Bact_Prochlorococcus_marinus_subsp_marinus_str_CCMP1375_gene54200309.pdb
 0.097548  0.704128 -0.703341     5.404462
-0.656337 -0.485734 -0.577307     4.552386
-0.748135  0.517944  0.414763     1.732996
>../../../../class2/phe2//data/domains/Catalytic_domain/structures/PheRS-Bβ_PDB_Bact.B_E_coli_3PCO.pdb
-0.307857 -0.317550  0.896876   -43.196923
-0.939760  0.248694 -0.234525    -3.694880
-0.148574 -0.915048 -0.374983     6.730075
>../../../../class2/phe2//data/domains/Catalytic_domain/structures/PheRS-Bβ_PDB_Bact.B_T_thermophilus_1PYS.pdb
 0.818656 -0.157553 -0.552249    19.709989
-0.559989 -0.005779 -0.828480    24.983135
 0.127338  0.987494 -0.092959   -63.155930
>../../../../class2/pro1//data/domains/Catalytic_domain/structures/ProRS-A_AF_Arch_Candidatus_Nitrosopumilus_sediminis_gene13697692.pdb
 0.971812  0.114289 -0.206204    28.787332
 0.122863 -0.991993  0.029220    -5.053729
-0.201213 -0.053731 -0.978073   -28.823196
>../../../../class2/pro1//data/domains/Catalytic_domain/structures/ProRS-A_AF_Arch_Halogeometricum_borinquense_DSM_11551_gene9994169.pdb
-0.353710 -0.573121  0.739203    29.023863
 0.673266  0.392607  0.626556    -3.968898
-0.649309  0.719300  0.246994   -28.639795
>../../../../class2/pro1//data/domains/Catalytic_domain/structures/ProRS-A_AF_Arch_Picrophilus_torridus_DSM_9790_gene2845069.pdb
-0.269457 -0.454839  0.848831    27.053752
 0.352698  0.773579  0.526478    -2.567136
-0.896101  0.441244 -0.048026   -28.092474
>../../../../class2/pro1//data/domains/Catalytic_domain/structures/ProRS-A_AF_Arch_Sulfurisphaera_tokodaii_str_7_gene1459472.pdb
 0.782844  0.547762 -0.295148    28.155347
 0.593108 -0.513534  0.620085    -3.751041
 0.188091 -0.660484 -0.726899   -28.827045
>../../../../class2/pro1//data/domains/Catalytic_domain/structures/ProRS-A_AF_Bact_Bacillus_anthracis_str_Ames_Ancestor_gene45020455.pdb
-0.964629 -0.040886  0.260423    28.315973
-0.167201 -0.668865 -0.724337    -4.329078
 0.203802 -0.742259  0.638370   -28.203449
>../../../../class2/pro1//data/domains/Catalytic_domain/structures/ProRS-A_AF_Bact_Mycoplasma_hyopneumoniae_168-L_gene57101275.pdb
-0.558906 -0.690620  0.458986    28.676629
 0.808555 -0.331042  0.486468    -5.460029
-0.184021  0.643004  0.743426   -30.323970
>../../../../class2/pro1//data/domains/Catalytic_domain/structures/ProRS-A_AF_Bact_Porphyromonas_gingivalis_ATCC_33277_gene29256199.pdb
-0.272996 -0.608955  0.744746    27.622049
 0.631181  0.470852  0.616368    -5.189586
-0.726005  0.638336  0.255820   -28.855343
>../../../../class2/pro1//data/domains/Catalytic_domain/structures/ProRS-A_AF_Bact_Thermus_thermophilus_HB8_gene3169620.pdb
-0.410501 -0.706364  0.576662    28.283954
 0.800890  0.023061  0.598367    -4.780467
-0.435963  0.707473  0.556254   -29.882011
>../../../../class2/pro1//data/domains/Catalytic_domain/structures/ProRS-A_AF_Euk_Cryptococcus_gattii_WM276_gene10188341.pdb
-0.322659 -0.572996  0.753370    30.870568
 0.874192  0.124745  0.469283    -4.203090
-0.362876  0.810009  0.460658   -31.111217
>../../../../class2/pro1//data/domains/Catalytic_domain/structures/ProRS-A_AF_Euk_Ostreococcus_tauri_gene9837972.pdb
-0.605448 -0.597934  0.525269    29.972712
 0.787990 -0.357625  0.501175     1.617777
-0.111821  0.717342  0.687689   -30.263513
>../../../../class2/pro1//data/domains/Catalytic_domain/structures/ProRS-A_AF_Euk_Plasmodium_yoelii_gene3807174.pdb
-0.926721  0.281682  0.248682    28.877574
-0.373337 -0.765130 -0.524591    -5.986568
 0.042506 -0.578992  0.814225   -25.719004
>../../../../class2/pro1//data/domains/Catalytic_domain/structures/ProRS-A_AF_Euk_Scheffersomyces_stipitis_CBS_6054_gene4840393.pdb
-0.244719 -0.341569  0.907438    29.847692
 0.615736  0.668208  0.417573    -5.066940
-0.748987  0.660930  0.046793   -33.776626
>../../../../class2/pro1//data/domains/Catalytic_domain/structures/ProRS-A_AF_Mito_Mauremys_reevesii_gene120369760.pdb
-0.469004  0.385963  0.794397    26.905819
-0.425632  0.689343 -0.586211    -6.725391
-0.773868 -0.613057 -0.159026   -28.709248
>../../../../class2/pro1//data/domains/Catalytic_domain/structures/ProRS-A_AF_Mito_Oryza_sativa_Japonica_Group_gene4342480.pdb
-0.452634 -0.584658  0.673273    30.480532
 0.837251 -0.018865  0.546493     0.572565
-0.306810  0.811060  0.498045   -31.652797
>../../../../class2/pro1//data/domains/Catalytic_domain/structures/ProRS-A_PDB_Arch_M_janacshii_1nj8.pdb
-0.966148  0.008726 -0.257839   131.707916
 0.130266  0.879165 -0.458366   -38.034587
 0.222684 -0.476438 -0.850540     7.288092
