>structures/ProRS-A_AF_Arch_Candidatus_Nitrosopumilus_sediminis_gene13697692.pdb
 1.000000  0.000000  0.000000     0.000000
 0.000000  1.000000  0.000000     0.000000
 0.000000  0.000000  1.000000     0.000000
>structures/ProRS-A_AF_Arch_Halogeometricum_borinquense_DSM_11551_gene9994169.pdb
-0.066174 -0.667493  0.741670     0.062734
-0.700349 -0.498371 -0.511015    -0.252582
 0.710726 -0.553244 -0.434499    -0.806142
>structures/ProRS-A_AF_Arch_Picrophilus_torridus_DSM_9790_gene2845069.pdb
 0.010163 -0.374958  0.926986    -1.583207
-0.366893 -0.863777 -0.345368    -1.344056
 0.930208 -0.336595 -0.146348    -0.542990
>structures/ProRS-A_AF_Arch_Sulfurisphaera_tokodaii_str_7_gene1459472.pdb
 0.819917  0.572196 -0.018091    -0.677091
-0.461389  0.641770 -0.612578    -0.396380
-0.338904  0.510610  0.790203    -0.076849
>structures/ProRS-A_AF_Bact_Bacillus_anthracis_str_Ames_Ancestor_gene45020455.pdb
-0.998989  0.026224  0.036505    -0.444204
 0.044327  0.709361  0.703450    -0.866378
-0.007448  0.704358 -0.709806    -0.696028
>structures/ProRS-A_AF_Bact_Mycoplasma_hyopneumoniae_168-L_gene57101275.pdb
-0.398533 -0.851176  0.341570     0.110174
-0.859951  0.217326 -0.461794     0.584529
 0.318836 -0.477774 -0.818581     1.310884
>structures/ProRS-A_AF_Bact_Porphyromonas_gingivalis_ATCC_33277_gene29256199.pdb
-0.029765 -0.664905  0.746335    -1.370617
-0.623756 -0.571088 -0.533655     0.111931
 0.781053 -0.481415 -0.397740     0.162907
>structures/ProRS-A_AF_Bact_Thermus_thermophilus_HB8_gene3169620.pdb
-0.204689 -0.833257  0.513600    -0.272821
-0.826029 -0.134463 -0.547354    -0.242191
 0.525147 -0.536285 -0.660771     1.100792
>structures/ProRS-A_AF_Euk_Cryptococcus_gattii_WM276_gene10188341.pdb
-0.116707 -0.716941  0.687296     2.331274
-0.881755 -0.243663 -0.403901    -0.551779
 0.457042 -0.653165 -0.603729     1.441997
>structures/ProRS-A_AF_Euk_Ostreococcus_tauri_gene9837972.pdb
-0.463151 -0.773140  0.433296     2.130935
-0.843799  0.235117 -0.482415    -6.410648
 0.271099 -0.589046 -0.761269     1.183764
>structures/ProRS-A_AF_Euk_Plasmodium_yoelii_gene3807174.pdb
-0.950480  0.310739 -0.005428    -1.061765
 0.269319  0.832250  0.484591     0.447031
 0.155098  0.459132 -0.874724    -3.352694
>structures/ProRS-A_AF_Euk_Scheffersomyces_stipitis_CBS_6054_gene4840393.pdb
 0.014368 -0.385955  0.922406     1.831979
-0.594516 -0.745023 -0.302474     0.403188
 0.803955 -0.544039 -0.240161     4.302557
>structures/ProRS-A_AF_Mito_Oryza_sativa_Japonica_Group_gene4342480.pdb
-0.270538 -0.735851  0.620751     2.855198
-0.858373 -0.107575 -0.501620    -5.219158
 0.435895 -0.668544 -0.602532     2.416967
>structures/ProRS-A_PDB_Arch_M_janacshii_1nj8.pdb
-0.943198  0.286970 -0.167412    83.986980
-0.331916 -0.835898  0.437156    52.845959
-0.014489  0.467892  0.883667   -57.296098
