>structures/Pro_Arch_1nj8_M_janacshii.pdb
-0.916291  0.331906 -0.224164    81.684927
-0.399899 -0.789155  0.466172    55.722944
-0.022175  0.516792  0.855824   -57.553539
>structures/Prolyl.A.Candidatus_Thermoplasmatota.NC_005877.1.pdb
 0.010734 -0.301928  0.953270    -1.467149
-0.327964 -0.901654 -0.281887    -1.638836
 0.944629 -0.309613 -0.108700    -0.396364
>structures/Prolyl.A.Crenarchaeota.NC_007181.1.pdb
 0.990891 -0.101985 -0.087946    -0.002856
 0.110876  0.988486  0.102964    -0.617882
 0.076433 -0.111777  0.990790    -0.184570
>structures/Prolyl.A.Euryarchaeota.NC_022084.1.pdb
-0.064990 -0.626861  0.776416    -0.313369
-0.654556 -0.560509 -0.507332    -0.857004
 0.753215 -0.541179 -0.373888     0.323294
>structures/Prolyl.A.Thaumarchaeota.NC_018656.1.pdb
 1.000000  0.000000  0.000000     0.000000
 0.000000  1.000000  0.000000     0.000000
 0.000000  0.000000  1.000000     0.000000
>structures/Prolyl.B.Bacteroidota.NC_010729.1.pdb
-0.027382 -0.645673  0.763123    -1.168089
-0.633936 -0.579044 -0.512672    -0.158637
 0.772900 -0.497809 -0.393460     0.238362
>structures/Prolyl.E.Apicomplexa.NC_036186.2.pdb
 0.177573 -0.062327  0.982132     2.442632
-0.284995 -0.958484 -0.009299     3.381406
 0.941937 -0.278252 -0.187964     2.550911
>structures/Prolyl.E.Ascomycota.NC_032095.1.pdb
 0.540786  0.759532 -0.361473    -0.808469
-0.270407 -0.249945 -0.929735     1.622711
-0.796512  0.600532  0.070216    -1.560745
>structures/Prolyl.E.Evosea.NC_007090.3.pdb
 0.026281  0.067317  0.997385     2.762093
-0.219718 -0.972943  0.071457     1.135926
 0.975209 -0.221022 -0.010779     5.887153
>structures/Prolyl.E.Rhodophyta.NC_010136.1.pdb
-0.014485  0.216166  0.976249     1.603860
 0.025051 -0.975967  0.216475     2.860366
 0.999581  0.027592  0.008721     4.790210
