>../../../../class2/gly1//data/domains/Catalytic_domain/structures/GlyRS-A_AF_Arch_Candidatus_Nitrosopumilus_sediminis_gene13697160.pdb
-0.595841 -0.803003 -0.012658     0.628794
-0.786781  0.586820 -0.191360    -1.281524
 0.161091 -0.104061 -0.981438     3.678098
>../../../../class2/gly1//data/domains/Catalytic_domain/structures/GlyRS-A_AF_Arch_Candidatus_Woesearchaeota_archaeon_proteinMBT4248212.1.pdb
 0.087507  0.376781  0.922160    -0.154973
 0.063955 -0.925926  0.372251     0.619416
 0.994109  0.026402 -0.105123     2.725050
>../../../../class2/gly1//data/domains/Catalytic_domain/structures/GlyRS-A_AF_Arch_Sulfolobus_islandicus_YN1551_gene7810979.pdb
 0.633631  0.762608 -0.130153     0.903883
-0.335452  0.119232 -0.934481    -3.222361
-0.697125  0.635777  0.331368     2.679489
>../../../../class2/gly1//data/domains/Catalytic_domain/structures/GlyRS-A_AF_Arch_Thermoplasma_acidophilum_DSM_1728_gene1455843.pdb
-0.777482 -0.625431 -0.066020     0.802918
-0.627215  0.778799  0.008540    -1.294879
 0.046076  0.048048 -0.997782     3.866702
>../../../../class2/gly1//data/domains/Catalytic_domain/structures/GlyRS-A_AF_Bact_Capnocytophaga_ochracea_DSM_7271_gene29675716.pdb
 0.241147  0.919671 -0.309924     1.464312
-0.498739 -0.156515 -0.852504    -0.053687
-0.832531  0.360150  0.420933     3.286726
>../../../../class2/gly1//data/domains/Catalytic_domain/structures/GlyRS-A_AF_Bact_Corynebacterium_ulcerans_809_gene75260805.pdb
-0.694422  0.675081  0.249086    -0.400116
 0.617812  0.381895  0.687361    -2.306370
 0.368899  0.631207 -0.682269    -0.402156
>../../../../class2/gly1//data/domains/Catalytic_domain/structures/GlyRS-A_AF_Bact_Treponema_denticola_ATCC_35405_gene2741635.pdb
 1.000000  0.000000  0.000000     0.000000
 0.000000  1.000000  0.000000     0.000000
 0.000000  0.000000  1.000000     0.000000
>../../../../class2/gly1//data/domains/Catalytic_domain/structures/GlyRS-A_PDB_Bact_T_thermophilus_1ati.pdb
 0.153788  0.428613 -0.890303    10.534013
 0.978280 -0.192781  0.076176   -22.038623
-0.138984 -0.882681 -0.448952    52.459051
>../../../../class2/his//data/domains/Catalytic_domain/structures/HisRS_AF_Arch_Candidatus_Methanomassiliicoccus_intestinalis_Issoire-Mx1_gene16154026.pdb
-0.473685 -0.246808 -0.845405    -4.547883
 0.462957 -0.886381 -0.000627    -0.965446
-0.749196 -0.391683  0.534126     2.334953
>../../../../class2/his//data/domains/Catalytic_domain/structures/HisRS_AF_Arch_Candidatus_Nitrosopumilus_koreensis_AR1_gene13725657.pdb
 0.601803 -0.120349  0.789525    -2.926432
-0.266874 -0.962058  0.056772    -1.874441
 0.752736 -0.244869 -0.611087     5.452138
>../../../../class2/his//data/domains/Catalytic_domain/structures/HisRS_AF_Arch_Desulfurococcus_amylolyticus_1221n_gene7171287.pdb
-0.625364 -0.672572 -0.395686    -2.971885
-0.693194  0.711663 -0.114094    -4.353638
 0.358332  0.202937 -0.911271     6.309978
>../../../../class2/his//data/domains/Catalytic_domain/structures/HisRS_AF_Arch_Methanoregula_formicica_SMSP_gene14310605.pdb
-0.533300  0.225149 -0.815414    -6.427211
 0.103307 -0.939380 -0.326944    -2.965508
-0.839595 -0.258597  0.477712     2.713913
>../../../../class2/his//data/domains/Catalytic_domain/structures/HisRS_AF_Bact_Chlamydia_muridarum_str_Nigg_gene1246198.pdb
 0.073202  0.482460  0.872854    -1.605095
 0.159422 -0.869608  0.467297    -2.932450
 0.984493  0.104945 -0.140572     3.772674
>../../../../class2/his//data/domains/Catalytic_domain/structures/HisRS_AF_Bact_Lacticaseibacillus_paracasei_gene61269730.pdb
 0.221536 -0.835808  0.502342    -0.079329
-0.768462 -0.466765 -0.437717    -7.173858
 0.600323 -0.289061 -0.745692     5.429294
>../../../../class2/his//data/domains/Catalytic_domain/structures/HisRS_AF_Bact_Paracoccus_denitrificans_PD1222_gene75501415.pdb
-0.744609 -0.358908 -0.562800    -2.976159
-0.562683  0.791076  0.239971    -1.969086
 0.359090  0.495363 -0.790993     5.519836
>../../../../class2/his//data/domains/Catalytic_domain/structures/HisRS_AF_Bact_Prochlorococcus_marinus_subsp_marinus_str_CCMP1375_gene54200127.pdb
-0.839322 -0.294645 -0.456862    -8.232741
-0.354784  0.933629  0.049663    -7.258508
 0.411907  0.203770 -0.888150     3.294823
>../../../../class2/his//data/domains/Catalytic_domain/structures/HisRS_AF_Bact_Streptobacillus_moniliformis_DSM_12112_gene29674169.pdb
 0.232704 -0.785248  0.573790     0.287195
-0.754980 -0.517769 -0.402394    -6.613668
 0.613069 -0.339561 -0.713333     7.390068
>../../../../class2/his//data/domains/Catalytic_domain/structures/HisRS_AF_Bact_Streptomyces_albidoflavus_gene15149169.pdb
 0.357537 -0.727535  0.585543    -3.452530
-0.499500 -0.678744 -0.538337    -3.379717
 0.789093 -0.100003 -0.606079     3.526585
>../../../../class2/his//data/domains/Catalytic_domain/structures/HisRS_AF_Bact_Thermus_thermophilus_HB8_gene3168691.pdb
 0.125264 -0.919217  0.373295    -0.063097
-0.879484 -0.277012 -0.387004    -6.716863
 0.459148 -0.279830 -0.843136     4.091838
>../../../../class2/his//data/domains/Catalytic_domain/structures/HisRS_AF_Bact_Treponema_denticola_ATCC_35405_gene2741405.pdb
-0.052841  0.968332  0.244011    -3.513311
 0.593949 -0.165956  0.787199    -3.879328
 0.802765  0.186527 -0.566371     2.476982
>../../../../class2/his//data/domains/Catalytic_domain/structures/HisRS_AF_Euk_Arabidopsis_thaliana_gene823753.pdb
 0.431381 -0.728741  0.531833    -3.155157
-0.525167 -0.682171 -0.508766    -3.369880
 0.733560 -0.059829 -0.676986     4.703282
>../../../../class2/his//data/domains/Catalytic_domain/structures/HisRS_AF_Euk_Cryptococcus_gattii_WM276_gene10186972.pdb
 0.922664 -0.114447  0.368229    -3.199467
 0.074031  0.989751  0.122119    -4.252954
-0.378431 -0.085414  0.921680     5.447590
>../../../../class2/his//data/domains/Catalytic_domain/structures/HisRS_AF_Euk_Plasmodium_falciparum_3D7_gene812010.pdb
 0.850077 -0.345248  0.397711    -7.265098
-0.501670 -0.760675  0.411948    10.788694
 0.160304 -0.549707 -0.819832     1.605937
>../../../../class2/his//data/domains/Catalytic_domain/structures/HisRS_AF_Euk_Platysiphonia_delicata_gene33353157.pdb
 0.231741 -0.825887  0.514011     0.757776
-0.758491 -0.484253 -0.436110    -8.374492
 0.609088 -0.288808 -0.738648     7.141621
>../../../../class2/his//data/domains/Catalytic_domain/structures/HisRS_AF_Mito_Fusarium_fujikuroi_IMI_58289_gene35396474.pdb
 0.515120  0.130372  0.847145     1.503911
 0.050101 -0.991254  0.122085    -1.011824
 0.855653 -0.020445 -0.517147     8.134547
>../../../../class2/his//data/domains/Catalytic_domain/structures/HisRS_AF_Mito_Rattus_rattus_gene116884285.pdb
-0.261402 -0.116050 -0.958228    -3.091952
 0.286010 -0.957475  0.037936    -4.541433
-0.921883 -0.264146  0.283477     7.696856
>../../../../class2/his//data/domains/Catalytic_domain/structures/HisRS_PDB_Arch_T_acidophilum_1WU7.pdb
 0.985272 -0.169808  0.020123    -5.967661
 0.052449  0.412116  0.909620   -87.946225
-0.162753 -0.895168  0.414953    19.518474
>../../../../class2/his//data/domains/Catalytic_domain/structures/HisRS_PDB_Bact_B_thailandensis_4e51.pdb
-0.520537 -0.687141 -0.506831    22.804865
 0.843364 -0.321077 -0.430868    11.782236
 0.133335 -0.651726  0.746643   -29.951478
>../../../../class2/his//data/domains/Catalytic_domain/structures/HisRS_PDB_Bact_E_coli_1HTT.pdb
 0.105929  0.345621  0.932376   -29.794859
 0.952059 -0.305871  0.005218    14.740985
 0.286990  0.887124 -0.361452     3.168286
