>structures/GlnRS_AF_Bact_Anaerostipes_hadrus_gene15230984.pdb
-0.811184  0.446579  0.377554     1.084564
 0.472557  0.120259  0.873056     5.053754
 0.344484  0.886625 -0.308587    -1.776550
>structures/GlnRS_AF_Bact_Cutibacterium_avidum_44067_gene29843447.pdb
-0.624346  0.386798  0.678660     1.122106
 0.443412 -0.539771  0.715565     4.246971
 0.643100  0.747686  0.165493    -2.437785
>structures/GlnRS_AF_Bact_Pasteurella_multocida_subsp_multocida_str_Pm70_gene1243875.pdb
-0.344796  0.456284  0.820317     0.059727
 0.716901 -0.436129  0.543915     4.257184
 0.605944  0.775626 -0.176735    -3.854425
>structures/GlnRS_AF_Bact_Porphyromonas_gingivalis_ATCC_33277_gene29257033.pdb
-0.899333  0.379894  0.216519     0.303312
 0.397619  0.504474  0.766424     4.061338
 0.181932  0.775362 -0.604743    -1.593208
>structures/GlnRS_AF_Bact_Thermus_thermophilus_HB8_gene3168786.pdb
 0.997216 -0.051976  0.053474     0.419983
 0.034998  0.959402  0.279863     3.533610
-0.065849 -0.277212  0.958550    -0.192563
>structures/GlnRS_AF_Euk_Arabidopsis_thaliana_gene832718.pdb
 0.403267  0.576367 -0.710758    -1.776816
-0.707673 -0.295999 -0.641548     9.249767
-0.580150  0.761699  0.288513    -7.280716
>structures/GlnRS_AF_Euk_Candida_dubliniensis_CD36_gene8049124.pdb
-0.744772  0.276417  0.607378    -1.528284
 0.636755  0.022072  0.770750     1.381847
 0.199642  0.960784 -0.192449    -0.728580
>structures/GlnRS_AF_Euk_Encephalitozoon_romaleae_SJ-2008_gene20564565.pdb
 0.878662  0.446401 -0.169347    -1.501247
-0.476226  0.844756 -0.244126     2.773842
 0.034079  0.295151  0.954843    -0.976111
>structures/GlnRS_AF_Euk_Myodes_glareolus_gene125393344.pdb
-0.419164 -0.364580  0.831495    -4.004320
-0.718957 -0.425988 -0.549213     8.882100
 0.554439 -0.828019 -0.083558    -5.909035
>structures/GlnRS_AF_Mito_Cyanidioschyzon_merolae_strain_10D_gene16997184.pdb
 1.000000  0.000000  0.000000    -0.000000
-0.000000  1.000000  0.000000     0.000000
-0.000000 -0.000000  1.000000     0.000000
>structures/GlnRS_Bact_D_radio_2HZ7.pdb
 0.282570 -0.795466 -0.536086    66.675587
-0.948573 -0.314854 -0.032799    45.541494
-0.142698  0.517785 -0.843526    38.903952
>structures/GlnRS_Bact_E_coli_1QTQ.pdb
 0.170236 -0.927471  0.332893     4.147123
 0.582285 -0.177855 -0.793292    -5.053372
 0.794962  0.328885  0.509775   -46.377604
>structures/GlnRS_PDB_Euk_T_gondii_4P2B.pdb
 0.823045 -0.365618 -0.434649   -30.283250
-0.488726 -0.065988 -0.869938    99.291863
 0.289383  0.928423 -0.232999   -65.021980
