>../../../../class2/lys//data/domains/Catalytic_domain/structures/LysRS-II_AF_Arch_Aciduliprofundum_boonei_T469_gene8827564.pdb
 0.205533  0.367223  0.907140     7.956463
 0.912398 -0.407154 -0.041903    -6.066799
 0.353958  0.836285 -0.418737   -10.261552
>../../../../class2/lys//data/domains/Catalytic_domain/structures/LysRS-II_AF_Arch_Archaeoglobus_sulfaticallidus_PM70-1_gene15393615.pdb
 0.023968 -0.686818  0.726434    12.462299
 0.250075 -0.699422 -0.669531    -4.854426
 0.967930  0.197710  0.154992    -5.565314
>../../../../class2/lys//data/domains/Catalytic_domain/structures/LysRS-II_AF_Arch_Candidatus_Woesearchaeota_archaeon_proteinMBS3172198.1.pdb
-0.576056 -0.755991  0.310864    10.682780
-0.235727 -0.210504 -0.948747    -4.135208
 0.782683 -0.619810 -0.056945    -7.495847
>../../../../class2/lys//data/domains/Catalytic_domain/structures/LysRS-II_AF_Arch_Thermogladius_calderae_1633_gene13013549.pdb
-0.136392  0.735554  0.663594     6.796253
 0.987103  0.157583  0.028213    -5.998414
-0.083819  0.658884 -0.747560    -8.724461
>../../../../class2/lys//data/domains/Catalytic_domain/structures/LysRS-II_AF_Bact_Chlamydia_muridarum_str_Nigg_gene1245697.pdb
-0.074593  0.757201  0.648908     7.515418
 0.992218  0.121410 -0.027615    -7.376872
-0.099694  0.641799 -0.760365    -9.522180
>../../../../class2/lys//data/domains/Catalytic_domain/structures/LysRS-II_AF_Bact_Cupriavidus_taiwanensis_LMG_19424_gene29762375.pdb
-0.037563 -0.746526  0.664296    12.150201
 0.210257 -0.655788 -0.725075    -4.371348
 0.976924  0.112437  0.181596    -2.232568
>../../../../class2/lys//data/domains/Catalytic_domain/structures/LysRS-II_AF_Bact_Leuconostoc_gelidum_JB7_gene61037106.pdb
 0.040798 -0.800459  0.597997     7.652246
 0.336689 -0.552479 -0.762501    -4.962727
 0.940732  0.232448  0.246966    -6.609762
>../../../../class2/lys//data/domains/Catalytic_domain/structures/LysRS-II_AF_Bact_Mycobacterium_intracellulare_ATCC_13950_gene11907187.pdb
 0.049389 -0.631952  0.773433    12.398919
 0.357108 -0.712015 -0.604573    -3.556759
 0.932756  0.306058  0.190509    -3.404343
>../../../../class2/lys//data/domains/Catalytic_domain/structures/LysRS-II_AF_Bact_Mycoplasma_hyopneumoniae_168-L_gene57101062.pdb
 0.072968 -0.793439  0.604260     6.820768
 0.293053 -0.562072 -0.773431    -4.563876
 0.953308  0.233516  0.191506    -8.561451
>../../../../class2/lys//data/domains/Catalytic_domain/structures/LysRS-II_AF_Bact_Porphyromonas_gingivalis_ATCC_33277_gene29256363.pdb
 0.013074  0.255655  0.966680     7.728492
 0.941733 -0.328111  0.074037    -5.681060
 0.336106  0.909387 -0.245048   -11.791481
>../../../../class2/lys//data/domains/Catalytic_domain/structures/LysRS-II_AF_Bact_Prochlorococcus_marinus_subsp_marinus_str_CCMP1375_gene54201108.pdb
 0.097971 -0.624053  0.775216     7.098613
 0.505477 -0.639798 -0.578923    -5.686261
 0.857260  0.448572  0.252763    -7.583845
>../../../../class2/lys//data/domains/Catalytic_domain/structures/LysRS-II_AF_Bact_Streptobacillus_moniliformis_DSM_12112_gene29673899.pdb
 0.124718 -0.393610  0.910778    12.188230
 0.569744 -0.723107 -0.390523    -1.748318
 0.812304  0.567616  0.134073    -4.295508
>../../../../class2/lys//data/domains/Catalytic_domain/structures/LysRS-II_AF_Euk_Ostreococcus_tauri_gene9837657.pdb
-0.068053 -0.738434  0.670883    13.201017
 0.207760 -0.668189 -0.714394    -4.775579
 0.975810  0.090766  0.198890    -3.719058
>../../../../class2/lys//data/domains/Catalytic_domain/structures/LysRS-II_AF_Euk_Solanum_lycopersicum_gene778357.pdb
 0.933957 -0.351698  0.063504     8.908840
 0.103488  0.436220  0.893869    -6.511814
-0.342074 -0.828264  0.443807    -5.059228
>../../../../class2/lys//data/domains/Catalytic_domain/structures/LysRS-II_AF_Euk_Theileria_annulata_gene3864794.pdb
 0.646994 -0.740979 -0.179858     9.754392
 0.130179 -0.125075  0.983570    -3.609451
-0.751300 -0.659777  0.015537    -2.453396
>../../../../class2/lys//data/domains/Catalytic_domain/structures/LysRS-II_AF_Euk_Zootoca_vivipara_gene118086243.pdb
-0.829796 -0.555241 -0.056090     6.296418
-0.176607  0.356611 -0.917408    -8.121693
 0.529385 -0.751356 -0.393974    -5.132459
>../../../../class2/lys//data/domains/Catalytic_domain/structures/LysRS-II_AF_Mito_Malus_domestica_gene103446975.pdb
-0.201282 -0.788478  0.581195    12.136283
 0.109359 -0.607719 -0.786587    -5.023826
 0.973409 -0.094767  0.208550    -2.230724
>../../../../class2/lys//data/domains/Catalytic_domain/structures/LysRS-II_AF_Mito_Scheffersomyces_stipitis_CBS_6054_gene4837999.pdb
-0.084727 -0.837800  0.539364    11.769946
 0.195873 -0.544752 -0.815401    -5.465822
 0.976962  0.036561  0.210258    -1.895793
>../../../../class2/lys//data/domains/Catalytic_domain/structures/LysRS-II_PDB_Bact_G_stearothermophilus_3E9H.pdb
-0.319625 -0.931347 -0.174451   -45.544273
-0.877518  0.360405 -0.316338    90.061343
 0.357494  0.051974 -0.932468     1.721844
>../../../../class2/pyl//data/domains/Catalytic_domain/structures/PylRS_AF_Arch_Candidatus_Methanomassiliicoccus_intestinalis_Issoire-Mx1_gene16153983.pdb
-0.633386 -0.748688  0.195676     4.625838
-0.747143  0.525822 -0.406556    -2.351252
 0.201493 -0.403705 -0.892425    -4.599707
>../../../../class2/pyl//data/domains/Catalytic_domain/structures/PylRS_AF_Arch_Methanosalsum_zhilinae_DSM_4017_gene10822650.pdb
-0.135225 -0.075898  0.987904     4.394907
 0.004039 -0.997096 -0.076051    -0.333005
 0.990807 -0.006294  0.135138     0.946998
>../../../../class2/pyl//data/domains/Catalytic_domain/structures/PylRS_AF_Arch_Unclassified_Candidatus_Bathyarchaeota_proteinUCH69683.1.pdb
 0.917509  0.371007 -0.143288     4.996213
-0.397399  0.869584 -0.293083    -0.376547
 0.015865  0.325849  0.945289    -5.111632
>../../../../class2/pyl//data/domains/Catalytic_domain/structures/PylRS_AF_Bact_Unclassified_Actinobacteria_proteinMBU2601214.1.pdb
 0.916392  0.377518 -0.133062     5.620982
-0.400170  0.856191 -0.326803    -0.229128
-0.009448  0.352727  0.935679    -5.281329
>../../../../class2/pyl//data/domains/Catalytic_domain/structures/PylRS_AF_Bact_Unclassified_Aerophobetes_proteinMCD6471581.1.pdb
 0.951337  0.227756 -0.207571     5.204531
-0.272628  0.936058 -0.222418    -0.997855
 0.143641  0.268184  0.952599    -5.600777
>../../../../class2/pyl//data/domains/Catalytic_domain/structures/PylRS_AF_Bact_unclassified_Desulfosarcina_proteinMBC2741817.pdb
 1.000000  0.000000  0.000000     0.000000
 0.000000  1.000000  0.000000     0.000000
 0.000000  0.000000  1.000000     0.000000
>../../../../class2/pyl//data/domains/Catalytic_domain/structures/PylRS_AF_Bact_unclassified_Lachnospiraceae_proteinHCE77498.1.pdb
-0.335456  0.449948  0.827657     4.505845
 0.491681 -0.665786  0.561230     4.035223
 0.803567  0.595211  0.002111    -2.793345
>../../../../class2/pyl//data/domains/Catalytic_domain/structures/PylRS_PDB_Arch_M_mazei_2Q7E.pdb
 0.119897 -0.829005 -0.546237    51.366201
-0.639657 -0.485286  0.596101    10.121042
-0.759252  0.277933 -0.588463    14.508174
>../../../../class2/pyl//data/domains/Catalytic_domain/structures/PylRS_PDB_Bact_D_hafniense_2ZNJ.pdb
 0.911393 -0.307693  0.273292   -24.894282
-0.230704 -0.931912 -0.279851     6.921652
 0.340792  0.192004 -0.920323   -50.420504
