>structures/GlxRS_AF_Arch_Candidatus_Korarchaeum_cryptofilum_OPF8_gene6094352.pdb
 0.455279 -0.472481 -0.754641    -6.680574
 0.736749 -0.275984  0.617279    -3.250143
-0.499921 -0.837015  0.222450     1.132059
>structures/GlxRS_AF_Arch_Methanothrix_soehngenii_GP6_gene10459943.pdb
 0.566603  0.648712 -0.508068    -9.631217
-0.787527  0.244939 -0.565514    -5.195176
-0.242410  0.720539  0.649662     1.156189
>structures/GlxRS_AF_Arch_Nitrosopumilus_maritimus_SCM1_gene5773999.pdb
-0.085715 -0.049062  0.995111    -7.562942
 0.292030 -0.956156 -0.021987    -5.667828
 0.952560  0.288718  0.096284     2.340818
>structures/GlxRS_AF_Arch_Sulfolobus_islandicus_LAL14_1_gene15298417.pdb
-0.940744  0.329227  0.081305   -11.271479
 0.325947  0.811664  0.484727    -1.956438
 0.093593  0.482506 -0.870878    -1.544615
>structures/GlxRS_AF_Euk_Cyathus_striatus_proteinKAF9013924.1.pdb
 0.904914  0.416822 -0.085963    -0.310240
-0.425466  0.881029 -0.206800    -8.061583
-0.010463  0.223710  0.974600     1.450811
>structures/GlxRS_AF_Euk_Lichtheimia_hyalospora_proteinKAI7879902.1.pdb
 0.942655 -0.299947 -0.146399    -7.759265
 0.327918  0.750524  0.573745    -6.225398
-0.062217 -0.588851  0.805843    -6.366796
>structures/GlxRS_AF_Euk_Medicago_truncatula_gene11407510.pdb
 1.000000 -0.000000  0.000000     0.000000
 0.000000  1.000000  0.000000     0.000000
-0.000000  0.000000  1.000000     0.000000
>structures/GlxRS_AF_Euk_Xylariaceae_sp_FL0804_proteinKAI0483267.1.pdb
-0.974952 -0.219579 -0.035402   -11.418607
-0.215880  0.972542 -0.086931    -9.098796
 0.053518 -0.077111 -0.995585    -6.970002
>structures/GlxRS_PDB_Arch_M_thermau_3AII.pdb
-0.625820 -0.762815  0.162674    10.410958
 0.028251  0.186259  0.982094   -73.248430
-0.779455  0.619210 -0.095014   -17.963827
