>structures/GlxRS_AF_Arch_Candidatus_Korarchaeum_cryptofilum_OPF8_gene6094352.pdb
 0.456777 -0.471723 -0.754210    -6.684714
 0.736386 -0.275157  0.618081    -3.250223
-0.499089 -0.837715  0.221685     1.131804
>structures/GlxRS_AF_Arch_Methanothrix_soehngenii_GP6_gene10459943.pdb
 0.562259  0.650529 -0.510566    -9.682129
-0.790993  0.242957 -0.561518    -5.233269
-0.241238  0.719572  0.651168     1.169831
>structures/GlxRS_AF_Arch_Nitrosopumilus_maritimus_SCM1_gene5773999.pdb
-0.088226 -0.049297  0.994880    -7.557537
 0.289231 -0.957012 -0.021772    -5.659747
 0.953185  0.285830  0.098691     2.332253
>structures/GlxRS_AF_Arch_Sulfolobus_islandicus_LAL14_1_gene15298417.pdb
-0.941094  0.327947  0.082424   -11.263274
 0.325333  0.811661  0.485144    -1.945261
 0.092201  0.483381 -0.870541    -1.552035
>structures/GlxRS_AF_Euk_Cyathus_striatus_proteinKAF9013924.1.pdb
 0.909732  0.405152 -0.090769    -0.170662
-0.415180  0.889572 -0.190494    -8.061977
 0.003566  0.210984  0.977483     1.636487
>structures/GlxRS_AF_Euk_Lichtheimia_hyalospora_proteinKAI7879902.1.pdb
 0.942658 -0.299343 -0.147615    -7.742268
 0.328242  0.751368  0.572454    -6.203314
-0.060447 -0.588082  0.806539    -6.376033
>structures/GlxRS_AF_Euk_Medicago_truncatula_gene11407510.pdb
 1.000000  0.000757 -0.000018    -0.006215
-0.000757  0.999999 -0.000916     0.004231
 0.000017  0.000916  1.000000    -0.004413
>structures/GlxRS_AF_Euk_Xylariaceae_sp_FL0804_proteinKAI0483267.1.pdb
-0.974609 -0.221387 -0.033541   -11.334301
-0.217800  0.972067 -0.087455    -9.152367
 0.051966 -0.077929 -0.995604    -6.946858
>structures/GlxRS_PDB_Arch_M_thermau_3AII.pdb
-0.623380 -0.764771  0.162855    10.472263
 0.030343  0.184459  0.982372   -73.176295
-0.781330  0.617333 -0.091783   -18.097410
