>structures/ProRS-M_AF_Euk_Candida_albicans_SC5314_gene3640100.pdb
 0.317057 -0.154506 -0.935736     1.438623
 0.641884 -0.691371  0.331648     2.805820
-0.698183 -0.705786 -0.120030    -0.881848
>structures/ProRS-M_AF_Mito_Drosophila_melanogaster_gene38331.pdb
-0.189116  0.477310  0.858143    -4.518650
 0.615413 -0.623378  0.482355     1.471210
 0.765181  0.619334 -0.175853    -1.106726
>structures/ProRS-M_AF_Mito_Mauremys_reevesii_gene120369760.pdb
 0.999939 -0.010071 -0.004498    -0.097223
 0.010101  0.999926  0.006837     0.067120
 0.004429 -0.006882  0.999967     0.053767
>structures/ProRS-M_AF_Mito_Schizosaccharomyces_pombe_gene2540642.pdb
-0.008031 -0.137246 -0.990504    -2.624045
 0.510403 -0.852350  0.113965     2.270169
-0.859898 -0.504641  0.076896    -1.373883
