>../../../../class1/glu2//data/domains/Catalytic_domain/structures/GlxRS_AF_Arch_Candidatus_Korarchaeum_cryptofilum_OPF8_gene6094352.pdb
 1.000000  0.000000  0.000000     0.000000
 0.000000  1.000000  0.000000     0.000000
 0.000000  0.000000  1.000000     0.000000
>../../../../class1/glu2//data/domains/Catalytic_domain/structures/GlxRS_AF_Arch_Methanothrix_soehngenii_GP6_gene10459943.pdb
-0.158095  0.085852 -0.983685    -2.186908
 0.187732 -0.975429 -0.115303     2.146298
-0.969414 -0.202898  0.138093     0.995692
>../../../../class1/glu2//data/domains/Catalytic_domain/structures/GlxRS_AF_Arch_Nitrosopumilus_maritimus_SCM1_gene5773999.pdb
-0.309120 -0.875010  0.372563    -2.905985
-0.837097  0.064421 -0.543248     0.266112
 0.451347 -0.479800 -0.752381    -0.335281
>../../../../class1/glu2//data/domains/Catalytic_domain/structures/GlxRS_AF_Arch_Sulfolobus_islandicus_LAL14_1_gene15298417.pdb
-0.248915  0.493846  0.833161     0.374193
 0.244682 -0.800268  0.547450     4.302064
 0.937108  0.340129  0.078364     3.912522
>../../../../class1/glu2//data/domains/Catalytic_domain/structures/GlxRS_AF_Euk_Cyathus_striatus_proteinKAF9013924.1.pdb
 0.102317  0.686463 -0.719931    -0.609151
-0.310561 -0.665511 -0.678710    -2.468021
-0.945031  0.293026  0.145095    -7.847844
>../../../../class1/glu2//data/domains/Catalytic_domain/structures/GlxRS_AF_Euk_Lichtheimia_hyalospora_proteinKAI7879902.1.pdb
 0.681221  0.731689 -0.023872     0.693101
-0.474781  0.416742 -0.775183     7.609247
-0.557244  0.539405  0.631286    -2.667521
>../../../../class1/glu2//data/domains/Catalytic_domain/structures/GlxRS_AF_Euk_Medicago_truncatula_gene11407510.pdb
 0.410971  0.773499 -0.482496     5.154698
-0.475063 -0.270011 -0.837501    -3.041055
-0.778086  0.573405  0.256494    -3.979489
>../../../../class1/glu2//data/domains/Catalytic_domain/structures/GlxRS_AF_Euk_Xylariaceae_sp_FL0804_proteinKAI0483267.1.pdb
-0.607798  0.674919  0.418408    -2.650367
 0.468327 -0.120850  0.875251    10.707590
 0.641288  0.727928 -0.242631    -1.759971
>../../../../class1/glu2//data/domains/Catalytic_domain/structures/GlxRS_PDB_Arch_M_thermau_3AII.pdb
 0.117968 -0.564571  0.816910   -30.000304
 0.930501 -0.224433 -0.289479    29.503728
 0.346774  0.794285  0.498858   -60.994035
>../../../../class1/leu1//data/domains/Catalytic_domain/structures/LeuRS-B_AF_Bact_Bifidobacterium_longum_subsp_longum_JCM_1217_gene69578373.pdb
-0.904697 -0.069973  0.420270   -14.757423
 0.340763  0.473269  0.812341     0.531914
-0.255743  0.878135 -0.404321    12.004415
>../../../../class1/leu1//data/domains/Catalytic_domain/structures/LeuRS-B_AF_Bact_Brachyspira_pilosicoli_95_1000_gene56439070.pdb
-0.578933 -0.471709  0.665077   -11.325526
-0.377376  0.878061  0.294272     1.807926
-0.722789 -0.080621 -0.686350    11.648536
>../../../../class1/leu1//data/domains/Catalytic_domain/structures/LeuRS-B_AF_Bact_Chlamydia_psittaci_6BC_gene12243068.pdb
 0.549990 -0.222793 -0.804907   -11.804079
 0.570562  0.804031  0.167313     1.208838
 0.609894 -0.551269  0.569326    10.586759
>../../../../class1/leu1//data/domains/Catalytic_domain/structures/LeuRS-B_AF_Bact_Clostridium_botulinum_A_str_ATCC_3502_gene5187707.pdb
 0.710592  0.478366 -0.515970   -14.812854
-0.117490 -0.642355 -0.757348     4.497513
-0.693725  0.598787 -0.400249    11.252284
>../../../../class1/leu1//data/domains/Catalytic_domain/structures/LeuRS-B_AF_Bact_Mycoplasma_hyopneumoniae_168-L_gene57101518.pdb
-0.286129  0.001127  0.958191   -13.986871
-0.797685 -0.554320 -0.237547     1.577075
 0.530876 -0.832303  0.159506    12.445886
>../../../../class1/leu1//data/domains/Catalytic_domain/structures/LeuRS-B_AF_Bact_Orientia_tsutsugamushi_str_Ikeda_gene66652454.pdb
 0.515850 -0.145059 -0.844308   -12.883598
 0.706463  0.629502  0.323477     1.437821
 0.484570 -0.763338  0.427208     9.943739
>../../../../class1/leu1//data/domains/Catalytic_domain/structures/LeuRS-B_AF_Bact_Porphyromonas_gingivalis_ATCC_33277_gene29256038.pdb
-0.794556 -0.372126  0.479794   -12.342055
-0.156384  0.888947  0.430486     0.512717
-0.586706  0.267013 -0.764513    10.777254
>../../../../class1/leu1//data/domains/Catalytic_domain/structures/LeuRS-B_AF_Bact_Thermus_thermophilus_HB8_gene3168656.pdb
 0.690296  0.543138 -0.478009   -12.540006
 0.004757 -0.664058 -0.747666     2.251356
-0.723512  0.513837 -0.460980     4.961632
>../../../../class1/leu1//data/domains/Catalytic_domain/structures/LeuRS-B_AF_Euk_Bathycoccus_prasinos_gene19015540.pdb
 0.458558 -0.418327 -0.784045   -13.421444
 0.644954  0.763624 -0.030222     0.448195
 0.611359 -0.491814  0.619967    11.126964
>../../../../class1/leu1//data/domains/Catalytic_domain/structures/LeuRS-B_AF_Euk_Plasmodium_falciparum_3D7_gene2655460.pdb
-0.915646 -0.145376  0.374778   -13.600932
 0.325388  0.279405  0.903358     4.212460
-0.236042  0.949104 -0.208532     6.287584
>../../../../class1/leu1//data/domains/Catalytic_domain/structures/LeuRS-B_AF_Euk_Thalassiosira_pseudonana_CCMP1335_gene7441753.pdb
-0.650069 -0.553465  0.520659   -14.159120
-0.349837  0.826244  0.441516     0.137331
-0.674555  0.104870 -0.730738     6.286555
>../../../../class1/leu1//data/domains/Catalytic_domain/structures/LeuRS-B_AF_Mito_Homo_sapiens_gene23395.pdb
 0.615398 -0.343123 -0.709614   -11.970247
 0.585744  0.801500  0.120422     2.474144
 0.527436 -0.489759  0.694224    12.681133
>../../../../class1/leu1//data/domains/Catalytic_domain/structures/LeuRS-B_AF_Mito_Treponema_denticola_ATCC_35405_gene2739434.pdb
-0.633922  0.230817  0.738151   -12.982095
-0.092494 -0.970203  0.223945     1.811789
 0.767846  0.073689  0.636382    10.335523
>../../../../class1/leu1//data/domains/Catalytic_domain/structures/LeuRS-B_PDB_Bact_T_therm_2V0C.pdb
-0.937206 -0.295236 -0.185690    -0.138452
 0.328513 -0.926073 -0.185654   -33.380623
-0.117151 -0.234997  0.964910   -15.234663
