>../../../../class1/glu2//data/domains/Catalytic_domain/structures/GlxRS_AF_Arch_Candidatus_Korarchaeum_cryptofilum_OPF8_gene6094352.pdb
 1.000000  0.000000  0.000000     0.000000
 0.000000  1.000000  0.000000     0.000000
 0.000000  0.000000  1.000000     0.000000
>../../../../class1/glu2//data/domains/Catalytic_domain/structures/GlxRS_AF_Arch_Methanothrix_soehngenii_GP6_gene10459943.pdb
-0.157649  0.086116 -0.983733    -2.179050
 0.187743 -0.975407 -0.115474     2.151011
-0.969484 -0.202893  0.137604     1.005892
>../../../../class1/glu2//data/domains/Catalytic_domain/structures/GlxRS_AF_Arch_Nitrosopumilus_maritimus_SCM1_gene5773999.pdb
-0.308943 -0.875107  0.372481    -2.911020
-0.837278  0.064482 -0.542963     0.274796
 0.451132 -0.479615 -0.752629    -0.335169
>../../../../class1/glu2//data/domains/Catalytic_domain/structures/GlxRS_AF_Arch_Sulfolobus_islandicus_LAL14_1_gene15298417.pdb
-0.249781  0.493722  0.832975     0.386222
 0.244745 -0.800120  0.547639     4.305806
 0.936862  0.340656  0.079018     3.929349
>../../../../class1/glu2//data/domains/Catalytic_domain/structures/GlxRS_AF_Euk_Cyathus_striatus_proteinKAF9013924.1.pdb
 0.102323  0.686421 -0.719969    -0.607995
-0.310636 -0.665525 -0.678662    -2.471359
-0.945005  0.293091  0.145129    -7.848050
>../../../../class1/glu2//data/domains/Catalytic_domain/structures/GlxRS_AF_Euk_Lichtheimia_hyalospora_proteinKAI7879902.1.pdb
 0.681192  0.731723 -0.023658     0.687881
-0.474480  0.416642 -0.775422     7.620741
-0.557537  0.539436  0.631001    -2.665949
>../../../../class1/glu2//data/domains/Catalytic_domain/structures/GlxRS_AF_Euk_Medicago_truncatula_gene11407510.pdb
 0.411083  0.773464 -0.482457     5.156356
-0.474963 -0.270003 -0.837561    -3.036646
-0.778088  0.573456  0.256373    -3.975800
>../../../../class1/glu2//data/domains/Catalytic_domain/structures/GlxRS_AF_Euk_Xylariaceae_sp_FL0804_proteinKAI0483267.1.pdb
-0.607919  0.674866  0.418317    -2.649707
 0.468122 -0.120905  0.875353    10.714455
 0.641323  0.727968 -0.242419    -1.755378
>../../../../class1/glu2//data/domains/Catalytic_domain/structures/GlxRS_PDB_Arch_M_thermau_3AII.pdb
 0.117570 -0.565256  0.816494   -29.930050
 0.930602 -0.224283 -0.289271    29.482838
 0.346638  0.793841  0.499659   -61.013451
>../../../../class1/leu1//data/domains/Catalytic_domain/structures/LeuRS-B_AF_Bact_Bifidobacterium_longum_subsp_longum_JCM_1217_gene69578373.pdb
-0.906348 -0.074456  0.415921   -14.719529
 0.334693  0.474318  0.814250     0.529883
-0.257905  0.877199 -0.404977    12.003083
>../../../../class1/leu1//data/domains/Catalytic_domain/structures/LeuRS-B_AF_Bact_Brachyspira_pilosicoli_95_1000_gene56439070.pdb
-0.578933 -0.471709  0.665077   -11.325526
-0.377376  0.878061  0.294272     1.807926
-0.722789 -0.080621 -0.686350    11.648536
>../../../../class1/leu1//data/domains/Catalytic_domain/structures/LeuRS-B_AF_Bact_Chlamydia_psittaci_6BC_gene12243068.pdb
 0.550166 -0.222816 -0.804780   -11.792100
 0.572492  0.802251  0.169252     1.236718
 0.607923 -0.553847  0.568932    10.562493
>../../../../class1/leu1//data/domains/Catalytic_domain/structures/LeuRS-B_AF_Bact_Clostridium_botulinum_A_str_ATCC_3502_gene5187707.pdb
 0.710592  0.478366 -0.515970   -14.812854
-0.117490 -0.642355 -0.757348     4.497513
-0.693725  0.598787 -0.400249    11.252284
>../../../../class1/leu1//data/domains/Catalytic_domain/structures/LeuRS-B_AF_Bact_Mycoplasma_hyopneumoniae_168-L_gene57101518.pdb
-0.286129  0.001127  0.958191   -13.986871
-0.797685 -0.554320 -0.237547     1.577075
 0.530876 -0.832303  0.159506    12.445886
>../../../../class1/leu1//data/domains/Catalytic_domain/structures/LeuRS-B_AF_Bact_Orientia_tsutsugamushi_str_Ikeda_gene66652454.pdb
 0.515148 -0.133486 -0.846643   -12.716083
 0.713086  0.614793  0.336953     1.355898
 0.475532 -0.777310  0.411897     9.777936
>../../../../class1/leu1//data/domains/Catalytic_domain/structures/LeuRS-B_AF_Bact_Porphyromonas_gingivalis_ATCC_33277_gene29256038.pdb
-0.794598 -0.376248  0.476498   -12.387481
-0.160622  0.887141  0.432645     0.474788
-0.585503  0.267243 -0.765354    10.783699
>../../../../class1/leu1//data/domains/Catalytic_domain/structures/LeuRS-B_AF_Bact_Thermus_thermophilus_HB8_gene3168656.pdb
 0.689720  0.542078 -0.480039   -12.575681
 0.005046 -0.666551 -0.745443     2.272137
-0.724058  0.511725 -0.462469     5.020801
>../../../../class1/leu1//data/domains/Catalytic_domain/structures/LeuRS-B_AF_Euk_Bathycoccus_prasinos_gene19015540.pdb
 0.458558 -0.418327 -0.784045   -13.421444
 0.644954  0.763624 -0.030222     0.448195
 0.611359 -0.491814  0.619967    11.126964
>../../../../class1/leu1//data/domains/Catalytic_domain/structures/LeuRS-B_AF_Euk_Klebsormidium_nitens_protein971510658.pdb
-0.330563  0.013768  0.943683   -13.477880
-0.641083 -0.737087 -0.213811     1.209583
 0.692633 -0.675658  0.252480    10.605755
>../../../../class1/leu1//data/domains/Catalytic_domain/structures/LeuRS-B_AF_Euk_Plasmodium_falciparum_3D7_gene2655460.pdb
-0.915646 -0.145376  0.374778   -13.600932
 0.325388  0.279405  0.903358     4.212460
-0.236042  0.949104 -0.208532     6.287584
>../../../../class1/leu1//data/domains/Catalytic_domain/structures/LeuRS-B_AF_Euk_Thalassiosira_pseudonana_CCMP1335_gene7441753.pdb
-0.648488 -0.557205  0.518638   -14.150490
-0.351756  0.823564  0.444982     0.077062
-0.675078  0.106131 -0.730072     6.347425
>../../../../class1/leu1//data/domains/Catalytic_domain/structures/LeuRS-B_AF_Mito_Homo_sapiens_gene23395.pdb
 0.615398 -0.343123 -0.709614   -11.970247
 0.585744  0.801500  0.120422     2.474144
 0.527436 -0.489759  0.694224    12.681133
>../../../../class1/leu1//data/domains/Catalytic_domain/structures/LeuRS-B_AF_Mito_Treponema_denticola_ATCC_35405_gene2739434.pdb
-0.634290  0.235713  0.736285   -12.962905
-0.094515 -0.968885  0.228754     1.804924
 0.767296  0.075506  0.636832    10.294280
>../../../../class1/leu1//data/domains/Catalytic_domain/structures/LeuRS-B_PDB_Bact_T_therm_2V0C.pdb
-0.935447 -0.300996 -0.185311    -0.324769
 0.334213 -0.923862 -0.186496   -33.422974
-0.115068 -0.236390  0.964821   -15.357763
