>../../../../class1/glu2//data/domains/Catalytic_domain/structures/GlxRS_AF_Arch_Candidatus_Korarchaeum_cryptofilum_OPF8_gene6094352.pdb
-0.580786 -0.383352 -0.718142     2.494461
-0.483916  0.871971 -0.074108    -6.289488
 0.654609  0.304479 -0.691939    14.905473
>../../../../class1/glu2//data/domains/Catalytic_domain/structures/GlxRS_AF_Arch_Methanothrix_soehngenii_GP6_gene10459943.pdb
 0.717132  0.469647  0.514930     2.188785
 0.311113 -0.876871  0.366478    -3.486572
 0.623642 -0.102612 -0.774946    13.488848
>../../../../class1/glu2//data/domains/Catalytic_domain/structures/GlxRS_AF_Arch_Nitrosopumilus_maritimus_SCM1_gene5773999.pdb
 0.174282  0.827790  0.533281     4.360256
-0.613941  0.514766 -0.598407    -4.592812
-0.769871 -0.223112  0.597929    13.344335
>../../../../class1/glu2//data/domains/Catalytic_domain/structures/GlxRS_AF_Arch_Sulfolobus_islandicus_LAL14_1_gene15298417.pdb
-0.623797 -0.222463 -0.749258    -2.216929
 0.263443 -0.962386  0.066412    -3.005834
-0.735850 -0.155959  0.658940    13.833882
>../../../../class1/glu2//data/domains/Catalytic_domain/structures/GlxRS_AF_Euk_Cyathus_striatus_proteinKAF9013924.1.pdb
 0.742182 -0.342324  0.576178     9.456060
-0.240977 -0.938522 -0.247197    -7.395900
 0.625377  0.044619 -0.779046    19.165971
>../../../../class1/glu2//data/domains/Catalytic_domain/structures/GlxRS_AF_Euk_Lichtheimia_hyalospora_proteinKAI7879902.1.pdb
 0.178446 -0.972977 -0.146536     1.087342
-0.703996 -0.022206 -0.709857     0.248116
 0.687420  0.229831 -0.688935    19.496449
>../../../../class1/glu2//data/domains/Catalytic_domain/structures/GlxRS_AF_Euk_Medicago_truncatula_gene11407510.pdb
 0.500799 -0.757605  0.418611     3.354427
-0.554243 -0.652154 -0.517214   -11.068611
 0.664842  0.027008 -0.746495    20.162545
>../../../../class1/glu2//data/domains/Catalytic_domain/structures/GlxRS_AF_Euk_Xylariaceae_sp_FL0804_proteinKAI0483267.1.pdb
-0.282287 -0.871519 -0.400960     1.210210
 0.657039 -0.480182  0.581142     4.527576
-0.699010 -0.099398  0.708171    17.636623
>../../../../class1/glu2//data/domains/Catalytic_domain/structures/GlxRS_PDB_Arch_M_thermau_3AII.pdb
-0.673761 -0.157769 -0.721911    52.514080
 0.728092  0.025121 -0.685019    38.085373
 0.126209 -0.987157  0.097945    46.760970
>../../../../class1/leu1//data/domains/Catalytic_domain/structures/LeuRS-B_AF_Bact_Bifidobacterium_longum_subsp_longum_JCM_1217_gene69578373.pdb
 0.593848 -0.764739 -0.250037     2.329827
 0.747594  0.409596  0.522814     0.316835
-0.297402 -0.497398  0.814952    -2.237989
>../../../../class1/leu1//data/domains/Catalytic_domain/structures/LeuRS-B_AF_Bact_Brachyspira_pilosicoli_95_1000_gene56439070.pdb
 0.999991  0.002036  0.003623     0.021216
-0.002067  0.999961  0.008608    -0.134547
-0.003606 -0.008615  0.999956    -0.068990
>../../../../class1/leu1//data/domains/Catalytic_domain/structures/LeuRS-B_AF_Bact_Chlamydia_psittaci_6BC_gene12243068.pdb
-0.970679  0.240359  0.003284     1.250259
 0.213064  0.853964  0.474710    -0.309482
 0.111296  0.461491 -0.880136     0.329665
>../../../../class1/leu1//data/domains/Catalytic_domain/structures/LeuRS-B_AF_Bact_Clostridium_botulinum_A_str_ATCC_3502_gene5187707.pdb
 0.135819 -0.487865  0.862288     1.720145
-0.408763 -0.820415 -0.399790     3.715914
 0.902478 -0.298173 -0.310849    -1.018192
>../../../../class1/leu1//data/domains/Catalytic_domain/structures/LeuRS-B_AF_Bact_Mycoplasma_hyopneumoniae_168-L_gene57101518.pdb
 0.063949  0.807419 -0.586503     1.284838
-0.617989 -0.429420 -0.658550     0.686960
-0.783581  0.404566  0.471515    -2.452787
>../../../../class1/leu1//data/domains/Catalytic_domain/structures/LeuRS-B_AF_Bact_Orientia_tsutsugamushi_str_Ikeda_gene66652454.pdb
-0.905191  0.422112  0.049501     2.443930
 0.352929  0.681674  0.640907     0.313019
 0.236791  0.597614 -0.766021    -0.277707
>../../../../class1/leu1//data/domains/Catalytic_domain/structures/LeuRS-B_AF_Bact_Porphyromonas_gingivalis_ATCC_33277_gene29256038.pdb
 0.942977 -0.295499  0.153213     1.996727
 0.260875  0.941988  0.211192    -0.667042
-0.206732 -0.159180  0.965362    -0.728261
>../../../../class1/leu1//data/domains/Catalytic_domain/structures/LeuRS-B_AF_Bact_Thermus_thermophilus_HB8_gene3168656.pdb
 0.122293 -0.421126  0.898720     5.346554
-0.297593 -0.879411 -0.371584     1.067824
 0.946828 -0.222011 -0.232870     4.329694
>../../../../class1/leu1//data/domains/Catalytic_domain/structures/LeuRS-B_AF_Euk_Bathycoccus_prasinos_gene19015540.pdb
-0.952967  0.303001  0.006662     2.069731
 0.291349  0.909822  0.295532    -0.255686
 0.083485  0.283573 -0.955310    -1.518565
>../../../../class1/leu1//data/domains/Catalytic_domain/structures/LeuRS-B_AF_Euk_Thalassiosira_pseudonana_CCMP1335_gene7441753.pdb
 0.993350 -0.080712  0.082108     6.155532
 0.064338  0.980536  0.185500     0.147079
-0.095482 -0.178984  0.979208     1.185588
>../../../../class1/leu1//data/domains/Catalytic_domain/structures/LeuRS-B_AF_Mito_Homo_sapiens_gene23395.pdb
-0.962991  0.247723 -0.106212    -0.320341
 0.178468  0.881342  0.437476     0.715543
 0.201982  0.402330 -0.892936    -0.614263
>../../../../class1/leu1//data/domains/Catalytic_domain/structures/LeuRS-B_AF_Mito_Treponema_denticola_ATCC_35405_gene2739434.pdb
-0.130888  0.185448 -0.973898     1.847505
 0.161064 -0.965321 -0.205461     0.536895
-0.978226 -0.183753  0.096480     0.021561
>../../../../class1/leu1//data/domains/Catalytic_domain/structures/LeuRS-B_PDB_Bact_T_therm_2V0C.pdb
 0.509017  0.705939 -0.492495    25.973826
 0.751749 -0.643285 -0.145113   -34.471518
-0.419255 -0.296368 -0.858132    16.219947
