>structures/PheRS-M_AF_Mito_Arabidopsis_thaliana_gene824983.pdb
-0.507816 -0.588736  0.628898    -2.796472
 0.025967 -0.740162 -0.671927     5.961479
 0.861074 -0.324885  0.391154     1.607313
>structures/PheRS-M_AF_Mito_Babesia_bovis_T2Bo_gene5478469.pdb
-0.788979 -0.612703  0.045914    -1.508189
-0.522075  0.707924  0.475690     0.628979
-0.323960  0.351339 -0.878414    -2.660294
>structures/PheRS-M_AF_Mito_Candida_albicans_SC5314_gene3638806.pdb
 0.417325 -0.877280 -0.237108     1.552858
 0.528656  0.446586 -0.721861     3.928248
 0.739163  0.175902  0.650151    -1.400225
>structures/PheRS-M_AF_Mito_Crassostrea_gigas_gene105329377.pdb
 0.378801 -0.281667 -0.881574    -0.935726
-0.248256 -0.948575  0.196402     6.878019
-0.891560  0.144459 -0.429247   -11.068529
>structures/PheRS-M_AF_Mito_Drosophila_melanogaster_gene36547.pdb
 1.000000 -0.000000  0.000000     0.000000
 0.000000  1.000000  0.000000     0.000000
-0.000000  0.000000  1.000000     0.000000
>structures/PheRS-M_AF_Mito_Syngnathus_acus_gene119139175.pdb
 0.977845  0.035219 -0.206348    -0.618643
 0.202715  0.086563  0.975404     5.309041
 0.052215 -0.995624  0.077505    -5.483003
>structures/PheRS-M_PDB_Mito.H_sapiens_3CMQ.pdb
 0.219429 -0.864145  0.452884    13.073366
 0.922184  0.335238  0.192853    -7.347049
-0.318477  0.375325  0.870462   -26.265522
