>structures/AlaRS_AF_Arch_Candidatus_Korarchaeum_cryptofilum_OPF8_gene6094822.pdb
-0.139230  0.608318 -0.781386    -0.766546
 0.987118  0.148064 -0.060619     3.134284
 0.078820 -0.779760 -0.621097    -3.282757
>structures/AlaRS_AF_Arch_Candidatus_Nitrosopumilus_koreensis_AR1_gene13725795.pdb
 0.267200 -0.905189  0.330509     3.999249
-0.192988 -0.386297 -0.901959     1.317026
 0.944118  0.177220 -0.277909    -3.392421
>structures/AlaRS_AF_Arch_Thermoplasma_acidophilum_DSM_1728_gene1456391.pdb
 0.302528 -0.851871  0.427543     3.443249
-0.169279 -0.489452 -0.855442     0.464097
 0.937988  0.186422 -0.292277    -2.972188
>structures/AlaRS_AF_Bact_Brucella_melitensis_bv_1_str_16M_gene29593597.pdb
 0.651483 -0.342755  0.676823     3.954772
 0.121425 -0.833516 -0.538986     2.369107
 0.748883  0.433323 -0.501402     4.525402
>structures/AlaRS_AF_Bact_Chlamydia_psittaci_6BC_gene12242512.pdb
 1.000000  0.000000  0.000000     0.000000
 0.000000  1.000000  0.000000     0.000000
 0.000000  0.000000  1.000000     0.000000
>structures/AlaRS_AF_Bact_Lactobacillus_acidophilus_La-14_gene56942022.pdb
 0.491047  0.725989 -0.481470    -1.628048
-0.647999 -0.064977 -0.758865    -4.698799
-0.582212  0.684630  0.438533    -3.893812
>structures/AlaRS_AF_Bact_Nocardia_farcinica_IFM_10152_gene61134339.pdb
 0.814712  0.579304  0.025541     0.700995
-0.476311  0.693687 -0.540302     0.544383
-0.330716  0.428025  0.841083    -0.476989
>structures/AlaRS_AF_Bact_Porphyromonas_gingivalis_ATCC_33277_gene29256567.pdb
 0.983683  0.161254  0.079782     0.611650
-0.143857  0.971292 -0.189463     0.317547
-0.108044  0.174894  0.978641    -0.663819
>structures/AlaRS_AF_Bact_Prochlorococcus_marinus_subsp_marinus_str_CCMP1375_gene54199407.pdb
-0.245423 -0.719213  0.650000    -0.256900
-0.946786  0.321861 -0.001348    -1.671950
-0.208240 -0.615742 -0.759933     0.971611
>structures/AlaRS_AF_Bact_Streptobacillus_moniliformis_DSM_12112_gene29672963.pdb
 0.996025  0.080518  0.038092    -0.406696
-0.084293  0.990248  0.110920    -0.330923
-0.028790 -0.113690  0.993099    -0.590626
>structures/AlaRS_AF_Bact_Treponema_pallidum_subsp_pertenue_str_SamoaD_gene57879528.pdb
 0.001634 -0.354845 -0.934924     4.928934
 0.826625 -0.525651  0.200952    -2.123251
-0.562751 -0.773160  0.292465   -12.372343
>structures/AlaRS_AF_Euk_Cyanidioschyzon_merolae_strain_10D_gene16993235.pdb
 0.140111 -0.241092 -0.960335    -2.033770
 0.544711 -0.791172  0.278096     4.378575
-0.826837 -0.562069  0.020473    -3.372487
>structures/AlaRS_AF_Euk_Marasmius_oreades_gene66078979.pdb
 0.458980 -0.769684  0.443762    -3.795331
-0.042266 -0.517832 -0.854438    -0.563529
 0.887441  0.373413 -0.270206    -1.678483
>structures/AlaRS_AF_Euk_Plasmodium_berghei_ANKA_gene55150801.pdb
 0.900764  0.384474 -0.201999     2.221381
-0.417196  0.636721 -0.648485    -5.761314
-0.120708  0.668406  0.733937    -0.459723
>structures/AlaRS_AF_Euk_Saccharomyces_cerevisiae_S288C_gene854513.pdb
-0.000667 -0.867623  0.497222    -0.202192
-0.399235 -0.455646 -0.795612     1.603308
 0.916848 -0.199039 -0.346082    -1.310484
>structures/AlaRS_AF_Mito_Caenorhabditis_elegans_gene174749.pdb
 0.945364 -0.190036 -0.264904     1.329629
 0.272374  0.906919  0.321420     1.605334
 0.179165 -0.376011  0.909129    -3.962059
>structures/AlaRS_AF_Mito_Gadus_morhua_gene115539928.pdb
-0.739969  0.425149  0.521242     1.332097
 0.085297 -0.709354  0.699672     0.799101
 0.667210  0.562196  0.488637    -1.596645
>structures/AlaRS_PDB_Bact_E_coli_3HXV.pdb
-0.663596  0.727074  0.176080    -9.686463
 0.408346  0.549262 -0.729085   -15.606934
-0.626813 -0.411916 -0.661385    27.911650
