>structures/AlaRS_AF_Arch_Candidatus_Korarchaeum_cryptofilum_OPF8_gene6094822.pdb
 0.613340  0.405391 -0.677843   -19.584142
 0.071100 -0.883081 -0.463802   -15.903526
-0.786612  0.236273 -0.570453     1.688582
>structures/AlaRS_AF_Arch_Candidatus_Nitrosopumilus_koreensis_AR1_gene13725795.pdb
 0.166010 -0.882709 -0.439620   -16.516598
 0.900400  0.317484 -0.297462   -17.046184
 0.402144 -0.346452  0.847497     5.775331
>structures/AlaRS_AF_Arch_Pyrococcus_sp_NA2_gene10554314.pdb
 0.865727  0.412800 -0.283044   -22.873705
 0.449300 -0.391746  0.802910     8.890837
 0.220560 -0.822272 -0.524616    -6.405682
>structures/AlaRS_AF_Arch_Thermoplasma_acidophilum_DSM_1728_gene1456391.pdb
 0.204712 -0.914330 -0.349419   -17.137284
 0.865520  0.335806 -0.371631   -17.209243
 0.457131 -0.226352  0.860114     5.779322
>structures/AlaRS_AF_Bact_Brucella_melitensis_bv_1_str_16M_gene29593597.pdb
-0.581487 -0.521643  0.624309     7.630649
 0.802801 -0.492277  0.336413     3.312398
 0.131846  0.696816  0.705028     0.044839
>structures/AlaRS_AF_Bact_Chlamydia_psittaci_6BC_gene12242512.pdb
 0.766341  0.634408  0.101229   -19.218378
-0.300408  0.214589  0.929358   -13.344126
 0.567870 -0.742615  0.355030    -1.800904
>structures/AlaRS_AF_Bact_Lactobacillus_acidophilus_La-14_gene56942022.pdb
-0.217351  0.623675 -0.750859   -27.522687
-0.731673  0.405064  0.548250   -16.948162
 0.646075  0.668545  0.368285     2.719024
>structures/AlaRS_AF_Bact_Nocardia_farcinica_IFM_10152_gene61134339.pdb
 0.257737  0.940931 -0.219594   -18.481737
-0.639828  0.336508  0.690929   -14.331836
 0.724011 -0.037575  0.688764    -1.226297
>structures/AlaRS_AF_Bact_Porphyromonas_gingivalis_ATCC_33277_gene29256567.pdb
 0.543381  0.835202 -0.084707   -16.163543
-0.538267  0.424062  0.728313   -11.787898
 0.644209 -0.350156  0.679989    -7.156448
>structures/AlaRS_AF_Bact_Prochlorococcus_marinus_subsp_marinus_str_CCMP1375_gene54199407.pdb
-0.845297 -0.368590  0.386800   -20.185002
-0.301824 -0.267955 -0.914933   -13.417572
 0.440880 -0.890136  0.115252    -1.872044
>structures/AlaRS_AF_Bact_Streptobacillus_moniliformis_DSM_12112_gene29672963.pdb
 0.573072  0.742741  0.346299   -24.057247
-0.296897 -0.205694  0.932492   -13.426467
 0.763832 -0.637201  0.102640     3.278786
>structures/AlaRS_AF_Bact_Treponema_pallidum_subsp_pertenue_str_SamoaD_gene57879528.pdb
 0.545678 -0.731690  0.408492   -29.121623
-0.537904  0.067950  0.840263   -35.632300
-0.642569 -0.678243 -0.356500    -3.140099
>structures/AlaRS_AF_Euk_Cyanidioschyzon_merolae_strain_10D_gene16993235.pdb
 0.283733 -0.865258 -0.413308   -19.934482
-0.820868 -0.441962  0.361726   -17.072948
-0.495653  0.236637 -0.835662    -4.150877
>structures/AlaRS_AF_Euk_Medicago_truncatula_gene11413170.pdb
 1.000000  0.000000  0.000000    -0.000000
 0.000000  1.000000  0.000000     0.000000
 0.000000  0.000000  1.000000    -0.000000
>structures/AlaRS_AF_Euk_Plasmodium_berghei_ANKA_gene55150801.pdb
 0.360137  0.829989 -0.425935   -23.476018
-0.578999  0.556854  0.595545   -15.779990
 0.731479  0.032138  0.681106     3.050878
>structures/AlaRS_AF_Euk_Saccharomyces_cerevisiae_S288C_gene854513.pdb
-0.115921 -0.956954 -0.266086   -19.739956
 0.584938  0.150739 -0.796948   -11.095606
 0.802752 -0.248027  0.542285    -7.994607
>structures/AlaRS_AF_Mito_Caenorhabditis_elegans_gene174749.pdb
 0.475131  0.767588  0.430185   -16.595094
-0.729802  0.070645  0.679999   -23.822787
 0.491568 -0.637038  0.593753    -2.280846
>structures/AlaRS_AF_Mito_Gadus_morhua_gene115539928.pdb
-0.372446 -0.086062  0.924055   -18.835024
 0.924683  0.050369  0.377391   -13.611362
-0.079023  0.995016  0.060820    -5.451630
>structures/AlaRS_PDB_Bact_A_aeolicus_1YFS.pdb
-0.719375 -0.311701 -0.620759   102.145829
-0.547011 -0.296576  0.782829    53.020118
-0.428111  0.902710  0.042845    34.047714
>structures/AlaRS_PDB_Bact_E_coli_3HXV.pdb
 0.974348 -0.100843  0.201188   -31.893963
-0.205183 -0.765298  0.610097    14.731827
 0.092445 -0.635727 -0.766358    41.003815
