>structures/LeuRS-B_AF_Bact_Bifidobacterium_longum_subsp_longum_JCM_1217_gene69578373.pdb
 1.000000  0.000000  0.000000     0.000000
 0.000000  1.000000  0.000000     0.000000
 0.000000  0.000000  1.000000     0.000000
>structures/LeuRS-B_AF_Bact_Brachyspira_pilosicoli_95_1000_gene56439070.pdb
 0.594672  0.746467 -0.298585    -2.689091
-0.759659  0.400116 -0.512665     0.195146
-0.263218  0.531690  0.804998     1.974029
>structures/LeuRS-B_AF_Bact_Chlamydia_psittaci_6BC_gene12243068.pdb
-0.441786  0.648649  0.619742    -1.842518
 0.768828 -0.082244  0.634144    -0.974535
 0.462307  0.756631 -0.462365     1.964013
>structures/LeuRS-B_AF_Bact_Clostridium_botulinum_A_str_ATCC_3502_gene5187707.pdb
-0.495381 -0.813947  0.303460     1.681044
-0.714666  0.183292 -0.675024     1.407695
 0.493812 -0.551266 -0.672499     2.580229
>structures/LeuRS-B_AF_Bact_Mycoplasma_hyopneumoniae_168-L_gene57101518.pdb
-0.179405  0.028294 -0.983368    -0.594544
 0.134114 -0.989551 -0.052940     0.534246
-0.974591 -0.141381  0.173736     0.262833
>structures/LeuRS-B_AF_Bact_Orientia_tsutsugamushi_str_Ikeda_gene66652454.pdb
-0.371063  0.573447  0.730391    -0.906088
 0.734056 -0.300602  0.608934    -0.715572
 0.568748  0.762101 -0.309400     1.527444
>structures/LeuRS-B_AF_Bact_Porphyromonas_gingivalis_ATCC_33277_gene29256038.pdb
 0.817565  0.574230 -0.042968    -1.580305
-0.511587  0.690070 -0.511940    -0.894403
-0.264321  0.440527  0.857946     0.758787
>structures/LeuRS-B_AF_Bact_Thermus_thermophilus_HB8_gene3168656.pdb
-0.436339 -0.843886  0.312195     0.346969
-0.699799  0.100180 -0.707280    -5.766876
 0.565588 -0.527087 -0.634263     4.799263
>structures/LeuRS-B_AF_Euk_Bathycoccus_prasinos_gene19015540.pdb
-0.373919  0.775646  0.508486    -0.902231
 0.808824  0.004418  0.588035    -0.314190
 0.453860  0.631153 -0.629013     0.262890
>structures/LeuRS-B_AF_Euk_Klebsormidium_nitens_protein971510658.pdb
-0.128098 -0.091270 -0.987553    -0.373189
 0.321494 -0.945808  0.045710    -0.820888
-0.938207 -0.311637  0.150499     1.017837
>structures/LeuRS-B_AF_Euk_Plasmodium_falciparum_3D7_gene2655460.pdb
 0.999025  0.025811  0.035808     1.597554
-0.032636  0.978118  0.205476    -3.732687
-0.029721 -0.206445  0.978007     5.240761
>structures/LeuRS-B_AF_Euk_Thalassiosira_pseudonana_CCMP1335_gene7441753.pdb
 0.664146  0.739323 -0.110956     0.835024
-0.691545  0.551155 -0.466898    -4.646081
-0.284035  0.386820  0.877322     1.556503
>structures/LeuRS-B_AF_Mito_Homo_sapiens_gene23395.pdb
-0.497138  0.641453  0.584288    -1.727767
 0.706894 -0.091066  0.701433     0.595512
 0.503145  0.761739 -0.408166     2.762747
>structures/LeuRS-B_AF_Mito_Treponema_denticola_ATCC_35405_gene2739434.pdb
 0.346709 -0.565078 -0.748652    -0.789865
 0.671002 -0.408284  0.618919    -1.070529
-0.655400 -0.716932  0.237613     2.123399
>structures/LeuRS-B_PDB_Bact_T_therm_2V0C.pdb
 0.989290  0.040526 -0.140228   -17.272313
 0.134694 -0.623651  0.770011   -41.326705
-0.056248 -0.780651 -0.622430   -10.836847
