>structures/LeuRS-B_AF_Bact_Bifidobacterium_longum_subsp_longum_JCM_1217_gene69578373.pdb
 1.000000  0.000000  0.000000     0.000000
 0.000000  1.000000  0.000000     0.000000
 0.000000  0.000000  1.000000     0.000000
>structures/LeuRS-B_AF_Bact_Brachyspira_pilosicoli_95_1000_gene56439070.pdb
 0.593823  0.751416 -0.287660    -2.411210
-0.761904  0.410238 -0.501206     0.407416
-0.258605  0.516797  0.816115     2.096694
>structures/LeuRS-B_AF_Bact_Chlamydia_psittaci_6BC_gene12243068.pdb
-0.451599  0.642788  0.618775    -1.934888
 0.773249 -0.064037  0.630861    -0.706482
 0.445134  0.763363 -0.468116     2.029019
>structures/LeuRS-B_AF_Bact_Clostridium_botulinum_A_str_ATCC_3502_gene5187707.pdb
-0.489909 -0.816868  0.304493     1.802771
-0.722323  0.184799 -0.666407     1.211335
 0.488097 -0.546421 -0.680578     2.916919
>structures/LeuRS-B_AF_Bact_Mycoplasma_hyopneumoniae_168-L_gene57101518.pdb
-0.190499  0.041685 -0.980802    -0.268721
 0.084962 -0.994649 -0.058775     1.027448
-0.978004 -0.094527  0.185938     0.328910
>structures/LeuRS-B_AF_Bact_Orientia_tsutsugamushi_str_Ikeda_gene66652454.pdb
-0.345133  0.586217  0.732962    -0.465710
 0.719954 -0.335649  0.607458    -1.086338
 0.602120  0.737353 -0.306205     1.570248
>structures/LeuRS-B_AF_Bact_Porphyromonas_gingivalis_ATCC_33277_gene29256038.pdb
 0.818209  0.573870 -0.034742    -1.299126
-0.505988  0.690099 -0.517435    -1.050015
-0.272965  0.440949  0.855017     0.803440
>structures/LeuRS-B_AF_Bact_Thermus_thermophilus_HB8_gene3168656.pdb
-0.429301 -0.843446  0.322955     0.333283
-0.688334  0.074049 -0.721605    -5.315839
 0.584720 -0.532087 -0.612361     4.992041
>structures/LeuRS-B_AF_Euk_Bathycoccus_prasinos_gene19015540.pdb
-0.373406  0.776740  0.507191    -0.784957
 0.801320 -0.005394  0.598212    -0.454517
 0.467391  0.629798 -0.620403     0.285529
>structures/LeuRS-B_AF_Euk_Plasmodium_falciparum_3D7_gene2655460.pdb
 0.999210  0.017243  0.035803     1.743265
-0.024731  0.975046  0.220620    -3.491112
-0.031105 -0.221332  0.974702     5.335579
>structures/LeuRS-B_AF_Euk_Thalassiosira_pseudonana_CCMP1335_gene7441753.pdb
 0.665069  0.739168 -0.106365     1.141091
-0.684860  0.546917 -0.481506    -4.892700
-0.297741  0.393080  0.869965     1.610575
>structures/LeuRS-B_AF_Mito_Homo_sapiens_gene23395.pdb
-0.502078  0.648693  0.571940    -1.793172
 0.714846 -0.060921  0.696624     1.134581
 0.486738  0.758608 -0.433128     2.597538
>structures/LeuRS-B_AF_Mito_Treponema_denticola_ATCC_35405_gene2739434.pdb
 0.336040 -0.558213 -0.758601    -0.796639
 0.651575 -0.443812  0.615207    -0.705625
-0.680093 -0.701020  0.214579     2.027930
>structures/LeuRS-B_PDB_Bact_T_therm_2V0C.pdb
 0.989195  0.046131 -0.139162   -17.078240
 0.136056 -0.642464  0.754141   -41.486786
-0.054618 -0.764926 -0.641798    -9.935092
