>structures/LeuRS-B_AF_Bact_Bifidobacterium_longum_subsp_longum_JCM_1217_gene69578373.pdb
 0.999989 -0.000126  0.004675    -0.061643
 0.000134  0.999999 -0.001595     0.000194
-0.004675  0.001596  0.999988     0.023440
>structures/LeuRS-B_AF_Bact_Brachyspira_pilosicoli_95_1000_gene56439070.pdb
 0.596799  0.750673 -0.283410    -2.483556
-0.759208  0.413975 -0.502224     0.469805
-0.259681  0.514894  0.816976     2.133085
>structures/LeuRS-B_AF_Bact_Chlamydia_psittaci_6BC_gene12243068.pdb
-0.452056  0.647792  0.613197    -1.952234
 0.771354 -0.061333  0.633444    -0.686097
 0.447949  0.759345 -0.471951     2.037018
>structures/LeuRS-B_AF_Bact_Clostridium_botulinum_A_str_ATCC_3502_gene5187707.pdb
-0.488472 -0.817353  0.305499     1.657567
-0.725171  0.185537 -0.663101     1.203201
 0.485306 -0.545445 -0.683350     2.875853
>structures/LeuRS-B_AF_Bact_Mycoplasma_hyopneumoniae_168-L_gene57101518.pdb
-0.191590  0.045360 -0.980426    -0.384008
 0.085909 -0.994322 -0.062790     1.091548
-0.977708 -0.096257  0.186606     0.317637
>structures/LeuRS-B_AF_Bact_Orientia_tsutsugamushi_str_Ikeda_gene66652454.pdb
-0.343480  0.587572  0.732653    -0.531757
 0.715885 -0.341140  0.609206    -1.099863
 0.607889  0.733746 -0.303460     1.518026
>structures/LeuRS-B_AF_Bact_Porphyromonas_gingivalis_ATCC_33277_gene29256038.pdb
 0.818944  0.573198 -0.027826    -1.318907
-0.503141  0.693840 -0.515204    -0.986678
-0.276007  0.435923  0.856616     0.832059
>structures/LeuRS-B_AF_Bact_Thermus_thermophilus_HB8_gene3168656.pdb
-0.426246 -0.844648  0.323860     0.317306
-0.689214  0.071343 -0.721037    -5.277071
 0.585917 -0.530548 -0.612553     4.974876
>structures/LeuRS-B_AF_Euk_Bathycoccus_prasinos_gene19015540.pdb
-0.370836  0.779010  0.505594    -0.836320
 0.801837 -0.006095  0.597511    -0.386657
 0.468549  0.626982 -0.622379     0.294174
>structures/LeuRS-B_AF_Euk_Klebsormidium_nitens_protein971510658.pdb
-0.137863 -0.085350 -0.986767    -0.292672
 0.314065 -0.948634  0.038174    -0.724551
-0.939339 -0.304646  0.157587     1.051917
>structures/LeuRS-B_AF_Euk_Plasmodium_falciparum_3D7_gene2655460.pdb
 0.999240  0.009731  0.037755     1.730092
-0.017923  0.974617  0.223162    -3.391783
-0.034625 -0.223669  0.974050     5.259193
>structures/LeuRS-B_AF_Euk_Thalassiosira_pseudonana_CCMP1335_gene7441753.pdb
 0.668408  0.736613 -0.103116     0.953777
-0.682275  0.551994 -0.479377    -4.763308
-0.296196  0.390773  0.871530     1.676833
>structures/LeuRS-B_AF_Mito_Homo_sapiens_gene23395.pdb
-0.506523  0.677040  0.533902    -1.868073
 0.705347 -0.030769  0.708194     1.313889
 0.495903  0.735303 -0.461963     2.293836
>structures/LeuRS-B_AF_Mito_Treponema_denticola_ATCC_35405_gene2739434.pdb
 0.330581 -0.558977 -0.760435    -0.903662
 0.653842 -0.445400  0.611645    -0.707652
-0.680593 -0.699402  0.218242     2.030966
>structures/LeuRS-B_PDB_Bact_T_therm_2V0C.pdb
 0.986644  0.040180 -0.157860   -16.709398
 0.145999 -0.647902  0.747601   -41.620535
-0.072239 -0.760663 -0.645115    -9.459230
