>structures/AsnRS_AF_Arch_Candidatus_Korarchaeum_cryptofilum_OPF8_gene6094562.pdb
-0.591987  0.681410  0.430386    -0.462005
 0.774503  0.333273  0.537656     0.807563
 0.222928  0.651620 -0.725047    -0.130057
>structures/AsnRS_AF_Arch_Candidatus_Nitrososphaera_gargensis_Ga92_gene13796664.pdb
 1.000000 -0.000000  0.000000     0.000000
 0.000000  1.000000  0.000000     0.000000
-0.000000  0.000000  1.000000     0.000000
>structures/AsnRS_AF_Arch_Ferroplasma_acidarmanus_Fer1_gene16025664.pdb
 0.341460 -0.707349 -0.618920     2.834013
 0.630245 -0.316202  0.709089     7.096604
-0.697277 -0.632197  0.337833     0.685170
>structures/AsnRS_AF_Arch_Pyrococcus_sp_ST04_gene13021535.pdb
 0.431247 -0.714896 -0.550409     3.779007
 0.684913 -0.137709  0.715494     6.422252
-0.587300 -0.685536  0.430255     1.425112
>structures/AsnRS_AF_Bact_Clostridium_acetobutylicum_DSM_1731_gene44999755.pdb
 0.997894  0.053020 -0.037377    -0.685869
-0.056931  0.991985 -0.112802     1.182579
 0.031096  0.114693  0.992914     0.784753
>structures/AsnRS_AF_Bact_Mycoplasma_hyopneumoniae_168-L_gene57101291.pdb
 0.596091 -0.675911 -0.433383     4.549718
 0.717930  0.207000  0.664626     8.632243
-0.359517 -0.707316  0.608647     2.889972
>structures/AsnRS_AF_Bact_Porphyromonas_gingivalis_ATCC_33277_gene29256423.pdb
 0.445828 -0.719657 -0.532289     1.983119
 0.719197 -0.066039  0.691661     6.888005
-0.532911 -0.691182  0.488133     0.147537
>structures/AsnRS_AF_Bact_Streptobacillus_moniliformis_DSM_12112_gene29673200.pdb
 0.985871  0.162538 -0.040502    -0.316168
-0.165878  0.980959 -0.101011     0.627299
 0.023313  0.106303  0.994060     1.093700
>structures/AsnRS_AF_Bact_Thermus_thermophilus_HB8_gene3168522.pdb
 0.622743 -0.646444 -0.440796     4.647752
 0.754986  0.348578  0.555419    11.802088
-0.205396 -0.678678  0.705130     7.206672
>structures/AsnRS_AF_Bact_Treponema_pallidum_subsp_pertenue_str_SamoaD_gene57879132.pdb
 0.998827  0.019404  0.044372    -1.796981
-0.018716  0.999699 -0.015884    -0.894145
-0.044667  0.015035  0.998889    -0.111099
>structures/AsnRS_AF_Bact_unclassified_Blastocatellia_proteinRPI49177.1.pdb
 0.788651 -0.542970 -0.288468     5.259161
 0.608576  0.622553  0.492000     8.958983
-0.087554 -0.563571  0.821415     6.569182
>structures/AsnRS_AF_Euk_Candida_albicans_SC5314_gene3646227.pdb
 0.441435 -0.678803 -0.586824     3.335612
 0.827958  0.056057  0.557982     8.126899
-0.345864 -0.732178  0.586766     9.371292
>structures/AsnRS_AF_Euk_Cryptococcus_gattii_WM276_gene10190222.pdb
 0.439108 -0.700566 -0.562487     2.211773
 0.868766  0.171531  0.464568     4.955986
-0.228977 -0.692665  0.683948    11.588766
>structures/AsnRS_AF_Euk_Encephalitozoon_intestinalis_ATCC_50506_gene9698489.pdb
 0.469897 -0.641249 -0.606627     4.379870
 0.659778 -0.201405  0.723967     6.468551
-0.586421 -0.740430  0.328442     1.829159
>structures/AsnRS_AF_Euk_Vitis_vinifera_gene100257593.pdb
 0.944119  0.223903  0.241882    -4.498703
-0.256133  0.960264  0.110855    -3.567962
-0.207450 -0.166615  0.963952    -3.314431
>structures/AsnRS_AF_Mito_Homo_sapiens_gene79731.pdb
-0.195158  0.581585  0.789729    -0.584089
 0.669587 -0.509349  0.540571     3.101677
 0.716636  0.634289 -0.290018     0.854428
>structures/AsnRS_AF_Mito_Zeugodacus_cucurbitae_gene105213230.pdb
-0.316481 -0.855374  0.410091     0.261308
-0.772525 -0.018473 -0.634715     0.075113
 0.550494 -0.517681 -0.654952     1.119664
>structures/AsnRS_PDB_Arch_P_horikoshii_1X54.pdb
 0.803239  0.348108  0.483351    -9.584532
 0.291249 -0.937368  0.191089    -0.876013
 0.519597 -0.012714 -0.854317    29.702711
>structures/AsnRS_PDB_Bact_E_anophelis_6pqh.pdb
 0.730221  0.522322 -0.440406   -15.574404
-0.607925  0.202583 -0.767715   -50.326423
-0.311776  0.828336  0.465463    22.773497
>structures/AsnRS_PDB_Euk_S_cerevisiae_1asz.pdb
 0.042921  0.630036 -0.775379   -51.053334
 0.042070  0.774266  0.631461   -45.796327
 0.998192 -0.059723  0.006727   -75.741525
