>structures/LysRS-I_AF_Arch_Candidatus_Bathyarchaeota_archaeon_proteinRJS75864.1.pdb
 0.999993 -0.002547 -0.002741     0.026870
 0.002553  0.999994  0.002309    -0.011437
 0.002735 -0.002316  0.999994     0.007344
>structures/LysRS-I_AF_Arch_Candidatus_Nitrosopumilus_koreensis_AR1_gene13726042.pdb
-0.089771  0.070931 -0.993433     2.147772
 0.241524 -0.966137 -0.090808     4.464983
-0.966234 -0.248090  0.069599    -0.193167
>structures/LysRS-I_AF_Arch_Ferroplasma_acidarmanus_Fer1_gene16025146.pdb
 0.994246 -0.051567  0.093897     3.345691
 0.051086  0.998666  0.007516    -0.003136
-0.094159 -0.002676  0.995554     2.381370
>structures/LysRS-I_AF_Arch_Halorubrum_lacusprofundi_ATCC_49239_gene7400505.pdb
-0.665453 -0.738940  0.105547    -1.265981
-0.711936  0.585822 -0.387245    -2.304901
 0.224319 -0.332836 -0.915915     0.173795
>structures/LysRS-I_AF_Bact_Cereibacter_sphaeroides_KD131_gene67447319.pdb
-0.983482  0.151603 -0.098887    -0.117325
 0.079999  0.854141  0.513851     3.363578
 0.162365  0.497452 -0.852161     2.671433
>structures/LysRS-I_AF_Bact_Cyanobacteria_bacterium_J007_proteinRMH73500.1.pdb
 0.929872  0.367080 -0.024311    -0.444727
-0.330672  0.805025 -0.492534    -1.639925
-0.161229  0.466033  0.869953    -1.426573
>structures/LysRS-I_AF_Bact_Streptomyces_albidoflavus_gene15147364.pdb
 0.163314  0.090611 -0.982404    -2.786887
 0.286196 -0.957305 -0.040719     2.632382
-0.944150 -0.274510 -0.182274    -0.842781
>structures/LysRS-I_AF_Bact_Treponema_denticola_ATCC_35405_gene2739918.pdb
 0.197469 -0.003491 -0.980303    -2.840799
 0.275477 -0.959501  0.058908     2.898801
-0.940807 -0.281683 -0.188510    -0.971884
>structures/LysRS-I_PDB_Arch_P_hori_1IRX.pdb
 0.403933 -0.786099  0.467854   -22.879281
-0.904148 -0.265294  0.334866    28.464186
-0.139119 -0.558272 -0.817911    85.595898
