>structures/PheRS-Bβ_AF_Bact_Brachyspira_pilosicoli_95_1000_gene56440382.pdb
 0.156637  0.615531 -0.772390     1.057820
-0.746840 -0.437928 -0.500448     5.817996
-0.646293  0.655241  0.391108    -1.128133
>structures/PheRS-Bβ_AF_Bact_Chlamydia_psittaci_6BC_gene12242429.pdb
 0.304018 -0.628004 -0.716369     3.158207
 0.791167 -0.252447  0.557069     1.058371
-0.530687 -0.736126  0.420107     1.443994
>structures/PheRS-Bβ_AF_Bact_Ferrimonas_balearica_DSM_9799_gene67181907.pdb
 1.000000 -0.000000  0.000000     0.000000
 0.000000  1.000000  0.000000     0.000000
-0.000000  0.000000  1.000000     0.000000
>structures/PheRS-Bβ_AF_Bact_Lacticaseibacillus_paracasei_gene61269867.pdb
-0.072562  0.517362 -0.852685     1.369652
-0.575492 -0.719977 -0.387869     7.890815
-0.814582  0.462568  0.349981     3.105246
>structures/PheRS-Bβ_AF_Bact_Mycobacterium_intracellulare_ATCC_13950_gene11909688.pdb
 0.792514 -0.572249 -0.210837     0.726141
 0.596484  0.655348  0.463385     2.903183
-0.127000 -0.493000  0.860710     1.258491
>structures/PheRS-Bβ_AF_Bact_Mycoplasma_hyopneumoniae_168-L_gene57101148.pdb
-0.169049  0.212414 -0.962446    -8.583046
 0.080214 -0.970296 -0.228236     1.321897
-0.982338 -0.115785  0.146989    -0.122187
>structures/PheRS-Bβ_AF_Bact_Porphyromonas_gingivalis_ATCC_33277_gene29257179.pdb
-0.708551  0.439377  0.552180    -0.094304
 0.685713  0.243972  0.685767     2.608752
 0.166593  0.864538 -0.474153    -4.120214
>structures/PheRS-Bβ_AF_Bact_Prochlorococcus_marinus_subsp_marinus_str_CCMP1375_gene54200309.pdb
 0.304582 -0.688553 -0.658122     1.282088
 0.685372 -0.321382  0.653436    -0.043073
-0.661434 -0.650083  0.374028     0.347179
>structures/PheRS-Bβ_PDB_Bact.B_E_coli_3PCO.pdb
-0.354086  0.927858  0.117057    -2.336707
 0.900737  0.372023 -0.224215    33.553962
-0.251588  0.026046 -0.967484    38.894308
>structures/PheRS-Bβ_PDB_Bact.B_T_thermophilus_1PYS.pdb
-0.421015 -0.832376 -0.360412    67.465162
-0.173661 -0.316024  0.932722     4.778982
-0.890274  0.455280 -0.011500   -21.860008
