>structures/PheRS-Bβ_AF_Bact_Brachyspira_pilosicoli_95_1000_gene56440382.pdb
 0.546169 -0.785125 -0.292023    -0.169804
 0.834373  0.478967  0.272787    -2.328911
-0.074302 -0.392644  0.916684   -10.459509
>structures/PheRS-Bβ_AF_Bact_Chlamydia_psittaci_6BC_gene12242429.pdb
 0.532071  0.813107 -0.236130    -3.216132
-0.631179  0.195010 -0.750722     2.105209
-0.564370  0.548478  0.616976   -10.950258
>structures/PheRS-Bβ_AF_Bact_Ferrimonas_balearica_DSM_9799_gene67181907.pdb
-0.169049  0.080214 -0.982338    -1.677021
 0.212414 -0.970296 -0.115785     3.091641
-0.962446 -0.228236  0.146989    -7.941057
>structures/PheRS-Bβ_AF_Bact_Lacticaseibacillus_paracasei_gene61269867.pdb
 0.765511 -0.600536 -0.230975    -4.260941
 0.639166  0.750982  0.165806    -4.346304
 0.073886 -0.274558  0.958728   -10.460388
>structures/PheRS-Bβ_AF_Bact_Mycobacterium_intracellulare_ATCC_13950_gene11909688.pdb
 0.042666  0.638869 -0.768131    -2.738749
-0.402121 -0.692827 -0.598573     0.408378
-0.914592  0.334420  0.227342    -9.049607
>structures/PheRS-Bβ_AF_Bact_Mycoplasma_hyopneumoniae_168-L_gene57101148.pdb
 1.000000 -0.000000  0.000000     0.000000
 0.000000  1.000000  0.000000     0.000000
-0.000000  0.000000  1.000000     0.000000
>structures/PheRS-Bβ_AF_Bact_Porphyromonas_gingivalis_ATCC_33277_gene29257179.pdb
 0.010353 -0.909634  0.415281     2.991022
-0.830371 -0.239205 -0.503255     1.208230
 0.557115 -0.339627 -0.757810    -8.938133
>structures/PheRS-Bβ_AF_Bact_Prochlorococcus_marinus_subsp_marinus_str_CCMP1375_gene54200309.pdb
 0.657768  0.728575 -0.191101    -2.043080
-0.507028  0.240665 -0.827649     2.736879
-0.557013  0.641295  0.527710    -9.066948
>structures/PheRS-Bβ_AF_Euk_Didymosphenia_geminata_gene19740299.pdb
 0.969511  0.144517  0.197895     1.164256
-0.112561  0.979983 -0.164205     4.769337
-0.217664  0.136923  0.966372   -11.756095
>structures/PheRS-Bβ_AF_Euk_Gracilariopsis_tenuifrons_gene68635617.pdb
-0.763272  0.212857 -0.610007    11.983222
-0.115214  0.884192  0.452692     3.747742
 0.635722  0.415808 -0.650355    -5.569599
>structures/PheRS-Bβ_PDB_Bact.B_E_coli_3PCO.pdb
 0.384237 -0.158190  0.909581   -36.427435
-0.916969 -0.179970  0.356059   -34.230802
 0.107372 -0.970869 -0.214207    -6.916997
>structures/PheRS-Bβ_PDB_Bact.B_T_thermophilus_1PYS.pdb
 0.924546 -0.338501  0.175018     8.594061
 0.210974  0.072213 -0.974821    15.181231
 0.317339  0.938191  0.138179   -77.252576
