>../../../../class1/leu2//data/domains/Catalytic_domain/structures/LeuRS-A_AF_Arch_Aciduliprofundum_boonei_T469_gene8828435.pdb
 0.492602  0.013525  0.870150    -4.209951
 0.870183  0.005164 -0.492701     5.743568
-0.011157  0.999895 -0.009226     9.754577
>../../../../class1/leu2//data/domains/Catalytic_domain/structures/LeuRS-A_AF_Arch_Candidatus_Korarchaeum_cryptofilum_OPF8_gene6093520.pdb
 0.859445 -0.434617  0.269188    -2.513626
-0.361031 -0.143185  0.921496     5.072005
-0.361953 -0.889161 -0.279970    14.169299
>../../../../class1/leu2//data/domains/Catalytic_domain/structures/LeuRS-A_AF_Arch_Candidatus_Nitrosopumilus_koreensis_AR1_gene13725794.pdb
-0.951729  0.243588 -0.186753    -2.878265
 0.259991  0.316375 -0.912311     3.831494
-0.163144 -0.916827 -0.364434    12.848827
>../../../../class1/leu2//data/domains/Catalytic_domain/structures/LeuRS-A_AF_Arch_Methanobrevibacter_smithii_ATCC_35061_gene5216355.pdb
-0.933659  0.335021 -0.126656    -1.784748
 0.258223  0.384588 -0.886235     4.385403
-0.248197 -0.860147 -0.445585    12.068687
>../../../../class1/leu2//data/domains/Catalytic_domain/structures/LeuRS-A_AF_Euk_Arabidopsis_thaliana_gene837489.pdb
-0.253422  0.905735 -0.339737    -0.779471
-0.813367 -0.009394  0.581675     6.226143
 0.523652  0.423740  0.739075    12.205657
>../../../../class1/leu2//data/domains/Catalytic_domain/structures/LeuRS-A_AF_Euk_Drosophila_melanogaster_gene326262.pdb
-0.937807  0.290605 -0.189915    -0.110479
 0.312168  0.466564 -0.827568     4.927264
-0.151888 -0.835384 -0.528264    11.889602
>../../../../class1/leu2//data/domains/Catalytic_domain/structures/LeuRS-A_AF_Euk_Leishmania_major_strain_Friedlin_gene5650139.pdb
-0.932345  0.232509 -0.276899    -3.715339
 0.344870  0.341787 -0.874212     7.352938
-0.108621 -0.910561 -0.398849    11.826489
>../../../../class1/leu2//data/domains/Catalytic_domain/structures/LeuRS-A_AF_Euk_Neurospora_crassa_OR74A_gene3879366.pdb
-0.894770  0.432944 -0.109295    -3.514853
 0.329698  0.475494 -0.815601     5.729786
-0.301140 -0.765810 -0.568199    12.801032
>../../../../class1/leu2//data/domains/Catalytic_domain/structures/LeuRS-A_PDB_Arch_P_hori_1WKB.pdb
-0.088060 -0.601776 -0.793795    28.478491
-0.202177  0.791102 -0.577306     6.311076
 0.975382  0.109650 -0.191330  -117.773718
>../../../../class1/tyr//data/domains/Catalytic_domain/structures/TyrRS_AF_Arch_Candidatus_Korarchaeum_cryptofilum_OPF8_gene6094625.pdb
 0.123616  0.449234 -0.884821    -1.537517
-0.270682 -0.842581 -0.465605     3.948493
-0.954699  0.297061  0.017443     4.892083
>../../../../class1/tyr//data/domains/Catalytic_domain/structures/TyrRS_AF_Arch_Desulfurococcus_amylolyticus_1221n_gene7171652.pdb
 0.380007  0.595932 -0.707432    -1.951789
-0.809269 -0.156199 -0.566291     3.746358
-0.447971  0.787697  0.422913     6.319502
>../../../../class1/tyr//data/domains/Catalytic_domain/structures/TyrRS_AF_Arch_Methanothermococcus_okinawensis_IH1_gene10772133.pdb
 0.787122 -0.326306 -0.523416    -1.661670
 0.614513  0.487848  0.619983     1.241263
 0.053043 -0.809647  0.584515     8.602406
>../../../../class1/tyr//data/domains/Catalytic_domain/structures/TyrRS_AF_Arch_Thermoplasma_acidophilum_DSM_1728_gene1456112.pdb
-0.466471  0.307834  0.829243    -4.558377
 0.883488  0.207787  0.419850     8.098773
-0.043062  0.928474 -0.368894     3.266897
>../../../../class1/tyr//data/domains/Catalytic_domain/structures/TyrRS_AF_Bact_Bifidobacterium_animalis_subsp_lactis_BLC1_gene66533077.pdb
 0.217630  0.875802 -0.430823     0.417737
-0.853263 -0.043599 -0.519655     0.717200
-0.473899  0.480698  0.737801     0.980623
>../../../../class1/tyr//data/domains/Catalytic_domain/structures/TyrRS_AF_Bact_Brachyspira_pilosicoli_95_1000_gene56440491.pdb
-0.327401  0.307537  0.893437    -0.557781
 0.808685 -0.397852  0.433292     7.873702
 0.488709  0.864369 -0.118444     5.223752
>../../../../class1/tyr//data/domains/Catalytic_domain/structures/TyrRS_AF_Bact_Chlamydia_psittaci_6BC_gene12242888.pdb
 0.365062  0.838417 -0.404704    -2.039529
-0.868011  0.149366 -0.473548     4.295993
-0.336582  0.524162  0.782283     4.098634
>../../../../class1/tyr//data/domains/Catalytic_domain/structures/TyrRS_AF_Bact_Lactococcus_lactis_subsp_cremoris_KW2_gene61108704.pdb
 0.384232  0.846174 -0.369264     1.401396
-0.839888  0.154294 -0.520366     1.918298
-0.383345  0.510082  0.769976     1.396060
>../../../../class1/tyr//data/domains/Catalytic_domain/structures/TyrRS_AF_Bact_Porphyromonas_gingivalis_ATCC_33277_gene29255602.pdb
-0.482305  0.622878  0.615959    -1.271600
 0.769696 -0.034411  0.637482     6.742748
 0.418269  0.781562 -0.462830     0.503075
>../../../../class1/tyr//data/domains/Catalytic_domain/structures/TyrRS_AF_Bact_Prochlorococcus_marinus_subsp_marinus_str_CCMP1375_gene54200747.pdb
 0.972581  0.220482  0.073986    -2.225644
-0.227997  0.841200  0.490306     2.774722
 0.045866 -0.493731  0.868405     4.567505
>../../../../class1/tyr//data/domains/Catalytic_domain/structures/TyrRS_AF_Bact_Serratia_plymuthica_AS9_gene57666950.pdb
 1.000000  0.000000  0.000000     0.000000
 0.000000  1.000000  0.000000     0.000000
 0.000000  0.000000  1.000000     0.000000
>../../../../class1/tyr//data/domains/Catalytic_domain/structures/TyrRS_AF_Bact_Streptobacillus_moniliformis_DSM_12112_gene29673957.pdb
 0.953094  0.297707 -0.054608     2.916990
-0.302613  0.933671 -0.191532    -1.951091
-0.006035  0.199073  0.979966     7.651875
>../../../../class1/tyr//data/domains/Catalytic_domain/structures/TyrRS_AF_Euk_Cryptococcus_neoformans_var_neoformans_JEC21_gene3254328.pdb
 0.540891  0.808141 -0.233120    -0.303507
-0.829426  0.466489 -0.307310     1.101211
-0.139603  0.359577  0.922613     1.759916
>../../../../class1/tyr//data/domains/Catalytic_domain/structures/TyrRS_AF_Euk_Drosophila_melanogaster_gene39829.pdb
 0.351911 -0.576109  0.737738     0.830117
 0.930961  0.133477 -0.339846    12.058025
 0.097317  0.806401  0.583307     2.382776
>../../../../class1/tyr//data/domains/Catalytic_domain/structures/TyrRS_AF_Euk_Plasmodium_falciparum_3D7_gene2655248.pdb
 0.570695  0.245771 -0.783520    -3.783549
-0.566875 -0.572412 -0.592449     1.986925
-0.594103  0.782266 -0.187351     6.457949
>../../../../class1/tyr//data/domains/Catalytic_domain/structures/TyrRS_AF_Euk_Seriola_dumerili_gene111223086.pdb
 0.286290 -0.907518 -0.307327     1.253408
 0.957962  0.264868  0.110248    13.608974
-0.018651 -0.325970  0.945196     3.996869
>../../../../class1/tyr//data/domains/Catalytic_domain/structures/TyrRS_AF_Mito_Aspergillus_fumigatus_Af293_gene3509181.pdb
-0.998205 -0.012287 -0.058608   -11.735020
 0.053277 -0.629086 -0.775508     0.170511
-0.027341 -0.777239  0.628611     7.846792
>../../../../class1/tyr//data/domains/Catalytic_domain/structures/TyrRS_AF_Mito_Cyanidioschyzon_merolae_strain_10D_gene16996209.pdb
 0.470558  0.873295 -0.126216    -0.754604
-0.853840  0.414582 -0.314768     0.527817
-0.222559  0.255885  0.940739     2.948136
>../../../../class1/tyr//data/domains/Catalytic_domain/structures/TyrRS_AF_Vir_Megavirus_chiliensis_gene11257765.pdb
 0.404549 -0.698989 -0.589707    -6.014576
 0.899837  0.189172  0.393074     0.797597
-0.163198 -0.689658  0.705506     9.951956
>../../../../class1/tyr//data/domains/Catalytic_domain/structures/TyrRS_PDB_Arch_M_jannashii_1U7D.pdb
 0.748152  0.456541  0.481496   -34.605351
 0.340427 -0.886980  0.312050    38.274851
 0.569541 -0.069546 -0.819015    24.062476
>../../../../class1/tyr//data/domains/Catalytic_domain/structures/TyrRS_PDB_E_coli_Bact_1WQ4.pdb
-0.676518  0.558135  0.480427   -16.696838
-0.513110  0.110705 -0.851153    62.671020
-0.528244 -0.822332  0.211491    18.858944
>../../../../class1/tyr//data/domains/Catalytic_domain/structures/TyrRS_PDB_Vir_Acanthamoeba_polyphaga_mimivirus_2J5B.pdb
 0.494663  0.722423  0.483129  -104.376472
-0.205063  0.637230 -0.742891     3.798816
-0.844546  0.268409  0.463356     9.173733
