>../../../../class1/leu2//data/domains/Catalytic_domain/structures/LeuRS-A_AF_Arch_Aciduliprofundum_boonei_T469_gene8828435.pdb
-0.459398 -0.038681 -0.887388    -7.354110
-0.552294 -0.770000  0.319485    -5.218545
-0.695647  0.636870  0.332374    -3.905677
>../../../../class1/leu2//data/domains/Catalytic_domain/structures/LeuRS-A_AF_Arch_Candidatus_Korarchaeum_cryptofilum_OPF8_gene6093520.pdb
-0.853365  0.468653 -0.228327    -9.530383
 0.521297  0.763593 -0.381019    -7.964611
-0.004216 -0.444175 -0.895930    -0.550673
>../../../../class1/leu2//data/domains/Catalytic_domain/structures/LeuRS-A_AF_Arch_Candidatus_Nitrosopumilus_koreensis_AR1_gene13725794.pdb
 0.965244 -0.205785  0.161110    -8.907219
-0.046686  0.470769  0.881020    -6.339172
-0.257146 -0.857921  0.444800    -0.237705
>../../../../class1/leu2//data/domains/Catalytic_domain/structures/LeuRS-A_AF_Arch_Methanobrevibacter_smithii_ATCC_35061_gene5216355.pdb
 0.944741 -0.300357  0.131341    -9.961878
-0.005258  0.386717  0.922183    -5.828112
-0.327776 -0.871915  0.363768    -1.052017
>../../../../class1/leu2//data/domains/Catalytic_domain/structures/LeuRS-A_AF_Euk_Arabidopsis_thaliana_gene837489.pdb
 0.172236 -0.921623  0.347773   -10.911392
 0.125960 -0.329545 -0.935700    -7.510126
 0.976969  0.204966  0.059328    -2.660458
>../../../../class1/leu2//data/domains/Catalytic_domain/structures/LeuRS-A_AF_Euk_Leishmania_major_strain_Friedlin_gene5650139.pdb
 0.946062 -0.192246  0.260785    -7.891108
-0.138548  0.487549  0.862033    -7.613942
-0.292868 -0.851667  0.434616    -3.798591
>../../../../class1/leu2//data/domains/Catalytic_domain/structures/LeuRS-A_AF_Euk_Neurospora_crassa_OR74A_gene3879366.pdb
 0.918306 -0.383958  0.096384    -8.215843
 0.012327  0.271092  0.962475    -7.253869
-0.395678 -0.882658  0.253678    -1.789343
>../../../../class1/leu2//data/domains/Catalytic_domain/structures/LeuRS-A_PDB_Arch_P_hori_1WKB.pdb
 0.061419  0.633142  0.771595   -37.767930
-0.608360 -0.589114  0.531830    90.971552
 0.791281 -0.502072  0.348995   -88.387445
>../../../../class1/tyr//data/domains/Catalytic_domain/structures/TyrRS_AF_Arch_Candidatus_Korarchaeum_cryptofilum_OPF8_gene6094625.pdb
-0.131910 -0.488116  0.862753    -9.857118
 0.894950  0.315591  0.315383    -0.310879
-0.426220  0.813723  0.395210    -5.462497
>../../../../class1/tyr//data/domains/Catalytic_domain/structures/TyrRS_AF_Arch_Desulfurococcus_amylolyticus_1221n_gene7171652.pdb
-0.416870 -0.607640  0.676013    -9.538038
 0.856238 -0.512129  0.067675    -1.181151
 0.305083  0.607040  0.733776    -4.433238
>../../../../class1/tyr//data/domains/Catalytic_domain/structures/TyrRS_AF_Arch_Methanothermococcus_okinawensis_IH1_gene10772133.pdb
-0.763319  0.352144  0.541608    -9.985355
-0.449651  0.312357 -0.836808    -1.253159
-0.463852 -0.882286 -0.080086    -0.956230
>../../../../class1/tyr//data/domains/Catalytic_domain/structures/TyrRS_AF_Arch_Thermoplasma_acidophilum_DSM_1728_gene1456112.pdb
 0.505782 -0.306219 -0.806483    -6.686614
-0.531396 -0.847044 -0.011643    -1.586326
-0.679561  0.434450 -0.591143    -9.608376
>../../../../class1/tyr//data/domains/Catalytic_domain/structures/TyrRS_AF_Bact_Bifidobacterium_animalis_subsp_lactis_BLC1_gene66533077.pdb
-0.247106 -0.890393  0.382282   -11.829892
 0.904419 -0.353536 -0.238826     4.883531
 0.347799  0.286728  0.892649    -5.499297
>../../../../class1/tyr//data/domains/Catalytic_domain/structures/TyrRS_AF_Bact_Brachyspira_pilosicoli_95_1000_gene56440491.pdb
 0.362384 -0.349636 -0.863963   -10.648518
-0.886674 -0.414973 -0.203975    -3.213216
-0.287205  0.839971 -0.460393    -8.384237
>../../../../class1/tyr//data/domains/Catalytic_domain/structures/TyrRS_AF_Bact_Chlamydia_psittaci_6BC_gene12242888.pdb
-0.396020 -0.846163  0.356617    -9.226769
 0.808965 -0.505253 -0.300491     0.235552
 0.434446  0.169490  0.884607    -6.253832
>../../../../class1/tyr//data/domains/Catalytic_domain/structures/TyrRS_AF_Bact_Lactococcus_lactis_subsp_cremoris_KW2_gene61108704.pdb
-0.413716 -0.851148  0.323088   -12.787052
 0.824201 -0.500900 -0.264182     3.786212
 0.386693  0.156993  0.908747    -6.184546
>../../../../class1/tyr//data/domains/Catalytic_domain/structures/TyrRS_AF_Bact_Porphyromonas_gingivalis_ATCC_33277_gene29255602.pdb
 0.516239 -0.651660 -0.555730    -9.730007
-0.802570 -0.594600 -0.048298     1.457216
-0.298964  0.470945 -0.829959   -10.466213
>../../../../class1/tyr//data/domains/Catalytic_domain/structures/TyrRS_AF_Bact_Prochlorococcus_marinus_subsp_marinus_str_CCMP1375_gene54200747.pdb
-0.984915 -0.161290 -0.062668    -9.290395
 0.087807 -0.153786 -0.984195     0.697003
 0.149104 -0.974852  0.165628    -4.703959
>../../../../class1/tyr//data/domains/Catalytic_domain/structures/TyrRS_AF_Bact_Serratia_plymuthica_AS9_gene57666950.pdb
-0.998205  0.053277 -0.027341   -11.508506
-0.012287 -0.629086 -0.777239     6.061909
-0.058608 -0.775508  0.628611    -5.488121
>../../../../class1/tyr//data/domains/Catalytic_domain/structures/TyrRS_AF_Bact_Streptobacillus_moniliformis_DSM_12112_gene29673957.pdb
-0.968370 -0.248595  0.021456   -14.813837
 0.179652 -0.754313 -0.631456     1.244379
 0.173161 -0.607628  0.775115     0.543546
>../../../../class1/tyr//data/domains/Catalytic_domain/structures/TyrRS_AF_Euk_Cryptococcus_neoformans_var_neoformans_JEC21_gene3254328.pdb
-0.566412 -0.800256  0.196898   -10.938657
 0.637145 -0.576758 -0.511269     4.154656
 0.522708 -0.164137  0.836561    -5.289987
>../../../../class1/tyr//data/domains/Catalytic_domain/structures/TyrRS_AF_Euk_Drosophila_melanogaster_gene39829.pdb
-0.316984  0.569302 -0.758562   -11.742713
-0.674762 -0.697423 -0.241450    -3.560763
-0.666497  0.435313  0.605215   -13.306557
>../../../../class1/tyr//data/domains/Catalytic_domain/structures/TyrRS_AF_Euk_Plasmodium_falciparum_3D7_gene2655248.pdb
-0.592929 -0.291235  0.750744    -7.934043
 0.805161 -0.228616  0.547220    -0.099193
 0.012263  0.928933  0.370044    -2.981720
>../../../../class1/tyr//data/domains/Catalytic_domain/structures/TyrRS_AF_Euk_Seriola_dumerili_gene111223086.pdb
-0.245419  0.923759  0.294004   -12.116893
-0.601608  0.092682 -0.793396    -5.761780
-0.760156 -0.371590  0.532995   -13.553065
>../../../../class1/tyr//data/domains/Catalytic_domain/structures/TyrRS_AF_Mito_Aspergillus_fumigatus_Af293_gene3509181.pdb
 1.000000 -0.000000  0.000000    -0.000000
 0.000000  1.000000  0.000000    -0.000000
-0.000000  0.000000  1.000000    -0.000000
>../../../../class1/tyr//data/domains/Catalytic_domain/structures/TyrRS_AF_Mito_Cyanidioschyzon_merolae_strain_10D_gene16996209.pdb
-0.512564 -0.855130  0.077659   -10.771976
 0.705833 -0.471118 -0.529006     3.456310
 0.488955 -0.216335  0.845057    -4.155679
>../../../../class1/tyr//data/domains/Catalytic_domain/structures/TyrRS_PDB_Arch_M_jannashii_1U7D.pdb
-0.729132 -0.509820 -0.456564    24.923977
-0.683647  0.573315  0.451594   -35.117273
 0.031523  0.641400 -0.766559   -18.909412
>../../../../class1/tyr//data/domains/Catalytic_domain/structures/TyrRS_PDB_E_coli_Bact_1WQ4.pdb
 0.665106 -0.527651 -0.528411     7.806632
 0.739613  0.563062  0.368692   -47.943545
 0.102988 -0.636039  0.764753   -41.201702
>../../../../class1/tyr//data/domains/Catalytic_domain/structures/TyrRS_PDB_L_major_Euk_3P0I.pdb
-0.965475  0.204988 -0.160741     9.741806
 0.190517  0.976479  0.100954   -77.938495
 0.177655  0.066844 -0.981820    51.137355
