>../../../../class1/trp1//data/domains/Catalytic_domain/structures/TrpRS-A_AF_Arch_Natrialba_magadii_ATCC_43099_gene8824932.pdb
 0.081043  0.592949 -0.801151    -0.600598
-0.417624 -0.709633 -0.567461     1.556934
-0.904998  0.380569  0.190119     2.891801
>../../../../class1/trp1//data/domains/Catalytic_domain/structures/TrpRS-A_AF_Arch_Nitrosopumilus_maritimus_SCM1_gene5773245.pdb
 0.053328  0.466119 -0.883113     1.480381
-0.286523 -0.840043 -0.460688     1.743044
-0.956588  0.277600  0.088756     2.129133
>../../../../class1/trp1//data/domains/Catalytic_domain/structures/TrpRS-A_AF_Arch_Sulfolobus_islandicus_M1627_gene7814138.pdb
 0.134550 -0.070471  0.988398     1.615559
 0.277454 -0.954890 -0.105852     4.364708
 0.951270  0.288478 -0.108928     4.855531
>../../../../class1/trp1//data/domains/Catalytic_domain/structures/TrpRS-A_AF_Arch_Thermoplasma_acidophilum_DSM_1728_gene1456706.pdb
 0.293023 -0.846463 -0.444565    -1.629868
 0.929125  0.142418  0.341240    -1.396149
-0.225533 -0.513047  0.828202     6.445098
>../../../../class1/trp1//data/domains/Catalytic_domain/structures/TrpRS-A_AF_Euk_Cryptococcus_neoformans_var_neoformans_JEC21_gene3254069.pdb
 0.748907 -0.306870 -0.587341    -0.782786
 0.661759  0.392911  0.638511     1.826092
 0.034833 -0.866863  0.497328     1.981355
>../../../../class1/trp1//data/domains/Catalytic_domain/structures/TrpRS-A_AF_Euk_Cyanidioschyzon_merolae_strain_10D_gene16993299.pdb
 0.108682 -0.040976 -0.993232     0.637903
 0.315690 -0.946006  0.073571     1.981098
-0.942618 -0.321549 -0.089878     1.532219
>../../../../class1/trp1//data/domains/Catalytic_domain/structures/TrpRS-A_AF_Euk_Drosophila_melanogaster_gene45399.pdb
-0.015489  0.020550 -0.999669    -2.874718
-0.010227 -0.999740 -0.020393     3.196703
-0.999828  0.009908  0.015695    -2.848254
>../../../../class1/trp1//data/domains/Catalytic_domain/structures/TrpRS-A_AF_Euk_Saccharomyces_cerevisiae_S288C_gene854056.pdb
 0.954100  0.261251 -0.146426    -1.356420
-0.283074  0.946311 -0.156090     1.466704
 0.097786  0.190375  0.976829     1.951676
>../../../../class1/trp1//data/domains/Catalytic_domain/structures/TrpRS-A_AF_Vir_Megavirus_chiliensis_gene11257301.pdb
 0.153792  0.370957 -0.915827    -0.088408
-0.104818 -0.915499 -0.388426     2.083000
-0.982528  0.155732 -0.101913     3.171949
>../../../../class1/trp1//data/domains/Catalytic_domain/structures/TrpRS-A_PDB_Arch_P_hori_3JXE.pdb
 0.254955  0.966802  0.017069   -17.533087
-0.047738 -0.005046  0.998847    -7.413956
 0.965774 -0.255475  0.044867    48.588333
>../../../../class1/trp1//data/domains/Catalytic_domain/structures/TrpRS-A_PDB_Euk_S_Cerevisiae_3KT3.pdb
-0.394872  0.401715 -0.826257   -91.894161
 0.824351 -0.242131 -0.511682   125.262531
-0.405613 -0.883175 -0.235543   -40.430225
>../../../../class1/tyr//data/domains/Catalytic_domain/structures/TyrRS_AF_Arch_Candidatus_Korarchaeum_cryptofilum_OPF8_gene6094625.pdb
-0.110146 -0.148933 -0.982694     1.555416
 0.602785 -0.796135  0.053095     4.327113
-0.790264 -0.586505  0.177465    -0.611101
>../../../../class1/tyr//data/domains/Catalytic_domain/structures/TyrRS_AF_Arch_Desulfurococcus_amylolyticus_1221n_gene7171652.pdb
-0.220270  0.408599 -0.885736     1.071235
-0.156837 -0.911059 -0.381278     3.281257
-0.962748  0.054932  0.264762     0.368776
>../../../../class1/tyr//data/domains/Catalytic_domain/structures/TyrRS_AF_Arch_Methanothermococcus_okinawensis_IH1_gene10772133.pdb
 1.000000  0.000000  0.000000     0.000000
 0.000000  1.000000  0.000000     0.000000
 0.000000  0.000000  1.000000     0.000000
>../../../../class1/tyr//data/domains/Catalytic_domain/structures/TyrRS_AF_Arch_Thermoplasma_acidophilum_DSM_1728_gene1456112.pdb
 0.175394  0.422255  0.889347     1.492788
 0.616596 -0.751347  0.235131     8.698674
 0.767493  0.507127 -0.392143     2.595302
>../../../../class1/tyr//data/domains/Catalytic_domain/structures/TyrRS_AF_Bact_Bifidobacterium_animalis_subsp_lactis_BLC1_gene66533077.pdb
-0.376959  0.695935 -0.611210     0.901332
-0.101992 -0.687065 -0.719402     5.419793
-0.920598 -0.208846  0.329975    -5.777466
>../../../../class1/tyr//data/domains/Catalytic_domain/structures/TyrRS_AF_Bact_Brachyspira_pilosicoli_95_1000_gene56440491.pdb
 0.231706  0.055956  0.971175     5.059602
 0.081079 -0.995981  0.038041     5.953725
 0.969401  0.069928 -0.235312     2.262727
>../../../../class1/tyr//data/domains/Catalytic_domain/structures/TyrRS_AF_Bact_Chlamydia_psittaci_6BC_gene12242888.pdb
-0.253075  0.785152 -0.565234     1.425025
-0.263862 -0.618121 -0.740475     5.396924
-0.930769 -0.038252  0.363602    -0.514169
>../../../../class1/tyr//data/domains/Catalytic_domain/structures/TyrRS_AF_Bact_Lactococcus_lactis_subsp_cremoris_KW2_gene61108704.pdb
-0.228516  0.791083 -0.567422     2.535805
-0.218869 -0.609670 -0.761839     5.301961
-0.948618 -0.049902  0.312463    -5.374333
>../../../../class1/tyr//data/domains/Catalytic_domain/structures/TyrRS_AF_Bact_Porphyromonas_gingivalis_ATCC_33277_gene29255602.pdb
 0.119010  0.506573  0.853944     3.162515
 0.180778 -0.856736  0.483035     9.255229
 0.976297  0.096888 -0.193538    -1.411716
>../../../../class1/tyr//data/domains/Catalytic_domain/structures/TyrRS_AF_Bact_Prochlorococcus_marinus_subsp_marinus_str_CCMP1375_gene54200747.pdb
 0.647713  0.641462  0.411089     0.319545
-0.435831  0.754523 -0.490659     4.646103
-0.624916  0.138641  0.768283    -0.881441
>../../../../class1/tyr//data/domains/Catalytic_domain/structures/TyrRS_AF_Bact_Serratia_plymuthica_AS9_gene57666950.pdb
 0.787122  0.614513  0.053043     0.088868
-0.326306  0.487848 -0.809647     5.817153
-0.523416  0.619983  0.584515    -6.667541
>../../../../class1/tyr//data/domains/Catalytic_domain/structures/TyrRS_AF_Bact_Streptobacillus_moniliformis_DSM_12112_gene29673957.pdb
 0.587839  0.803155 -0.096890     2.057536
-0.425634  0.205207 -0.881321    -1.787730
-0.687955  0.559314  0.462479    -4.762346
>../../../../class1/tyr//data/domains/Catalytic_domain/structures/TyrRS_AF_Euk_Cryptococcus_neoformans_var_neoformans_JEC21_gene3254328.pdb
-0.084367  0.948606 -0.305006     0.425941
-0.466742 -0.308062 -0.829005     5.195909
-0.880360  0.072419  0.468745    -4.773791
>../../../../class1/tyr//data/domains/Catalytic_domain/structures/TyrRS_AF_Euk_Drosophila_melanogaster_gene39829.pdb
 0.851775 -0.325462  0.410553     8.229808
 0.267445 -0.403724 -0.874917     9.737191
 0.450503  0.855033 -0.256839     1.909413
>../../../../class1/tyr//data/domains/Catalytic_domain/structures/TyrRS_AF_Euk_Plasmodium_falciparum_3D7_gene2655248.pdb
 0.081488 -0.111656 -0.990400    -1.292650
 0.021295 -0.993283  0.113734     3.075137
-0.996447 -0.030359 -0.078563     0.281732
>../../../../class1/tyr//data/domains/Catalytic_domain/structures/TyrRS_AF_Euk_Seriola_dumerili_gene111223086.pdb
 0.804230 -0.582796 -0.116456     9.609014
 0.403202  0.678993 -0.613512     9.144883
 0.436626  0.446450  0.781051     3.572466
>../../../../class1/tyr//data/domains/Catalytic_domain/structures/TyrRS_AF_Mito_Aspergillus_fumigatus_Af293_gene3509181.pdb
-0.763319 -0.449651 -0.463852    -8.629041
 0.352144  0.312357 -0.882286     3.064045
 0.541608 -0.836808 -0.080086     4.282917
>../../../../class1/tyr//data/domains/Catalytic_domain/structures/TyrRS_AF_Mito_Cyanidioschyzon_merolae_strain_10D_gene16996209.pdb
-0.169382  0.960066 -0.222672    -0.292088
-0.384884 -0.272433 -0.881841     4.138706
-0.907289 -0.063665  0.415659    -4.303928
>../../../../class1/tyr//data/domains/Catalytic_domain/structures/TyrRS_AF_Vir_Megavirus_chiliensis_gene11257765.pdb
 0.860589 -0.468968 -0.198633    -3.716092
 0.438358  0.880613 -0.179894     0.436668
 0.259283  0.067743  0.963423     2.798750
>../../../../class1/tyr//data/domains/Catalytic_domain/structures/TyrRS_PDB_Arch_M_jannashii_1U7D.pdb
 0.827996 -0.189877  0.527608    -2.387007
-0.540530 -0.520574  0.660931    16.120721
 0.149163 -0.832436 -0.533667    49.322937
>../../../../class1/tyr//data/domains/Catalytic_domain/structures/TyrRS_PDB_E_coli_Bact_1WQ4.pdb
-0.880199  0.455713 -0.132573    26.556853
 0.394056  0.546038 -0.739299    26.481700
-0.264518 -0.702971 -0.660199    51.928181
>../../../../class1/tyr//data/domains/Catalytic_domain/structures/TyrRS_PDB_Vir_Acanthamoeba_polyphaga_mimivirus_2J5B.pdb
 0.263085  0.963070 -0.057287   -80.685442
 0.408164 -0.164909 -0.897890    36.925856
-0.874178  0.212839 -0.436476    52.519457
