>structures/AsxRS_AF_Arch_Candidatus_Korarchaeum_cryptofilum_OPF8_gene6094477.pdb
 0.405592  0.859663 -0.310605    -2.441882
-0.531451 -0.054684 -0.845322     5.211714
-0.743677  0.507927  0.434689    -2.696935
>structures/AsxRS_AF_Arch_Candidatus_Methanomassiliicoccus_intestinalis_Issoire-Mx1_gene16154831.pdb
 0.412089  0.889955 -0.195354    -4.953072
-0.578622  0.089989 -0.810616     4.884658
-0.703832  0.447082  0.552031    -3.944315
>structures/AsxRS_AF_Arch_Candidatus_Nitrosopumilus_koreensis_AR1_gene13725312.pdb
 0.837724  0.540206 -0.079975    -1.836543
-0.455662  0.610746 -0.647581     0.335189
-0.300982  0.578936  0.757788    -4.043922
>structures/AsxRS_AF_Arch_Methanobacterium_lacus_gene10277817.pdb
 0.999993 -0.003196 -0.001776     0.065523
 0.003193  0.999994 -0.001622     0.157016
 0.001781  0.001617  0.999997     0.049644
>structures/AsxRS_AF_Bact_Clostridium_acetobutylicum_DSM_1731_gene45000055.pdb
 0.004199  0.540632 -0.841249    -6.315758
-0.504976 -0.724968 -0.468423     2.906766
-0.863123  0.426778  0.269963    -3.676298
>structures/AsxRS_AF_Bact_Spirochaetes_bacterium_GWE1_32_154_proteinOHD39701.1.pdb
 0.893233  0.426186  0.143181    -7.811165
-0.435136  0.899610  0.036853    -4.214056
-0.113101 -0.095221  0.989010    -2.744711
>structures/AsxRS_AF_Bact_Tropheryma_whipplei_TW08_27_gene67388547.pdb
-0.256184 -0.872472  0.416128    -5.464148
-0.858830  0.007883 -0.512200     3.476435
 0.443599 -0.488601 -0.751324    -2.857576
>structures/AsxRS_AF_Euk_Caenorhabditis_elegans_gene176334.pdb
 0.026762  0.529283 -0.848023    -7.351020
-0.557475 -0.696260 -0.452154     4.804062
-0.829762  0.484853  0.276429    -0.696143
>structures/AsxRS_AF_Euk_Cryptococcus_neoformans_var_neoformans_JEC21_gene3258977.pdb
 0.894503  0.225601  0.385966   -13.551534
-0.112410  0.949098 -0.294240    10.548114
-0.432700  0.219813  0.874330    -8.036576
>structures/AsxRS_AF_Euk_Thalassiosira_pseudonana_CCMP1335_gene7443135.pdb
 0.094943  0.664511 -0.741223    -5.964829
-0.603525 -0.553720 -0.573718     4.129660
-0.791672  0.501816  0.348477    -2.691717
>structures/AsxRS_AF_Euk_Theileria_orientalis_strain_Shintoku_gene20715543.pdb
-0.089654  0.464566 -0.880988    -7.622624
-0.485675 -0.792645 -0.368556     5.217139
-0.869530  0.394832  0.296692    -0.776058
>structures/AsxRS_PDB_Arch_T_kodarensis_1b8a.pdb
-0.798926  0.123589  0.588594     4.717991
 0.152727  0.988268 -0.000207   -12.177836
-0.581715  0.089729 -0.808429    44.595696
>structures/AsxRS_PDB_Bact_T_thermophilus_1n9w.pdb
-0.653415 -0.482392  0.583393   -20.436633
-0.163579  0.842432  0.513371   -21.717471
-0.739115  0.240013 -0.629367    64.576750
>structures/AsxRS_PDB_Euk_S_cerevisiae_1EOV.pdb
-0.257291 -0.966012  0.024925     4.707746
-0.544076  0.123498 -0.829898    44.084289
 0.798613 -0.227086 -0.557359    32.892746
