>structures/AsxRS_AF_Arch_Candidatus_Korarchaeum_cryptofilum_OPF8_gene6094477.pdb
 0.412328  0.857827 -0.306788    -2.234899
-0.521378 -0.053959 -0.851618     5.657926
-0.747095  0.511098  0.425003    -2.544053
>structures/AsxRS_AF_Arch_Candidatus_Methanomassiliicoccus_intestinalis_Issoire-Mx1_gene16154831.pdb
 0.412264  0.887938 -0.203969    -4.755251
-0.578556  0.082212 -0.811489     4.817888
-0.703784  0.452555  0.547615    -3.731042
>structures/AsxRS_AF_Arch_Candidatus_Nitrosopumilus_koreensis_AR1_gene13725312.pdb
 0.832506  0.547188 -0.086711    -1.741813
-0.474851  0.624128 -0.620468    -0.713804
-0.285393  0.557718  0.779424    -4.019864
>structures/AsxRS_AF_Arch_Methanobacterium_lacus_gene10277817.pdb
 1.000000 -0.000000  0.000000     0.000000
 0.000000  1.000000  0.000000     0.000000
-0.000000  0.000000  1.000000     0.000000
>structures/AsxRS_AF_Bact_Candidatus_Liptonbacteria_bacterium_proteinMBI4085034.1.pdb
-0.672774  0.681699  0.287509    -8.888919
 0.549773  0.200587  0.810872     9.523667
 0.495100  0.703599 -0.509730    -4.836476
>structures/AsxRS_AF_Bact_Clostridium_acetobutylicum_DSM_1731_gene45000055.pdb
 0.014450  0.551435 -0.834093    -6.187904
-0.508195 -0.714354 -0.481078     3.273206
-0.861121  0.430833  0.269914    -3.590615
>structures/AsxRS_AF_Bact_Spirochaetes_bacterium_GWE1_32_154_proteinOHD39701.1.pdb
 0.903615  0.405080  0.139248    -7.539670
-0.414698  0.908714  0.047578    -3.916875
-0.107264 -0.100738  0.989114    -2.713978
>structures/AsxRS_AF_Bact_Tropheryma_whipplei_TW08_27_gene67388547.pdb
-0.253179 -0.871518  0.419949    -5.361522
-0.866721  0.011502 -0.498660     4.174906
 0.429761 -0.490229 -0.758275    -2.742876
>structures/AsxRS_AF_Euk_Caenorhabditis_elegans_gene176334.pdb
 0.032709  0.532303 -0.845922    -7.215697
-0.564715 -0.688483 -0.455069     4.724774
-0.824638  0.492589  0.278080    -0.647224
>structures/AsxRS_AF_Euk_Cryptococcus_neoformans_var_neoformans_JEC21_gene3258977.pdb
 0.898853  0.219994  0.379034   -13.244289
-0.106307  0.948498 -0.298415    11.076902
-0.425162  0.227937  0.875946    -7.927048
>structures/AsxRS_AF_Euk_Thalassiosira_pseudonana_CCMP1335_gene7443135.pdb
 0.104945  0.656096 -0.747345    -5.403697
-0.599620 -0.557780 -0.573879     4.300229
-0.793374  0.508349  0.334872    -2.239865
>structures/AsxRS_AF_Euk_Theileria_orientalis_strain_Shintoku_gene20715543.pdb
-0.072067  0.479566 -0.874541    -7.456660
-0.480767 -0.784938 -0.390813     5.908896
-0.873882  0.392286  0.287128    -0.479600
>structures/AsxRS_PDB_Arch_T_kodarensis_1b8a.pdb
-0.808568  0.106284  0.578725     5.217614
 0.141206  0.989859  0.015497   -11.665946
-0.571209  0.094249 -0.815376    44.196561
>structures/AsxRS_PDB_Bact_T_thermophilus_1n9w.pdb
-0.656471 -0.484530  0.578167   -20.138691
-0.181911  0.845506  0.502024   -20.765525
-0.732089  0.224390 -0.643191    65.025776
>structures/AsxRS_PDB_Euk_S_cerevisiae_1EOV.pdb
-0.267956 -0.962673  0.038220     4.572162
-0.546423  0.119183 -0.828986    44.229333
 0.793487 -0.243016 -0.557962    33.517579
