>../../../../class2/asp1//data/domains/Catalytic_domain/structures/AspRS_AF_Arch_Candidatus_Methanomassiliicoccus_intestinalis_Issoire-Mx1_gene16154434.pdb
 0.348516  0.857518 -0.378418   -15.752987
-0.935763  0.341460 -0.088053    -2.885176
 0.053707  0.384797  0.921437     4.091466
>../../../../class2/asp1//data/domains/Catalytic_domain/structures/AspRS_AF_Arch_unclassified_Euryarchaeota_proteinHHT76046.1.pdb
 0.154354  0.980206 -0.123983   -12.448195
-0.987542  0.156944  0.011337     2.716861
 0.030571  0.120689  0.992220     1.890286
>../../../../class2/asp1//data/domains/Catalytic_domain/structures/AspRS_AF_Bact_Bacillus_anthracis_str_Ames_Ancestor_gene45024275.pdb
 0.035728 -0.973635  0.225295   -10.842738
-0.128960 -0.228046 -0.965072    -0.639357
 0.991006  0.005426 -0.133708     7.693067
>../../../../class2/asp1//data/domains/Catalytic_domain/structures/AspRS_AF_Bact_Brachyspira_pilosicoli_95_1000_gene56440011.pdb
 0.293274  0.944833  0.145881   -14.253384
-0.954583  0.281014  0.099006     1.668744
 0.052549 -0.168292  0.984336     2.104397
>../../../../class2/asp1//data/domains/Catalytic_domain/structures/AspRS_AF_Bact_Chlamydia_muridarum_str_Nigg_gene1246197.pdb
 0.801898  0.533568  0.268821   -14.298224
-0.587637  0.623110  0.516156     1.455150
 0.107899 -0.571874  0.813215     1.548996
>../../../../class2/asp1//data/domains/Catalytic_domain/structures/AspRS_AF_Bact_Mycoplasma_hyopneumoniae_168-L_gene57101115.pdb
 0.055527  0.697386 -0.714541   -18.107042
-0.978537 -0.104231 -0.177770    -3.266010
-0.198451  0.709076  0.676630     1.285903
>../../../../class2/asp1//data/domains/Catalytic_domain/structures/AspRS_AF_Bact_Nocardia_cyriacigeorgica_GUH-2_gene45501717.pdb
-0.271442 -0.646386 -0.713095   -15.441457
-0.158360 -0.700820  0.695539     4.117564
-0.949337  0.301724  0.087870    -1.599919
>../../../../class2/asp1//data/domains/Catalytic_domain/structures/AspRS_AF_Bact_Porphyromonas_gingivalis_ATCC_33277_gene29255515.pdb
-0.952631 -0.287060  0.100454   -15.096707
-0.294907  0.791174 -0.535792     2.360791
 0.074327 -0.540037 -0.838353     3.814307
>../../../../class2/asp1//data/domains/Catalytic_domain/structures/AspRS_AF_Bact_Prochlorococcus_marinus_subsp_marinus_str_CCMP1375_gene54201182.pdb
 0.826619  0.522258  0.209637   -11.014161
-0.561824  0.744344  0.360978    -1.593724
 0.032482 -0.416170  0.908706     6.047640
>../../../../class2/asp1//data/domains/Catalytic_domain/structures/AspRS_AF_Bact_Xylella_fastidiosa_Temecula1_gene58016479.pdb
-0.181685 -0.699648 -0.691002   -12.559789
-0.143384 -0.676338  0.722501     3.539567
-0.972847  0.230346  0.022562     3.550264
>../../../../class2/asp1//data/domains/Catalytic_domain/structures/AspRS_AF_Mito_Oryza_sativa_Japonica_Group_gene4324505.pdb
-0.338660  0.926818  0.162228   -17.348429
 0.940067  0.340582  0.016681     6.144005
-0.039792  0.158154 -0.986612     0.035102
>../../../../class2/asp1//data/domains/Catalytic_domain/structures/AspRS_AF_Mito_Oryzias_melastigma_gene112147132.pdb
-0.312429  0.672132 -0.671287   -11.683223
-0.780715 -0.584261 -0.221638     2.368493
-0.541177  0.454838  0.707283     3.366314
>../../../../class2/asp1//data/domains/Catalytic_domain/structures/AspRS_PDB_Bact_E_coli_1c0a.pdb
-0.629141  0.580768 -0.516615    -1.775049
-0.637256 -0.004825  0.770637    43.534693
 0.445068  0.814055  0.373133   -51.868853
>../../../../class2/ser1//data/domains/Catalytic_domain/structures/SerRS_AF_Arch_Candidatus_Methanomassiliicoccus_intestinalis_Issoire-Mx1_gene16154337.pdb
 0.359504  0.402337 -0.841951    -1.241345
-0.637431 -0.553069 -0.536467     1.884864
-0.681498  0.729547  0.057631    -1.958639
>../../../../class2/ser1//data/domains/Catalytic_domain/structures/SerRS_AF_Arch_Methanospirillum_hungatei_JF-1_gene3924775.pdb
 0.865705 -0.236135 -0.441356     1.178548
 0.383679  0.879317  0.282119    -1.944135
 0.321474 -0.413571  0.851830     0.615644
>../../../../class2/ser1//data/domains/Catalytic_domain/structures/SerRS_AF_Arch_Nitrosopumilus_maritimus_SCM1_gene5773574.pdb
-0.920464 -0.189049  0.342063    -2.363563
-0.164615  0.981337  0.099391    -2.906540
-0.354469  0.035177 -0.934406    -3.970786
>../../../../class2/ser1//data/domains/Catalytic_domain/structures/SerRS_AF_Arch_Thermoproteus_uzoniensis_768-20_gene10361450.pdb
-0.906543  0.099268  0.410276    -4.534504
 0.279969  0.868805  0.408406    -1.197229
-0.315908  0.485102 -0.815401    -4.320325
>../../../../class2/ser1//data/domains/Catalytic_domain/structures/SerRS_AF_Bact_Bifidobacterium_longum_subsp_longum_JCM_1217_gene69578844.pdb
 0.276747 -0.292166 -0.915451     0.410768
 0.454020 -0.799866  0.392530     1.325650
-0.846922 -0.524265 -0.088711     1.641017
>../../../../class2/ser1//data/domains/Catalytic_domain/structures/SerRS_AF_Bact_Brucella_suis_1330_gene45051948.pdb
-0.789411  0.408082  0.458584     0.387953
 0.605905  0.637889  0.475369    -1.975798
-0.098536  0.653120 -0.750816    -2.064720
>../../../../class2/ser1//data/domains/Catalytic_domain/structures/SerRS_AF_Bact_Chlamydia_psittaci_6BC_gene12242544.pdb
 0.908360  0.173640 -0.380437    -1.335565
-0.320359  0.873673 -0.366149    -1.198644
 0.268799  0.454471  0.849237    -1.780062
>../../../../class2/ser1//data/domains/Catalytic_domain/structures/SerRS_AF_Bact_Clostridium_acetobutylicum_DSM_1731_gene44996495.pdb
-0.914445  0.008129  0.404628     1.698011
 0.013864  0.999841  0.011245    -2.924015
-0.404472  0.015892 -0.914412     0.343854
>../../../../class2/ser1//data/domains/Catalytic_domain/structures/SerRS_AF_Bact_Mycoplasma_hyopneumoniae_168-L_gene57101125.pdb
 0.943750  0.137638 -0.300651     0.578049
-0.106257  0.987262  0.118423     0.637965
 0.313121 -0.079815  0.946353    -1.554067
>../../../../class2/ser1//data/domains/Catalytic_domain/structures/SerRS_AF_Bact_Prochlorococcus_marinus_subsp_marinus_str_CCMP1375_gene54200639.pdb
-0.798160  0.242568  0.551454    -2.060154
 0.602422  0.313349  0.734098     3.892507
 0.005271  0.918136 -0.396231    -3.064609
>../../../../class2/ser1//data/domains/Catalytic_domain/structures/SerRS_AF_Bact_Streptobacillus_moniliformis_DSM_12112_gene29673293.pdb
-0.841004  0.320124  0.436157     0.411277
 0.510992  0.734868  0.445934    -2.661281
-0.177763  0.597905 -0.781607    -1.414868
>../../../../class2/ser1//data/domains/Catalytic_domain/structures/SerRS_AF_Bact_Treponema_pallidum_subsp_pertenue_str_SamoaD_gene57879171.pdb
 0.875251 -0.151817 -0.459225    -0.117092
 0.223238  0.969081  0.105105    -2.412101
 0.429069 -0.194510  0.882080    -0.754143
>../../../../class2/ser1//data/domains/Catalytic_domain/structures/SerRS_AF_Euk_Cyanidioschyzon_merolae_strain_10D_gene16995416.pdb
 0.650262 -0.423958 -0.630412     0.736790
 0.757831  0.303659  0.577480    -1.666185
-0.053397 -0.853259  0.518746     1.568307
>../../../../class2/ser1//data/domains/Catalytic_domain/structures/SerRS_AF_Euk_Thunnus_albacares_gene122982782.pdb
 0.276221 -0.297130 -0.914011     2.351439
 0.553295 -0.728448  0.404016     1.384984
-0.785854 -0.617315 -0.036812     0.523397
>../../../../class2/ser1//data/domains/Catalytic_domain/structures/SerRS_AF_Euk_Trichomonas_vaginalis_G3_gene4762654.pdb
 0.999979 -0.001248 -0.006295     0.053648
 0.001303  0.999962  0.008671    -0.071242
 0.006283 -0.008679  0.999943    -0.052986
>../../../../class2/ser1//data/domains/Catalytic_domain/structures/SerRS_AF_Euk_Vitis_vinifera_gene100261399.pdb
 0.417384 -0.411095 -0.810427     0.980588
 0.708635 -0.411056  0.573471     0.042894
-0.568882 -0.813655  0.119748     1.631977
>../../../../class2/ser1//data/domains/Catalytic_domain/structures/SerRS_AF_Mito_Cervus_elaphus_gene122688911.pdb
-0.735425  0.326520  0.593746    -2.405496
 0.672914  0.248993  0.696555     5.502930
 0.079601  0.911804 -0.402836    -3.531347
>../../../../class2/ser1//data/domains/Catalytic_domain/structures/SerRS_AF_Mito_Drechmeria_coniospora_gene63718051.pdb
 0.927768  0.305005 -0.214984     1.127411
-0.338438  0.930442 -0.140487     1.601095
 0.157181  0.203099  0.966460    -1.519471
>../../../../class2/ser1//data/domains/Catalytic_domain/structures/SerRS_PDB_Bact_K_pneumoniae_6h9x.pdb
-0.254188  0.015991 -0.967023   -10.629856
-0.905793  0.346537  0.243824     3.360361
 0.339008  0.937900 -0.073601    32.287862
>../../../../class2/ser1//data/domains/Catalytic_domain/structures/SerRS_PDB_Bact_T_thermophilus_1ser.pdb
 0.773750 -0.096749  0.626059  -120.887299
-0.437989 -0.795708  0.418347    82.793749
 0.457686 -0.597904 -0.658054     7.981144
>../../../../class2/ser1//data/domains/Catalytic_domain/structures/SerRS_PDB_Euk_B_taurus_1wle.pdb
 0.252188  0.504406  0.825819   -95.666615
-0.957634  0.007447  0.287892    48.829077
 0.139064 -0.863435  0.484914   -14.270596
