>structures/SerRS_AF_Arch_Candidatus_Methanomassiliicoccus_intestinalis_Issoire-Mx1_gene16154337.pdb
-0.674494 -0.650767  0.348654    -1.860834
-0.738280  0.594632 -0.318364     0.588877
-0.000140 -0.472139 -0.881524    -1.479752
>structures/SerRS_AF_Arch_Methanospirillum_hungatei_JF-1_gene3924775.pdb
-0.454694  0.718706  0.526037    -6.051242
 0.624734 -0.163588  0.763509     2.352089
 0.634792  0.675796 -0.374618    -3.962870
>structures/SerRS_AF_Arch_Nitrosopumilus_maritimus_SCM1_gene5773574.pdb
 0.633997  0.742171 -0.217326    -3.848538
-0.598519  0.292945 -0.745626    -3.061655
-0.489717  0.602798  0.629930    -4.833805
>structures/SerRS_AF_Arch_Thermoproteus_uzoniensis_768-20_gene10361450.pdb
 0.891399  0.445462 -0.083491    -1.053538
-0.419888  0.742369 -0.522093    -3.357238
-0.170591  0.500451  0.848792    -4.635920
>structures/SerRS_AF_Bact_Bifidobacterium_longum_subsp_longum_JCM_1217_gene69578844.pdb
 0.048143 -0.252672  0.966354    -3.490427
-0.571445 -0.800470 -0.180829     4.073906
 0.819227 -0.543512 -0.182925    -2.386266
>structures/SerRS_AF_Bact_Brucella_suis_1330_gene45051948.pdb
 0.994585  0.059427 -0.085261    -5.495246
-0.090423  0.899230 -0.428030    -0.347042
 0.051233  0.433422  0.899734    -3.372011
>structures/SerRS_AF_Bact_Chlamydia_psittaci_6BC_gene12242544.pdb
-0.916161  0.390790  0.089062    -3.676747
 0.368295  0.733124  0.571741    -0.226697
 0.158137  0.556608 -0.815586    -3.860997
>structures/SerRS_AF_Bact_Clostridium_acetobutylicum_DSM_1731_gene44996495.pdb
 0.735491  0.594421 -0.325141    -7.142898
-0.589627  0.325154 -0.739334     1.885958
-0.333755  0.735486  0.589634    -4.363162
>structures/SerRS_AF_Bact_Mycoplasma_hyopneumoniae_168-L_gene57101125.pdb
-0.813814  0.485536  0.319315    -4.063076
 0.484691  0.263980  0.833900     0.984604
 0.320596  0.833408 -0.450165    -1.537598
>structures/SerRS_AF_Bact_Prochlorococcus_marinus_subsp_marinus_str_CCMP1375_gene54200639.pdb
 1.000000  0.000000  0.000000     0.000000
 0.000000  1.000000  0.000000     0.000000
 0.000000  0.000000  1.000000     0.000000
>structures/SerRS_AF_Bact_Streptobacillus_moniliformis_DSM_12112_gene29673293.pdb
 0.978606  0.188331 -0.082837    -5.909871
-0.204992  0.858104 -0.470781     0.036780
-0.017580  0.477690  0.878352    -4.107525
>structures/SerRS_AF_Bact_Treponema_pallidum_subsp_pertenue_str_SamoaD_gene57879171.pdb
-0.563240  0.703083  0.434090    -5.308283
 0.675319  0.088969  0.732140     0.624408
 0.476134  0.705520 -0.524916    -4.513477
>structures/SerRS_AF_Euk_Cyanidioschyzon_merolae_strain_10D_gene16995416.pdb
-0.047983  0.519169  0.853324    -5.454713
 0.336334 -0.796022  0.503218     3.127438
 0.940520  0.311148 -0.136419    -4.274892
>structures/SerRS_AF_Euk_Thunnus_albacares_gene122982782.pdb
 0.117183 -0.199925  0.972779    -4.955452
-0.474652 -0.871681 -0.121970     3.592355
 0.872338 -0.447439 -0.197041    -0.788598
>structures/SerRS_AF_Euk_Trichomonas_vaginalis_G3_gene4762654.pdb
-0.796016  0.605136  0.013013    -4.006839
 0.245018  0.302497  0.921120     1.975858
 0.553466  0.736415 -0.389061    -2.916506
>structures/SerRS_AF_Euk_Vitis_vinifera_gene100261399.pdb
 0.097863  0.078379  0.992109    -4.662672
-0.201797 -0.974622  0.096903     3.783816
 0.974526 -0.209688 -0.079562    -2.939038
>structures/SerRS_AF_Mito_Cervus_elaphus_gene122688911.pdb
 0.992802 -0.107581 -0.052645     1.271710
 0.106820  0.994132 -0.017064    -0.111863
 0.054171  0.011317  0.998468     1.078611
>structures/SerRS_AF_Mito_Drechmeria_coniospora_gene63718051.pdb
-0.944227  0.314689  0.096989    -3.988111
 0.264052  0.547576  0.794001     1.400451
 0.196754  0.775327 -0.600130    -0.571172
>structures/SerRS_PDB_Bact_K_pneumoniae_6h9x.pdb
-0.343663  0.202308  0.917043     6.736963
-0.036856  0.972861 -0.228434    30.164471
-0.938370 -0.112303 -0.326880   -19.252057
>structures/SerRS_PDB_Bact_T_thermophilus_1ser.pdb
-0.879219 -0.404532 -0.251651   142.422131
 0.470276 -0.821475 -0.322521     6.128506
-0.076255 -0.401912  0.912498   -11.899621
>structures/SerRS_PDB_Euk_B_taurus_1wle.pdb
-0.781072 -0.400691 -0.478928   101.614473
-0.104868 -0.671908  0.733173   -19.064048
-0.615572  0.622885  0.482789   -14.960630
