>structures/Ser_Bact_1ser_T_thermophilus.pdb
-0.370060  0.391602  0.842439   -14.247751
 0.249288  0.915416 -0.316020   -67.808531
-0.894936  0.093063 -0.436381   127.161630
>structures/Ser_Bact_2dq3_A_aeolicus.pdb
-0.422791 -0.153046  0.893210     0.885406
 0.357741 -0.933774  0.009336    54.194792
 0.832628  0.323485  0.449542    -3.324320
>structures/Ser_Bact_6h9x_K_pneumoniae.pdb
-0.555855 -0.827791 -0.076073   -31.310971
 0.829269 -0.545824 -0.119952    -6.405381
 0.057773 -0.129761  0.989861     4.874733
>structures/Seryl.A.Candidatus_Korarchaeota.NC_010482.1.pdb
 0.760964  0.632613 -0.143998    -0.959614
-0.585339  0.573682 -0.572945     3.744033
-0.279844  0.520278  0.806845    -0.268167
>structures/Seryl.A.Crenarchaeota.NC_003106.2.pdb
 0.180138 -0.103434  0.978188     4.088766
 0.085480 -0.989048 -0.120324     6.608106
 0.979920  0.105290 -0.169323     5.082244
>structures/Seryl.A.Euryarchaeota.NC_018092.1.pdb
 0.422577 -0.811048 -0.404511     2.626549
 0.740807  0.051962  0.669706     3.311534
-0.522144 -0.582667  0.622788     2.250015
>structures/Seryl.A.Thaumarchaeota.NC_018656.1.pdb
 0.100813 -0.418289  0.902702     5.012695
-0.166693 -0.901600 -0.399162     3.579223
 0.980842 -0.110233 -0.160619     3.482024
>structures/Seryl.B.Actinobacteria.NC_021064.1.pdb
 0.397021 -0.600757 -0.693877     1.454894
 0.738198 -0.240221  0.630363     2.699676
-0.545379 -0.762486  0.348105     0.034315
>structures/Seryl.B.Bacteroidota.NC_010729.1.pdb
-0.041275 -0.007385 -0.999121     1.954431
 0.263691 -0.964600 -0.003764     1.892537
-0.963724 -0.263614  0.041761    -0.530050
>structures/Seryl.B.Chlamydiae.NC_017287.1.pdb
-0.133516 -0.226767 -0.964754     2.410710
 0.164437 -0.965045  0.204079     4.786107
-0.977309 -0.131393  0.166138     1.066643
>structures/Seryl.B.Cyanobacteria.NC_005042.1.pdb
 0.192789 -0.130057  0.972583     4.841700
 0.107343 -0.982433 -0.152652     4.972809
 0.975351  0.133829 -0.175441     2.612923
>structures/Seryl.B.Firmicutes.NC_015687.1.pdb
 0.136846 -0.093919  0.986130     3.713449
 0.071307 -0.991979 -0.104371     6.168819
 0.988023  0.084601 -0.129051     2.455990
>structures/Seryl.B.Fusobacteria.NC_013515.1.pdb
 0.131305 -0.289350  0.948175     1.829225
-0.303809 -0.922179 -0.239345     5.973908
 0.943642 -0.256636 -0.208994    -1.010905
>structures/Seryl.B.Proteobacteria.NC_012751.1.pdb
 1.000000  0.000000  0.000000    -0.000000
 0.000000  1.000000  0.000000     0.000000
 0.000000  0.000000  1.000000     0.000000
>structures/Seryl.B.Spirochaetes.NC_016842.1.pdb
-0.140567  0.445645 -0.884105     1.099720
-0.486379 -0.808874 -0.330393     5.389476
-0.862367  0.383567  0.330453    -0.449125
>structures/Seryl.E.Apicomplexa.NC_011904.2.pdb
 0.001450 -0.133999 -0.990980     3.628267
 0.395339 -0.910174  0.123651     3.566939
-0.918534 -0.391953  0.051656    -0.919628
>structures/Seryl.E.Arthropoda.NT_033777.3.pdb
-0.063147 -0.776134  0.627399     3.348004
-0.346264 -0.572564 -0.743150     3.442173
 0.936010 -0.264173 -0.232591    -2.340176
>structures/Seryl.E.Ascomycota.NC_001136.10.pdb
 0.222736  0.053264  0.973423     0.470464
 0.109703 -0.993534  0.029263     5.774633
 0.968687  0.100270 -0.227138    -1.119342
>structures/Seryl.E.Evosea.NC_007087.3.pdb
 0.036811 -0.188504 -0.981382     2.523305
 0.406312 -0.894387  0.187034     1.919052
-0.912993 -0.405632  0.043668     0.591757
