>../../../../class2/gly2//data/domains/Catalytic_domain/structures/GlyRS-Bα_AF_Bact_Brachyspira_pilosicoli_95_1000_gene56440230.pdb
 0.218227 -0.674013  0.705750    -8.530064
-0.953835  0.005592  0.300279    -4.882102
-0.206339 -0.738698 -0.641677     0.152645
>../../../../class2/gly2//data/domains/Catalytic_domain/structures/GlyRS-Bα_AF_Bact_Chlamydia_pneumoniae_TW-183_gene45051002.pdb
 0.351177 -0.824820  0.443111   -23.378458
 0.873663  0.458861  0.161737     7.302670
-0.336731  0.330332  0.881756    10.565904
>../../../../class2/gly2//data/domains/Catalytic_domain/structures/GlyRS-Bα_AF_Bact_Lacticaseibacillus_paracasei_gene61269714.pdb
 0.829775  0.497119  0.253667    -6.929811
 0.342872 -0.095449 -0.934520    -4.235616
-0.440356  0.862417 -0.249649     0.565659
>../../../../class2/gly2//data/domains/Catalytic_domain/structures/GlyRS-Bα_AF_Bact_Prochlorococcus_marinus_subsp_marinus_str_CCMP1375_gene54200602.pdb
 0.177646  0.979720  0.092682    -6.624610
 0.359612  0.023039 -0.932817    -4.479172
-0.916035  0.199041 -0.348227     0.866747
>../../../../class2/gly2//data/domains/Catalytic_domain/structures/GlyRS-Bα_AF_Bact_Salmonella_enterica_subsp_enterica_serovar_Typhimurium_str_LT2_gene1255180.pdb
-0.174351  0.512598 -0.840740    -7.157804
 0.764159 -0.468048 -0.443838    -3.700536
-0.621017 -0.719843 -0.310102     2.411214
>../../../../class2/gly2//data/domains/Catalytic_domain/structures/GlyRS-Bα_AF_Bact_Streptobacillus_moniliformis_DSM_12112_gene29673275.pdb
 0.384598  0.871908  0.303087    -7.021231
 0.332924  0.175222 -0.926531    -4.401902
-0.860957  0.457246 -0.222889     1.016086
>../../../../class2/gly2//data/domains/Catalytic_domain/structures/GlyRS-Bα_AF_Euk_Ostreococcus_tauri_gene9837276.pdb
-0.512967 -0.816581 -0.264688   -22.582858
 0.855826 -0.462605 -0.231426     6.438989
 0.066532 -0.345241  0.936153     9.127447
>../../../../class2/gly2//data/domains/Catalytic_domain/structures/GlyRS-Bα_AF_Euk_Vulpes_lagopus_gene121489478.pdb
-0.649153 -0.758117  0.062122    -5.133645
 0.752273 -0.627761  0.200004    -7.403509
-0.112628  0.176566  0.977824    -0.469006
>../../../../class2/gly2//data/domains/Catalytic_domain/structures/GlyRS-Bα_AF_Mito_Nymphaea_colorata_gene116265348.pdb
 0.197973 -0.612850  0.764998   -24.384784
 0.790481  0.561306  0.245102     5.767780
-0.579608  0.556193  0.595570    11.318860
>../../../../class2/gly2//data/domains/Catalytic_domain/structures/GlyRS-Bα_PDB_Bact_A_aeolicus_5f5w.pdb
 0.663339 -0.746617 -0.050434    33.449438
 0.145794  0.195049 -0.969897    -1.443550
 0.733979  0.636018  0.238236    29.760239
>../../../../class2/gly2//data/domains/Catalytic_domain/structures/GlyRS-Bα_PDB_Bact_C_jejuni_3ufg.pdb
 0.353939 -0.583541 -0.730894     0.318478
 0.935215  0.229130  0.269947   -34.303201
 0.009945 -0.779088  0.626835    23.141609
>../../../../class2/gly2//data/domains/Catalytic_domain/structures/GlyRS-Bα_PDB_Bact_T_maritima_1j5w.pdb
 0.228201  0.973310 -0.024352   -72.569490
 0.902835 -0.220907 -0.368901   -25.090216
-0.364435  0.062198 -0.929150    19.721332
>../../../../class2/phe1//data/domains/Catalytic_domain/structures/PheRS-Bα_AF_Bact_Brachyspira_pilosicoli_95_1000_gene56440383.pdb
 0.855433  0.503850 -0.119875     2.540923
-0.515611  0.806698 -0.288763     0.200436
-0.048791  0.308826  0.949866    -2.428858
>../../../../class2/phe1//data/domains/Catalytic_domain/structures/PheRS-Bα_AF_Bact_Chlamydia_psittaci_6BC_gene12243227.pdb
 0.855234 -0.019450 -0.517876     4.370239
 0.323686  0.800454  0.504480    -1.473308
 0.404724 -0.599078  0.690872     0.231417
>../../../../class2/phe1//data/domains/Catalytic_domain/structures/PheRS-Bα_AF_Bact_Ferrimonas_balearica_DSM_9799_gene67181906.pdb
-0.942484 -0.139986  0.303526     5.992140
 0.213907  0.445170  0.869521     0.322936
-0.256842  0.884436 -0.389621     1.935883
>../../../../class2/phe1//data/domains/Catalytic_domain/structures/PheRS-Bα_AF_Bact_Mycobacterium_intracellulare_ATCC_13950_gene11909689.pdb
-0.642797  0.116226  0.757168     8.892603
-0.138473 -0.989769  0.034374     2.582398
 0.753417 -0.082752  0.652315     8.273419
>../../../../class2/phe1//data/domains/Catalytic_domain/structures/PheRS-Bα_AF_Bact_Mycoplasma_capricolum_subsp_capricolum_ATCC_27343_gene23778662.pdb
-0.842978 -0.240652  0.481118     5.665113
 0.146570  0.757773  0.635843     0.849986
-0.517595  0.606520 -0.603514    -1.495611
>../../../../class2/phe1//data/domains/Catalytic_domain/structures/PheRS-Bα_AF_Bact_Porphyromonas_gingivalis_ATCC_33277_gene29256875.pdb
 1.000000  0.000000  0.000000     0.000000
 0.000000  1.000000  0.000000     0.000000
 0.000000  0.000000  1.000000     0.000000
>../../../../class2/phe1//data/domains/Catalytic_domain/structures/PheRS-Bα_AF_Bact_Prochlorococcus_marinus_subsp_marinus_str_CCMP1375_gene54200681.pdb
-0.433929 -0.114129  0.893689    10.980387
-0.880314  0.264786 -0.393620     0.384540
-0.191713 -0.957530 -0.215368     6.415861
>../../../../class2/phe1//data/domains/Catalytic_domain/structures/PheRS-Bα_AF_Bact_Staphylococcus_argenteus_gene66839332.pdb
-0.514215 -0.375092  0.771291     8.005998
-0.589532  0.807745 -0.000217    -3.840151
-0.622925 -0.454812 -0.636483     0.975595
>../../../../class2/phe1//data/domains/Catalytic_domain/structures/PheRS-Bα_PDB_Bact.A_E_coli_3PCO.pdb
-0.513035  0.648018  0.562910   -43.387339
-0.511442  0.295900 -0.806765    35.286177
-0.689364 -0.701795  0.179617   -27.648921
>../../../../class2/phe1//data/domains/Catalytic_domain/structures/PheRS-Bα_PDB_Bact.A_T_thermophilus_1PYS.pdb
-0.021739 -0.759136 -0.650569    50.719814
-0.909396  0.285365 -0.302599     3.828756
 0.415363  0.585047 -0.696559   -28.727570
