>../../../../class2/asp1//data/domains/Catalytic_domain/structures/AspRS_AF_Arch_Candidatus_Methanomassiliicoccus_intestinalis_Issoire-Mx1_gene16154434.pdb
 0.979755 -0.192646  0.054474     5.064516
 0.200197  0.941290 -0.271834    -3.852335
 0.001092  0.277236  0.960801     2.578839
>../../../../class2/asp1//data/domains/Catalytic_domain/structures/AspRS_AF_Arch_unclassified_Euryarchaeota_proteinHHT76046.1.pdb
 1.000000  0.000000  0.000000     0.000000
 0.000000  1.000000  0.000000     0.000000
 0.000000  0.000000  1.000000     0.000000
>../../../../class2/asp1//data/domains/Catalytic_domain/structures/AspRS_AF_Bact_Bacillus_anthracis_str_Ames_Ancestor_gene45024275.pdb
 0.164721  0.075886  0.983417     3.749977
 0.132829 -0.989660  0.054119     1.716346
 0.977355  0.121712 -0.173098     5.550681
>../../../../class2/asp1//data/domains/Catalytic_domain/structures/AspRS_AF_Bact_Brachyspira_pilosicoli_95_1000_gene56440011.pdb
 0.989565 -0.136236 -0.046922     0.787864
 0.143926  0.950115  0.276706    -1.955106
 0.006884 -0.280572  0.959808     0.471225
>../../../../class2/asp1//data/domains/Catalytic_domain/structures/AspRS_AF_Bact_Chlamydia_muridarum_str_Nigg_gene1246197.pdb
 0.707810 -0.550988 -0.442060     1.015745
 0.706402  0.553200  0.441551    -2.078631
 0.001258 -0.624806  0.780779    -0.082809
>../../../../class2/asp1//data/domains/Catalytic_domain/structures/AspRS_AF_Bact_Mycoplasma_hyopneumoniae_168-L_gene57101115.pdb
 0.967299  0.239523  0.083434     4.891243
-0.128532  0.746487 -0.652868    -6.549431
-0.218659  0.620794  0.752863    -0.014994
>../../../../class2/asp1//data/domains/Catalytic_domain/structures/AspRS_AF_Bact_Nocardia_cyriacigeorgica_GUH-2_gene45501717.pdb
 0.085849  0.599945 -0.795422    -1.951669
-0.397462 -0.711465 -0.579518    -3.097919
-0.913594  0.365901  0.177377    -3.064334
>../../../../class2/asp1//data/domains/Catalytic_domain/structures/AspRS_AF_Bact_Porphyromonas_gingivalis_ATCC_33277_gene29255515.pdb
 0.145015 -0.841933  0.519731     0.002245
-0.971754 -0.220039 -0.085311    -2.403441
 0.186187 -0.492679 -0.850060     2.263148
>../../../../class2/asp1//data/domains/Catalytic_domain/structures/AspRS_AF_Bact_Prochlorococcus_marinus_subsp_marinus_str_CCMP1375_gene54201182.pdb
 0.684044 -0.666815 -0.295705     4.591206
 0.725505  0.579889  0.370636     1.211665
-0.075670 -0.468067  0.880447     3.944714
>../../../../class2/asp1//data/domains/Catalytic_domain/structures/AspRS_AF_Bact_Xylella_fastidiosa_Temecula1_gene58016479.pdb
 0.081963  0.564908 -0.821073    -0.814662
-0.319536 -0.765459 -0.558542     0.215858
-0.944023  0.308142  0.117769     1.751059
>../../../../class2/asp1//data/domains/Catalytic_domain/structures/AspRS_AF_Mito_Oryza_sativa_Japonica_Group_gene4324505.pdb
-0.982458 -0.185264 -0.021313    -4.217459
-0.186098  0.981357  0.048026    -4.480693
 0.012019  0.051150 -0.998619    -1.233420
>../../../../class2/asp1//data/domains/Catalytic_domain/structures/AspRS_AF_Mito_Oryzias_melastigma_gene112147132.pdb
 0.703148  0.699682  0.126597     0.446915
-0.498642  0.612151 -0.613699     0.911695
-0.506891  0.368395  0.779324     1.316244
>../../../../class2/asp1//data/domains/Catalytic_domain/structures/AspRS_PDB_Bact_E_coli_1c0a.pdb
 0.544068  0.122477 -0.830054   -40.384460
-0.667052  0.663229 -0.339365    10.726392
 0.508951  0.738327  0.442540   -54.081097
>../../../../class2/sep//data/domains/Catalytic_domain/structures/SepRS_AF_Arch_Methanothrix_thermoacetophila_PT_gene4462697.pdb
 0.887828  0.264430  0.376615   -10.023829
 0.157958  0.593572 -0.789127    -5.075430
-0.432217  0.760099  0.485221    10.332993
>../../../../class2/sep//data/domains/Catalytic_domain/structures/SepRS_AF_Arch_unclassified_Candidatus_Bathyarchaeota_proteinUCD26266.1.pdb
-0.867027  0.348695  0.355917   -16.951006
 0.153800 -0.492144  0.856820    -1.433716
 0.473931  0.797626  0.373072     5.786120
>../../../../class2/sep//data/domains/Catalytic_domain/structures/SepRS_AF_Arch_unclassified_Lokiarchaeota_proteinTFF69421.1.pdb
-0.517530 -0.846889 -0.122238   -16.744216
-0.765587  0.394497  0.508182    -5.108326
-0.382151  0.356583 -0.852531     2.645169
>../../../../class2/sep//data/domains/Catalytic_domain/structures/SepRS_AF_Arch_unclassified_Thermoprotei_proteinRLF12424.1.pdb
 0.134212  0.408668  0.902761   -15.212048
-0.305370 -0.849613  0.430008    -0.035899
 0.942728 -0.333388  0.010767    10.492846
>../../../../class2/sep//data/domains/Catalytic_domain/structures/SepRS_PDB_Arch_2DU4_A_fulgidus.pdb
 0.880079  0.473020 -0.041388   -68.370831
-0.356171  0.715283  0.601258   -28.927562
 0.314011 -0.514414  0.797982    47.032266
>../../../../class2/sep//data/domains/Catalytic_domain/structures/SepRS_PDB_Arch_2ODR_M_maripadulis.pdb
-0.136225 -0.473185  0.870367   -23.284127
-0.328719  0.850372  0.410865    -3.026124
-0.934552 -0.230136 -0.271387    83.740386
