>structures/Pro_Bact_2J3M_E_faecalis.pdb
 0.874028 -0.323694 -0.362348   -28.835112
-0.110987  0.593038 -0.797489    21.919302
 0.473029  0.737244  0.482406    -6.002876
>structures/Pro_Bact_5znj_S_aureus.pdb
 0.776981  0.067111 -0.625936     7.887111
-0.052671  0.997745  0.041594     2.384684
 0.627316  0.000651  0.778764   -13.514503
>structures/Prolyl.B.Actinobacteria.NC_012590.1.pdb
 1.000000  0.000000  0.000000     0.000000
 0.000000  1.000000  0.000000     0.000000
 0.000000  0.000000  1.000000     0.000000
>structures/Prolyl.B.Chlamydiae.NC_002620.2.pdb
-0.953017  0.135429  0.270956     0.383027
 0.092734 -0.721106  0.686590     0.367309
 0.288372  0.679459  0.674668     0.656277
>structures/Prolyl.B.Cyanobacteria.NC_005042.1.pdb
 0.438478 -0.473973 -0.763601    -1.084400
 0.010728  0.852333 -0.522890     2.182624
 0.898678  0.221084  0.378813     3.413921
>structures/Prolyl.B.Firmicutes.NC_015875.1.pdb
-0.071547  0.645082 -0.760756    -2.766637
 0.859852  0.426435  0.280728     1.328392
 0.505505 -0.634052 -0.585185     2.167012
>structures/Prolyl.B.Fusobacteria.NC_013515.1.pdb
 0.905254 -0.363514 -0.219938    -3.844557
-0.198454  0.095944 -0.975403     1.529770
 0.375674  0.926635  0.014713     5.363193
>structures/Prolyl.B.Proteobacteria.NC_006526.2.pdb
 0.832001  0.554214 -0.024938   -10.896380
 0.554772 -0.831273  0.034822    -3.437322
-0.001431 -0.042807 -0.999082     4.702865
>structures/Prolyl.B.Spirochaetes.NC_014330.1.pdb
 0.346874 -0.348536 -0.870747    -2.048729
 0.060826  0.934795 -0.349942     1.581744
 0.935937  0.068422  0.345456     4.235740
