>../../../../class2/gly2//data/domains/Catalytic_domain/structures/GlyRS-Bα_AF_Bact_Brachyspira_pilosicoli_95_1000_gene56440230.pdb
-0.569157 -0.719555  0.397871    -9.204989
-0.356164  0.651894  0.669463     2.722220
-0.741085  0.239322 -0.627310     0.939559
>../../../../class2/gly2//data/domains/Catalytic_domain/structures/GlyRS-Bα_AF_Bact_Chlamydia_pneumoniae_TW-183_gene45051002.pdb
 0.667002 -0.104506  0.737690    -6.788717
 0.742692  0.014465 -0.669476     1.419309
 0.059294  0.994419  0.087264    22.429693
>../../../../class2/gly2//data/domains/Catalytic_domain/structures/GlyRS-Bα_AF_Bact_Lacticaseibacillus_paracasei_gene61269714.pdb
 0.591477  0.590069 -0.549521    -7.402173
 0.513710 -0.801064 -0.307242     2.736808
-0.621496 -0.100568 -0.776936     0.125800
>../../../../class2/gly2//data/domains/Catalytic_domain/structures/GlyRS-Bα_AF_Bact_Prochlorococcus_marinus_subsp_marinus_str_CCMP1375_gene54200602.pdb
-0.009501  0.729086 -0.684356    -7.419078
 0.955633 -0.194876 -0.220880     2.262305
-0.294405 -0.656092 -0.694887    -0.121090
>../../../../class2/gly2//data/domains/Catalytic_domain/structures/GlyRS-Bα_AF_Bact_Salmonella_enterica_subsp_enterica_serovar_Typhimurium_str_LT2_gene1255180.pdb
 0.145746 -0.250831 -0.956996    -6.556220
 0.943931  0.324901  0.058599     1.444603
 0.296231 -0.911879  0.284120     1.258048
>../../../../class2/gly2//data/domains/Catalytic_domain/structures/GlyRS-Bα_AF_Bact_Streptobacillus_moniliformis_DSM_12112_gene29673275.pdb
 0.126610  0.858093 -0.497640    -7.586308
 0.885245 -0.324095 -0.333621     2.195706
-0.447561 -0.398294 -0.800657     0.298883
>../../../../class2/gly2//data/domains/Catalytic_domain/structures/GlyRS-Bα_AF_Euk_Ostreococcus_tauri_gene9837276.pdb
 0.243153 -0.969447  0.032393    -7.740295
 0.432813  0.078549 -0.898055     2.003205
 0.868072  0.232384  0.438689    20.875926
>../../../../class2/gly2//data/domains/Catalytic_domain/structures/GlyRS-Bα_AF_Euk_Vulpes_lagopus_gene121489478.pdb
 0.023905 -0.849899  0.526403    -8.786184
 0.525630 -0.437212 -0.729766     1.522187
 0.850377  0.294139  0.436281    -3.419053
>../../../../class2/gly2//data/domains/Catalytic_domain/structures/GlyRS-Bα_AF_Mito_Nymphaea_colorata_gene116265348.pdb
 0.425134  0.161559  0.890595    -8.791099
 0.904215 -0.120048 -0.409858     0.298974
 0.040698  0.979534 -0.197121    22.667251
>../../../../class2/gly2//data/domains/Catalytic_domain/structures/GlyRS-Bα_PDB_Bact_A_aeolicus_5f5w.pdb
 0.807607 -0.114268 -0.578544    31.706285
-0.573146 -0.383050 -0.724414   -22.537910
-0.138834  0.916633 -0.374847   -17.639701
>../../../../class2/gly2//data/domains/Catalytic_domain/structures/GlyRS-Bα_PDB_Bact_C_jejuni_3ufg.pdb
 0.850122 -0.519539 -0.085865   -14.251296
 0.465776  0.817953 -0.337647   -32.683584
 0.245654  0.247047  0.937348   -12.751008
>../../../../class2/gly2//data/domains/Catalytic_domain/structures/GlyRS-Bα_PDB_Bact_T_maritima_1j5w.pdb
 0.583546  0.503796 -0.636917   -55.321659
 0.798600 -0.213703  0.562645   -22.650185
 0.147347 -0.836971 -0.527037    47.247700
>../../../../class2/his//data/domains/Catalytic_domain/structures/HisRS_AF_Arch_Candidatus_Methanomassiliicoccus_intestinalis_Issoire-Mx1_gene16154026.pdb
-0.099818 -0.198027 -0.975101     0.351912
 0.541882 -0.832736  0.113644     3.527590
-0.834506 -0.517046  0.190429    -3.335492
>../../../../class2/his//data/domains/Catalytic_domain/structures/HisRS_AF_Arch_Candidatus_Nitrosopumilus_koreensis_AR1_gene13725657.pdb
 0.213395 -0.098570  0.971981     0.323118
-0.371891 -0.928193 -0.012482     2.476150
 0.903416 -0.358807 -0.234729     0.326715
>../../../../class2/his//data/domains/Catalytic_domain/structures/HisRS_AF_Arch_Desulfurococcus_amylolyticus_1221n_gene7171287.pdb
-0.787955 -0.610206 -0.082316    -0.092623
-0.610819  0.791506 -0.020454    -0.303425
 0.077635  0.034163 -0.996396     0.687272
>../../../../class2/his//data/domains/Catalytic_domain/structures/HisRS_AF_Arch_Methanoregula_formicica_SMSP_gene14310605.pdb
-0.163762  0.213917 -0.963027    -1.848118
 0.197206 -0.949403 -0.244426     1.894522
-0.966588 -0.229942  0.113290    -3.792279
>../../../../class2/his//data/domains/Catalytic_domain/structures/HisRS_AF_Bact_Chlamydia_muridarum_str_Nigg_gene1246198.pdb
-0.270700  0.327814  0.905130     2.213589
 0.054094 -0.933569  0.354292     1.170317
 0.961143  0.144869  0.234985    -0.663680
>../../../../class2/his//data/domains/Catalytic_domain/structures/HisRS_AF_Bact_Lacticaseibacillus_paracasei_gene61269730.pdb
-0.059565 -0.731455  0.679283     2.831023
-0.842459 -0.328186 -0.427267    -3.367400
 0.535458 -0.597718 -0.596672     0.665387
>../../../../class2/his//data/domains/Catalytic_domain/structures/HisRS_AF_Bact_Paracoccus_denitrificans_PD1222_gene75501415.pdb
-0.858407 -0.472433 -0.199861     0.177357
-0.512946  0.794305  0.325525     2.366989
 0.004962  0.381951 -0.924169     0.032862
>../../../../class2/his//data/domains/Catalytic_domain/structures/HisRS_AF_Bact_Prochlorococcus_marinus_subsp_marinus_str_CCMP1375_gene54200127.pdb
-0.956509 -0.266953 -0.117587    -4.159473
-0.286154  0.936950  0.200601    -2.081362
 0.056622  0.225525 -0.972591    -3.927826
>../../../../class2/his//data/domains/Catalytic_domain/structures/HisRS_AF_Bact_Streptobacillus_moniliformis_DSM_12112_gene29674169.pdb
-0.059804 -0.660513  0.748429     2.401080
-0.828323 -0.385572 -0.406467    -2.943882
 0.557050 -0.644249 -0.524059     2.758678
>../../../../class2/his//data/domains/Catalytic_domain/structures/HisRS_AF_Bact_Streptomyces_albidoflavus_gene15149169.pdb
 0.000303 -0.703495  0.710700     0.507304
-0.601739 -0.567759 -0.561747     0.987549
 0.798693 -0.427485 -0.423493    -1.469878
>../../../../class2/his//data/domains/Catalytic_domain/structures/HisRS_AF_Bact_Thermus_thermophilus_HB8_gene3168691.pdb
-0.128786 -0.775889  0.617585     3.181960
-0.927434 -0.126264 -0.352028    -2.702678
 0.351113 -0.618106 -0.703324    -0.312917
>../../../../class2/his//data/domains/Catalytic_domain/structures/HisRS_AF_Bact_Treponema_denticola_ATCC_35405_gene2741405.pdb
-0.292334  0.807191  0.512819     0.743659
 0.553479 -0.294497  0.779059     0.636688
 0.779873  0.511580 -0.360672    -3.118843
>../../../../class2/his//data/domains/Catalytic_domain/structures/HisRS_AF_Euk_Arabidopsis_thaliana_gene823753.pdb
 0.088068 -0.750775  0.654661     0.475730
-0.620140 -0.555642 -0.553795     0.938757
 0.779532 -0.357210 -0.514520    -0.581707
>../../../../class2/his//data/domains/Catalytic_domain/structures/HisRS_AF_Euk_Cryptococcus_gattii_WM276_gene10186972.pdb
 1.000000  0.000000  0.000000    -0.000000
 0.000000  1.000000  0.000000    -0.000000
 0.000000  0.000000  1.000000     0.000000
>../../../../class2/his//data/domains/Catalytic_domain/structures/HisRS_AF_Euk_Plasmodium_falciparum_3D7_gene812010.pdb
 0.678704 -0.176940  0.712779    -1.180883
-0.615187 -0.667077  0.420183    15.765330
 0.401131 -0.723671 -0.561599    -3.533308
>../../../../class2/his//data/domains/Catalytic_domain/structures/HisRS_AF_Euk_Platysiphonia_delicata_gene33353157.pdb
-0.068246 -0.717440  0.693270     2.665326
-0.828165 -0.346742 -0.440356    -4.900131
 0.556314 -0.604194 -0.570495     2.401686
>../../../../class2/his//data/domains/Catalytic_domain/structures/HisRS_AF_Mito_Fusarium_fujikuroi_IMI_58289_gene35396474.pdb
 0.135166  0.038385  0.990079     3.604076
-0.064659 -0.996778  0.047472     2.452863
 0.988711 -0.070434 -0.132248     4.605084
>../../../../class2/his//data/domains/Catalytic_domain/structures/HisRS_AF_Mito_Rattus_rattus_gene116884285.pdb
 0.130038 -0.070968 -0.988966    -0.790925
 0.393863 -0.911665  0.117210    -0.337001
-0.909924 -0.404759 -0.090599     2.289860
>../../../../class2/his//data/domains/Catalytic_domain/structures/HisRS_PDB_Arch_T_acidophilum_1WU7.pdb
 0.970257  0.236179 -0.053122   -16.595485
-0.061308  0.452021  0.889898   -82.911233
 0.234187 -0.860172  0.453056     5.594883
>../../../../class2/his//data/domains/Catalytic_domain/structures/HisRS_PDB_Bact_B_thailandensis_4e51.pdb
-0.464484 -0.444304 -0.766061    37.910254
 0.882360 -0.158476 -0.443086    16.379901
 0.075462 -0.881748  0.465646   -21.975737
>../../../../class2/his//data/domains/Catalytic_domain/structures/HisRS_PDB_Bact_E_coli_1HTT.pdb
 0.094181 -0.002835  0.995551   -22.215056
 0.902096 -0.422769 -0.086544    22.428147
 0.421133  0.906233 -0.037260    -8.417678
