>../../../../class2/phe4//data/domains/Catalytic_domain/structures/PheRS-Aβ_AF_Arch_Candidatus_Nitrosopumilus_koreensis_AR1_gene13724457.pdb
 0.638677 -0.767430 -0.056066   -14.706865
-0.663321 -0.586033  0.465372    26.143229
-0.389997 -0.260032 -0.883338   -21.819420
>../../../../class2/phe4//data/domains/Catalytic_domain/structures/PheRS-Aβ_AF_Arch_Halalkalicoccus_jeotgali_B3_gene9420006.pdb
 0.198456  0.887634 -0.415598   -14.937645
-0.198150  0.451612  0.869933    23.495181
 0.959871 -0.090293  0.265510   -22.736350
>../../../../class2/phe4//data/domains/Catalytic_domain/structures/PheRS-Aβ_AF_Arch_Sulfolobus_islandicus_YG5714_gene7807969.pdb
 0.637874 -0.769480 -0.031898   -11.889973
-0.564711 -0.495486  0.659996    27.342230
-0.523659 -0.402981 -0.750592   -19.391893
>../../../../class2/phe4//data/domains/Catalytic_domain/structures/PheRS-Aβ_AF_Arch_Thermoplasma_volcanium_GSS1_gene1441711.pdb
 0.345279  0.253272  0.903679   -15.717049
 0.826485  0.374141 -0.420644    25.644387
-0.444640  0.892117 -0.080142   -23.633368
>../../../../class2/phe4//data/domains/Catalytic_domain/structures/PheRS-Aβ_AF_Euk_Astyanax_mexicanus_gene103044481.pdb
-0.097422 -0.872135  0.479469   -12.405168
 0.926493 -0.255422 -0.276352    29.469130
 0.363483  0.417301  0.832910   -16.125501
>../../../../class2/phe4//data/domains/Catalytic_domain/structures/PheRS-Aβ_AF_Euk_Didymosphenia_geminata_gene19740299.pdb
 0.979643  0.124220  0.157700   -13.444341
-0.077276 -0.491681  0.867340    15.366777
 0.185278 -0.861870 -0.472072   -23.534933
>../../../../class2/phe4//data/domains/Catalytic_domain/structures/PheRS-Aβ_AF_Euk_Drosophila_melanogaster_gene42888.pdb
 0.803555  0.444826  0.395511   -11.963858
-0.482696  0.098177  0.870268    26.231570
 0.348287 -0.890220  0.293606   -16.312337
>../../../../class2/phe4//data/domains/Catalytic_domain/structures/PheRS-Aβ_AF_Euk_Gracilariopsis_tenuifrons_gene68635617.pdb
-0.820639  0.175596 -0.543800    -3.993231
 0.507430 -0.213725 -0.834767    20.677282
-0.262805 -0.960983  0.086288   -26.858292
>../../../../class2/phe4//data/domains/Catalytic_domain/structures/PheRS-Aβ_PDB_Euk.B_H_sapiens_3L4G.pdb
-0.817733 -0.293661 -0.495052    62.947154
-0.063835 -0.808492  0.585035    95.878817
-0.572048  0.510004  0.642384   -50.835296
>../../../../class2/ser2//data/domains/Catalytic_domain/structures/SerRS-A_AF_Arch_Conexivisphaera_calida_protein1635512986.pdb
 1.000000  0.000000  0.000000     0.000000
 0.000000  1.000000  0.000000     0.000000
 0.000000  0.000000  1.000000     0.000000
>../../../../class2/ser2//data/domains/Catalytic_domain/structures/SerRS-A_AF_Arch_Ignisphaera_aggregans_protein304378874.pdb
 0.671340 -0.693071 -0.262594     1.605858
 0.707868  0.494617  0.504259    -0.571355
-0.219604 -0.524411  0.822659     1.434254
>../../../../class2/ser2//data/domains/Catalytic_domain/structures/SerRS-A_AF_Arch_Methanosarcina_barkeri_protein805401349.pdb
 0.355815  0.921280 -0.156970    -0.601225
-0.630722  0.112781 -0.767770     1.660849
-0.689627  0.372188  0.621201     1.753838
>../../../../class2/ser2//data/domains/Catalytic_domain/structures/SerRS-A_AF_Arch_Unclassified_Thermoplasmata_protein1635512986.pdb
 0.968621  0.247692 -0.020538    -2.396418
-0.248040  0.958108 -0.143196     0.322969
-0.015791  0.143797  0.989481     1.873139
>../../../../class2/ser2//data/domains/Catalytic_domain/structures/SerRS-A_PDB_Arch_M_barkeri_2cim.pdb
-0.770754  0.521352 -0.366239    67.207752
 0.410493  0.845960  0.340362   -45.922016
 0.487272  0.111997 -0.866038    49.948843
>../../../../class2/ser2//data/domains/Catalytic_domain/structures/SerRS-A_PDB_Arch_M_barkeri_2cjb.pdb
-0.762938  0.531590 -0.367884    67.391994
 0.396800  0.834326  0.382688   -48.928159
 0.510368  0.145991 -0.847473    47.804809
