>structures/LeuRS-B_AF_Bact_Bifidobacterium_longum_subsp_longum_JCM_1217_gene69578373.pdb
 0.499956 -0.842571 -0.200292     0.188544
 0.798976  0.359489  0.482084     4.607476
-0.334187 -0.401050  0.852923    -5.800033
>structures/LeuRS-B_AF_Bact_Brachyspira_pilosicoli_95_1000_gene56439070.pdb
 0.999959  0.009012  0.001150    -0.439228
-0.009024  0.999901  0.010795    -0.421356
-0.001053 -0.010805  0.999941     0.482080
>structures/LeuRS-B_AF_Bact_Chlamydia_psittaci_6BC_gene12243068.pdb
-0.868231  0.492224  0.062376    -5.546674
 0.492415  0.839422  0.229994    -9.542955
 0.060849  0.230402 -0.971191     6.072735
>structures/LeuRS-B_AF_Bact_Clostridium_botulinum_A_str_ATCC_3502_gene5187707.pdb
 0.053702 -0.534443  0.843497     1.342251
-0.302951 -0.813621 -0.496227     0.145560
 0.951492 -0.228890 -0.205603     0.203309
>structures/LeuRS-B_AF_Bact_Mycoplasma_hyopneumoniae_168-L_gene57101518.pdb
-0.111911  0.511035 -0.852244    -8.817142
-0.739588 -0.615634 -0.272038   -12.276018
-0.663691  0.599866  0.446851    11.577939
>structures/LeuRS-B_AF_Bact_Orientia_tsutsugamushi_str_Ikeda_gene66652454.pdb
-0.903426  0.171785 -0.392826     1.774914
-0.134139  0.756977  0.639525    14.577969
 0.407221  0.630457 -0.660829    -7.109235
>structures/LeuRS-B_AF_Bact_Porphyromonas_gingivalis_ATCC_33277_gene29256038.pdb
 0.941572 -0.295915  0.160859     0.892346
 0.256603  0.939605  0.226490     0.186065
-0.218165 -0.171980  0.960639    -1.926948
>structures/LeuRS-B_AF_Bact_Thermus_thermophilus_HB8_gene3168656.pdb
-0.036973 -0.513458  0.857318     6.516731
-0.200341 -0.836679 -0.509737    -2.582028
 0.979028 -0.190603 -0.071932    11.129917
>structures/LeuRS-B_AF_Euk_Bathycoccus_prasinos_gene19015540.pdb
-0.968535  0.246749  0.032465     3.282515
 0.248802  0.963151  0.102166    -2.072126
-0.006060  0.107028 -0.994238     4.387912
>structures/LeuRS-B_AF_Euk_Klebsormidium_nitens_protein971510658.pdb
-0.540660  0.564887 -0.623370   -17.270130
-0.619896 -0.768464 -0.158721   -14.400918
-0.568696  0.300611  0.765649     5.254445
>structures/LeuRS-B_AF_Euk_Thalassiosira_pseudonana_CCMP1335_gene7441753.pdb
 0.987347 -0.078222  0.137937     2.478684
 0.027058  0.940216  0.339503    -3.289796
-0.156247 -0.331475  0.930436     4.156960
>structures/LeuRS-B_AF_Mito_Homo_sapiens_gene23395.pdb
-0.624287  0.652289 -0.429866   -15.934654
 0.330768  0.719221  0.610994    -2.015269
 0.707713  0.239250 -0.664757   -10.142435
>structures/LeuRS-B_AF_Mito_Treponema_denticola_ATCC_35405_gene2739434.pdb
-0.085625  0.093404 -0.991940     0.821233
 0.217846 -0.969751 -0.110119     0.518452
-0.972220 -0.225519  0.062687     0.472252
