>../../../../class2/gly3//data/domains/Catalytic_domain/structures/GlyRS-E_AF_Arch_Methanosalsum_zhilinae_DSM_4017_gene10821854.pdb
-0.047884  0.990804 -0.126551    -6.041621
-0.875512 -0.102621 -0.472173    -2.259799
-0.480818  0.088187  0.872374     3.029717
>../../../../class2/gly3//data/domains/Catalytic_domain/structures/GlyRS-E_AF_Euk_Cryptococcus_neoformans_var_neoformans_JEC21_gene3258293.pdb
-0.733096 -0.487304 -0.474453    -6.899291
-0.323546  0.863478 -0.386942    -1.491103
 0.598238 -0.130158 -0.790677     2.701433
>../../../../class2/gly3//data/domains/Catalytic_domain/structures/GlyRS-E_AF_Euk_Girardinichthys_multiradiatus_gene124858359.pdb
 0.028186  0.999541 -0.011147    -7.386258
-0.875760  0.019316 -0.482360    -0.802958
-0.481923  0.023358  0.875902     1.373285
>../../../../class2/gly3//data/domains/Catalytic_domain/structures/GlyRS-E_AF_Euk_Plasmodium_yoelii_gene3801472.pdb
-0.348196  0.783434 -0.514772    -7.125456
-0.714225 -0.577383 -0.395615    -3.346621
-0.607160  0.229911  0.760590     3.562308
>../../../../class2/gly3//data/domains/Catalytic_domain/structures/GlyRS-E_AF_Euk_Schizosaccharomyces_pombe_gene2543181.pdb
 0.242019  0.958400  0.151317    -6.938776
-0.908098  0.278667 -0.312574    -1.623010
-0.341737 -0.061762  0.937764     0.718475
>../../../../class2/gly3//data/domains/Catalytic_domain/structures/GlyRS-E_AF_Mito_Fusarium_poae_gene68345711.pdb
 0.197864  0.975032  0.100810    -7.086110
-0.917099  0.220450 -0.332161    -1.425326
-0.346091 -0.026730  0.937820     0.933303
>../../../../class2/gly3//data/domains/Catalytic_domain/structures/GlyRS-E_PDB_Euk_H_sapiens_2q5h.pdb
 0.878482 -0.474744  0.053738   -68.647383
 0.273852  0.592499  0.757595    69.998902
-0.391503 -0.650818  0.650509   122.417646
>../../../../class2/phe5//data/domains/Catalytic_domain/structures/PheRS-M_AF_Mito_Arabidopsis_thaliana_gene824983.pdb
 0.449568 -0.868032  0.210734     1.883387
 0.601624  0.119865 -0.789735     5.355758
 0.660256  0.481822  0.576116     1.461138
>../../../../class2/phe5//data/domains/Catalytic_domain/structures/PheRS-M_AF_Mito_Babesia_bovis_T2Bo_gene5478469.pdb
-0.834875  0.378844 -0.399327    -3.453108
 0.396272  0.917188  0.041653     1.271424
 0.382038 -0.123467 -0.915862     2.439998
>../../../../class2/phe5//data/domains/Catalytic_domain/structures/PheRS-M_AF_Mito_Candida_albicans_SC5314_gene3638806.pdb
 1.000000  0.000000  0.000000     0.000000
 0.000000  1.000000  0.000000     0.000000
 0.000000  0.000000  1.000000     0.000000
>../../../../class2/phe5//data/domains/Catalytic_domain/structures/PheRS-M_AF_Mito_Crassostrea_gigas_gene105329377.pdb
-0.647072 -0.466986 -0.602678    -6.841479
-0.601580 -0.172912  0.779874     1.782307
-0.468401  0.867194 -0.169043    -7.468404
>../../../../class2/phe5//data/domains/Catalytic_domain/structures/PheRS-M_AF_Mito_Drosophila_melanogaster_gene36547.pdb
 0.422235  0.499155  0.756678    -1.092027
-0.865501  0.470152  0.172817    -0.154606
-0.269491 -0.727875  0.630534     4.138404
>../../../../class2/phe5//data/domains/Catalytic_domain/structures/PheRS-M_AF_Mito_Syngnathus_acus_gene119139175.pdb
 0.562852 -0.684052  0.463972    -3.221508
-0.740282 -0.167501  0.651096     1.724436
-0.367667 -0.709941 -0.600670    -3.038707
>../../../../class2/phe5//data/domains/Catalytic_domain/structures/PheRS-M_PDB_Mito.H_sapiens_3CMQ.pdb
 0.318119  0.099493  0.942816   -19.675449
 0.175476  0.971116 -0.161687   -19.327982
-0.931670  0.216877  0.291472   -10.538796
