>structures/TrpRS-A_AF_Arch_Natrialba_magadii_ATCC_43099_gene8824932.pdb
 0.688914 -0.591980 -0.418279    -1.900001
 0.719079  0.485533  0.497175    -0.400347
-0.091229 -0.643286  0.760171     0.911976
>structures/TrpRS-A_AF_Arch_Nitrosopumilus_maritimus_SCM1_gene5773245.pdb
 0.808304 -0.492653 -0.322394    -0.406728
 0.588552  0.661351  0.464997    -0.345218
-0.015867 -0.565604  0.824524    -0.847235
>structures/TrpRS-A_AF_Arch_Sulfolobus_islandicus_M1627_gene7814138.pdb
-0.803237 -0.580285  0.134459    -2.436602
-0.576009  0.814193  0.072826    -3.364887
-0.151735 -0.018953 -0.988239    -0.842821
>structures/TrpRS-A_AF_Arch_Thermoplasma_acidophilum_DSM_1728_gene1456706.pdb
 0.518206  0.423232 -0.743194    -5.515242
-0.839437  0.085340 -0.536714     2.018515
-0.163731  0.901993  0.399500     1.160212
>structures/TrpRS-A_AF_Euk_Cryptococcus_neoformans_var_neoformans_JEC21_gene3254069.pdb
 0.254217  0.920995 -0.295199    -0.719824
-0.679406 -0.047168 -0.732245     0.142918
-0.688317  0.386709  0.613739     1.364561
>structures/TrpRS-A_AF_Euk_Cyanidioschyzon_merolae_strain_10D_gene16993299.pdb
 1.000000  0.000000  0.000000     0.000000
 0.000000  1.000000  0.000000     0.000000
 0.000000  0.000000  1.000000     0.000000
>structures/TrpRS-A_AF_Euk_Drosophila_melanogaster_gene45399.pdb
 0.941115 -0.323835 -0.097127     4.124577
 0.331152  0.940840  0.071817     0.288880
 0.068124 -0.099752  0.992677     3.940134
>structures/TrpRS-A_AF_Euk_Saccharomyces_cerevisiae_S288C_gene854056.pdb
-0.123325  0.142867 -0.982028    -0.827990
 0.180467 -0.969853 -0.163760     0.321689
-0.975819 -0.197419  0.093825     1.895176
>structures/TrpRS-A_AF_Vir_Megavirus_chiliensis_gene11257301.pdb
 0.918417 -0.389403 -0.069829    -1.735909
 0.378322  0.812870  0.442848    -0.348415
-0.115685 -0.433137  0.893873     0.460215
>structures/TrpRS-A_PDB_Arch_P_hori_3JXE.pdb
-0.907118  0.318103  0.275585   -48.715251
-0.282421  0.025414 -0.958954    -5.274900
-0.312050 -0.947715  0.066785    14.279063
>structures/TrpRS-A_PDB_Euk_S_Cerevisiae_3KT3.pdb
 0.621508  0.783369 -0.007764    72.891029
-0.626550  0.502992  0.595344   -98.489934
 0.470280 -0.365147  0.803433   102.586654
