>structures/GlyRS-Bα_AF_Bact_Brachyspira_pilosicoli_95_1000_gene56440230.pdb
-0.161131 -0.986447  0.030955   -50.263557
-0.518103  0.057850 -0.853360    12.203869
 0.840004 -0.153540 -0.520403    -1.184081
>structures/GlyRS-Bα_AF_Bact_Chlamydia_pneumoniae_TW-183_gene45051002.pdb
 0.108196 -0.201942  0.973403   -49.847018
-0.257045  0.940171  0.223619    32.544154
-0.960324 -0.274403  0.049815    -8.821232
>structures/GlyRS-Bα_AF_Bact_Lacticaseibacillus_paracasei_gene61269714.pdb
 0.258753  0.951813 -0.164620   -48.708054
-0.816865  0.124660 -0.563198    11.442616
-0.515537  0.280201  0.809758    -1.599913
>structures/GlyRS-Bα_AF_Bact_Prochlorococcus_marinus_subsp_marinus_str_CCMP1375_gene54200602.pdb
-0.519760  0.782936 -0.341849   -48.324751
-0.608283 -0.620126 -0.495415    10.985837
-0.599868 -0.049556  0.798563    -1.310791
>structures/GlyRS-Bα_AF_Bact_Salmonella_enterica_subsp_enterica_serovar_Typhimurium_str_LT2_gene1255180.pdb
-0.475491 -0.264921 -0.838884   -47.381641
-0.028576 -0.948425  0.315711    12.806838
-0.879256  0.174090  0.443397    -2.185058
>structures/GlyRS-Bα_AF_Bact_Streptobacillus_moniliformis_DSM_12112_gene29673275.pdb
-0.343479  0.931888 -0.116647   -48.554894
-0.733033 -0.343660 -0.586993    11.869471
-0.587098 -0.116113  0.801145    -1.333072
>structures/GlyRS-Bα_AF_Euk_Ostreococcus_tauri_gene9837276.pdb
-0.128988 -0.842724  0.522665   -50.408002
 0.612710  0.346693  0.710205    29.957638
-0.779711  0.411850  0.471626    -8.919915
>structures/GlyRS-Bα_AF_Euk_Vulpes_lagopus_gene121489478.pdb
-0.371247 -0.444916  0.815000   -48.790926
 0.605315  0.549618  0.575773     8.391742
-0.704109  0.707086  0.065270     0.689134
>structures/GlyRS-Bα_AF_Mito_Nymphaea_colorata_gene116265348.pdb
-0.190671  0.073796  0.978876   -51.391127
-0.364401  0.920600 -0.140383    32.754810
-0.911513 -0.383470 -0.148641    -8.242054
>structures/GlyRS-Bα_PDB_Bact_A_aeolicus_5f5w.pdb
 0.999998 -0.000141 -0.001803     0.001239
 0.000140  1.000000 -0.000768     0.008947
 0.001803  0.000768  0.999998     0.118018
>structures/GlyRS-Bα_PDB_Bact_C_jejuni_3ufg.pdb
 0.369846 -0.924970  0.087437   -31.542615
-0.061398  0.069572  0.995686    10.779226
-0.927062 -0.373618 -0.031060    32.149715
>structures/GlyRS-Bα_PDB_Bact_T_maritima_1j5w.pdb
-0.006570  0.660889 -0.750455   -80.467107
-0.187742 -0.737941 -0.648225    67.628268
-0.982196  0.136633  0.128925    29.144057
