>structures/GluRS_AF_Bact_Bifidobacterium_animalis_subsp_lactis_BLC1_gene66532600.pdb
-0.913937 -0.356208 -0.194512    -3.222102
-0.323916  0.928954 -0.179230     2.736319
 0.244536 -0.100800 -0.964387    -3.455804
>structures/GluRS_AF_Bact_Chlamydia_psittaci_6BC_gene12242467.pdb
-0.829452 -0.211067 -0.517165     5.971711
-0.484579  0.732419  0.478273    -0.372405
 0.277834  0.647312 -0.709785    -4.256926
>structures/GluRS_AF_Bact_[Eubacterium]_eligens_ATCC_27750_gene41357084.pdb
-0.999652 -0.019724 -0.017494    -1.951267
-0.025400  0.898300  0.438648     4.421163
 0.007063  0.438940 -0.898489    -4.699156
>structures/GluRS_AF_Bact_Mycoplasma_hyopneumoniae_168-L_gene57101016.pdb
-0.988608 -0.137658  0.060863    -1.335501
-0.105299  0.921499  0.373834     2.924646
-0.107546  0.363166 -0.925497    -3.865106
>structures/GluRS_AF_Bact_Paracoccus_denitrificans_PD1222_gene75500422.pdb
-0.994218 -0.017926  0.105877    -1.157131
 0.035304  0.876593  0.479935     4.508483
-0.101414  0.480898 -0.870892    -4.434087
>structures/GluRS_AF_Bact_Porphyromonas_gingivalis_ATCC_33277_gene29255772.pdb
-0.021779  0.205605 -0.978393    -1.560414
 0.320895 -0.925407 -0.201614     2.855269
-0.946864 -0.318352 -0.045823    -3.195364
>structures/GluRS_AF_Bact_Prochlorococcus_marinus_subsp_marinus_str_CCMP1375_gene54199839.pdb
 0.393350  0.840435 -0.372753    -2.247299
-0.567856 -0.096770 -0.817420     3.652284
-0.723060  0.533202  0.439181    -4.062733
>structures/GluRS_AF_Bact_Treponema_pallidum_subsp_pertenue_str_SamoaD_gene57879197.pdb
-0.947314 -0.309175 -0.083703    -2.890844
-0.320303  0.915335  0.244064     2.511799
 0.001158  0.258016 -0.966140    -1.639055
>structures/GluRS_AF_Euk_Arabidopsis_thaliana_gene836526.pdb
 0.999986  0.003998 -0.003556    -0.029767
-0.003985  0.999985  0.003847     0.050638
 0.003571 -0.003833  0.999986    -0.036142
>structures/GluRS_AF_Euk_Cryptococcus_neoformans_var_grubii_H99_gene23890400.pdb
-0.073567  0.406720 -0.910586    -4.840513
 0.054311 -0.910071 -0.410878     3.590958
-0.995810 -0.079682  0.044862    -1.887587
>structures/GluRS_AF_Euk_Ostreococcus_tauri_proteinOUS48355.1.pdb
 0.818904 -0.531144 -0.217447     1.037938
 0.564291  0.675973  0.473959     4.336946
-0.104752 -0.510830  0.853276     0.208796
>structures/GluRS_AF_Euk_Plasmodium_knowlesi_strain_H_gene7321821.pdb
-0.928034 -0.350468 -0.126197    -1.221085
-0.370538  0.903260  0.216385     2.353927
 0.038152  0.247573 -0.968118    -2.824568
>structures/GluRS_AF_Mito_Cyanidioschyzon_merolae_strain_10D_gene16997617.pdb
 0.834350 -0.496786 -0.238881    -1.598783
 0.544741  0.676757  0.495235     4.211507
-0.084361 -0.543327  0.835271    -0.298345
>structures/GluRS_AF_Mito_Drosophila_melanogaster_gene39828.pdb
 0.983329 -0.136162 -0.120517    -2.495192
 0.131883  0.990339 -0.042834    -0.155955
 0.125185  0.026226  0.991787    -5.029239
>structures/GluRS_PDB_Bact_T_therm_1J09.pdb
-0.239059  0.494441 -0.835690    -3.115273
 0.056163 -0.852163 -0.520253    28.871731
-0.969379 -0.171307  0.175948    40.064809
