>structures/GluRS_AF_Bact_Bifidobacterium_animalis_subsp_lactis_BLC1_gene66532600.pdb
-0.912894 -0.236380 -0.332790    -0.084424
-0.183592  0.965919 -0.182470     3.092957
 0.364580 -0.105478 -0.925179     1.471855
>structures/GluRS_AF_Bact_Chlamydia_psittaci_6BC_gene12242467.pdb
-0.845839 -0.030535 -0.532564     8.456892
-0.355271  0.776973  0.519707    -1.282191
 0.397919  0.628792 -0.668042    -0.226843
>structures/GluRS_AF_Bact_[Eubacterium]_eligens_ATCC_27750_gene41357084.pdb
-0.985295  0.157979 -0.065087     1.259548
 0.118283  0.905561  0.407393     4.525208
 0.123300  0.393703 -0.910931    -0.061244
>structures/GluRS_AF_Bact_Mycoplasma_hyopneumoniae_168-L_gene57101016.pdb
-0.999634  0.026807 -0.003563     1.733732
 0.024130  0.943661  0.330032     3.003198
 0.012210  0.329826 -0.943963     0.866453
>structures/GluRS_AF_Bact_Paracoccus_denitrificans_PD1222_gene75500422.pdb
-0.985561  0.158214  0.060312     2.098523
 0.168693  0.886886  0.430089     4.516320
 0.014556  0.434054 -0.900769     0.168090
>structures/GluRS_AF_Bact_Porphyromonas_gingivalis_ATCC_33277_gene29255772.pdb
-0.096193  0.043952 -0.994392     1.625602
 0.284944 -0.955998 -0.069819     3.004857
-0.953705 -0.290062  0.079436     1.524470
>structures/GluRS_AF_Bact_Prochlorococcus_marinus_subsp_marinus_str_CCMP1375_gene54199839.pdb
 0.221643  0.878698 -0.422805     0.938250
-0.642161 -0.194769 -0.741414     3.835338
-0.733828  0.435838  0.521097     0.692193
>structures/GluRS_AF_Bact_Treponema_pallidum_subsp_pertenue_str_SamoaD_gene57879197.pdb
-0.974337 -0.149287 -0.168467     0.430788
-0.184808  0.957816  0.220080     2.857999
 0.128505  0.245566 -0.960825     3.239557
>structures/GluRS_AF_Euk_Arabidopsis_thaliana_gene836526.pdb
 0.983161  0.137637  0.120207     3.137915
-0.143010  0.989020  0.037243     0.080966
-0.113761 -0.053807  0.992050     4.638343
>structures/GluRS_AF_Euk_Cryptococcus_neoformans_var_grubii_H99_gene23890400.pdb
-0.187171  0.270242 -0.944424    -1.405361
 0.027465 -0.959599 -0.280027     4.227177
-0.981943 -0.078351  0.172187     3.186933
>structures/GluRS_AF_Euk_Ostreococcus_tauri_proteinOUS48355.1.pdb
 0.868823 -0.493218 -0.043393     4.811738
 0.439837  0.728595  0.525064     4.196410
-0.227356 -0.475273  0.849956     4.569940
>structures/GluRS_AF_Euk_Plasmodium_knowlesi_strain_H_gene7321821.pdb
-0.958169 -0.190772 -0.213352     1.932001
-0.234249  0.951037  0.201632     2.453464
 0.164440  0.243175 -0.955942     1.904026
>structures/GluRS_AF_Mito_Cyanidioschyzon_merolae_strain_10D_gene16997617.pdb
 0.884375 -0.462617 -0.062180     2.103540
 0.416768  0.722600  0.551501     4.460855
-0.210202 -0.513648  0.831854     4.409387
>structures/GluRS_AF_Mito_Drosophila_melanogaster_gene39828.pdb
 0.999985  0.004448 -0.003153     0.051611
-0.004429  0.999971  0.006190     0.067843
 0.003181 -0.006176  0.999976    -0.035827
>structures/GluRS_PDB_Bact_T_therm_1J09.pdb
-0.346296  0.352388 -0.869426     8.837610
 0.052951 -0.917950 -0.393145    30.555741
-0.936630 -0.182181  0.299223    43.240091
