>structures/Glu_Bact_1J09_T_therm.pdb
-0.057913  0.099245  0.993376    -1.213610
-0.306418 -0.948784  0.076926    46.600358
 0.950134 -0.299933  0.085357   -26.066069
>structures/Glu_Bact_2O5R_T_maritima.pdb
 0.809772 -0.270908  0.520460     6.798088
-0.480013  0.204245  0.853154   -65.509000
-0.337427 -0.940688  0.035353     5.843547
>structures/Glutamyl.B.Actinobacteria.NC_017216.2.pdb
-0.791188 -0.572268  0.215710     3.868602
-0.436364  0.775366  0.456502     3.822689
-0.428495  0.267051 -0.863178     0.595922
>structures/Glutamyl.B.Bacteroidota.NC_010729.1.pdb
 0.882681 -0.315880 -0.347985     4.076117
 0.236167  0.938287 -0.252670     6.953571
 0.406324  0.140844  0.902809     3.029734
>structures/Glutamyl.B.Chlamydiae.NC_002620.2.pdb
 1.000000  0.000000  0.000000     0.000000
 0.000000  1.000000  0.000000     0.000000
 0.000000  0.000000  1.000000     0.000000
>structures/Glutamyl.B.Firmicutes.NC_016941.1.pdb
-0.934288 -0.291309  0.205534     6.177761
-0.095706  0.760274  0.642514     3.856482
-0.343432  0.580622 -0.738195     2.880645
>structures/Glutamyl.B.Proteobacteria.NC_003317.1.pdb
 0.711486 -0.394333 -0.581626     5.669936
 0.460592  0.886806 -0.037812     7.902655
 0.530700 -0.240989  0.812577     4.232498
>structures/Glutamyl.B.Spirochaetes.NC_016842.1.pdb
 0.903343 -0.287040 -0.318715     5.771958
 0.230186  0.951428 -0.204450     7.162910
 0.361920  0.111324  0.925538     2.498223
>structures/Glutamyl.E.Rhodophyta.NC_010145.1.pdb
-0.992144  0.059690  0.109939     3.554386
 0.121464  0.249372  0.960760     9.724412
 0.029932  0.966567 -0.254663     2.905707
