>../../../../class2/gly2//data/domains/Catalytic_domain/structures/GlyRS-Bα_AF_Bact_Brachyspira_pilosicoli_95_1000_gene56440230.pdb
-0.133182  0.413239  0.900831   -14.320493
 0.612776 -0.680043  0.402551    -4.210518
 0.778954  0.605620 -0.162654    12.971987
>../../../../class2/gly2//data/domains/Catalytic_domain/structures/GlyRS-Bα_AF_Bact_Chlamydia_pneumoniae_TW-183_gene45051002.pdb
 0.753721 -0.370017 -0.543132   -23.281476
-0.134235 -0.895695  0.423923   -21.701500
-0.643339 -0.246613 -0.724774     3.151862
>../../../../class2/gly2//data/domains/Catalytic_domain/structures/GlyRS-Bα_AF_Bact_Lacticaseibacillus_paracasei_gene61269714.pdb
 0.789017 -0.609444 -0.077659   -13.926707
 0.512996  0.583984  0.629125    -3.064976
-0.338065 -0.536229  0.773415    11.646490
>../../../../class2/gly2//data/domains/Catalytic_domain/structures/GlyRS-Bα_AF_Bact_Prochlorococcus_marinus_subsp_marinus_str_CCMP1375_gene54200602.pdb
 0.986232  0.160986 -0.037818   -14.115333
-0.124586  0.873705  0.470232    -2.712356
 0.108742 -0.459046  0.881732    11.589188
>../../../../class2/gly2//data/domains/Catalytic_domain/structures/GlyRS-Bα_AF_Bact_Salmonella_enterica_subsp_enterica_serovar_Typhimurium_str_LT2_gene1255180.pdb
 0.780539  0.598495 -0.180449   -15.263814
-0.580384  0.586621 -0.564827    -3.283954
-0.232191  0.545600  0.805238    10.359480
>../../../../class2/gly2//data/domains/Catalytic_domain/structures/GlyRS-Bα_AF_Bact_Streptobacillus_moniliformis_DSM_12112_gene29673275.pdb
 0.996142 -0.033749 -0.081004   -14.392328
 0.079397  0.739743  0.668189    -3.095866
 0.037371 -0.672043  0.739569    11.645613
>../../../../class2/gly2//data/domains/Catalytic_domain/structures/GlyRS-Bα_AF_Euk_Ostreococcus_tauri_gene9837276.pdb
 0.117370 -0.177037 -0.977181   -22.219359
-0.839822 -0.542856 -0.002521   -20.702939
-0.530022  0.820954 -0.212395     4.317133
>../../../../class2/gly2//data/domains/Catalytic_domain/structures/GlyRS-Bα_AF_Euk_Vulpes_lagopus_gene121489478.pdb
 0.171237 -0.642593 -0.746828   -13.692091
-0.937599 -0.339127  0.076817    -0.035309
-0.302632  0.687071 -0.660566    14.083061
>../../../../class2/gly2//data/domains/Catalytic_domain/structures/GlyRS-Bα_AF_Mito_Nymphaea_colorata_gene116265348.pdb
 0.880393 -0.446008 -0.161199   -24.732862
-0.260646 -0.739023  0.621215   -21.809922
-0.396197 -0.504898 -0.766881     4.564435
>../../../../class2/gly2//data/domains/Catalytic_domain/structures/GlyRS-Bα_PDB_Bact_A_aeolicus_5f5w.pdb
-0.356798 -0.707371 -0.610182   -24.752967
 0.588150 -0.677565  0.441571    34.086198
-0.725792 -0.201327  0.657794   -19.911138
>../../../../class2/gly2//data/domains/Catalytic_domain/structures/GlyRS-Bα_PDB_Bact_C_jejuni_3ufg.pdb
 0.490900  0.563243 -0.664661   -42.968510
-0.121102 -0.711391 -0.692284    19.906404
-0.862758  0.420334 -0.281012    21.282137
>../../../../class2/gly2//data/domains/Catalytic_domain/structures/GlyRS-Bα_PDB_Bact_T_maritima_1j5w.pdb
 0.753973  0.171971  0.633995   -60.250205
-0.261934  0.963786  0.050076   -48.712632
-0.602424 -0.203821  0.771714    41.485703
>../../../../class2/phe3//data/domains/Catalytic_domain/structures/PheRS-Aα_AF_Arch_Candidatus_Nitrosopumilus_koreensis_AR1_gene13724458.pdb
 0.465757 -0.450548  0.761628   -17.150304
-0.487620 -0.848893 -0.203977     0.712516
 0.738442 -0.276382 -0.615074     6.350897
>../../../../class2/phe3//data/domains/Catalytic_domain/structures/PheRS-Aα_AF_Arch_Haloterrigena_turkmenica_DSM_5511_gene8744248.pdb
-0.387625  0.647306  0.656309    -5.899589
 0.545305 -0.413022  0.729421     3.203287
 0.743229  0.640630 -0.192882     3.235469
>../../../../class2/phe3//data/domains/Catalytic_domain/structures/PheRS-Aα_AF_Arch_Thermoplasma_volcanium_GSS1_gene1441177.pdb
 0.413253 -0.639409 -0.648366    -4.525969
 0.897588  0.166014  0.408381     4.399424
-0.153485 -0.750730  0.642531     3.949236
>../../../../class2/phe3//data/domains/Catalytic_domain/structures/PheRS-Aα_AF_Arch_Thermosphaera_aggregans_DSM_11486_gene9165306.pdb
 0.068244 -0.263643  0.962203     0.956275
-0.395024 -0.892771 -0.216602     2.995787
 0.916133 -0.365311 -0.165072     1.391602
>../../../../class2/phe3//data/domains/Catalytic_domain/structures/PheRS-Aα_AF_Euk_Cyanidioschyzon_merolae_strain_10D_gene16993638.pdb
-0.173984  0.116687 -0.977811    -8.402767
 0.271978 -0.948638 -0.161600     5.278264
-0.946445 -0.294058  0.133312    -5.166836
>../../../../class2/phe3//data/domains/Catalytic_domain/structures/PheRS-Aα_AF_Euk_Megalobrama_amblycephala_gene125266654.pdb
 1.000000  0.000000  0.000000     0.000000
 0.000000  1.000000  0.000000     0.000000
 0.000000  0.000000  1.000000     0.000000
>../../../../class2/phe3//data/domains/Catalytic_domain/structures/PheRS-Aα_AF_Euk_Plasmodium_falciparum_3D7_gene813233.pdb
-0.657373 -0.747008  0.099198    -3.584165
-0.711125  0.571397 -0.409642    -3.542652
 0.249324 -0.339830 -0.906837    -5.107616
>../../../../class2/phe3//data/domains/Catalytic_domain/structures/PheRS-Aα_AF_Euk_Schizosaccharomyces_pombe_gene2543647.pdb
-0.874831  0.452662  0.172533    -8.407738
 0.445633  0.612342  0.653030     3.466508
 0.189953  0.648178 -0.737417    -4.320455
>../../../../class2/phe3//data/domains/Catalytic_domain/structures/PheRS-Aα_PDB_Euk.B_H_sapiens_3L4G.C.pdb
-0.095148  0.981550 -0.165849  -122.826431
 0.353811  0.189071  0.916007    -1.642390
 0.930465  0.028477 -0.365273   -48.000222
