>../../../../class2/gly2//data/domains/Catalytic_domain/structures/GlyT_Bact_1j5w_T_maritima.pdb
 0.145157  0.918334  0.368229   -72.127756
-0.361939  0.395661 -0.844069     0.214718
-0.920831 -0.010754  0.389814    42.860787
>../../../../class2/gly2//data/domains/Catalytic_domain/structures/GlyT_Bact_3ufg_C_jejuni.pdb
 0.128566 -0.335737 -0.933141    -4.003770
 0.019748 -0.939896  0.340889    27.870127
-0.991504 -0.062255 -0.114208    34.804338
>../../../../class2/gly2//data/domains/Catalytic_domain/structures/GlyT_Bact_5f5w_A_aeolicus.pdb
 0.340836 -0.937666  0.067918    17.322428
 0.887381  0.344732  0.306129    41.212624
-0.310460 -0.044071  0.949564    -4.594770
>../../../../class2/phe3//data/domains/Catalytic_domain/structures/Phe_Euk_3L4G.C_H_sapiens.pdb
 0.263501  0.661226  0.702387   -64.118596
-0.259306 -0.652770  0.711795   112.891384
 0.929154 -0.369692 -0.000546     6.173539
>../../../../class2/phe3//data/domains/Catalytic_domain/structures/Phenylalanyl.A.Candidatus_Thermoplasmatota.NC_021592.1.pdb
 1.000000  0.000000  0.000000     0.000000
 0.000000  1.000000  0.000000     0.000000
 0.000000  0.000000  1.000000     0.000000
>../../../../class2/phe3//data/domains/Catalytic_domain/structures/Phenylalanyl.A.Euryarchaeota.NC_013741.1.pdb
 0.230579 -0.493250 -0.838771    -5.634303
 0.746349 -0.463431  0.477698     4.032358
-0.624337 -0.736163  0.261279    -1.754251
>../../../../class2/phe3//data/domains/Catalytic_domain/structures/Phenylalanyl.E.Apicomplexa.NC_011903.2.pdb
-0.918279 -0.256837 -0.301327    -3.603076
-0.234278  0.965993 -0.109413    -0.603914
 0.319181 -0.029878 -0.947223   -10.345690
>../../../../class2/phe3//data/domains/Catalytic_domain/structures/Phenylalanyl.E.Basidiomycota.NC_026480.1.pdb
-0.940344  0.271071 -0.205606     2.605594
 0.241053  0.957293  0.159637     1.536333
 0.240098  0.100552 -0.965527   -14.915986
