>../../../../class2/gly2//data/domains/Catalytic_domain/structures/GlyT_Bact_1j5w_T_maritima.pdb
 1.000000  0.000000  0.000000     0.000000
 0.000000  1.000000  0.000000     0.000000
 0.000000  0.000000  1.000000     0.000000
>../../../../class2/gly2//data/domains/Catalytic_domain/structures/GlyT_Bact_3ufg_C_jejuni.pdb
 0.915958  0.368622 -0.158553     7.111054
 0.139122 -0.662338 -0.736175    73.215496
-0.376386  0.652247 -0.657957    -1.051274
>../../../../class2/gly2//data/domains/Catalytic_domain/structures/GlyT_Bact_5f5w_A_aeolicus.pdb
 0.006560 -0.227011 -0.973870    41.605425
 0.654454 -0.735374  0.175825    98.640697
-0.756073 -0.638507  0.143744   -20.838604
>../../../../class2/phe3//data/domains/Catalytic_domain/structures/Phe_Euk_3CMQ.H_sapiens.pdb
-0.277101  0.879530 -0.386835    30.867822
-0.838040 -0.024298  0.545067    51.930465
 0.470004  0.475222  0.743815   -16.015442
>../../../../class2/phe3//data/domains/Catalytic_domain/structures/Phe_Euk_3TEG.H_sapiens.pdb
-0.284028  0.877500 -0.386423    30.879275
-0.835251 -0.028535  0.549128    51.902970
 0.470834  0.478728  0.741037   -16.143822
