>../../../../class1//leu1/data/domains/LeuRS-B_IM//structures/LeuRS-B_AF_Bact_Bifidobacterium_longum_subsp_longum_JCM_1217_gene69578373.pdb
-0.310429  0.911208  0.270801     3.959610
 0.482352 -0.094485  0.870867    -1.760050
 0.819128  0.400963 -0.410193    -2.894107
>../../../../class1//leu1/data/domains/LeuRS-B_IM//structures/LeuRS-B_AF_Bact_Brachyspira_pilosicoli_95_1000_gene56439070.pdb
-0.964854  0.224173  0.137125     0.295344
 0.262161  0.785143  0.561090    -1.469974
 0.018118  0.577319 -0.816318    -1.288935
>../../../../class1//leu1/data/domains/LeuRS-B_IM//structures/LeuRS-B_AF_Bact_Chlamydia_psittaci_6BC_gene12243068.pdb
 1.000000 -0.000000  0.000000     0.000000
 0.000000  1.000000  0.000000     0.000000
-0.000000  0.000000  1.000000     0.000000
>../../../../class1//leu1/data/domains/LeuRS-B_IM//structures/LeuRS-B_AF_Bact_Orientia_tsutsugamushi_str_Ikeda_gene66652454.pdb
 0.925996 -0.200095  0.320148     3.509095
 0.218941  0.975453 -0.023600    -2.519852
-0.307566  0.091947  0.947074    -7.053698
>../../../../class1//leu1/data/domains/LeuRS-B_IM//structures/LeuRS-B_AF_Bact_Porphyromonas_gingivalis_ATCC_33277_gene29256038.pdb
-0.594487  0.462855 -0.657533    10.405046
-0.086870  0.775966  0.624764     5.500801
 0.799399  0.428534 -0.421094   -12.214962
>../../../../class1//leu1/data/domains/LeuRS-B_IM//structures/LeuRS-B_AF_Bact_Thermus_thermophilus_HB8_gene3168656.pdb
-0.259341  0.376033 -0.889574    -0.978564
 0.192589 -0.882453 -0.429169     5.905148
-0.946389 -0.282623  0.156437    -2.487365
>../../../../class1//leu1/data/domains/LeuRS-B_IM//structures/LeuRS-B_AF_Euk_Bathycoccus_prasinos_gene19015540.pdb
 0.831061 -0.556174  0.002652     4.894694
 0.474206  0.711056  0.519160    18.827794
-0.290629 -0.430196  0.854673     4.523104
>../../../../class1//leu1/data/domains/LeuRS-B_IM//structures/LeuRS-B_AF_Euk_Klebsormidium_nitens_protein971510658.pdb
 0.312786 -0.610175  0.727908     5.129811
-0.246289 -0.792253 -0.558280    17.704508
 0.917336 -0.004653 -0.398086     4.439488
>../../../../class1//leu1/data/domains/LeuRS-B_IM//structures/LeuRS-B_AF_Euk_Plasmodium_falciparum_3D7_gene2655460.pdb
-0.813964  0.572315 -0.099594    10.955297
 0.580642  0.796269 -0.169736    29.864278
-0.017839 -0.195987 -0.980444   -18.094704
>../../../../class1//leu1/data/domains/LeuRS-B_IM//structures/LeuRS-B_AF_Euk_Thalassiosira_pseudonana_CCMP1335_gene7441753.pdb
-0.933337  0.151184 -0.325614     1.906692
-0.041562  0.855400  0.516298     7.009070
 0.356586  0.495413 -0.792094    -2.171162
>../../../../class1//leu1/data/domains/LeuRS-B_IM//structures/LeuRS-B_AF_Mito_Homo_sapiens_gene23395.pdb
 0.978685 -0.198247  0.053616     2.377756
 0.204497  0.964769 -0.165535     1.888362
-0.018910  0.172971  0.984745     1.337587
>../../../../class1//leu1/data/domains/LeuRS-B_IM//structures/LeuRS-B_AF_Mito_Treponema_denticola_ATCC_35405_gene2739434.pdb
 0.124646  0.085849  0.988480     1.995952
-0.601540 -0.785740  0.144094     0.418725
 0.789059 -0.612571 -0.046298    -1.795350
>../../../../class1//leu1/data/domains/LeuRS-B_IM//structures/LeuRS-B_PDB_Bact_T_therm_2V0C.pdb
-0.432911 -0.674176  0.598393   -24.132210
 0.521852 -0.728708 -0.443457   -22.160159
 0.735023  0.120295  0.667286   -22.998879
