>../../../../class2/his//data/domains/Catalytic_domain/structures/HisRS_AF_Arch_Candidatus_Methanomassiliicoccus_intestinalis_Issoire-Mx1_gene16154026.pdb
-0.322313  0.619776  0.715537    -2.972879
 0.472763 -0.549474  0.688893     2.703875
 0.820128  0.560319 -0.115904     3.662186
>../../../../class2/his//data/domains/Catalytic_domain/structures/HisRS_AF_Arch_Candidatus_Nitrosopumilus_koreensis_AR1_gene13725657.pdb
 0.125131  0.617864 -0.776264    -2.087671
-0.403980 -0.682886 -0.608660     1.997721
-0.906169  0.389758  0.164155     0.047880
>../../../../class2/his//data/domains/Catalytic_domain/structures/HisRS_AF_Arch_Desulfurococcus_amylolyticus_1221n_gene7171287.pdb
 0.999962 -0.001129 -0.008695     0.045877
 0.001091  0.999990 -0.004322     0.006589
 0.008700  0.004313  0.999953    -0.123761
>../../../../class2/his//data/domains/Catalytic_domain/structures/HisRS_AF_Arch_Methanoregula_formicica_SMSP_gene14310605.pdb
-0.064232  0.390882  0.918197    -0.335942
 0.230195 -0.889480  0.394760     2.729973
 0.971022  0.236721 -0.032846     4.445471
>../../../../class2/his//data/domains/Catalytic_domain/structures/HisRS_AF_Bact_Chlamydia_muridarum_str_Nigg_gene1246198.pdb
 0.244282  0.320560 -0.915187    -2.812024
 0.244703 -0.933614 -0.261699    -0.277291
-0.938321 -0.160021 -0.306507     1.158207
>../../../../class2/his//data/domains/Catalytic_domain/structures/HisRS_AF_Bact_Lacticaseibacillus_paracasei_gene61269730.pdb
 0.603196  0.739024 -0.299998    -0.442940
-0.604903  0.178725 -0.775983    -4.212327
-0.519853  0.649540  0.554844    -0.060735
>../../../../class2/his//data/domains/Catalytic_domain/structures/HisRS_AF_Bact_Paracoccus_denitrificans_PD1222_gene75501415.pdb
 0.989039 -0.091266 -0.116069    -1.949911
 0.127295  0.925361  0.357076     1.871580
 0.074817 -0.367937  0.926836     0.284386
>../../../../class2/his//data/domains/Catalytic_domain/structures/HisRS_AF_Bact_Prochlorococcus_marinus_subsp_marinus_str_CCMP1375_gene54200127.pdb
 0.931003 -0.351053 -0.099975     3.934898
 0.364334  0.910420  0.195951     0.907046
 0.022230 -0.218855  0.975504     4.973286
>../../../../class2/his//data/domains/Catalytic_domain/structures/HisRS_AF_Bact_Streptobacillus_moniliformis_DSM_12112_gene29674169.pdb
 0.589776  0.712140 -0.380817    -0.339935
-0.596841  0.066712 -0.799581    -3.481613
-0.544008  0.698861  0.464379    -2.238710
>../../../../class2/his//data/domains/Catalytic_domain/structures/HisRS_AF_Bact_Streptomyces_albidoflavus_gene15149169.pdb
 0.423933  0.873653 -0.238768    -1.482640
-0.446909 -0.027513 -0.894156     0.601301
-0.787752  0.485770  0.378780     2.163934
>../../../../class2/his//data/domains/Catalytic_domain/structures/HisRS_AF_Bact_Thermus_thermophilus_HB8_gene3168691.pdb
 0.696522  0.640798 -0.322856    -1.189667
-0.642920  0.357555 -0.677353    -3.852189
-0.318608  0.679362  0.661027     0.746575
>../../../../class2/his//data/domains/Catalytic_domain/structures/HisRS_AF_Bact_Treponema_denticola_ATCC_35405_gene2741405.pdb
-0.052276 -0.413879 -0.908830    -1.506351
 0.639720 -0.712705  0.287768     0.178523
-0.766828 -0.566353  0.302024     3.526291
>../../../../class2/his//data/domains/Catalytic_domain/structures/HisRS_AF_Euk_Arabidopsis_thaliana_gene823753.pdb
 0.372063  0.899447 -0.229266    -1.314250
-0.518687 -0.003367 -0.854958     0.658337
-0.769762  0.437016  0.465278     1.068094
>../../../../class2/his//data/domains/Catalytic_domain/structures/HisRS_AF_Euk_Cryptococcus_gattii_WM276_gene10186972.pdb
-0.784368 -0.615292  0.078625    -0.369548
-0.614852  0.787969  0.032571     0.165264
-0.081995 -0.022795 -0.996372     0.566638
>../../../../class2/his//data/domains/Catalytic_domain/structures/HisRS_AF_Euk_Plasmodium_falciparum_3D7_gene812010.pdb
-0.119240  0.490588 -0.863195    -9.451910
-0.889261 -0.439440 -0.126911    13.205072
-0.441584  0.752473  0.488660     3.695610
>../../../../class2/his//data/domains/Catalytic_domain/structures/HisRS_AF_Euk_Platysiphonia_delicata_gene33353157.pdb
 0.596063  0.735000 -0.323240     0.669444
-0.597264  0.136807 -0.790291    -5.256927
-0.536643  0.664122  0.520534    -1.834915
>../../../../class2/his//data/domains/Catalytic_domain/structures/HisRS_AF_Mito_Fusarium_fujikuroi_IMI_58289_gene35396474.pdb
 0.004958  0.566832 -0.823819    -4.305898
-0.105685 -0.818918 -0.564096     0.205038
-0.994387  0.089862  0.055845    -4.332410
>../../../../class2/his//data/domains/Catalytic_domain/structures/HisRS_AF_Mito_Rattus_rattus_gene116884285.pdb
-0.415171  0.591421  0.691270     0.648400
 0.202575 -0.680675  0.704021     0.489741
 0.886903  0.432323  0.162789    -1.673936
>../../../../class2/his//data/domains/Catalytic_domain/structures/HisRS_PDB_Arch_T_acidophilum_1WU7.pdb
-0.700741 -0.534628 -0.472372    64.349259
-0.641228  0.181765  0.745512   -54.599033
-0.312711  0.825309 -0.470189    -1.507059
>../../../../class2/his//data/domains/Catalytic_domain/structures/HisRS_PDB_Bact_B_thailandensis_4e51.pdb
-0.168789  0.381412  0.908865   -41.921486
 0.984982  0.099269  0.141266   -11.086761
-0.036342  0.919060 -0.392439    19.046441
>../../../../class2/his//data/domains/Catalytic_domain/structures/HisRS_PDB_Bact_E_coli_1HTT.pdb
-0.588656  0.332341 -0.736908     2.844848
 0.675675 -0.298164 -0.674212    31.130744
-0.443788 -0.894789 -0.049038    10.714519
>../../../../class2/pyl//data/domains/Catalytic_domain/structures/PylRS_AF_Arch_Candidatus_Methanomassiliicoccus_intestinalis_Issoire-Mx1_gene16153983.pdb
 0.646451  0.409353 -0.643840    -3.120189
-0.111333  0.885457  0.451188     3.225853
 0.754789 -0.219990  0.617979     1.126247
>../../../../class2/pyl//data/domains/Catalytic_domain/structures/PylRS_AF_Arch_Methanosalsum_zhilinae_DSM_4017_gene10822650.pdb
 0.650176  0.057243 -0.757624     0.083751
-0.704264 -0.328768 -0.629224    -0.290081
-0.285101  0.942674 -0.173443    -2.573433
>../../../../class2/pyl//data/domains/Catalytic_domain/structures/PylRS_AF_Arch_Unclassified_Candidatus_Bathyarchaeota_proteinUCH69683.1.pdb
-0.762122 -0.151433  0.629474    -3.736840
-0.618237 -0.118456 -0.777014     4.244928
 0.192230 -0.981344 -0.003344    -0.575199
>../../../../class2/pyl//data/domains/Catalytic_domain/structures/PylRS_AF_Bact_Unclassified_Actinobacteria_proteinMBU2601214.1.pdb
-0.771313 -0.139749  0.620924    -4.312384
-0.601526 -0.158689 -0.782933     4.035441
 0.207948 -0.977388  0.038337    -0.685210
>../../../../class2/pyl//data/domains/Catalytic_domain/structures/PylRS_AF_Bact_Unclassified_Aerophobetes_proteinMCD6471581.1.pdb
-0.723191 -0.054423  0.688501    -4.237120
-0.689965  0.012604 -0.723733     4.193903
 0.030710 -0.998438 -0.046666     0.099658
>../../../../class2/pyl//data/domains/Catalytic_domain/structures/PylRS_AF_Bact_unclassified_Desulfosarcina_proteinMBC2741817.pdb
-0.847460 -0.001843  0.530856     3.125640
-0.498749  0.345274 -0.795006     2.870681
-0.181826 -0.938500 -0.293525    -1.507371
>../../../../class2/pyl//data/domains/Catalytic_domain/structures/PylRS_AF_Bact_unclassified_Lachnospiraceae_proteinHCE77498.1.pdb
 0.712750 -0.055922 -0.699185    -2.094447
-0.285340 -0.933724 -0.216196     4.217092
-0.640756  0.353599 -0.681469    -5.259323
>../../../../class2/pyl//data/domains/Catalytic_domain/structures/PylRS_PDB_Arch_M_mazei_2Q7E.pdb
-0.512421  0.847032  0.141286   -32.089878
 0.290822  0.016367  0.956637   -30.465834
 0.807990  0.531290 -0.254722   -26.071318
>../../../../class2/pyl//data/domains/Catalytic_domain/structures/PylRS_PDB_Bact_D_hafniense_2ZNJ.pdb
-0.582053  0.365558 -0.726348    -3.136800
-0.810657 -0.330769  0.483143    57.433320
-0.063636  0.870034  0.488867    12.162191
