>../../../../class2/asp2//data/domains/Catalytic_domain/structures/AsxRS_AF_Arch_Candidatus_Korarchaeum_cryptofilum_OPF8_gene6094477.pdb
 0.523481  0.669396 -0.527140     6.475108
-0.815889  0.215525 -0.536539    -8.436250
-0.245546  0.710956  0.658976    10.116603
>../../../../class2/asp2//data/domains/Catalytic_domain/structures/AsxRS_AF_Arch_Candidatus_Methanomassiliicoccus_intestinalis_Issoire-Mx1_gene16154831.pdb
 0.617079  0.632222 -0.468518     5.300138
-0.778997  0.406627 -0.477302    -7.702286
-0.111249  0.659507  0.743420    10.586296
>../../../../class2/asp2//data/domains/Catalytic_domain/structures/AsxRS_AF_Arch_Candidatus_Nitrosopumilus_koreensis_AR1_gene13725312.pdb
 0.849851  0.392328 -0.351897     7.668268
-0.458352  0.879782 -0.126081   -12.319667
 0.260127  0.268442  0.927509    13.273742
>../../../../class2/asp2//data/domains/Catalytic_domain/structures/AsxRS_AF_Arch_Methanobacterium_lacus_gene10277817.pdb
 0.940828  0.011951 -0.338672     8.232054
 0.119162  0.923889  0.363634    -9.569878
 0.317242 -0.382474  0.867797    15.392289
>../../../../class2/asp2//data/domains/Catalytic_domain/structures/AsxRS_AF_Bact_Candidatus_Liptonbacteria_bacterium_proteinMBI4085034.1.pdb
-0.798446  0.346394  0.492438     2.396434
 0.592963  0.594132  0.543509    -4.351667
-0.104305  0.725960 -0.679781     5.672102
>../../../../class2/asp2//data/domains/Catalytic_domain/structures/AsxRS_AF_Bact_Clostridium_acetobutylicum_DSM_1731_gene45000055.pdb
 0.322137  0.371995 -0.870545     4.861996
-0.792008 -0.397846 -0.463079    -6.689839
-0.518606  0.838653  0.166462     9.695056
>../../../../class2/asp2//data/domains/Catalytic_domain/structures/AsxRS_AF_Bact_Spirochaetes_bacterium_GWE1_32_154_proteinOHD39701.1.pdb
 0.947495  0.261677 -0.183789     5.499847
-0.203000  0.936306  0.286570    -8.687305
 0.247072 -0.234214  0.940265    10.334356
>../../../../class2/asp2//data/domains/Catalytic_domain/structures/AsxRS_AF_Bact_Tropheryma_whipplei_TW08_27_gene67388547.pdb
-0.430229 -0.619678  0.656431     5.361892
-0.612891 -0.333372 -0.716399    -8.285787
 0.662773 -0.710536 -0.236369    10.406988
>../../../../class2/asp2//data/domains/Catalytic_domain/structures/AsxRS_AF_Euk_Caenorhabditis_elegans_gene176334.pdb
 0.289268  0.318528 -0.902698     2.197668
-0.809162 -0.422480 -0.408372    -5.669788
-0.511450  0.848558  0.135531    10.834531
>../../../../class2/asp2//data/domains/Catalytic_domain/structures/AsxRS_AF_Euk_Cryptococcus_neoformans_var_neoformans_JEC21_gene3258977.pdb
 1.000000  0.000000  0.000000     0.000000
 0.000000  1.000000  0.000000     0.000000
 0.000000  0.000000  1.000000     0.000000
>../../../../class2/asp2//data/domains/Catalytic_domain/structures/AsxRS_AF_Euk_Thalassiosira_pseudonana_CCMP1335_gene7443135.pdb
 0.339731  0.406730 -0.848029     4.092858
-0.833777 -0.286974 -0.471659    -7.025574
-0.435200  0.867305  0.241628    10.486579
>../../../../class2/asp2//data/domains/Catalytic_domain/structures/AsxRS_AF_Euk_Theileria_orientalis_strain_Shintoku_gene20715543.pdb
 0.228587  0.217457 -0.948926     1.639941
-0.778133 -0.544943 -0.312324    -5.148990
-0.585027  0.809784  0.044644    11.348632
>../../../../class2/asp2//data/domains/Catalytic_domain/structures/AsxRS_PDB_Arch_T_kodarensis_1b8a.pdb
-0.687993  0.100523  0.718722     3.660495
-0.192126  0.929795 -0.313956    -1.657551
-0.699824 -0.354084 -0.620380    58.578258
>../../../../class2/asp2//data/domains/Catalytic_domain/structures/AsxRS_PDB_Bact_T_thermophilus_1n9w.pdb
-0.400540 -0.508591  0.762170   -30.507257
-0.401238  0.845173  0.353117   -13.767862
-0.823757 -0.164374 -0.542591    73.608298
>../../../../class2/asp2//data/domains/Catalytic_domain/structures/AsxRS_PDB_Euk_S_cerevisiae_1EOV.pdb
-0.533557 -0.819127  0.210590     2.118247
-0.359912 -0.005422 -0.932971    42.487382
 0.765363 -0.573587 -0.291921    36.079920
>../../../../class2/phe3//data/domains/Catalytic_domain/structures/PheRS-Aα_AF_Arch_Candidatus_Nitrosopumilus_koreensis_AR1_gene13724458.pdb
-0.112591  0.373854 -0.920628    16.012295
 0.459257 -0.802038 -0.381862    -7.259706
-0.881139 -0.465799 -0.081392     9.524411
>../../../../class2/phe3//data/domains/Catalytic_domain/structures/PheRS-Aα_AF_Arch_Haloterrigena_turkmenica_DSM_5511_gene8744248.pdb
 0.594084 -0.310065 -0.742243     4.166256
 0.772782  0.476163  0.419615    -5.063287
 0.223321 -0.822878  0.522493     9.979693
>../../../../class2/phe3//data/domains/Catalytic_domain/structures/PheRS-Aα_AF_Arch_Thermoplasma_volcanium_GSS1_gene1441177.pdb
-0.522836  0.298215  0.798568     3.293731
 0.463332 -0.686924  0.559874    -3.767747
 0.715518  0.662724  0.220975    10.338099
>../../../../class2/phe3//data/domains/Catalytic_domain/structures/PheRS-Aα_AF_Arch_Thermosphaera_aggregans_DSM_11486_gene9165306.pdb
 0.316908  0.194685 -0.928260    -2.589254
 0.543744 -0.839196  0.009629    -4.994770
-0.777117 -0.507788 -0.371806     8.839792
>../../../../class2/phe3//data/domains/Catalytic_domain/structures/PheRS-Aα_AF_Euk_Cyanidioschyzon_merolae_strain_10D_gene16993638.pdb
-0.217886 -0.126708  0.967714     3.376940
-0.664621 -0.706838 -0.242193   -11.635837
 0.714706 -0.695934  0.069797    16.289677
>../../../../class2/phe3//data/domains/Catalytic_domain/structures/PheRS-Aα_AF_Euk_Megalobrama_amblycephala_gene125266654.pdb
-0.922343 -0.098377  0.373638    -1.904761
 0.269538  0.529030  0.804659    -8.000589
-0.276826  0.842881 -0.461431     7.100729
>../../../../class2/phe3//data/domains/Catalytic_domain/structures/PheRS-Aα_AF_Euk_Plasmodium_falciparum_3D7_gene813233.pdb
 0.768103  0.505960 -0.392456    -0.143022
-0.355858 -0.172240 -0.918530   -14.833277
-0.532337  0.845185  0.047752     7.506992
>../../../../class2/phe3//data/domains/Catalytic_domain/structures/PheRS-Aα_AF_Euk_Schizosaccharomyces_pombe_gene2543647.pdb
 0.833117 -0.241075 -0.497795     3.925814
 0.154401  0.965602 -0.209219   -12.065586
 0.531109  0.097444  0.841681    14.327626
>../../../../class2/phe3//data/domains/Catalytic_domain/structures/PheRS-Aα_PDB_Euk.B_H_sapiens_3L4G.C.pdb
 0.400994 -0.913903 -0.063131    94.001068
 0.909198  0.388603  0.149489   -80.605456
-0.112086 -0.117342  0.986746    61.291542
