>../../../../class2/asp2//data/domains/Catalytic_domain/structures/Asp_Arch_1b8a_T_kodarensis.pdb
-0.588630 -0.535457  0.605640     7.589054
-0.660858  0.750218  0.020984    14.031761
-0.465598 -0.387890 -0.795462    45.672190
>../../../../class2/asp2//data/domains/Catalytic_domain/structures/Aspartyl.E.Apicomplexa.NC_011903.2.pdb
 1.000000  0.000000  0.000000     0.000000
 0.000000  1.000000  0.000000     0.000000
 0.000000  0.000000  1.000000     0.000000
>../../../../class2/asp2//data/domains/Catalytic_domain/structures/Aspartyl.E.Rhodophyta.NC_010136.1.pdb
 0.997980 -0.063006  0.008187     0.503882
 0.062889  0.997925  0.013817     0.016306
-0.009041 -0.013274  0.999871     0.919826
>../../../../class2/asp2//data/domains/Catalytic_domain/structures/Asp_Bact_1n9w_T_thermophilus.pdb
-0.274722 -0.919578  0.280900    -9.242113
-0.693541  0.391856  0.604524   -11.708365
-0.665979 -0.028739 -0.745417    70.145172
>../../../../class2/asp2//data/domains/Catalytic_domain/structures/Asp_Euk_1EOV_S_cerevisiae.pdb
-0.037310 -0.769932  0.637034   -24.073225
-0.442335 -0.558901 -0.701405    45.175612
 0.896073 -0.307952 -0.319715    23.659076
>../../../../class2/ser2//data/domains/Catalytic_domain/structures/Ser_Arch_2cim_M_barkeri.pdb
-0.195571 -0.603945 -0.772660    81.217232
 0.570849 -0.710747  0.411061   -54.178453
-0.797423 -0.360680  0.483762   -18.770597
>../../../../class2/ser2//data/domains/Catalytic_domain/structures/Ser_Arch_2cjb_M_barkeri.pdb
-0.148761 -0.565978 -0.810888    82.928535
 0.572282 -0.718014  0.396167   -53.339449
-0.806451 -0.405123  0.430711   -14.277546
