>structures/Gly_Bact_1ati_T_thermophilus.pdb
-0.153293 -0.575125  0.803575     1.856086
 0.815491 -0.532894 -0.225830    10.465516
 0.558100  0.620690  0.550698   -53.473625
>structures/Glycyl.A.Candidatus_Thermoplasmatota.NC_002689.2.pdb
 0.654154  0.750676  0.092558    -0.654345
-0.670813  0.632339 -0.387501     3.637809
-0.349416  0.191397  0.917211    -2.365677
>structures/Glycyl.A.Crenarchaeota.NC_015518.1.pdb
 0.404943  0.894222 -0.190758     4.117089
-0.800215  0.245667 -0.547087     4.917096
-0.442354  0.374186  0.815051    -5.132452
>structures/Glycyl.A.Euryarchaeota.NC_015574.1.pdb
-0.992575 -0.093945 -0.077261     4.451137
-0.100706  0.990941  0.088851     2.734828
 0.068214  0.095972 -0.993044    -3.784425
>structures/Glycyl.A.Thaumarchaeota.NC_018656.1.pdb
 0.425549  0.891049 -0.157923     1.787556
-0.738785  0.241305 -0.629260     3.550081
-0.522594  0.384452  0.760981    -2.245101
>structures/Glycyl.B.Actinobacteria.NC_015067.1.pdb
 1.000000  0.000000  0.000000     0.000000
 0.000000  1.000000  0.000000     0.000000
 0.000000  0.000000  1.000000     0.000000
>structures/Glycyl.B.Deinococcus-Thermus.NC_006461.1.pdb
-0.016408  0.671639 -0.740697     5.104366
-0.258588 -0.718444 -0.645732     4.271300
-0.965848  0.180940  0.185466     0.933974
>structures/Glycyl.B.Spirochaetes.NC_002967.9.pdb
-0.949824  0.279819  0.139769     2.214792
 0.310879  0.795291  0.520448     2.561020
 0.034474  0.537785 -0.842377     2.574176
>structures/Glycyl.E.Apicomplexa.NC_036168.2.pdb
-0.085589  0.237895 -0.967512     3.137897
-0.062912 -0.970428 -0.233047     1.887773
-0.994342  0.040922  0.098025    -3.500931
>structures/Glycyl.E.Ascomycota.NC_001134.8.pdb
 0.206491  0.904716 -0.372626     2.865528
-0.788837 -0.071380 -0.610443     3.765627
-0.578876  0.419992  0.698934    -5.259749
>structures/Glycyl.E.Basidiomycota.NC_026485.1.pdb
 0.077489  0.738473 -0.669816     4.439826
-0.645419 -0.474903 -0.598248     3.599230
-0.759888  0.478669  0.439825    -2.595362
>structures/Glycyl.E.Rhodophyta.NC_010129.1.pdb
 0.685007 -0.591052 -0.425938     3.149134
 0.517402 -0.016915  0.855576     2.150604
-0.512894 -0.806456  0.294224    -4.775614
>structures/Gly_Euk_2q5h_H_sapiens.pdb
 0.967294 -0.049832 -0.248715  -106.373902
 0.170101  0.854803  0.490284    48.300472
 0.188171 -0.516555  0.835322    93.132551
