>structures/Gly_Bact_1ati_T_thermophilus.pdb
-0.958960 -0.091798  0.268270    16.374259
 0.281947 -0.408900  0.867933   -19.397268
 0.030021  0.907951  0.418001   -41.726526
>structures/Glycyl.A.Candidatus_Thermoplasmatota.NC_002689.2.pdb
 0.957827 -0.282764 -0.051098    -2.253685
 0.283475  0.900784  0.328983    -3.668308
-0.046996 -0.329593  0.942953     3.743873
>structures/Glycyl.A.Crenarchaeota.NC_015518.1.pdb
 1.000000  0.000000  0.000000    -0.000000
 0.000000  1.000000  0.000000    -0.000000
 0.000000  0.000000  1.000000     0.000000
>structures/Glycyl.A.Euryarchaeota.NC_015574.1.pdb
-0.370110 -0.869809  0.326268     1.409974
-0.878292  0.213189 -0.427964    -0.240168
 0.302690 -0.444952 -0.842850     2.177175
>structures/Glycyl.A.Thaumarchaeota.NC_018656.1.pdb
 0.995310  0.014738  0.095611    -0.826973
-0.014358  0.999886 -0.004657    -1.892799
-0.095668  0.003263  0.995408     3.656496
>structures/Glycyl.B.Actinobacteria.NC_015067.1.pdb
 0.417418 -0.794734 -0.440635     0.175037
 0.887754  0.253095  0.384493    -3.386754
-0.194047 -0.551670  0.811175     7.702350
>structures/Glycyl.B.Deinococcus-Thermus.NC_006461.1.pdb
 0.630462  0.765537  0.128336    -1.645382
-0.447466  0.493538 -0.745784     2.662206
-0.634264  0.412763  0.653709     5.095857
>structures/Glycyl.B.Spirochaetes.NC_002967.9.pdb
-0.649838 -0.759762  0.021716    -2.106967
-0.759313  0.647646 -0.063236     0.572786
 0.033981 -0.057583 -0.997762     8.080367
>structures/Glycyl.E.Apicomplexa.NC_036168.2.pdb
 0.436510  0.855653 -0.278059     1.419263
-0.483489 -0.037547 -0.874545    -1.802973
-0.758747  0.516186  0.397309     3.141082
>structures/Glycyl.E.Ascomycota.NC_001134.8.pdb
 0.960858  0.275804  0.026159     0.607623
-0.263085  0.937967 -0.225842    -2.096027
-0.086824  0.210120  0.973813     0.891151
>structures/Glycyl.E.Basidiomycota.NC_026485.1.pdb
 0.874788  0.484473 -0.005678     0.396282
-0.397016  0.710056 -0.581548     0.355987
-0.277713  0.510986  0.813492     2.776585
>structures/Glycyl.E.Rhodophyta.NC_010129.1.pdb
 0.110714  0.095515 -0.989252     1.959363
 0.549957 -0.834975 -0.019069    -1.959751
-0.827823 -0.541934 -0.144972     2.038925
>structures/Gly_Euk_2q5h_H_sapiens.pdb
 0.243455 -0.498089 -0.832248  -124.373117
 0.960219  0.002764  0.279235   -42.668756
-0.136783 -0.867122  0.478947    80.493467
