>structures/Gly_Bact_1ati_T_thermophilus.pdb
-0.149833 -0.572763  0.805911     1.502603
 0.814806 -0.533237 -0.227487    10.618751
 0.560038  0.622576  0.546587   -53.495065
>structures/Glycyl.A.Candidatus_Thermoplasmatota.NC_002689.2.pdb
 0.651995  0.752287  0.094694    -0.731220
-0.671183  0.630729 -0.389480     3.667830
-0.352727  0.190382  0.916154    -2.417388
>structures/Glycyl.A.Crenarchaeota.NC_015518.1.pdb
 0.417418  0.887754 -0.194047     4.428160
-0.794734  0.253095 -0.551670     5.245438
-0.440635  0.384493  0.811175    -4.868647
>structures/Glycyl.A.Euryarchaeota.NC_015574.1.pdb
-0.992661 -0.094220 -0.075806     4.496918
-0.101069  0.990592  0.092259     2.856269
 0.066400  0.099243 -0.992845    -3.745503
>structures/Glycyl.A.Thaumarchaeota.NC_018656.1.pdb
 0.415852  0.896110 -0.155091     1.547282
-0.742377  0.235987 -0.627046     3.418510
-0.525303  0.375894  0.763387    -2.362752
>structures/Glycyl.B.Actinobacteria.NC_015067.1.pdb
 1.000000  0.000000  0.000000    -0.000000
 0.000000  1.000000  0.000000    -0.000000
 0.000000  0.000000  1.000000     0.000000
>structures/Glycyl.B.Deinococcus-Thermus.NC_006461.1.pdb
-0.018308  0.673720 -0.738760     5.006748
-0.261958 -0.716305 -0.646750     4.295982
-0.964906  0.181683  0.189600     0.898197
>structures/Glycyl.B.Spirochaetes.NC_002967.9.pdb
-0.950874  0.273132  0.145732     2.434143
 0.308548  0.797748  0.518070     2.607847
 0.025244  0.537585 -0.842832     2.772883
>structures/Glycyl.E.Apicomplexa.NC_036168.2.pdb
-0.088775  0.231839 -0.968695     3.054541
-0.061023 -0.971974 -0.227031     1.868950
-0.994181  0.038958  0.100435    -3.515773
>structures/Glycyl.E.Ascomycota.NC_001134.8.pdb
 0.202021  0.907031 -0.369436     2.709511
-0.790073 -0.071984 -0.608772     3.733913
-0.578768  0.414866  0.702078    -5.341581
>structures/Glycyl.E.Basidiomycota.NC_026485.1.pdb
 0.062409  0.737218 -0.672767     4.190167
-0.642896 -0.485908 -0.592096     3.485878
-0.763407  0.469471  0.443629    -2.782843
>structures/Glycyl.E.Rhodophyta.NC_010129.1.pdb
 0.686904 -0.598501 -0.412261     2.941470
 0.510431 -0.006489  0.859894     2.071818
-0.517323 -0.801095  0.301036    -4.949019
