>structures/GlyRS-E_AF_Arch_Methanosalsum_zhilinae_DSM_4017_gene10821854.pdb
-0.309299 -0.786322  0.534819    12.267382
-0.580250 -0.289519 -0.761242    -8.052897
 0.753422 -0.545780 -0.366715    -0.713666
>structures/GlyRS-E_AF_Euk_Cryptococcus_neoformans_var_neoformans_JEC21_gene3258293.pdb
 1.000000  0.000000  0.000000     0.000000
 0.000000  1.000000  0.000000     0.000000
 0.000000  0.000000  1.000000     0.000000
>structures/GlyRS-E_AF_Euk_Girardinichthys_multiradiatus_gene124858359.pdb
 0.227475 -0.786034  0.574809    -6.934170
-0.732380 -0.527126 -0.430996     1.968169
 0.641774 -0.322938 -0.695584     0.398523
>structures/GlyRS-E_AF_Euk_Plasmodium_yoelii_gene3801472.pdb
-0.105338  0.088772  0.990466     1.623870
-0.441297 -0.896738  0.033438     5.604125
 0.891157 -0.433567  0.133636    11.876197
>structures/GlyRS-E_AF_Euk_Schizosaccharomyces_pombe_gene2543181.pdb
-0.075661 -0.879133  0.470532    -1.863366
-0.816086 -0.216551 -0.535825    -2.151003
 0.572956 -0.424536 -0.701064    -1.484270
