>../../../../class2/his//data/domains/Catalytic_domain/structures/HisRS_AF_Arch_Candidatus_Methanomassiliicoccus_intestinalis_Issoire-Mx1_gene16154026.pdb
-0.736882  0.174598 -0.653085     8.642483
 0.268657  0.962141 -0.045906     7.855057
 0.620345 -0.209283 -0.755892    -4.160770
>../../../../class2/his//data/domains/Catalytic_domain/structures/HisRS_AF_Arch_Candidatus_Nitrosopumilus_koreensis_AR1_gene13725657.pdb
 0.742826  0.359227  0.564947    10.714871
-0.443437  0.896208  0.013194     5.822775
-0.501571 -0.260320  0.825021    -6.682021
>../../../../class2/his//data/domains/Catalytic_domain/structures/HisRS_AF_Arch_Desulfurococcus_amylolyticus_1221n_gene7171287.pdb
-0.128063 -0.891635 -0.434266    12.280293
 0.502853 -0.435790  0.746476     7.521279
-0.854833 -0.122776  0.504169    -8.443413
>../../../../class2/his//data/domains/Catalytic_domain/structures/HisRS_AF_Arch_Methanoregula_formicica_SMSP_gene14310605.pdb
-0.615868  0.648915 -0.446783     7.903279
 0.601356  0.753562  0.265547     9.543578
 0.508996 -0.105134 -0.854324    -6.205380
>../../../../class2/his//data/domains/Catalytic_domain/structures/HisRS_AF_Bact_Chlamydia_muridarum_str_Nigg_gene1246198.pdb
 0.165042  0.860166  0.482571    12.331900
-0.684019  0.452316 -0.572300     7.116555
-0.710548 -0.235635  0.663022    -5.319039
>../../../../class2/his//data/domains/Catalytic_domain/structures/HisRS_AF_Bact_Lacticaseibacillus_paracasei_gene61269730.pdb
 0.697982 -0.522798  0.489391    16.053396
 0.174173  0.786810  0.592110     9.031343
-0.694612 -0.328043  0.640236    -7.471227
>../../../../class2/his//data/domains/Catalytic_domain/structures/HisRS_AF_Bact_Paracoccus_denitrificans_PD1222_gene75501415.pdb
-0.267201 -0.652157 -0.709432    10.655744
 0.487207 -0.726601  0.484438     6.112598
-0.831404 -0.216198  0.511884    -6.709454
>../../../../class2/his//data/domains/Catalytic_domain/structures/HisRS_AF_Bact_Prochlorococcus_marinus_subsp_marinus_str_CCMP1375_gene54200127.pdb
-0.447693 -0.672538 -0.589290     8.730040
 0.317993 -0.735688  0.598033    12.872185
-0.835734  0.080345  0.543225    -9.367533
>../../../../class2/his//data/domains/Catalytic_domain/structures/HisRS_AF_Bact_Streptobacillus_moniliformis_DSM_12112_gene29674169.pdb
 0.695429 -0.459220  0.552717    16.421040
 0.146606  0.843654  0.516482     7.344838
-0.703481 -0.278145  0.654026    -8.724365
>../../../../class2/his//data/domains/Catalytic_domain/structures/HisRS_AF_Bact_Streptomyces_albidoflavus_gene15149169.pdb
 0.692509 -0.292459  0.659469    10.986267
-0.182114  0.813662  0.552077     8.136731
-0.698044 -0.502417  0.510207    -6.079016
>../../../../class2/his//data/domains/Catalytic_domain/structures/HisRS_AF_Bact_Thermus_thermophilus_HB8_gene3168691.pdb
 0.629962 -0.690444  0.355577    15.486216
 0.385173  0.675335  0.628939     9.245325
-0.674381 -0.259249  0.691376    -6.396884
>../../../../class2/his//data/domains/Catalytic_domain/structures/HisRS_AF_Bact_Treponema_denticola_ATCC_35405_gene2741405.pdb
-0.225948  0.933104 -0.279756    10.748633
-0.883422 -0.317294 -0.344804     9.525024
-0.410503  0.169235  0.896017    -5.264212
>../../../../class2/his//data/domains/Catalytic_domain/structures/HisRS_AF_Euk_Arabidopsis_thaliana_gene823753.pdb
 0.753663 -0.313020  0.577936    11.415198
-0.169011  0.757444  0.630645     7.592306
-0.635159 -0.572972  0.517954    -6.732786
>../../../../class2/his//data/domains/Catalytic_domain/structures/HisRS_AF_Euk_Cryptococcus_gattii_WM276_gene10186972.pdb
 0.678704 -0.615187  0.401131    11.917412
-0.176940 -0.667077 -0.723671     7.750791
 0.712779  0.420183 -0.561599    -7.766910
>../../../../class2/his//data/domains/Catalytic_domain/structures/HisRS_AF_Euk_Plasmodium_falciparum_3D7_gene812010.pdb
 1.000000  0.000000  0.000000     0.000000
 0.000000  1.000000  0.000000     0.000000
 0.000000  0.000000  1.000000     0.000000
>../../../../class2/his//data/domains/Catalytic_domain/structures/HisRS_AF_Euk_Platysiphonia_delicata_gene33353157.pdb
 0.690760 -0.505713  0.516821    17.662841
 0.155881  0.802087  0.576504     8.820553
-0.706082 -0.317664  0.632881    -9.231921
>../../../../class2/his//data/domains/Catalytic_domain/structures/HisRS_AF_Mito_Fusarium_fujikuroi_IMI_58289_gene35396474.pdb
 0.528027  0.617662  0.582822    14.547340
-0.696462  0.707661 -0.118981     2.103302
-0.485930 -0.343088  0.803842    -6.867599
>../../../../class2/his//data/domains/Catalytic_domain/structures/HisRS_AF_Mito_Rattus_rattus_gene116884285.pdb
-0.519000  0.340187 -0.784163    12.547169
 0.369436  0.916556  0.153109     6.492753
 0.770815 -0.210235 -0.601370    -9.808639
>../../../../class2/his//data/domains/Catalytic_domain/structures/HisRS_PDB_Arch_T_acidophilum_1WU7.pdb
 0.790914 -0.463911 -0.399050    53.792210
-0.295464  0.281552 -0.912923    61.980409
 0.535869  0.839949  0.085615   -57.697244
>../../../../class2/his//data/domains/Catalytic_domain/structures/HisRS_PDB_Bact_B_thailandensis_4e51.pdb
-0.830764 -0.553070 -0.062805    18.769956
-0.556621  0.825894  0.089851     6.293560
 0.002177  0.109604 -0.993973    38.518377
>../../../../class2/his//data/domains/Catalytic_domain/structures/HisRS_PDB_Bact_E_coli_1HTT.pdb
-0.332634  0.614903  0.715017   -20.619003
-0.921888 -0.371759 -0.109166     3.347224
 0.198688 -0.695478  0.690531    -9.375005
>../../../../class2/ser2//data/domains/Catalytic_domain/structures/SerRS-A_AF_Arch_Conexivisphaera_calida_protein1635512986.pdb
 0.571954 -0.817729 -0.064719     4.611687
-0.745419 -0.485201 -0.457089     6.527106
 0.342373  0.309677 -0.887063   -17.288980
>../../../../class2/ser2//data/domains/Catalytic_domain/structures/SerRS-A_AF_Arch_Ignisphaera_aggregans_protein304378874.pdb
-0.167107 -0.773021 -0.611975     5.950417
-0.746555  0.504639 -0.433583     4.857502
 0.643996  0.384419 -0.661432   -18.063510
>../../../../class2/ser2//data/domains/Catalytic_domain/structures/SerRS-A_AF_Arch_Methanosarcina_barkeri_protein805401349.pdb
 0.751459  0.422911  0.506415     3.045150
 0.356305 -0.906126  0.227998     5.400482
 0.555299  0.009107 -0.831601   -18.646809
>../../../../class2/ser2//data/domains/Catalytic_domain/structures/SerRS-A_AF_Arch_Unclassified_Thermoplasmata_protein1635512986.pdb
 0.762365 -0.645820  0.041426     2.913052
-0.591924 -0.721754 -0.358743     7.218729
 0.261583  0.248972 -0.932517   -19.500535
>../../../../class2/ser2//data/domains/Catalytic_domain/structures/SerRS-A_PDB_Arch_M_barkeri_2cim.pdb
-0.807846 -0.388284 -0.443418    78.529763
 0.144324 -0.859745  0.489907   -42.702359
-0.571450  0.331774  0.750581   -52.841929
>../../../../class2/ser2//data/domains/Catalytic_domain/structures/SerRS-A_PDB_Arch_M_barkeri_2cjb.pdb
-0.796664 -0.368791 -0.478874    81.327024
 0.131775 -0.879200  0.457867   -39.976608
-0.589883  0.301663  0.749024   -52.185178
