>../../../../class2/asp1//data/domains/Catalytic_domain/structures/AspRS_AF_Arch_Candidatus_Methanomassiliicoccus_intestinalis_Issoire-Mx1_gene16154434.pdb
 0.591389 -0.743683 -0.311762     4.987334
 0.806382  0.544074  0.231801     0.843282
-0.002765 -0.388484  0.921451     4.465096
>../../../../class2/asp1//data/domains/Catalytic_domain/structures/AspRS_AF_Arch_unclassified_Euryarchaeota_proteinHHT76046.1.pdb
 0.703148 -0.498642 -0.506891     0.807554
 0.699682  0.612151  0.368395    -1.355692
 0.126597 -0.613699  0.779324    -0.522852
>../../../../class2/asp1//data/domains/Catalytic_domain/structures/AspRS_AF_Bact_Bacillus_anthracis_str_Ames_Ancestor_gene45024275.pdb
-0.446593  0.477851  0.756447    -0.299183
 0.552946 -0.517268  0.653211     4.349762
 0.703424  0.709994 -0.033217     3.184976
>../../../../class2/asp1//data/domains/Catalytic_domain/structures/AspRS_AF_Bact_Brachyspira_pilosicoli_95_1000_gene56440011.pdb
 0.624834 -0.423513 -0.655910     1.962562
 0.779225  0.390881  0.489920    -1.870568
 0.048895 -0.817220  0.574248     1.040596
>../../../../class2/asp1//data/domains/Catalytic_domain/structures/AspRS_AF_Bact_Chlamydia_muridarum_str_Nigg_gene1246197.pdb
 0.150722 -0.346063 -0.926026     2.459000
 0.930273 -0.267284  0.251299    -2.018824
-0.334477 -0.899333  0.281648     0.702152
>../../../../class2/asp1//data/domains/Catalytic_domain/structures/AspRS_AF_Bact_Mycoplasma_hyopneumoniae_168-L_gene57101115.pdb
 0.848030 -0.529922 -0.005305     7.500225
 0.528725  0.846709 -0.059446    -1.839660
 0.035993  0.047607  0.998217     4.187166
>../../../../class2/asp1//data/domains/Catalytic_domain/structures/AspRS_AF_Bact_Nocardia_cyriacigeorgica_GUH-2_gene45501717.pdb
 0.719222  0.588305 -0.369617     2.428258
-0.524643  0.111103 -0.844041    -5.761062
-0.455488  0.800970  0.388558    -1.351602
>../../../../class2/asp1//data/domains/Catalytic_domain/structures/AspRS_AF_Bact_Porphyromonas_gingivalis_ATCC_33277_gene29255515.pdb
 0.489686 -0.239193  0.838448     0.820658
-0.432429 -0.901656 -0.004669    -2.070346
 0.757108 -0.360283 -0.544962     2.658387
>../../../../class2/asp1//data/domains/Catalytic_domain/structures/AspRS_AF_Bact_Prochlorococcus_marinus_subsp_marinus_str_CCMP1375_gene54201182.pdb
 0.160848 -0.520483 -0.838585     1.386184
 0.897311 -0.276737  0.343875     4.010373
-0.411049 -0.807783  0.422523     2.322153
>../../../../class2/asp1//data/domains/Catalytic_domain/structures/AspRS_AF_Bact_Xylella_fastidiosa_Temecula1_gene58016479.pdb
 0.693133  0.623069 -0.362424    -0.796445
-0.486267  0.033038 -0.873185    -1.182424
-0.532081  0.781469  0.325878     0.496526
>../../../../class2/asp1//data/domains/Catalytic_domain/structures/AspRS_AF_Mito_Oryza_sativa_Japonica_Group_gene4324505.pdb
-0.604500 -0.644435  0.468277     0.681103
-0.796571  0.494459 -0.347829    -7.545875
-0.007391 -0.583278 -0.812239     0.651039
>../../../../class2/asp1//data/domains/Catalytic_domain/structures/AspRS_AF_Mito_Oryzias_melastigma_gene112147132.pdb
 1.000000 -0.000000  0.000000     0.000000
 0.000000  1.000000  0.000000     0.000000
-0.000000  0.000000  1.000000     0.000000
>../../../../class2/asp1//data/domains/Catalytic_domain/structures/AspRS_PDB_Bact_E_coli_1c0a.pdb
 0.456530 -0.614471 -0.643433    -5.745537
 0.154637  0.766989 -0.622747   -42.756880
 0.876167  0.184804  0.445174   -54.583972
>../../../../class2/phe5//data/domains/Catalytic_domain/structures/PheRS-M_AF_Mito_Arabidopsis_thaliana_gene824983.pdb
-0.654430  0.496586 -0.570197    -8.207779
-0.677764 -0.050953  0.733512    -2.808804
 0.335198  0.866491  0.369913    -4.106470
>../../../../class2/phe5//data/domains/Catalytic_domain/structures/PheRS-M_AF_Mito_Babesia_bovis_T2Bo_gene5478469.pdb
 0.562624 -0.145636  0.813784    -4.741205
-0.309830 -0.949762  0.044235     1.906274
 0.766459 -0.277023 -0.579481    -0.396997
>../../../../class2/phe5//data/domains/Catalytic_domain/structures/PheRS-M_AF_Mito_Candida_albicans_SC5314_gene3638806.pdb
-0.841890  0.107225 -0.528889    -6.452294
-0.102134 -0.994008 -0.038944     2.774706
-0.529895  0.021231  0.847797    -4.620611
>../../../../class2/phe5//data/domains/Catalytic_domain/structures/PheRS-M_AF_Mito_Crassostrea_gigas_gene105329377.pdb
 0.720096 -0.089841  0.688034     3.474036
 0.691902  0.167673 -0.702251     2.136321
-0.052274  0.981741  0.182901    -7.262440
>../../../../class2/phe5//data/domains/Catalytic_domain/structures/PheRS-M_AF_Mito_Drosophila_melanogaster_gene36547.pdb
-0.313320  0.016302 -0.949508    -7.710580
 0.835260 -0.471011 -0.283707     2.858923
-0.451854 -0.881977  0.133961    -0.383704
>../../../../class2/phe5//data/domains/Catalytic_domain/structures/PheRS-M_AF_Mito_Syngnathus_acus_gene119139175.pdb
-0.361536  0.932232  0.015340    -1.880204
 0.701731  0.282903 -0.653866     1.605495
-0.613894 -0.225631 -0.756455    -5.456823
>../../../../class2/phe5//data/domains/Catalytic_domain/structures/PheRS-M_PDB_Mito.H_sapiens_3CMQ.pdb
 0.244008 -0.083820 -0.966144    13.422230
-0.156668 -0.986578  0.046024    24.602045
-0.957035  0.140134 -0.253865    -3.285101
