>../../../../class1/cys//data/domains/Catalytic_domain/structures/CysRS_AF_Arch_Aciduliprofundum_boonei_T469_gene8827372.pdb
-0.978546  0.086046  0.187202    -7.146723
 0.194572  0.087157  0.977008     6.591794
 0.067752  0.992471 -0.102030     8.243243
>../../../../class1/cys//data/domains/Catalytic_domain/structures/CysRS_AF_Arch_Candidatus_Nitrosopumilus_sediminis_gene13696907.pdb
-0.976683  0.003804  0.214652    -0.102792
 0.187328  0.503516  0.843434     2.845154
-0.104872  0.863978 -0.492488     6.129015
>../../../../class1/cys//data/domains/Catalytic_domain/structures/CysRS_AF_Arch_Methanospirillum_hungatei_JF-1_gene3922979.pdb
-0.068272 -0.630312  0.773334    -6.421281
-0.997050  0.070366 -0.030670     2.339469
-0.035085 -0.773146 -0.633256    11.945771
>../../../../class1/cys//data/domains/Catalytic_domain/structures/CysRS_AF_Arch_Pyrobaculum_ferrireducens_gene11593896.pdb
-0.101092 -0.380218  0.919355    -1.165883
-0.930354 -0.291244 -0.222751     4.299233
 0.352451 -0.877845 -0.324295     9.273422
>../../../../class1/cys//data/domains/Catalytic_domain/structures/CysRS_AF_Bact_Bordetella_avium_197N_gene41394405.pdb
-0.397007 -0.820762  0.410774    -2.163626
-0.917700  0.362068 -0.163502     3.276004
-0.014532 -0.441879 -0.896957     8.941663
>../../../../class1/cys//data/domains/Catalytic_domain/structures/CysRS_AF_Bact_Lactobacillus_amylovorus_GRL1118_gene66523130.pdb
-0.149174 -0.649187  0.745857    -2.625855
-0.988373  0.075442 -0.132014     4.370000
 0.029432 -0.756878 -0.652893    10.075008
>../../../../class1/cys//data/domains/Catalytic_domain/structures/CysRS_AF_Bact_Mycobacterium_canettii_CIPT_140010059_gene45427568.pdb
 0.979135 -0.153726 -0.132903    -3.512660
 0.081700  0.896622 -0.435195     3.620008
 0.186065  0.415256  0.890473     8.728363
>../../../../class1/cys//data/domains/Catalytic_domain/structures/CysRS_AF_Bact_Mycoplasma_hyopneumoniae_168-L_gene57101512.pdb
-0.089365 -0.554103  0.827637    -3.634579
-0.957949 -0.179668 -0.223723     2.097936
 0.272666 -0.812828 -0.514747     9.634953
>../../../../class1/cys//data/domains/Catalytic_domain/structures/CysRS_AF_Bact_Porphyromonas_gingivalis_ATCC_33277_gene29256960.pdb
-0.980872 -0.181862  0.069396    -6.386128
-0.022555  0.460300  0.887477     3.756977
-0.193342  0.868936 -0.455597     5.470631
>../../../../class1/cys//data/domains/Catalytic_domain/structures/CysRS_AF_Bact_Prochlorococcus_marinus_subsp_marinus_str_CCMP1375_gene54200571.pdb
-0.134638 -0.008842  0.990855    -4.609803
-0.608734 -0.788282 -0.089749     3.079095
 0.781867 -0.615251  0.100750     9.356317
>../../../../class1/cys//data/domains/Catalytic_domain/structures/CysRS_AF_Bact_Streptobacillus_moniliformis_DSM_12112_gene29673427.pdb
-0.895634  0.376102  0.237459    -7.670472
 0.162233 -0.220864  0.961717     7.532008
 0.414150  0.899870  0.136797    10.589121
>../../../../class1/cys//data/domains/Catalytic_domain/structures/CysRS_AF_Bact_Treponema_pallidum_subsp_pertenue_str_SamoaD_gene57878631.pdb
-0.976596 -0.123165  0.176325    -7.737256
 0.112148  0.407940  0.906095     3.581333
-0.183529  0.904663 -0.384580     7.349273
>../../../../class1/cys//data/domains/Catalytic_domain/structures/CysRS_AF_Euk_Arabidopsis_thaliana_gene833874.pdb
-0.123903 -0.678485  0.724090    -0.297962
-0.949004 -0.132159 -0.286225     5.394330
 0.289894 -0.722628 -0.627511     7.203027
>../../../../class1/cys//data/domains/Catalytic_domain/structures/CysRS_AF_Euk_Cyanidioschyzon_merolae_strain_10D_gene16993418.pdb
-0.281472  0.061312  0.957609     5.206590
-0.438605 -0.895826 -0.071564     8.027430
 0.853463 -0.440156  0.279042     6.533827
>../../../../class1/cys//data/domains/Catalytic_domain/structures/CysRS_AF_Euk_Drosophila_melanogaster_gene36784.pdb
-0.436770  0.466672  0.769057    -0.342015
-0.220047 -0.884367  0.411672     4.149282
 0.872245  0.010577  0.488955     3.512388
>../../../../class1/cys//data/domains/Catalytic_domain/structures/CysRS_AF_Euk_Micromonas_commoda_gene8246535.pdb
 0.949856  0.230434  0.211360     0.214833
 0.094726  0.432129 -0.896823     5.080953
-0.297993  0.871874  0.388633     6.570059
>../../../../class1/cys//data/domains/Catalytic_domain/structures/CysRS_AF_Mito_Morone_saxatilis_gene118339815.pdb
-0.911818 -0.409999 -0.022113    -1.601018
-0.234828  0.476552  0.847203     4.597441
-0.336814  0.777688 -0.530808    11.780435
>../../../../class1/cys//data/domains/Catalytic_domain/structures/CysRS_AF_Mito_Saccharomyces_cerevisiae_S288C_gene855474.pdb
-0.958781  0.031817 -0.282360    -1.095432
-0.279903  0.065336  0.957802     4.616588
 0.048922  0.997356 -0.053737     4.490750
>../../../../class1/cys//data/domains/Catalytic_domain/structures/CysRS_AF_Vir_Megavirus_chiliensis_gene11257271.pdb
 0.736770  0.660211 -0.145913    -1.189468
-0.075477 -0.134146 -0.988083     0.861956
-0.671917  0.739003 -0.049004     4.653518
>../../../../class1/cys//data/domains/Catalytic_domain/structures/CysRS_PDB_Bact_E_coli_1LI5.pdb
 0.382068  0.408312  0.829039  -117.603737
-0.611053  0.784618 -0.104826   -11.887631
-0.693280 -0.466536  0.549278    78.117643
>../../../../class1/cys//data/domains/Catalytic_domain/structures/CysRS_PDB_Bact_M_smegmatis_3C8Z.pdb
 0.511998 -0.506610 -0.693689   -43.367466
 0.613858 -0.349102  0.708030     7.888729
-0.600863 -0.788336  0.132247    41.058145
>../../../../class1/glu2//data/domains/Catalytic_domain/structures/GlxRS_AF_Arch_Candidatus_Korarchaeum_cryptofilum_OPF8_gene6094352.pdb
 1.000000  0.000000  0.000000     0.000000
 0.000000  1.000000  0.000000     0.000000
 0.000000  0.000000  1.000000     0.000000
>../../../../class1/glu2//data/domains/Catalytic_domain/structures/GlxRS_AF_Arch_Methanothrix_soehngenii_GP6_gene10459943.pdb
-0.158095  0.085852 -0.983685    -2.186908
 0.187732 -0.975429 -0.115303     2.146298
-0.969414 -0.202898  0.138093     0.995692
>../../../../class1/glu2//data/domains/Catalytic_domain/structures/GlxRS_AF_Arch_Nitrosopumilus_maritimus_SCM1_gene5773999.pdb
-0.309120 -0.875010  0.372563    -2.905985
-0.837097  0.064421 -0.543248     0.266112
 0.451347 -0.479800 -0.752381    -0.335281
>../../../../class1/glu2//data/domains/Catalytic_domain/structures/GlxRS_AF_Arch_Sulfolobus_islandicus_LAL14_1_gene15298417.pdb
-0.248915  0.493846  0.833161     0.374193
 0.244682 -0.800268  0.547450     4.302064
 0.937108  0.340129  0.078364     3.912522
>../../../../class1/glu2//data/domains/Catalytic_domain/structures/GlxRS_AF_Euk_Cyathus_striatus_proteinKAF9013924.1.pdb
 0.102317  0.686463 -0.719931    -0.609151
-0.310561 -0.665511 -0.678710    -2.468021
-0.945031  0.293026  0.145095    -7.847844
>../../../../class1/glu2//data/domains/Catalytic_domain/structures/GlxRS_AF_Euk_Lichtheimia_hyalospora_proteinKAI7879902.1.pdb
 0.681221  0.731689 -0.023872     0.693101
-0.474781  0.416742 -0.775183     7.609247
-0.557244  0.539405  0.631286    -2.667521
>../../../../class1/glu2//data/domains/Catalytic_domain/structures/GlxRS_AF_Euk_Medicago_truncatula_gene11407510.pdb
 0.410971  0.773499 -0.482496     5.154698
-0.475063 -0.270011 -0.837501    -3.041055
-0.778086  0.573405  0.256494    -3.979489
>../../../../class1/glu2//data/domains/Catalytic_domain/structures/GlxRS_AF_Euk_Xylariaceae_sp_FL0804_proteinKAI0483267.1.pdb
-0.607798  0.674919  0.418408    -2.650367
 0.468327 -0.120850  0.875251    10.707590
 0.641288  0.727928 -0.242631    -1.759971
>../../../../class1/glu2//data/domains/Catalytic_domain/structures/GlxRS_PDB_Arch_M_thermau_3AII.pdb
 0.117968 -0.564571  0.816910   -30.000304
 0.930501 -0.224433 -0.289479    29.503728
 0.346774  0.794285  0.498858   -60.994035
