>../../../../class1/cys//data/domains/Catalytic_domain/structures/CysRS_AF_Arch_Aciduliprofundum_boonei_T469_gene8827372.pdb
-0.978546  0.086046  0.187202    -7.146723
 0.194572  0.087157  0.977008     6.591794
 0.067752  0.992471 -0.102030     8.243243
>../../../../class1/cys//data/domains/Catalytic_domain/structures/CysRS_AF_Arch_Candidatus_Nitrosopumilus_sediminis_gene13696907.pdb
-0.976683  0.003804  0.214652    -0.102792
 0.187328  0.503516  0.843434     2.845154
-0.104872  0.863978 -0.492488     6.129015
>../../../../class1/cys//data/domains/Catalytic_domain/structures/CysRS_AF_Arch_Methanospirillum_hungatei_JF-1_gene3922979.pdb
-0.068767 -0.630664  0.773003    -6.400029
-0.996998  0.071089 -0.030694     2.333188
-0.035594 -0.772793 -0.633659    11.957406
>../../../../class1/cys//data/domains/Catalytic_domain/structures/CysRS_AF_Arch_Pyrobaculum_ferrireducens_gene11593896.pdb
-0.101510 -0.381460  0.918795    -1.169943
-0.932174 -0.286123 -0.221779     4.364597
 0.347488 -0.878989 -0.326542     9.269700
>../../../../class1/cys//data/domains/Catalytic_domain/structures/CysRS_AF_Bact_Bordetella_avium_197N_gene41394405.pdb
-0.397007 -0.820762  0.410774    -2.163626
-0.917700  0.362068 -0.163502     3.276004
-0.014532 -0.441879 -0.896957     8.941663
>../../../../class1/cys//data/domains/Catalytic_domain/structures/CysRS_AF_Bact_Lactobacillus_amylovorus_GRL1118_gene66523130.pdb
-0.147640 -0.646673  0.748343    -2.602862
-0.988455  0.070436 -0.134144     4.360547
 0.034037 -0.759508 -0.649606    10.085709
>../../../../class1/cys//data/domains/Catalytic_domain/structures/CysRS_AF_Bact_Mycobacterium_canettii_CIPT_140010059_gene45427568.pdb
 0.979546 -0.150200 -0.133905    -3.538222
 0.078349  0.897633 -0.433725     3.561543
 0.185343  0.414362  0.891040     8.700060
>../../../../class1/cys//data/domains/Catalytic_domain/structures/CysRS_AF_Bact_Mycoplasma_hyopneumoniae_168-L_gene57101512.pdb
-0.089365 -0.554103  0.827637    -3.634579
-0.957949 -0.179668 -0.223723     2.097936
 0.272666 -0.812828 -0.514747     9.634953
>../../../../class1/cys//data/domains/Catalytic_domain/structures/CysRS_AF_Bact_Porphyromonas_gingivalis_ATCC_33277_gene29256960.pdb
-0.980872 -0.181862  0.069396    -6.386128
-0.022555  0.460300  0.887477     3.756977
-0.193342  0.868936 -0.455597     5.470631
>../../../../class1/cys//data/domains/Catalytic_domain/structures/CysRS_AF_Bact_Prochlorococcus_marinus_subsp_marinus_str_CCMP1375_gene54200571.pdb
-0.134638 -0.008842  0.990855    -4.609803
-0.608734 -0.788282 -0.089749     3.079095
 0.781867 -0.615251  0.100750     9.356317
>../../../../class1/cys//data/domains/Catalytic_domain/structures/CysRS_AF_Bact_Streptobacillus_moniliformis_DSM_12112_gene29673427.pdb
-0.895634  0.376102  0.237459    -7.670472
 0.162233 -0.220864  0.961717     7.532008
 0.414150  0.899870  0.136797    10.589121
>../../../../class1/cys//data/domains/Catalytic_domain/structures/CysRS_AF_Bact_Treponema_pallidum_subsp_pertenue_str_SamoaD_gene57878631.pdb
-0.976596 -0.123165  0.176325    -7.737256
 0.112148  0.407940  0.906095     3.581333
-0.183529  0.904663 -0.384580     7.349273
>../../../../class1/cys//data/domains/Catalytic_domain/structures/CysRS_AF_Euk_Arabidopsis_thaliana_gene833874.pdb
-0.123903 -0.678485  0.724090    -0.297962
-0.949004 -0.132159 -0.286225     5.394330
 0.289894 -0.722628 -0.627511     7.203027
>../../../../class1/cys//data/domains/Catalytic_domain/structures/CysRS_AF_Euk_Cyanidioschyzon_merolae_strain_10D_gene16993418.pdb
-0.281472  0.061312  0.957609     5.206590
-0.438605 -0.895826 -0.071564     8.027430
 0.853463 -0.440156  0.279042     6.533827
>../../../../class1/cys//data/domains/Catalytic_domain/structures/CysRS_AF_Euk_Drosophila_melanogaster_gene36784.pdb
-0.436770  0.466672  0.769057    -0.342015
-0.220047 -0.884367  0.411672     4.149282
 0.872245  0.010577  0.488955     3.512388
>../../../../class1/cys//data/domains/Catalytic_domain/structures/CysRS_AF_Euk_Micromonas_commoda_gene8246535.pdb
 0.949856  0.230434  0.211360     0.214833
 0.094726  0.432129 -0.896823     5.080953
-0.297993  0.871874  0.388633     6.570059
>../../../../class1/cys//data/domains/Catalytic_domain/structures/CysRS_AF_Mito_Morone_saxatilis_gene118339815.pdb
-0.914630 -0.403450 -0.026080    -1.732610
-0.231250  0.469155  0.852301     4.729114
-0.331625  0.785571 -0.522402    11.862880
>../../../../class1/cys//data/domains/Catalytic_domain/structures/CysRS_AF_Mito_Saccharomyces_cerevisiae_S288C_gene855474.pdb
-0.959443  0.032506 -0.280023    -1.102123
-0.277539  0.065203  0.958499     4.581220
 0.049416  0.997342 -0.053536     4.489675
>../../../../class1/cys//data/domains/Catalytic_domain/structures/CysRS_AF_Vir_Megavirus_chiliensis_gene11257271.pdb
 0.736090  0.661383 -0.144028    -1.193906
-0.076046 -0.130629 -0.988510     0.885339
-0.672599  0.738585 -0.045859     4.612062
>../../../../class1/cys//data/domains/Catalytic_domain/structures/CysRS_PDB_Bact_E_coli_1LI5.pdb
 0.382068  0.408312  0.829039  -117.603737
-0.611053  0.784618 -0.104826   -11.887631
-0.693280 -0.466536  0.549278    78.117643
>../../../../class1/cys//data/domains/Catalytic_domain/structures/CysRS_PDB_Bact_M_smegmatis_3C8Z.pdb
 0.511998 -0.506610 -0.693689   -43.367466
 0.613858 -0.349102  0.708030     7.888729
-0.600863 -0.788336  0.132247    41.058145
>../../../../class1/glu2//data/domains/Catalytic_domain/structures/GlxRS_AF_Arch_Candidatus_Korarchaeum_cryptofilum_OPF8_gene6094352.pdb
 1.000000  0.000000  0.000000     0.000000
 0.000000  1.000000  0.000000     0.000000
 0.000000  0.000000  1.000000     0.000000
>../../../../class1/glu2//data/domains/Catalytic_domain/structures/GlxRS_AF_Arch_Methanothrix_soehngenii_GP6_gene10459943.pdb
-0.157649  0.086116 -0.983733    -2.179050
 0.187743 -0.975407 -0.115474     2.151011
-0.969484 -0.202893  0.137604     1.005892
>../../../../class1/glu2//data/domains/Catalytic_domain/structures/GlxRS_AF_Arch_Nitrosopumilus_maritimus_SCM1_gene5773999.pdb
-0.308943 -0.875107  0.372481    -2.911020
-0.837278  0.064482 -0.542963     0.274796
 0.451132 -0.479615 -0.752629    -0.335169
>../../../../class1/glu2//data/domains/Catalytic_domain/structures/GlxRS_AF_Arch_Sulfolobus_islandicus_LAL14_1_gene15298417.pdb
-0.249781  0.493722  0.832975     0.386222
 0.244745 -0.800120  0.547639     4.305806
 0.936862  0.340656  0.079018     3.929349
>../../../../class1/glu2//data/domains/Catalytic_domain/structures/GlxRS_AF_Euk_Cyathus_striatus_proteinKAF9013924.1.pdb
 0.102323  0.686421 -0.719969    -0.607995
-0.310636 -0.665525 -0.678662    -2.471359
-0.945005  0.293091  0.145129    -7.848050
>../../../../class1/glu2//data/domains/Catalytic_domain/structures/GlxRS_AF_Euk_Lichtheimia_hyalospora_proteinKAI7879902.1.pdb
 0.681192  0.731723 -0.023658     0.687881
-0.474480  0.416642 -0.775422     7.620741
-0.557537  0.539436  0.631001    -2.665949
>../../../../class1/glu2//data/domains/Catalytic_domain/structures/GlxRS_AF_Euk_Medicago_truncatula_gene11407510.pdb
 0.411083  0.773464 -0.482457     5.156356
-0.474963 -0.270003 -0.837561    -3.036646
-0.778088  0.573456  0.256373    -3.975800
>../../../../class1/glu2//data/domains/Catalytic_domain/structures/GlxRS_AF_Euk_Xylariaceae_sp_FL0804_proteinKAI0483267.1.pdb
-0.607919  0.674866  0.418317    -2.649707
 0.468122 -0.120905  0.875353    10.714455
 0.641323  0.727968 -0.242419    -1.755378
>../../../../class1/glu2//data/domains/Catalytic_domain/structures/GlxRS_PDB_Arch_M_thermau_3AII.pdb
 0.117570 -0.565256  0.816494   -29.930050
 0.930602 -0.224283 -0.289271    29.482838
 0.346638  0.793841  0.499659   -61.013451
