>../../../../class2/pyl//data/domains/Catalytic_domain/structures/Pyl_Arch_2Q7E_M_mazei.pdb
 0.184009 -0.982514 -0.028412    72.642225
 0.982593  0.184620 -0.020630    -0.358124
 0.025515 -0.024121  0.999383   -15.101910
>../../../../class2/pyl//data/domains/Catalytic_domain/structures/Pyl_Arch_2ZNJ_D_hafniense.pdb
 0.551231 -0.657011  0.514277    33.076248
-0.067578  0.579196  0.812382    46.781154
-0.831611 -0.482564  0.274872    63.518359
>../../../../class2/pyl//data/domains/Catalytic_domain/structures/Pyl_Arch_6jp2_M_alvus.pdb
 1.000000  0.000000  0.000000     0.000000
 0.000000  1.000000  0.000000     0.000000
 0.000000  0.000000  1.000000     0.000000
>../../../../class2/pyl//data/domains/Catalytic_domain/structures/Pyrrolysyl.A.Euryarchaeota.NC_007955.1.pdb
-0.540584 -0.411846  0.733588    37.081197
-0.295951  0.909340  0.292427    18.305373
-0.787516 -0.059024 -0.613461     8.840915
>../../../../class2/sep//data/domains/Catalytic_domain/structures/Sep_Arch_2DU4_A_fulgidus.pdb
 0.263260 -0.725572 -0.635798    73.014649
-0.674086 -0.609818  0.416810   101.695371
-0.690147  0.318853 -0.649639     0.681475
>../../../../class2/sep//data/domains/Catalytic_domain/structures/Sep_Arch_2DU6_A_fulgidus.pdb
 0.261358 -0.723773 -0.638627    72.702321
-0.671536 -0.611598  0.418315   101.279425
-0.693348  0.319531 -0.645886     0.896174
>../../../../class2/sep//data/domains/Catalytic_domain/structures/Sep_Arch_2ODR_M_maripadulis.pdb
 0.392400 -0.795845 -0.461143    40.802948
-0.291385  0.367974 -0.883001    78.067421
 0.872420  0.480860 -0.087505   -50.095182
