>../../../../class2/pyl//data/domains/Catalytic_domain/structures/Pyl_Arch_2Q7E_M_mazei.pdb
 1.000000  0.000000  0.000000     0.000000
 0.000000  1.000000  0.000000     0.000000
 0.000000  0.000000  1.000000     0.000000
>../../../../class2/pyl//data/domains/Catalytic_domain/structures/Pyl_Arch_2ZNJ_D_hafniense.pdb
 0.018262  0.402833  0.915091    41.844706
-0.552993  0.766582 -0.326422    47.641623
-0.832986 -0.500078  0.236763    78.330663
>../../../../class2/pyl//data/domains/Catalytic_domain/structures/Pyl_Arch_6jp2_M_alvus.pdb
 0.172916  0.984739  0.019725   -12.363489
-0.984628  0.173328 -0.021549    71.398544
-0.024639 -0.015696  0.999573    16.929656
>../../../../class2/pyl//data/domains/Catalytic_domain/structures/Pyrrolysyl.A.Euryarchaeota.NC_007955.1.pdb
-0.418997  0.809758  0.410772    12.531715
 0.495083  0.582976 -0.644229    37.811137
-0.761140 -0.066564 -0.645163    24.532416
>../../../../class2/sep//data/domains/Catalytic_domain/structures/Sep_Arch_2DU4_A_fulgidus.pdb
-0.638869 -0.703701  0.310888    99.545304
-0.345984  0.623750  0.700879    14.490674
-0.687125  0.340208 -0.641964    14.713681
>../../../../class2/sep//data/domains/Catalytic_domain/structures/Sep_Arch_2DU6_A_fulgidus.pdb
-0.629683 -0.710056  0.315150    99.286404
-0.341632  0.617445  0.708554    15.023113
-0.697701  0.338499 -0.631373    15.474866
>../../../../class2/sep//data/domains/Catalytic_domain/structures/Sep_Arch_2ODR_M_maripadulis.pdb
-0.218415  0.259806 -0.940636    70.650244
-0.452365  0.827132  0.333494    44.125117
 0.864674  0.498351 -0.063131   -35.293159
