>../../../../class2//pro2/data/domains/ProRS-B_IM//structures/ProRS-B_AF_Bact_Acinetobacter_baylyi_ADP1_gene45233245.pdb
 0.998239  0.030274 -0.051016    -4.705402
-0.042008  0.967960 -0.247566    -1.560924
 0.041886  0.249273  0.967527    -1.485187
>../../../../class2//pro2/data/domains/ProRS-B_IM//structures/ProRS-B_AF_Bact_Brachyspira_pilosicoli_95_1000_gene56438966.pdb
 0.589915 -0.603942 -0.535962    -1.845344
 0.791606  0.301654  0.531380    -0.155677
-0.159247 -0.737740  0.656034     0.523074
>../../../../class2//pro2/data/domains/ProRS-B_IM//structures/ProRS-B_AF_Bact_Chlamydia_psittaci_6BC_gene12242703.pdb
-0.975834  0.207103  0.069680    -1.020042
 0.213680  0.837752  0.502507    -4.303882
 0.045696  0.505252 -0.861761    -0.414212
>../../../../class2//pro2/data/domains/ProRS-B_IM//structures/ProRS-B_AF_Bact_Clostridium_acetobutylicum_DSM_1731_gene44999665.pdb
 1.000000  0.000000  0.000000     0.000000
 0.000000  1.000000  0.000000     0.000000
 0.000000  0.000000  1.000000     0.000000
>../../../../class2//pro2/data/domains/ProRS-B_IM//structures/ProRS-B_AF_Bact_Corynebacterium_ulcerans_809_gene75260584.pdb
-0.793351  0.353604  0.495538     4.009338
 0.519032 -0.032474  0.854138    -4.274511
 0.318118  0.934831 -0.157768    -0.448554
>../../../../class2//pro2/data/domains/ProRS-B_IM//structures/ProRS-B_AF_Bact_Prochlorococcus_marinus_subsp_marinus_str_CCMP1375_gene54199876.pdb
 0.990947  0.108822  0.078627     0.112172
-0.088479  0.969830 -0.227158    -0.438868
-0.100974  0.218145  0.970679    -0.819572
>../../../../class2//pro2/data/domains/ProRS-B_IM//structures/ProRS-B_AF_Bact_Streptobacillus_moniliformis_DSM_12112_gene29673723.pdb
 0.756422  0.652546 -0.044814    -0.057346
-0.497386  0.529362 -0.687301     1.379391
-0.424773  0.542179  0.724989     1.448100
>../../../../class2//pro2/data/domains/ProRS-B_IM//structures/ProRS-B_PDB_Bact_S_aureus_5znj.pdb
 0.840517  0.372291  0.393613   -14.092847
-0.502095  0.808203  0.307747    -2.639044
-0.203548 -0.456298  0.866234   -17.932240
>../../../../class2//pro2/data/domains/ProRS-B_IM//structures/ProRS_PDB_Bact_E_faecalis_2J3M.pdb
 0.596603  0.733207  0.326299   -12.606872
-0.523530  0.663730 -0.534209    29.396509
-0.608260  0.147883  0.779840     9.850486
>../../../../class2//pro3/data/domains/ProRS-B_IM//structures/ProRS-M_AF_Euk_Candida_albicans_SC5314_gene3640100.pdb
 0.972378 -0.195439 -0.127608    -4.742213
 0.092381  0.824316 -0.558542    -7.404106
 0.214350  0.531325  0.819602     0.970806
