>../../../../class2//pro2/data/domains/ProRS-B_IM//structures/ProRS-B_AF_Bact_Acinetobacter_baylyi_ADP1_gene45233245.pdb
 0.997768  0.050358 -0.043850    -4.387119
-0.059271  0.970362 -0.234276    -0.852399
 0.030753  0.236352  0.971181    -1.297307
>../../../../class2//pro2/data/domains/ProRS-B_IM//structures/ProRS-B_AF_Bact_Brachyspira_pilosicoli_95_1000_gene56438966.pdb
 0.597780 -0.608733 -0.521635    -1.461385
 0.781289  0.296626  0.549181     0.474631
-0.179574 -0.735837  0.652914     0.720442
>../../../../class2//pro2/data/domains/ProRS-B_IM//structures/ProRS-B_AF_Bact_Chlamydia_psittaci_6BC_gene12242703.pdb
-0.980557  0.187887  0.056631    -0.580343
 0.189548  0.832141  0.521166    -5.165164
 0.050795  0.521767 -0.851575    -0.715633
>../../../../class2//pro2/data/domains/ProRS-B_IM//structures/ProRS-B_AF_Bact_Clostridium_acetobutylicum_DSM_1731_gene44999665.pdb
 1.000000  0.000000  0.000000     0.000000
 0.000000  1.000000  0.000000     0.000000
 0.000000  0.000000  1.000000     0.000000
>../../../../class2//pro2/data/domains/ProRS-B_IM//structures/ProRS-B_AF_Bact_Corynebacterium_ulcerans_809_gene75260584.pdb
-0.785859  0.327684  0.524452     2.642539
 0.549604 -0.018676  0.835217    -3.243781
 0.283482  0.944603 -0.165420    -0.129084
>../../../../class2//pro2/data/domains/ProRS-B_IM//structures/ProRS-B_AF_Bact_Prochlorococcus_marinus_subsp_marinus_str_CCMP1375_gene54199876.pdb
 0.993958  0.086468  0.067606    -0.004087
-0.068462  0.969849 -0.233891    -0.691946
-0.085792  0.227849  0.969910    -1.056668
>../../../../class2//pro2/data/domains/ProRS-B_IM//structures/ProRS-B_AF_Bact_Streptobacillus_moniliformis_DSM_12112_gene29673723.pdb
 0.759004  0.649456 -0.046041    -0.076485
-0.492873  0.526924 -0.692407     1.139182
-0.425428  0.548232  0.720037     1.313575
>../../../../class2//pro2/data/domains/ProRS-B_IM//structures/ProRS-B_AF_Euk_Candida_albicans_SC5314_gene3640100.pdb
 0.973905 -0.143832 -0.175563    -6.050235
 0.032922  0.854894 -0.517758    -5.396030
 0.224558  0.498467  0.837320     1.026848
