>../../../../class2//gly1/data/domains/GlyRS-AE_IM2//structures/GlyRS-A_AF_Arch_Candidatus_Nitrosopumilus_sediminis_gene13697160.pdb
 1.000000  0.000000  0.000000     0.000000
 0.000000  1.000000  0.000000     0.000000
 0.000000  0.000000  1.000000     0.000000
>../../../../class2//gly1/data/domains/GlyRS-AE_IM2//structures/GlyRS-A_AF_Arch_Candidatus_Woesearchaeota_archaeon_proteinMBT4248212.1.pdb
 0.082124  0.478458 -0.874262    -1.289182
-0.203873 -0.850609 -0.484665     3.034182
-0.975547  0.218041  0.027690    -0.697628
>../../../../class2//gly1/data/domains/GlyRS-AE_IM2//structures/GlyRS-A_AF_Arch_Methanosalsum_zhilinae_DSM_4017_gene10821854.pdb
 0.864897  0.499421 -0.050317     3.601484
-0.418580  0.662287 -0.621423     0.882986
-0.277027  0.558529  0.781858    -0.449064
>../../../../class2//gly1/data/domains/GlyRS-AE_IM2//structures/GlyRS-A_AF_Arch_Sulfolobus_islandicus_YN1551_gene7810979.pdb
-0.266565 -0.530917  0.804407     4.087026
-0.476154 -0.653102 -0.588842     0.561219
 0.837986 -0.539987 -0.078704    -0.305920
>../../../../class2//gly1/data/domains/GlyRS-AE_IM2//structures/GlyRS-A_AF_Arch_Thermoplasma_acidophilum_DSM_1728_gene1455843.pdb
 0.974680 -0.223556  0.004729     2.045867
 0.220065  0.962779  0.156931    -0.390986
-0.039635 -0.151917  0.987598     1.389404
>../../../../class2//gly3/data/domains/GlyRS-AE_IM2//structures/GlyRS-E_AF_Euk_Cryptococcus_neoformans_var_neoformans_JEC21_gene3258293.pdb
-0.361010 -0.875776  0.320449     4.356956
-0.882624  0.209936 -0.420596     1.055291
 0.301074 -0.434675 -0.848771    -0.559427
>../../../../class2//gly3/data/domains/GlyRS-AE_IM2//structures/GlyRS-E_AF_Euk_Girardinichthys_multiradiatus_gene124858359.pdb
 0.860897  0.507765  0.032105     4.359340
-0.433598  0.765236 -0.475821     1.767298
-0.266173  0.395712  0.878956    -2.944480
>../../../../class2//gly3/data/domains/GlyRS-AE_IM2//structures/GlyRS-E_AF_Euk_Plasmodium_yoelii_gene3801472.pdb
 0.561143  0.776244 -0.287340     5.750137
-0.653633  0.202586 -0.729193     0.427523
-0.507821  0.596996  0.621058    -0.355471
>../../../../class2//gly3/data/domains/GlyRS-AE_IM2//structures/GlyRS-E_AF_Euk_Schizosaccharomyces_pombe_gene2543181.pdb
 0.938153  0.346088 -0.009655     5.389263
-0.339165  0.913070 -0.226430     1.928211
-0.069549  0.215701  0.973980    -2.856184
>../../../../class2//gly3/data/domains/GlyRS-AE_IM2//structures/GlyRS-E_PDB_Euk_H_sapiens_2q5h.pdb
 0.365677 -0.492425 -0.789809  -124.385205
 0.930430  0.171440  0.323896   -34.110492
-0.024089 -0.853303  0.520859    73.844591
