>../../../../class2//gly1/data/domains/GlyRS-AE_IM2//structures/GlyRS-A_AF_Arch_Candidatus_Nitrosopumilus_sediminis_gene13697160.pdb
 0.081092 -0.207720 -0.974821    -0.017512
 0.474930 -0.851817  0.221018     3.386097
-0.876279 -0.480895  0.029577     0.469161
>../../../../class2//gly1/data/domains/GlyRS-AE_IM2//structures/GlyRS-A_AF_Arch_Candidatus_Woesearchaeota_archaeon_proteinMBT4248212.1.pdb
 1.000000 -0.000000  0.000000     0.000000
 0.000000  1.000000  0.000000     0.000000
-0.000000  0.000000  1.000000     0.000000
>../../../../class2//gly1/data/domains/GlyRS-AE_IM2//structures/GlyRS-A_AF_Arch_Sulfolobus_islandicus_YN1551_gene7810979.pdb
-0.748175  0.608262  0.265049     0.602705
 0.461789  0.190528  0.866285     4.720773
 0.476429  0.770530 -0.423437    -3.487444
>../../../../class2//gly1/data/domains/GlyRS-AE_IM2//structures/GlyRS-A_AF_Arch_Thermoplasma_acidophilum_DSM_1728_gene1455843.pdb
 0.049076 -0.045501 -0.997758    -0.682974
 0.279751 -0.958351  0.057463     4.613597
-0.958817 -0.281944 -0.034303    -1.140523
>../../../../class2//gly3/data/domains/GlyRS-AE_IM2//structures/GlyRS-E_AF_Arch_Methanosalsum_zhilinae_DSM_4017_gene10821854.pdb
 0.437528 -0.607229 -0.663206     1.038411
 0.709448 -0.220059  0.669520     3.985271
-0.552496 -0.763444  0.334515    -3.453445
>../../../../class2//gly3/data/domains/GlyRS-AE_IM2//structures/GlyRS-E_AF_Euk_Cryptococcus_neoformans_var_neoformans_JEC21_gene3258293.pdb
-0.155853  0.289881  0.944287     0.736061
 0.684604 -0.657427  0.314812     4.219317
 0.712058  0.695528 -0.095991    -3.125053
>../../../../class2//gly3/data/domains/GlyRS-AE_IM2//structures/GlyRS-E_AF_Euk_Girardinichthys_multiradiatus_gene124858359.pdb
 0.460163 -0.505047 -0.730190     1.958160
 0.674813 -0.335501  0.657318     3.514154
-0.576956 -0.795215  0.186427    -3.557046
>../../../../class2//gly3/data/domains/GlyRS-AE_IM2//structures/GlyRS-E_AF_Euk_Plasmodium_yoelii_gene3801472.pdb
 0.691212 -0.544568 -0.475048     0.442466
 0.691674  0.308142  0.653174     5.689185
-0.209315 -0.780060  0.589655    -4.200855
>../../../../class2//gly3/data/domains/GlyRS-AE_IM2//structures/GlyRS-E_AF_Euk_Schizosaccharomyces_pombe_gene2543181.pdb
 0.226329 -0.355023 -0.907047     2.965252
 0.686516 -0.602460  0.407108     3.357645
-0.690992 -0.714843  0.107375    -4.431307
>../../../../class2//gly3/data/domains/GlyRS-AE_IM2//structures/GlyRS-E_AF_Mito_Fusarium_poae_gene68345711.pdb
 0.232325 -0.420026 -0.877270     2.495011
 0.689430 -0.565106  0.453146     3.692445
-0.686084 -0.710093  0.158290    -3.633050
>../../../../class2//gly3/data/domains/GlyRS-AE_IM2//structures/GlyRS-E_PDB_Euk_H_sapiens_2q5h.pdb
-0.110532  0.757117 -0.643860   -77.669876
-0.661197 -0.539687 -0.521111    -5.901656
-0.742025  0.368119  0.560256   127.317969
