>../../../../class2/phe3//data/domains/Catalytic_domain/structures/PheRS-Aα_AF_Arch_Candidatus_Nitrosopumilus_koreensis_AR1_gene13724458.pdb
-0.468731 -0.049624 -0.881946   126.436314
-0.112703  0.993621  0.003991    54.315525
 0.876122  0.101269 -0.471333    39.798816
>../../../../class2/phe3//data/domains/Catalytic_domain/structures/PheRS-Aα_AF_Arch_Haloterrigena_turkmenica_DSM_5511_gene8744248.pdb
 0.748346 -0.590772 -0.301606   116.974905
-0.519136 -0.238606 -0.820710    47.946420
 0.412887  0.770750 -0.485251    36.098973
>../../../../class2/phe3//data/domains/Catalytic_domain/structures/PheRS-Aα_AF_Arch_Thermoplasma_volcanium_GSS1_gene1441177.pdb
 0.000816  0.467325  0.884085   116.569901
-0.847985  0.468906 -0.247079    46.124173
-0.530020 -0.749489  0.396667    36.035145
>../../../../class2/phe3//data/domains/Catalytic_domain/structures/PheRS-Aα_AF_Arch_Thermosphaera_aggregans_DSM_11486_gene9165306.pdb
-0.027663 -0.244198 -0.969331   110.533680
-0.055925  0.968561 -0.242408    45.287776
 0.998052  0.047504 -0.040450    34.663579
>../../../../class2/phe3//data/domains/Catalytic_domain/structures/PheRS-Aα_AF_Euk_Cyanidioschyzon_merolae_strain_10D_gene16993638.pdb
 0.069294 -0.578503  0.812732   118.366542
 0.209210  0.805001  0.555162    50.455138
-0.975413  0.131562  0.176810    27.556255
>../../../../class2/phe3//data/domains/Catalytic_domain/structures/PheRS-Aα_AF_Euk_Megalobrama_amblycephala_gene125266654.pdb
-0.867413  0.433678  0.243963   109.838901
-0.496975 -0.779411 -0.381490    48.711734
 0.024704 -0.452153  0.891598    34.868000
>../../../../class2/phe3//data/domains/Catalytic_domain/structures/PheRS-Aα_AF_Euk_Plasmodium_falciparum_3D7_gene813233.pdb
 0.322369  0.822024 -0.469420   110.339979
 0.795512  0.033521  0.605010    55.131940
 0.513068 -0.568466 -0.643123    31.477402
>../../../../class2/phe3//data/domains/Catalytic_domain/structures/PheRS-Aα_AF_Euk_Schizosaccharomyces_pombe_gene2543647.pdb
 0.999343  0.016324 -0.032357   117.736557
 0.005228 -0.948410 -0.317004    52.007335
-0.035862  0.316626 -0.947872    29.185664
>../../../../class2/phe3//data/domains/Catalytic_domain/structures/PheRS-Aα_PDB_Euk.B_H_sapiens_3L4G.C.pdb
 0.461051 -0.764179  0.451068   204.115958
-0.570528 -0.644605 -0.508904   128.087549
 0.679654 -0.022716 -0.733181   -11.858980
>../../../../class2/ser1//data/domains/Catalytic_domain/structures/SerRS_AF_Arch_Candidatus_Methanomassiliicoccus_intestinalis_Issoire-Mx1_gene16154337.pdb
 0.242290  0.889804 -0.386711   123.376967
 0.880638 -0.034428  0.472537    58.762704
 0.407152 -0.455043 -0.791936    47.574286
>../../../../class2/ser1//data/domains/Catalytic_domain/structures/SerRS_AF_Arch_Methanospirillum_hungatei_JF-1_gene3924775.pdb
 0.644749 -0.761085 -0.071056   128.122271
-0.582648 -0.429151 -0.690182    60.020594
 0.494793  0.486394 -0.720139    45.875082
>../../../../class2/ser1//data/domains/Catalytic_domain/structures/SerRS_AF_Arch_Nitrosopumilus_maritimus_SCM1_gene5773574.pdb
-0.799677 -0.563894 -0.206253   123.792503
 0.436037 -0.781548  0.446155    63.846087
-0.412781  0.266846  0.870865    46.241931
>../../../../class2/ser1//data/domains/Catalytic_domain/structures/SerRS_AF_Arch_Thermoproteus_uzoniensis_768-20_gene10361450.pdb
-0.968061 -0.081599 -0.237066   121.131898
 0.053675 -0.991083  0.121953    62.918771
-0.244903  0.105333  0.963809    45.792698
>../../../../class2/ser1//data/domains/Catalytic_domain/structures/SerRS_AF_Bact_Bifidobacterium_longum_subsp_longum_JCM_1217_gene69578844.pdb
-0.372546 -0.115027 -0.920857   126.629053
 0.119125  0.978152 -0.170377    56.878210
 0.920336 -0.173170 -0.350704    46.054048
>../../../../class2/ser1//data/domains/Catalytic_domain/structures/SerRS_AF_Bact_Brucella_suis_1330_gene45051948.pdb
-0.920255  0.338719 -0.195959   126.356636
-0.349903 -0.936466  0.024500    61.739611
-0.175210  0.091113  0.980306    47.111540
>../../../../class2/ser1//data/domains/Catalytic_domain/structures/SerRS_AF_Bact_Chlamydia_psittaci_6BC_gene12242544.pdb
 0.967647 -0.041080  0.248942   124.845907
 0.004008 -0.984029 -0.177965    61.122254
 0.252277  0.173205 -0.952028    46.157075
>../../../../class2/ser1//data/domains/Catalytic_domain/structures/SerRS_AF_Bact_Clostridium_acetobutylicum_DSM_1731_gene44996495.pdb
-0.898832 -0.424901 -0.107521   128.935097
 0.319788 -0.803527  0.502076    60.945583
-0.299728  0.416898  0.858114    45.897028
>../../../../class2/ser1//data/domains/Catalytic_domain/structures/SerRS_AF_Bact_Mycoplasma_hyopneumoniae_168-L_gene57101125.pdb
 0.919093 -0.365994  0.146001   125.604839
-0.196833 -0.747415 -0.634529    59.357227
 0.341357  0.554454 -0.758984    47.981310
>../../../../class2/ser1//data/domains/Catalytic_domain/structures/SerRS_AF_Bact_Prochlorococcus_marinus_subsp_marinus_str_CCMP1375_gene54200639.pdb
-0.879219  0.470276 -0.076255   121.430715
-0.404532 -0.821475 -0.401912    57.866093
-0.251651 -0.322521  0.912498    48.675659
>../../../../class2/ser1//data/domains/Catalytic_domain/structures/SerRS_AF_Bact_Streptobacillus_moniliformis_DSM_12112_gene29673293.pdb
-0.955944  0.200073 -0.214805   126.968139
-0.219105 -0.973291  0.068542    61.891967
-0.195355  0.112587  0.974249    46.388788
>../../../../class2/ser1//data/domains/Catalytic_domain/structures/SerRS_AF_Bact_Treponema_pallidum_subsp_pertenue_str_SamoaD_gene57879171.pdb
 0.776309 -0.630340  0.004012   126.715395
-0.517573 -0.641036 -0.566737    61.318767
 0.359809  0.437886 -0.823889    45.694521
>../../../../class2/ser1//data/domains/Catalytic_domain/structures/SerRS_AF_Euk_Cyanidioschyzon_merolae_strain_10D_gene16995416.pdb
 0.127283 -0.855628 -0.501696   128.050623
-0.632934  0.319375 -0.705262    59.250440
 0.763671  0.407308 -0.500905    45.140602
>../../../../class2/ser1//data/domains/Catalytic_domain/structures/SerRS_AF_Euk_Thunnus_albacares_gene122982782.pdb
-0.391428 -0.200613 -0.898075   127.568765
-0.009910  0.976809 -0.213882    57.205986
 0.920156 -0.074819 -0.384338    48.026699
>../../../../class2/ser1//data/domains/Catalytic_domain/structures/SerRS_AF_Euk_Trichomonas_vaginalis_G3_gene4762654.pdb
 0.769419 -0.449389  0.453921   126.110469
-0.100472 -0.786947 -0.608785    59.072662
 0.630793  0.422805 -0.650643    46.346737
>../../../../class2/ser1//data/domains/Catalytic_domain/structures/SerRS_AF_Euk_Vitis_vinifera_gene100261399.pdb
-0.256258 -0.510980 -0.820507   127.559181
-0.263402  0.853641 -0.449350    57.845926
 0.930027  0.100974 -0.353346    45.938432
>../../../../class2/ser1//data/domains/Catalytic_domain/structures/SerRS_AF_Mito_Cervus_elaphus_gene122688911.pdb
-0.825682  0.563232 -0.031925   120.212542
-0.514596 -0.775156 -0.366503    56.979853
-0.231173 -0.286186  0.929869    49.429321
>../../../../class2/ser1//data/domains/Catalytic_domain/structures/SerRS_AF_Mito_Drechmeria_coniospora_gene63718051.pdb
 0.938982 -0.078768  0.334827   125.631960
 0.084972 -0.890139 -0.447696    58.535808
 0.333307  0.448829 -0.829131    48.763975
>../../../../class2/ser1//data/domains/Catalytic_domain/structures/SerRS_PDB_Bact_K_pneumoniae_6h9x.pdb
 0.356461  0.289953 -0.888179   131.209484
 0.546448 -0.835780 -0.053537    38.108926
-0.757846 -0.466260 -0.456368    19.713854
>../../../../class2/ser1//data/domains/Catalytic_domain/structures/SerRS_PDB_Bact_T_thermophilus_1ser.pdb
 1.000000  0.000000  0.000000     0.000000
 0.000000  1.000000  0.000000     0.000000
 0.000000  0.000000  1.000000     0.000000
>../../../../class2/ser1//data/domains/Catalytic_domain/structures/SerRS_PDB_Euk_B_taurus_1wle.pdb
 0.677801 -0.010926  0.735164    24.255837
 0.654312  0.465023 -0.596347    37.627593
-0.335352  0.885231  0.322342    16.109886
