>../../../../class2/gly1//data/domains/Catalytic_domain/structures/GlyRS-A_AF_Arch_Candidatus_Nitrosopumilus_sediminis_gene13697160.pdb
 0.116927 -0.410075  0.904526     0.084445
-0.367240 -0.864071 -0.344262    -0.484411
 0.922748 -0.291924 -0.251629     1.500322
>../../../../class2/gly1//data/domains/Catalytic_domain/structures/GlyRS-A_AF_Arch_Candidatus_Woesearchaeota_archaeon_proteinMBT4248212.1.pdb
-0.834398  0.534802  0.133294    -0.198215
 0.435892  0.492296  0.753421    -1.748283
 0.337311  0.686754 -0.643886    -0.263730
>../../../../class2/gly1//data/domains/Catalytic_domain/structures/GlyRS-A_AF_Arch_Sulfolobus_islandicus_YN1551_gene7810979.pdb
 0.898717 -0.409463  0.156996     2.026125
 0.389153  0.909703  0.144917    -0.165169
-0.202158 -0.069144  0.976909     2.640342
>../../../../class2/gly1//data/domains/Catalytic_domain/structures/GlyRS-A_AF_Arch_Thermoplasma_acidophilum_DSM_1728_gene1455843.pdb
 0.084905 -0.593940  0.800017     0.174937
-0.609197 -0.666306 -0.430018    -0.106155
 0.788461 -0.450857 -0.418399     1.497841
>../../../../class2/gly1//data/domains/Catalytic_domain/structures/GlyRS-A_AF_Bact_Capnocytophaga_ochracea_DSM_7271_gene29675716.pdb
 1.000000 -0.000000  0.000000     0.000000
 0.000000  1.000000  0.000000     0.000000
-0.000000  0.000000  1.000000     0.000000
>../../../../class2/gly1//data/domains/Catalytic_domain/structures/GlyRS-A_AF_Bact_Corynebacterium_ulcerans_809_gene75260805.pdb
-0.785578 -0.547558  0.288180     3.899434
-0.597468  0.792384 -0.123124    -2.675776
-0.160932 -0.268901 -0.949628     0.981814
>../../../../class2/gly1//data/domains/Catalytic_domain/structures/GlyRS-A_AF_Bact_Treponema_denticola_ATCC_35405_gene2741635.pdb
 0.241147 -0.498739 -0.832531     2.356411
 0.919671 -0.156515  0.360150    -2.538803
-0.309924 -0.852504  0.420933    -0.975433
>../../../../class2/gly1//data/domains/Catalytic_domain/structures/GlyRS-A_PDB_Bact_T_thermophilus_1ati.pdb
-0.336069  0.932117  0.134967   -28.289310
-0.075603  0.116141 -0.990351    29.350094
-0.938798 -0.343030  0.031439    36.346496
>../../../../class2/ser2//data/domains/Catalytic_domain/structures/SerRS-A_AF_Arch_Conexivisphaera_calida_protein1635512986.pdb
-0.194210 -0.446248 -0.873582    -9.423102
 0.815982 -0.567778  0.108631    -9.057192
-0.544477 -0.691730  0.474399    11.444851
>../../../../class2/ser2//data/domains/Catalytic_domain/structures/SerRS-A_AF_Arch_Ignisphaera_aggregans_protein304378874.pdb
-0.261870  0.365450 -0.893236   -10.832223
 0.125718 -0.904731 -0.407010    -7.268930
-0.956880 -0.218879  0.190978    11.745713
>../../../../class2/ser2//data/domains/Catalytic_domain/structures/SerRS-A_AF_Arch_Methanosarcina_barkeri_protein805401349.pdb
 0.815247 -0.555031 -0.165264   -11.565804
 0.572437  0.729135  0.375071   -10.323304
-0.087676 -0.400379  0.912145    11.473381
>../../../../class2/ser2//data/domains/Catalytic_domain/structures/SerRS-A_AF_Arch_Unclassified_Thermoplasmata_protein1635512986.pdb
-0.078690 -0.608839 -0.789382   -10.498320
 0.931317 -0.327357  0.159646   -11.099819
-0.355608 -0.722602  0.592781    13.345455
>../../../../class2/ser2//data/domains/Catalytic_domain/structures/SerRS-A_PDB_Arch_M_barkeri_2cim.pdb
-0.462724 -0.574248  0.675370   -45.488899
-0.810885 -0.033711 -0.584234    77.321351
 0.358263 -0.817987 -0.450050    30.747037
>../../../../class2/ser2//data/domains/Catalytic_domain/structures/SerRS-A_PDB_Arch_M_barkeri_2cjb.pdb
-0.475889 -0.607459  0.636021   -41.938844
-0.794331 -0.013602 -0.607332    78.865166
 0.377581 -0.794234 -0.476051    32.110732
