>../../../../class1/ile//data/domains/Catalytic_domain/structures/IleRS_AF_Arch_Candidatus_Korarchaeum_cryptofilum_OPF8_gene6094904.pdb
 0.140975  0.854834 -0.499384     0.341063
-0.560951 -0.346666 -0.751769     3.062058
-0.815757  0.386111  0.430649    -0.432653
>../../../../class1/ile//data/domains/Catalytic_domain/structures/IleRS_AF_Arch_Candidatus_Nitrosopumilus_sediminis_gene13697091.pdb
-0.431462 -0.656804  0.618425     5.498518
-0.693258 -0.197257 -0.693169     2.928218
 0.577265 -0.727804 -0.370225     0.383184
>../../../../class1/ile//data/domains/Catalytic_domain/structures/IleRS_AF_Arch_Pyrobaculum_aerophilum_str_IM2_gene1465853.pdb
 0.159439  0.185234  0.969674    -0.488723
 0.132522 -0.977365  0.164913     7.203115
 0.978272  0.102209 -0.180378    -2.676845
>../../../../class1/ile//data/domains/Catalytic_domain/structures/IleRS_AF_Arch_Thermoplasma_acidophilum_DSM_1728_gene1456418.pdb
 0.381566 -0.145662 -0.912792     1.333815
 0.126035 -0.970084  0.207490     2.611922
-0.915709 -0.194215 -0.351793     0.678499
>../../../../class1/ile//data/domains/Catalytic_domain/structures/IleRS_AF_Bact_Chlamydia_muridarum_str_Nigg_gene1246458.pdb
 0.985562 -0.169301 -0.002142     1.714195
 0.167613  0.973789  0.153755     0.296851
-0.023945 -0.151894  0.988107    -2.457894
>../../../../class1/ile//data/domains/Catalytic_domain/structures/IleRS_AF_Bact_Lactobacillus_acidophilus_La-14_gene56942445.pdb
 0.035881  0.499620  0.865501    -0.033739
 0.579836 -0.715785  0.389156     3.482461
 0.813943  0.487885 -0.315381    -3.403026
>../../../../class1/ile//data/domains/Catalytic_domain/structures/IleRS_AF_Bact_Mycoplasma_hyopneumoniae_168-L_gene57100872.pdb
 0.044685  0.564980  0.823893    -2.095677
 0.609084 -0.669110  0.425804     3.705534
 0.791846  0.482793 -0.374020    -1.628717
>../../../../class1/ile//data/domains/Catalytic_domain/structures/IleRS_AF_Bact_Orientia_tsutsugamushi_str_Ikeda_gene66653313.pdb
-0.995906 -0.072610  0.053834     0.620346
-0.055200  0.960176  0.273888     2.560980
-0.071577  0.269795 -0.960254     0.546195
>../../../../class1/ile//data/domains/Catalytic_domain/structures/IleRS_AF_Bact_Porphyromonas_gingivalis_ATCC_33277_gene29255747.pdb
-0.999189  0.010851  0.038773    -1.484467
 0.020827  0.963446  0.267093     3.082221
-0.034457  0.267684 -0.962890     2.823130
>../../../../class1/ile//data/domains/Catalytic_domain/structures/IleRS_AF_Bact_Streptobacillus_moniliformis_DSM_12112_gene29674186.pdb
-0.052161  0.500900  0.863932    -0.363292
 0.607328 -0.670828  0.425608     8.837425
 0.792737  0.546891 -0.269220    -0.338700
>../../../../class1/ile//data/domains/Catalytic_domain/structures/IleRS_AF_Bact_Thermus_thermophilus_HB8_gene3168241.pdb
 1.000000  0.000000  0.000000     0.000000
 0.000000  1.000000  0.000000     0.000000
 0.000000  0.000000  1.000000     0.000000
>../../../../class1/ile//data/domains/Catalytic_domain/structures/IleRS_AF_Bact_Treponema_pallidum_subsp_pertenue_str_SamoaD_gene57878975.pdb
 0.582094  0.704410 -0.406169     0.353802
-0.759116  0.291768 -0.581905     1.553367
-0.291393  0.647053  0.704565    -1.010301
>../../../../class1/ile//data/domains/Catalytic_domain/structures/IleRS_AF_Euk_Cyanidioschyzon_merolae_strain_10D_gene16992835.pdb
 0.741095 -0.551988 -0.382215    -0.188097
 0.592378  0.269623  0.759205     2.678808
-0.316018 -0.789058  0.526802    -1.434434
>../../../../class1/ile//data/domains/Catalytic_domain/structures/IleRS_AF_Euk_Ostreococcus_lucimarinus_CCE9901_gene5000489.pdb
 0.355569  0.729293 -0.584554     1.138669
-0.788655 -0.101535 -0.606394     2.343477
-0.501591  0.676626  0.539058    -4.285489
>../../../../class1/ile//data/domains/Catalytic_domain/structures/IleRS_AF_Euk_Trypanosoma_brucei_brucei_TREU927_gene3663037.pdb
 0.143857  0.641256 -0.753722     0.595442
-0.710521 -0.463215 -0.529708     3.272288
-0.688814  0.611737  0.388989    -2.988365
>../../../../class1/ile//data/domains/Catalytic_domain/structures/IleRS_AF_Euk_Ustilago_maydis_521_gene23568123.pdb
-0.242625  0.818254  0.521147    -2.725366
 0.805351 -0.129619  0.578453     2.515569
 0.540872  0.560053 -0.627533    -1.711700
>../../../../class1/ile//data/domains/Catalytic_domain/structures/IleRS_AF_Mito_Drosophila_melanogaster_gene39762.pdb
-0.865770 -0.490916 -0.097177    -2.871149
-0.452578  0.850935 -0.266613     3.639382
 0.213576 -0.186846 -0.958892     2.172153
>../../../../class1/ile//data/domains/Catalytic_domain/structures/IleRS_AF_Mito_Homo_sapiens_gene55699.pdb
 0.086028  0.514668  0.853063    -1.477539
 0.596898 -0.712180  0.369476     3.561899
 0.797692  0.477406 -0.368472    -2.107899
>../../../../class1/ile//data/domains/Catalytic_domain/structures/IleRS_AF_Vir_Megavirus_chiliensis_gene11256744.pdb
-0.981125  0.183674  0.060473     0.334552
 0.188689  0.840925  0.507190     2.108365
 0.042305  0.509028 -0.859710     0.673578
>../../../../class1/ile//data/domains/Catalytic_domain/structures/IleRS_PDB_Bact_S_aureus_1QU2.pdb
 0.672136  0.595395  0.440156  -102.767973
 0.264387 -0.748264  0.608441    12.223062
 0.691616 -0.292584 -0.660350    62.233429
>../../../../class1/ile//data/domains/Catalytic_domain/structures/IleRS_PDB_Bact_T_therm_1ILE.pdb
 0.974152  0.056758 -0.218647    18.108244
-0.150867  0.883876 -0.442722   -14.826077
 0.168129  0.464265  0.869592    30.362825
>../../../../class1/ile//data/domains/Catalytic_domain/structures/IleRS_PDB_Euk_S_cere_7D5C.pdb
-0.304247  0.278399 -0.911004    33.741705
 0.723812  0.689297 -0.031084    -3.156387
 0.619298 -0.668852 -0.411225    17.572203
>../../../../class1/trp2//data/domains/Catalytic_domain/structures/TrpRS-B_AF_Bact_Anoxybacillus_flavithermus_WK1_gene7038388.pdb
-0.484005  0.202553  0.851300    -5.914666
-0.557403 -0.821305 -0.121494     9.037803
 0.674567 -0.533321  0.510419     4.089062
>../../../../class1/trp2//data/domains/Catalytic_domain/structures/TrpRS-B_AF_Bact_Brachyspira_pilosicoli_95_1000_gene56440833.pdb
 0.743600 -0.157573 -0.649793    -5.210683
 0.122924  0.987487 -0.098793     8.944270
 0.657229 -0.006413  0.753664    -1.784222
>../../../../class1/trp2//data/domains/Catalytic_domain/structures/TrpRS-B_AF_Bact_Helicobacter_cinaedi_PAGU611_gene66538868.pdb
-0.598623  0.311412  0.738020    -6.689922
-0.375178 -0.923032  0.085164    10.002304
 0.707737 -0.225908  0.669383     4.068473
>../../../../class1/trp2//data/domains/Catalytic_domain/structures/TrpRS-B_AF_Bact_Mycoplasma_hyopneumoniae_168-L_gene57101461.pdb
-0.638852  0.248348  0.728143    -6.080989
-0.161371 -0.968666  0.188801    11.493892
 0.752215  0.003115  0.658910     2.543347
>../../../../class1/trp2//data/domains/Catalytic_domain/structures/TrpRS-B_AF_Bact_Porphyromonas_gingivalis_ATCC_33277_gene29255389.pdb
-0.714248 -0.563757  0.414763    -4.274511
 0.166859  0.438361  0.883175     9.729213
-0.679712  0.700012 -0.219030    -1.235805
>../../../../class1/trp2//data/domains/Catalytic_domain/structures/TrpRS-B_AF_Bact_Prochlorococcus_marinus_subsp_marinus_str_CCMP1375_gene54200405.pdb
 0.607457  0.511288 -0.607932    -4.936000
 0.302744 -0.856570 -0.417892    11.805174
-0.734399  0.069804 -0.675119    -6.738499
>../../../../class1/trp2//data/domains/Catalytic_domain/structures/TrpRS-B_AF_Bact_Streptomyces_albidoflavus_gene15147734.pdb
-0.853941 -0.346194  0.388502    -5.346765
 0.420588 -0.019554  0.907041     8.980250
-0.306416  0.937959  0.162303    -0.958732
>../../../../class1/trp2//data/domains/Catalytic_domain/structures/TrpRS-B_AF_Bact_Thermus_thermophilus_HB8_gene3168998.pdb
 0.485367  0.537160 -0.689839    -4.980716
 0.773246 -0.631975  0.051948     8.554340
-0.408056 -0.558629 -0.722097    -0.913711
>../../../../class1/trp2//data/domains/Catalytic_domain/structures/TrpRS-B_AF_Mito_Bufo_gargarizans_gene122922343.pdb
 0.387425  0.299800 -0.871792    -3.842869
 0.905249  0.055209  0.421279     9.245068
 0.174430 -0.952403 -0.250004    -1.647431
>../../../../class1/trp2//data/domains/Catalytic_domain/structures/TrpRS-B_AF_Mito_Cyanidioschyzon_merolae_strain_10D_gene16992222.pdb
 0.650033 -0.303355 -0.696731    -2.934443
 0.272869  0.948894 -0.158566     7.516558
 0.709225 -0.087043  0.699588     4.131134
>../../../../class1/trp2//data/domains/Catalytic_domain/structures/TrpRS-B_PDB_Bact_G_stearo_1I6M.pdb
 0.124178  0.588055 -0.799232     9.098188
-0.475849 -0.671511 -0.568015    71.900147
-0.870717  0.450848  0.196439    30.132073
>../../../../class1/trp2//data/domains/Catalytic_domain/structures/TrpRS-B_PDB_Bact_Y_pestis_3N9I.pdb
 0.799752 -0.239664 -0.550416    -5.102177
 0.501934  0.769917  0.394068   -69.577628
 0.329331 -0.591429  0.736038    18.479839
