>structures/AsnRS_AF_Arch_Candidatus_Korarchaeum_cryptofilum_OPF8_gene6094562.pdb
-0.975657  0.204975  0.077968   -13.207295
 0.182409  0.955861 -0.230338    -2.787053
-0.121740 -0.210509 -0.969982   -55.737066
>structures/AsnRS_AF_Arch_Candidatus_Nitrososphaera_gargensis_Ga92_gene13796664.pdb
 0.775015 -0.606245 -0.178378   -11.430141
 0.479203  0.379784  0.791283    -1.305028
-0.411967 -0.698735  0.584852   -54.404247
>structures/AsnRS_AF_Arch_Ferroplasma_acidarmanus_Fer1_gene16025664.pdb
-0.014436 -0.267150 -0.963547   -15.374970
-0.187322 -0.945863  0.265054     2.703289
-0.982192  0.184320 -0.036388   -61.700968
>structures/AsnRS_AF_Arch_Pyrococcus_sp_ST04_gene13021535.pdb
-0.016360 -0.275252 -0.961233   -14.546668
-0.098903 -0.956201  0.275495     2.942281
-0.994963  0.099576 -0.011580   -61.014420
>structures/AsnRS_AF_Bact_Clostridium_acetobutylicum_DSM_1731_gene44999755.pdb
 0.815126 -0.522331 -0.250478   -13.167576
 0.464581  0.331171  0.821274    -1.964042
-0.346026 -0.785809  0.512611   -54.851689
>structures/AsnRS_AF_Bact_Mycoplasma_hyopneumoniae_168-L_gene57101291.pdb
 0.156554 -0.488941 -0.858154   -13.117327
 0.118529 -0.853287  0.507792     3.818368
-0.980531 -0.181213 -0.075632   -62.245036
>structures/AsnRS_AF_Bact_Porphyromonas_gingivalis_ATCC_33277_gene29256423.pdb
 0.098344 -0.294669 -0.950526   -13.548718
-0.062006 -0.955114  0.289676     2.015274
-0.993219  0.030451 -0.112201   -61.391650
>structures/AsnRS_AF_Bact_Streptobacillus_moniliformis_DSM_12112_gene29673200.pdb
 0.869728 -0.440944 -0.221678   -12.717944
 0.411279  0.399271  0.819410    -1.853142
-0.272805 -0.803835  0.528608   -55.154456
>structures/AsnRS_AF_Bact_Thermus_thermophilus_HB8_gene3168522.pdb
 0.205514 -0.577942 -0.789777   -13.010374
 0.184418 -0.769675  0.611221     4.429966
-0.961121 -0.271263 -0.051596   -60.916937
>structures/AsnRS_AF_Bact_Treponema_pallidum_subsp_pertenue_str_SamoaD_gene57879132.pdb
 0.776647 -0.582419 -0.240015   -12.157022
 0.457876  0.260257  0.850068    -1.600958
-0.432630 -0.770100  0.468803   -54.697442
>structures/AsnRS_AF_Bact_unclassified_Blastocatellia_proteinRPI49177.1.pdb
 0.358368 -0.660287 -0.659995   -11.742294
 0.343846 -0.563902  0.750856     4.393403
-0.867953 -0.496020  0.024953   -59.212624
>structures/AsnRS_AF_Euk_Candida_albicans_SC5314_gene3646227.pdb
-0.041399 -0.447814 -0.893168   -15.561087
 0.019305 -0.894126  0.447399     5.850136
-0.998956  0.001279  0.045661   -57.777595
>structures/AsnRS_AF_Euk_Cryptococcus_gattii_WM276_gene10190222.pdb
-0.113352 -0.507205 -0.854339   -15.752381
 0.110782 -0.860971  0.496444     6.232609
-0.987359 -0.038373  0.153782   -54.562673
>structures/AsnRS_AF_Euk_Encephalitozoon_intestinalis_ATCC_50506_gene9698489.pdb
 0.057297 -0.164326 -0.984741   -14.779781
-0.122498 -0.980065  0.156418     1.455850
-0.990813  0.111666 -0.076284   -62.138413
>structures/AsnRS_AF_Euk_Vitis_vinifera_gene100257593.pdb
 0.912869 -0.356049 -0.199747   -11.127619
 0.294177  0.234430  0.926554    -4.335712
-0.283072 -0.904584  0.318745   -53.511026
>structures/AsnRS_AF_Mito_Homo_sapiens_gene79731.pdb
-0.812806  0.484053  0.324097   -13.068365
 0.568905  0.779238  0.262935     0.663135
-0.125274  0.398096 -0.908750   -56.196384
>structures/AsnRS_AF_Mito_Zeugodacus_cucurbitae_gene105213230.pdb
-0.096983 -0.495992  0.862894   -10.326825
 0.110732 -0.866976 -0.485892     0.505853
 0.989107  0.048426  0.139004   -53.031063
>structures/AsnRS_PDB_Arch_P_horikoshii_1X54.pdb
 0.241627  0.882249  0.404046   -25.947819
 0.912141 -0.064435 -0.404780    17.918833
-0.331082  0.466353 -0.820304   -34.720669
>structures/AsnRS_PDB_Bact_E_anophelis_6pqh.pdb
 1.000000  0.000000  0.000000     0.000000
 0.000000  1.000000  0.000000     0.000000
 0.000000  0.000000  1.000000     0.000000
>structures/AsnRS_PDB_Euk_S_cerevisiae_1asz.pdb
-0.128949 -0.077238 -0.988639    -9.301182
 0.820923  0.550954 -0.150117  -101.823121
 0.556289 -0.830954 -0.007639   -47.939025
