>structures/AsnRS_AF_Arch_Candidatus_Korarchaeum_cryptofilum_OPF8_gene6094562.pdb
 0.104991  0.026857  0.994110    -4.797596
 0.059468 -0.998016  0.020682     5.633120
 0.992694  0.056946 -0.106380    -3.733217
>structures/AsnRS_AF_Arch_Candidatus_Nitrososphaera_gargensis_Ga92_gene13796664.pdb
 0.303666  0.626196 -0.718098    -6.444985
-0.734573 -0.326123 -0.595018     4.041780
-0.606786  0.708182  0.360955    -5.115321
>structures/AsnRS_AF_Arch_Ferroplasma_acidarmanus_Fer1_gene16025664.pdb
 1.000000  0.000000  0.000000     0.000000
 0.000000  1.000000  0.000000     0.000000
 0.000000  0.000000  1.000000     0.000000
>structures/AsnRS_AF_Arch_Pyrococcus_sp_ST04_gene13021535.pdb
 0.996360  0.082368 -0.021960    -0.653645
-0.082588  0.996541 -0.009272    -0.384077
 0.021120  0.011051  0.999716    -0.778273
>structures/AsnRS_AF_Bact_Clostridium_acetobutylicum_DSM_1731_gene44999755.pdb
 0.253318  0.711737 -0.655180    -6.027841
-0.721056 -0.312587 -0.618359     5.106252
-0.644910  0.629063  0.434018    -3.615603
>structures/AsnRS_AF_Bact_Mycoplasma_hyopneumoniae_168-L_gene57101291.pdb
 0.938933  0.344023 -0.007275     0.322120
-0.333414  0.904343 -0.266455    -1.789801
-0.085087  0.252609  0.963820    -1.877573
>structures/AsnRS_AF_Bact_Porphyromonas_gingivalis_ATCC_33277_gene29256423.pdb
 0.986351  0.154073  0.058076    -0.315024
-0.152143  0.987690 -0.036335     0.273741
-0.062959  0.027003  0.997651    -1.887459
>structures/AsnRS_AF_Bact_Streptobacillus_moniliformis_DSM_12112_gene29673200.pdb
 0.169732  0.734584 -0.656945    -5.443430
-0.658018 -0.411769 -0.630443     4.575272
-0.733623  0.539288  0.413479    -3.948531
>structures/AsnRS_AF_Bact_Thermus_thermophilus_HB8_gene3168522.pdb
 0.906811  0.418791 -0.048042    -1.057903
-0.404142  0.831324 -0.381536    -2.194192
-0.119846  0.365397  0.923105    -1.893352
>structures/AsnRS_AF_Bact_Treponema_pallidum_subsp_pertenue_str_SamoaD_gene57879132.pdb
 0.337457  0.704590 -0.624240    -6.211444
-0.728864 -0.224089 -0.646948     4.626997
-0.595718  0.673303  0.437930    -4.510496
>structures/AsnRS_AF_Bact_unclassified_Blastocatellia_proteinRPI49177.1.pdb
 0.783444  0.602504 -0.152331    -2.774924
-0.579018  0.618637 -0.531062    -2.146460
-0.225730  0.504260  0.833528    -3.153181
>structures/AsnRS_AF_Euk_Candida_albicans_SC5314_gene3646227.pdb
 0.978554  0.171278 -0.114436    -4.406127
-0.189714  0.965801 -0.176740    -2.226400
 0.080251  0.194660  0.977582     0.863765
>structures/AsnRS_AF_Euk_Cryptococcus_gattii_WM276_gene10190222.pdb
 0.951166  0.201708 -0.233659    -7.687652
-0.252394  0.943999 -0.212518    -1.921165
 0.177707  0.261114  0.948810     1.041075
>structures/AsnRS_AF_Euk_Encephalitozoon_intestinalis_ATCC_50506_gene9698489.pdb
 0.995296  0.074635  0.061768     0.699749
-0.080511  0.991839  0.098860     0.906173
-0.053885 -0.103368  0.993182    -0.907508
>structures/AsnRS_AF_Euk_Vitis_vinifera_gene100257593.pdb
 0.209852  0.850491 -0.482315    -6.769601
-0.572647 -0.292924 -0.765683     6.995129
-0.792488  0.436876  0.425560    -6.255395
>structures/AsnRS_AF_Mito_Homo_sapiens_gene79731.pdb
 0.019981 -0.543011  0.839488    -5.084196
-0.335249 -0.794683 -0.506050     2.458907
 0.941918 -0.271326 -0.197922    -3.012222
>structures/AsnRS_AF_Mito_Zeugodacus_cucurbitae_gene105213230.pdb
-0.990881  0.121122 -0.059027    -8.154346
 0.102244  0.961235  0.256072     2.294357
 0.087755  0.247702 -0.964854    -5.768803
>structures/AsnRS_PDB_Arch_P_horikoshii_1X54.pdb
 0.154050 -0.462481  0.873144   -29.029808
-0.987921 -0.087088  0.128172    -6.804438
 0.016764 -0.882342 -0.470310    13.328021
>structures/AsnRS_PDB_Bact_E_anophelis_6pqh.pdb
-0.009629 -0.184485 -0.982788   -60.237418
-0.264712 -0.947300  0.180417     9.665546
-0.964280  0.261893 -0.039713   -17.974507
>structures/AsnRS_PDB_Euk_S_cerevisiae_1asz.pdb
-0.701234  0.711420  0.046391     6.291772
-0.637364 -0.654735  0.406312    99.696825
 0.319433  0.255352  0.912556   -34.178387
