>structures/GlxRS_AF_Arch_Candidatus_Korarchaeum_cryptofilum_OPF8_gene6094352.pdb
-0.585865  0.453731  0.671484    -5.789176
 0.701318 -0.131342  0.700645     5.397623
 0.406098  0.881407 -0.241261    -8.983376
>structures/GlxRS_AF_Arch_Methanothrix_soehngenii_GP6_gene10459943.pdb
-0.488589 -0.657525  0.573535    -1.606196
-0.785923  0.046162 -0.616598     5.839105
 0.378953 -0.752018 -0.539318    -7.504954
>structures/GlxRS_AF_Arch_Nitrosopumilus_maritimus_SCM1_gene5773999.pdb
 0.075779  0.245639 -0.966395    -3.477716
 0.212252 -0.950943 -0.225068     2.497257
-0.974272 -0.188064 -0.124199    -9.408344
>structures/GlxRS_AF_Arch_Sulfolobus_islandicus_LAL14_1_gene15298417.pdb
 0.907890 -0.398793 -0.129232    -0.363824
 0.389228  0.687416  0.613156    10.161018
-0.155686 -0.606979  0.779319    -5.510320
>structures/GlxRS_AF_Euk_Cyathus_striatus_proteinKAF9013924.1.pdb
-0.827802 -0.521315  0.207304   -11.470288
-0.560979  0.764690 -0.317098    -0.387014
 0.006785 -0.378787 -0.925459    -9.214051
>structures/GlxRS_AF_Euk_Lichtheimia_hyalospora_proteinKAI7879902.1.pdb
-0.995850  0.079936  0.043512    -4.069546
 0.090787  0.838953  0.536578     1.591800
 0.006387  0.538301 -0.842728    -1.016772
>structures/GlxRS_AF_Euk_Medicago_truncatula_gene11407510.pdb
-0.971460 -0.224430  0.076783   -12.880569
-0.226385  0.973878 -0.017659     4.817104
-0.070814 -0.034538 -0.996891    -8.477379
>structures/GlxRS_AF_Euk_Xylariaceae_sp_FL0804_proteinKAI0483267.1.pdb
 0.999994  0.000835  0.003319     0.124642
-0.000841  0.999998  0.001898     0.074813
-0.003317 -0.001900  0.999993     0.076290
>structures/GlxRS_PDB_Arch_M_thermau_3AII.pdb
 0.623382  0.758266 -0.190860   -19.809817
 0.181241  0.097322  0.978611   -56.988953
 0.760623 -0.644640 -0.076760    23.053725
