>../../../../class1/glu2//data/domains/Catalytic_domain/structures/GlxRS_AF_Arch_Candidatus_Korarchaeum_cryptofilum_OPF8_gene6094352.pdb
-0.120171 -0.828148  0.547477    -2.260122
 0.266237 -0.558156 -0.785863    12.532385
 0.956387  0.051321  0.287558     6.720697
>../../../../class1/glu2//data/domains/Catalytic_domain/structures/GlxRS_AF_Arch_Methanothrix_soehngenii_GP6_gene10459943.pdb
-0.653645  0.697995  0.292490    -2.957534
 0.629257  0.715974 -0.302353    10.158011
-0.420456 -0.013580 -0.907211     4.984170
>../../../../class1/glu2//data/domains/Catalytic_domain/structures/GlxRS_AF_Arch_Nitrosopumilus_maritimus_SCM1_gene5773999.pdb
 0.980624 -0.195885  0.002296    -2.158822
 0.022301  0.123268  0.992123    12.059327
-0.194625 -0.972848  0.125248     3.758326
>../../../../class1/glu2//data/domains/Catalytic_domain/structures/GlxRS_AF_Arch_Sulfolobus_islandicus_LAL14_1_gene15298417.pdb
 0.318809  0.794411 -0.516984    -3.564950
-0.946652  0.293934 -0.132106     7.330067
 0.047013  0.531521  0.845740     8.381590
>../../../../class1/glu2//data/domains/Catalytic_domain/structures/GlxRS_AF_Euk_Cyathus_striatus_proteinKAF9013924.1.pdb
-0.282574  0.619828  0.732097    -4.837465
 0.938177  0.337657  0.076240    19.749412
-0.199942  0.708379 -0.676921     3.452769
>../../../../class1/glu2//data/domains/Catalytic_domain/structures/GlxRS_AF_Euk_Lichtheimia_hyalospora_proteinKAI7879902.1.pdb
 0.001234 -0.142285  0.989825   -10.129792
 0.869967 -0.487939 -0.071224    10.276237
 0.493109  0.861203  0.123181     7.081981
>../../../../class1/glu2//data/domains/Catalytic_domain/structures/GlxRS_AF_Euk_Medicago_truncatula_gene11407510.pdb
-0.080745  0.439603  0.894556    -2.475364
 0.982247 -0.117370  0.146338    18.553918
 0.169325  0.890491 -0.422322    10.816151
>../../../../class1/glu2//data/domains/Catalytic_domain/structures/GlxRS_AF_Euk_Xylariaceae_sp_FL0804_proteinKAI0483267.1.pdb
 0.042057  0.416081 -0.908354   -11.784484
-0.917335 -0.344163 -0.200120     6.961768
-0.395889  0.841682  0.367212     4.288301
>../../../../class1/glu2//data/domains/Catalytic_domain/structures/GlxRS_PDB_Arch_M_thermau_3AII.pdb
-0.622118  0.679921  0.388170   -54.348362
-0.743568 -0.668329 -0.021063    37.666136
 0.245104 -0.301734  0.921347   -39.844904
>../../../../class1/leu2//data/domains/Catalytic_domain/structures/LeuRS-A_AF_Arch_Aciduliprofundum_boonei_T469_gene8828435.pdb
-0.302666 -0.140265 -0.942719     1.627123
 0.330300 -0.943253  0.034300     1.449788
-0.894033 -0.300998  0.331820     0.236042
>../../../../class1/leu2//data/domains/Catalytic_domain/structures/LeuRS-A_AF_Arch_Candidatus_Korarchaeum_cryptofilum_OPF8_gene6093520.pdb
-0.865900  0.500211  0.002499    -0.383295
 0.416447  0.718114  0.557570    -2.376589
 0.277108  0.483841 -0.830126    -1.385391
>../../../../class1/leu2//data/domains/Catalytic_domain/structures/LeuRS-A_AF_Arch_Candidatus_Nitrosopumilus_koreensis_AR1_gene13725794.pdb
 1.000000 -0.000000  0.000000     0.000000
 0.000000  1.000000  0.000000     0.000000
-0.000000  0.000000  1.000000     0.000000
>../../../../class1/leu2//data/domains/Catalytic_domain/structures/LeuRS-A_AF_Arch_Methanobrevibacter_smithii_ATCC_35061_gene5216355.pdb
 0.996395 -0.083080 -0.017152    -1.294115
 0.084770  0.982874  0.163625     0.470864
 0.003264 -0.164489  0.986373    -0.112384
>../../../../class1/leu2//data/domains/Catalytic_domain/structures/LeuRS-A_AF_Euk_Arabidopsis_thaliana_gene837489.pdb
-0.148477 -0.914149  0.377208    -0.828840
-0.772895 -0.130682 -0.620931     1.923115
 0.616918 -0.383736 -0.687138    -3.602046
>../../../../class1/leu2//data/domains/Catalytic_domain/structures/LeuRS-A_AF_Euk_Drosophila_melanogaster_gene326262.pdb
 0.999833 -0.003372 -0.017975    -1.748852
 0.006668  0.982411  0.186614     1.929099
 0.017030 -0.186703  0.982269    -2.783364
>../../../../class1/leu2//data/domains/Catalytic_domain/structures/LeuRS-A_AF_Euk_Leishmania_major_strain_Friedlin_gene5650139.pdb
 0.997476  0.036464  0.060918     2.101306
-0.038134  0.998922  0.026466     1.885528
-0.059887 -0.028722  0.997792    -3.631824
>../../../../class1/leu2//data/domains/Catalytic_domain/structures/LeuRS-A_AF_Euk_Neurospora_crassa_OR74A_gene3879366.pdb
 0.991340 -0.117778 -0.058081     1.012196
 0.128750  0.958789  0.253272     0.804372
 0.025858 -0.258557  0.965650    -2.495788
>../../../../class1/leu2//data/domains/Catalytic_domain/structures/LeuRS-A_PDB_Arch_P_hori_1WKB.pdb
-0.084986  0.800328  0.593509   -14.694535
-0.993725 -0.024608 -0.109111   129.122103
-0.072719 -0.599058  0.797397    26.678838
