>../../../../class1/glu2//data/domains/Catalytic_domain/structures/GlxRS_AF_Arch_Candidatus_Korarchaeum_cryptofilum_OPF8_gene6094352.pdb
-0.087834 -0.867590  0.489461    -0.441269
 0.145228 -0.497263 -0.855358    10.611478
 0.985492 -0.004046  0.169676     8.331349
>../../../../class1/glu2//data/domains/Catalytic_domain/structures/GlxRS_AF_Arch_Methanothrix_soehngenii_GP6_gene10459943.pdb
-0.605015  0.755639  0.250931    -1.280439
 0.727223  0.652754 -0.212271     8.628806
-0.324197  0.054056 -0.944444     6.184467
>../../../../class1/glu2//data/domains/Catalytic_domain/structures/GlxRS_AF_Arch_Nitrosopumilus_maritimus_SCM1_gene5773999.pdb
 0.974520 -0.210494  0.077474    -0.489608
-0.021767  0.255024  0.966690    10.446169
-0.223240 -0.943745  0.243945     5.340429
>../../../../class1/glu2//data/domains/Catalytic_domain/structures/GlxRS_AF_Arch_Sulfolobus_islandicus_LAL14_1_gene15298417.pdb
 0.247925  0.816128 -0.521985    -2.146563
-0.965730  0.165485 -0.199952     5.406911
-0.076806  0.553669  0.829187     9.130914
>../../../../class1/glu2//data/domains/Catalytic_domain/structures/GlxRS_AF_Euk_Cyathus_striatus_proteinKAF9013924.1.pdb
-0.195256  0.654621  0.730306    -2.080520
 0.978960  0.175086  0.104795    18.657898
-0.059265  0.735402 -0.675034     6.321788
>../../../../class1/glu2//data/domains/Catalytic_domain/structures/GlxRS_AF_Euk_Lichtheimia_hyalospora_proteinKAI7879902.1.pdb
 0.076584 -0.158371  0.984405    -8.469819
 0.803940 -0.574178 -0.154918     8.944722
 0.589758  0.803267  0.083348     8.588615
>../../../../class1/glu2//data/domains/Catalytic_domain/structures/GlxRS_AF_Euk_Medicago_truncatula_gene11407510.pdb
 0.002342  0.447285  0.894389    -0.025628
 0.957155 -0.259990  0.127515    16.157843
 0.289568  0.855770 -0.428729    13.059294
>../../../../class1/glu2//data/domains/Catalytic_domain/structures/GlxRS_AF_Euk_Xylariaceae_sp_FL0804_proteinKAI0483267.1.pdb
-0.044212  0.400367 -0.915288   -10.353671
-0.860941 -0.480027 -0.168387     6.353405
-0.506779  0.780564  0.365915     5.526050
>../../../../class1/glu2//data/domains/Catalytic_domain/structures/GlxRS_PDB_Arch_M_thermau_3AII.pdb
-0.679567  0.610449  0.406866   -50.816864
-0.714595 -0.676280 -0.178883    46.250420
 0.165956 -0.412307  0.895802   -32.503640
>../../../../class1/leu2//data/domains/Catalytic_domain/structures/LeuRS-A_AF_Arch_Aciduliprofundum_boonei_T469_gene8828435.pdb
-0.287420 -0.202104 -0.936239     2.963487
 0.491192 -0.870262  0.037069     0.369603
-0.822265 -0.449219  0.349403     0.396509
>../../../../class1/leu2//data/domains/Catalytic_domain/structures/LeuRS-A_AF_Arch_Candidatus_Korarchaeum_cryptofilum_OPF8_gene6093520.pdb
-0.828602  0.558010  0.045211     0.681210
 0.432388  0.586579  0.684811    -2.714935
 0.355612  0.586984 -0.727317    -1.750994
>../../../../class1/leu2//data/domains/Catalytic_domain/structures/LeuRS-A_AF_Arch_Candidatus_Nitrosopumilus_koreensis_AR1_gene13725794.pdb
 0.996230  0.086697  0.003193     1.234285
-0.084980  0.982587 -0.165233    -0.595297
-0.017463  0.164339  0.986249     0.003988
>../../../../class1/leu2//data/domains/Catalytic_domain/structures/LeuRS-A_AF_Arch_Methanobrevibacter_smithii_ATCC_35061_gene5216355.pdb
 1.000000 -0.000000  0.000000     0.000000
 0.000000  1.000000  0.000000     0.000000
-0.000000  0.000000  1.000000     0.000000
>../../../../class1/leu2//data/domains/Catalytic_domain/structures/LeuRS-A_AF_Euk_Arabidopsis_thaliana_gene837489.pdb
-0.216290 -0.922645  0.319287     0.637916
-0.845624  0.013577 -0.533607     2.054567
 0.487995 -0.385411 -0.783147    -3.294019
>../../../../class1/leu2//data/domains/Catalytic_domain/structures/LeuRS-A_AF_Euk_Drosophila_melanogaster_gene326262.pdb
 0.996381  0.084991 -0.001237    -0.343856
-0.084936  0.996091  0.024282     1.947326
 0.003296 -0.024089  0.999704    -2.445894
>../../../../class1/leu2//data/domains/Catalytic_domain/structures/LeuRS-A_AF_Euk_Leishmania_major_strain_Friedlin_gene5650139.pdb
 0.990114  0.127030  0.059481     3.472184
-0.117454  0.982658 -0.143484     1.780057
-0.076676  0.135079  0.987863    -3.360029
>../../../../class1/leu2//data/domains/Catalytic_domain/structures/LeuRS-A_AF_Euk_Neurospora_crassa_OR74A_gene3879366.pdb
 0.998955 -0.030502 -0.034032     2.266891
 0.033592  0.994978  0.094288     0.559802
 0.030985 -0.095332  0.994963    -2.387718
>../../../../class1/leu2//data/domains/Catalytic_domain/structures/LeuRS-A_PDB_Arch_P_hori_1WKB.pdb
-0.143766  0.800462  0.581887    -6.167200
-0.964164  0.019189 -0.264611   123.249406
-0.222977 -0.599077  0.769018    45.696796
