>structures/ProRS-B_AF_Bact_Acinetobacter_baylyi_ADP1_gene45233245.pdb
 0.890953 -0.379456 -0.249429     0.624751
 0.453714  0.721383  0.523212    -0.177026
-0.018602 -0.579327  0.814883    -1.662706
>structures/ProRS-B_AF_Bact_Brachyspira_pilosicoli_95_1000_gene56438966.pdb
 0.192154 -0.326698 -0.925389     0.295294
 0.700064 -0.615195  0.362554    -0.450386
-0.687741 -0.717498  0.110497    -0.200240
>structures/ProRS-B_AF_Bact_Chlamydia_psittaci_6BC_gene12242703.pdb
-0.879254 -0.434228  0.195853     2.932435
-0.472936  0.844911 -0.249914    -2.538549
-0.056958 -0.312364 -0.948253     0.994673
>structures/ProRS-B_AF_Bact_Clostridium_acetobutylicum_DSM_1731_gene44999665.pdb
 0.780561 -0.463605 -0.419280     1.019502
 0.624156  0.541611  0.563105    -0.586961
-0.033971 -0.701234  0.712122    -0.438385
>structures/ProRS-B_AF_Bact_Corynebacterium_ulcerans_809_gene75260584.pdb
-0.969551 -0.244886  0.001509     2.247813
-0.191721  0.762868  0.617475    -1.014533
-0.152362  0.598385 -0.786589    -0.059027
>structures/ProRS-B_AF_Bact_Prochlorococcus_marinus_subsp_marinus_str_CCMP1375_gene54199876.pdb
 0.840208 -0.461099 -0.285374     1.000751
 0.541309  0.681963  0.491845    -1.134244
-0.032175 -0.567727  0.822588    -1.671810
>structures/ProRS-B_AF_Bact_Streptobacillus_moniliformis_DSM_12112_gene29673723.pdb
 1.000000  0.000000  0.000000     0.000000
 0.000000  1.000000  0.000000     0.000000
 0.000000  0.000000  1.000000     0.000000
>structures/ProRS-B_AF_Euk_Candida_albicans_SC5314_gene3640100.pdb
 0.860282 -0.387952 -0.330769    -0.149674
 0.452556  0.879858  0.145065    -1.490714
 0.234751 -0.274488  0.932496     2.518568
>structures/ProRS-B_AF_Mito_Mauremys_reevesii_gene120369760.pdb
 0.651652  0.685084 -0.325591    -3.335155
-0.202615 -0.256433 -0.945087    -1.609407
-0.730956  0.681838 -0.028297     2.455447
>structures/ProRS-B_AF_Mito_Schizosaccharomyces_pombe_gene2540642.pdb
-0.368006  0.440036  0.819109    -3.815031
-0.065308 -0.890986  0.449309    -0.346494
 0.927527  0.111854  0.356626     6.096832
>structures/ProRS-B_PDB_Bact_S_aureus_5znj.pdb
 0.992147 -0.075948 -0.099382     1.151621
 0.118489  0.316182  0.941270   -19.977935
-0.040065 -0.945653  0.322698    -6.755305
>structures/ProRS_PDB_Bact_E_faecalis_2J3M.pdb
 0.983749  0.094083  0.152929   -28.433460
-0.146383  0.913468  0.379669     8.495860
-0.103975 -0.395885  0.912395   -12.982618
