>structures/Pro_Bact_2J3M_E_faecalis.pdb
 0.999147 -0.033962  0.023484   -28.486576
 0.016832  0.854347  0.519431     1.342239
-0.037705 -0.518592  0.854190   -14.931272
>structures/Pro_Bact_5znj_S_aureus.pdb
 0.959137 -0.062083 -0.276046     4.916526
 0.282680  0.168313  0.944332   -20.392103
-0.012165 -0.983777  0.178985    -3.350717
>structures/Prolyl.B.Actinobacteria.NC_012590.1.pdb
 0.901485 -0.275108  0.334127     0.328439
-0.286876  0.198249  0.937230    -3.112937
-0.324080 -0.940751  0.099797    -0.248119
>structures/Prolyl.B.Chlamydiae.NC_002620.2.pdb
-0.794422  0.547669  0.262590     0.552450
 0.561288  0.496806  0.661922    -3.595423
 0.232057  0.673233 -0.702073    -1.184087
>structures/Prolyl.B.Cyanobacteria.NC_005042.1.pdb
 0.727966 -0.536603 -0.426758     1.229801
 0.682188  0.504766  0.528991    -1.319763
-0.068445 -0.676216  0.733517    -0.983529
>structures/Prolyl.B.Firmicutes.NC_015875.1.pdb
-0.003842  0.219085 -0.975698     0.501073
 0.623864 -0.762017 -0.173562    -3.100317
-0.781523 -0.609370 -0.133752     0.990005
>structures/Prolyl.B.Fusobacteria.NC_013515.1.pdb
 1.000000  0.000000  0.000000     0.000000
 0.000000  1.000000  0.000000     0.000000
 0.000000  0.000000  1.000000     0.000000
>structures/Prolyl.B.Proteobacteria.NC_006526.2.pdb
 0.650958  0.651795 -0.389123    -5.762589
-0.221145 -0.327541 -0.918592     1.973599
-0.726188  0.684018 -0.069074     6.823084
>structures/Prolyl.B.Spirochaetes.NC_014330.1.pdb
 0.658116 -0.491079 -0.570723     0.474623
 0.742127  0.295223  0.601740    -1.261054
-0.127011 -0.819564  0.558734     0.025378
