>structures/ProRS-B_AF_Bact_Acinetobacter_baylyi_ADP1_gene45233245.pdb
-0.996739  0.029608 -0.075063     1.048109
 0.006939  0.958254  0.285834     4.025841
 0.080392  0.284381 -0.955335     1.315696
>structures/ProRS-B_AF_Bact_Brachyspira_pilosicoli_95_1000_gene56438966.pdb
-0.458445  0.620577  0.636170     1.339229
 0.726757 -0.150224  0.670267     3.416914
 0.511521  0.769621 -0.382139     0.044271
>structures/ProRS-B_AF_Bact_Chlamydia_psittaci_6BC_gene12242703.pdb
 0.999998 -0.002232  0.000047    -0.053285
 0.002232  0.999964  0.008165     0.106301
-0.000066 -0.008165  0.999967    -0.031018
>structures/ProRS-B_AF_Bact_Clostridium_acetobutylicum_DSM_1731_gene44999665.pdb
-0.980093  0.188739  0.061601     0.817849
 0.196770  0.882131  0.427933     3.059251
 0.026428  0.431536 -0.901709     0.459644
>structures/ProRS-B_AF_Bact_Corynebacterium_ulcerans_809_gene75260584.pdb
 0.949766 -0.182750 -0.254059    -0.063440
 0.312958  0.556843  0.769405     2.037927
 0.000862 -0.810265  0.586064     0.417892
>structures/ProRS-B_AF_Bact_Prochlorococcus_marinus_subsp_marinus_str_CCMP1375_gene54199876.pdb
-0.993258  0.112334 -0.028648     1.130114
 0.100233  0.956306  0.274651     2.999792
 0.058249  0.269928 -0.961117     1.786143
>structures/ProRS-B_AF_Bact_Streptobacillus_moniliformis_DSM_12112_gene29673723.pdb
-0.877948 -0.475533 -0.055452     1.382668
-0.435706  0.841629 -0.319093     3.843222
 0.198410 -0.255987 -0.946100    -0.282660
>structures/ProRS-B_AF_Euk_Candida_albicans_SC5314_gene3640100.pdb
-0.982453 -0.069140  0.173224     2.098609
-0.076742  0.996343 -0.037566     2.051587
-0.169993 -0.050201 -0.984166    -2.391083
>structures/ProRS-B_AF_Mito_Mauremys_reevesii_gene120369760.pdb
-0.434108 -0.516033  0.738417     4.903003
-0.198846 -0.744575 -0.637235     3.431663
 0.878641 -0.423460  0.220615    -2.968781
>structures/ProRS-B_AF_Mito_Schizosaccharomyces_pombe_gene2540642.pdb
 0.301593  0.032580 -0.952880     4.483657
-0.220036 -0.970059 -0.102810     3.464154
-0.927699  0.240675 -0.285394    -6.796626
>structures/ProRS-B_PDB_Bact_S_aureus_5znj.pdb
-0.924925 -0.032532 -0.378755    10.292207
-0.320482  0.602606  0.730861   -11.218810
 0.204464  0.797376 -0.567791    11.421195
>structures/ProRS_PDB_Bact_E_faecalis_2J3M.pdb
-0.787520 -0.496169 -0.365553    23.041720
-0.520058  0.853294 -0.037810    27.597872
 0.330684  0.160332 -0.930022     4.223738
