>structures/CysRS_AF_Arch_Aciduliprofundum_boonei_T469_gene8827372.pdb
 0.219182 -0.129984 -0.966987    -0.879686
 0.842972 -0.473808  0.254762     5.393258
-0.491281 -0.870982  0.005723    -1.735612
>structures/CysRS_AF_Arch_Candidatus_Nitrosopumilus_sediminis_gene13696907.pdb
 0.224923 -0.463058 -0.857314    -0.494848
 0.910568 -0.213275  0.354090    -0.687848
-0.346808 -0.860286  0.373675     3.423344
>structures/CysRS_AF_Arch_Methanospirillum_hungatei_JF-1_gene3922979.pdb
 0.933104  0.180977 -0.310747     2.247230
-0.288738  0.892141 -0.347441     1.454153
 0.214351  0.413923  0.884715    -4.410709
>structures/CysRS_AF_Arch_Pyrobaculum_ferrireducens_gene11593896.pdb
 0.888583  0.415442 -0.194494    -1.694907
-0.429426  0.604291 -0.671137    -0.467792
-0.161288  0.679882  0.715365    -0.097902
>structures/CysRS_AF_Bact_Bordetella_avium_197N_gene41394405.pdb
 1.000000  0.000000  0.000000     0.000000
 0.000000  1.000000  0.000000     0.000000
 0.000000  0.000000  1.000000     0.000000
>structures/CysRS_AF_Bact_Lactobacillus_amylovorus_GRL1118_gene66523130.pdb
 0.965786  0.187943 -0.178702    -0.742324
-0.244721  0.888529 -0.388108    -0.122727
 0.085840  0.418561  0.904123    -1.369458
>structures/CysRS_AF_Bact_Mycobacterium_canettii_CIPT_140010059_gene45427568.pdb
-0.486109 -0.749708  0.449039    -0.097382
-0.847342  0.278648 -0.452069     1.315801
 0.213796 -0.600244 -0.770713    -0.305645
>structures/CysRS_AF_Bact_Mycoplasma_hyopneumoniae_168-L_gene57101512.pdb
 0.924538  0.355510 -0.137270     1.546705
-0.371772  0.762216 -0.529918    -0.235906
-0.083762  0.540962  0.836866    -1.484488
>structures/CysRS_AF_Bact_Porphyromonas_gingivalis_ATCC_33277_gene29256960.pdb
 0.417953 -0.354113 -0.836612     1.206351
 0.877549 -0.080843  0.472623     5.191152
-0.234996 -0.931702  0.276963     1.353079
>structures/CysRS_AF_Bact_Prochlorococcus_marinus_subsp_marinus_str_CCMP1375_gene54200571.pdb
 0.611416  0.726529 -0.313570     1.048675
-0.440005 -0.017214 -0.897830     1.385180
-0.657698  0.686920  0.309152    -1.616460
>structures/CysRS_AF_Bact_Streptobacillus_moniliformis_DSM_12112_gene29673427.pdb
 0.202110  0.054174 -0.977863    -1.802748
 0.617404 -0.782119  0.084279     4.942059
-0.760239 -0.620770 -0.191521    -4.740358
>structures/CysRS_AF_Bact_Treponema_pallidum_subsp_pertenue_str_SamoaD_gene57878631.pdb
 0.290333 -0.298364 -0.909223     1.672041
 0.923225 -0.162600  0.348162     4.861273
-0.251719 -0.940500  0.228249    -1.067318
>structures/CysRS_AF_Euk_Arabidopsis_thaliana_gene833874.pdb
 0.914781  0.402687 -0.031927    -2.819104
-0.375119  0.817507 -0.436999    -0.266806
-0.149873  0.411735  0.898895     1.919490
>structures/CysRS_AF_Euk_Cyanidioschyzon_merolae_strain_10D_gene16993418.pdb
 0.505626  0.794623 -0.336029    -7.422776
-0.331562 -0.180604 -0.925985    -2.893440
-0.796498  0.579617  0.172149     4.495264
>structures/CysRS_AF_Euk_Drosophila_melanogaster_gene36784.pdb
 0.381922  0.613888 -0.690852    -1.856343
-0.138786 -0.700946 -0.699581     1.400268
-0.913714  0.363066 -0.182508     5.390046
>structures/CysRS_AF_Euk_Micromonas_commoda_gene8246535.pdb
-0.471461 -0.491625  0.732140    -2.513013
-0.604060 -0.424837 -0.674259    -0.252246
 0.642523 -0.760144 -0.096677     2.652289
>structures/CysRS_AF_Mito_Morone_saxatilis_gene118339815.pdb
 0.580689 -0.277241 -0.765466    -1.502394
 0.812618  0.140195  0.565683    -1.271432
-0.049516 -0.950517  0.306701    -2.584171
>structures/CysRS_AF_Mito_Saccharomyces_cerevisiae_S288C_gene855474.pdb
 0.633759 -0.065430 -0.770758    -1.767961
 0.659743 -0.474484  0.582755     1.822133
-0.403842 -0.877829 -0.257542     4.105318
>structures/CysRS_AF_Vir_Megavirus_chiliensis_gene11257271.pdb
-0.251901 -0.147580  0.956434     1.250823
-0.275123 -0.936604 -0.216981     0.665038
 0.927822 -0.317795  0.195329     4.632048
>structures/CysRS_PDB_Bact_E_coli_1LI5.pdb
 0.411777 -0.881261 -0.231987    59.389962
-0.213749  0.154066 -0.964663    57.646318
 0.885862  0.446813 -0.124928  -107.116455
>structures/CysRS_PDB_Bact_M_smegmatis_3C8Z.pdb
-0.792126  0.485427 -0.369995    12.971872
 0.027840  0.634299  0.772586    22.084662
 0.609722  0.601685 -0.515959   -45.618491
