>structures/CysRS_AF_Arch_Aciduliprofundum_boonei_T469_gene8827372.pdb
 0.948080 -0.260829 -0.181970     0.011305
 0.307613  0.897336  0.316485     3.631707
 0.080739 -0.356030  0.930980     0.962591
>structures/CysRS_AF_Arch_Candidatus_Nitrosopumilus_sediminis_gene13696907.pdb
 0.975085 -0.175699 -0.135422    -6.382313
 0.166641  0.983112 -0.075638    -0.828013
 0.146425  0.051187  0.987897    -0.790687
>structures/CysRS_AF_Arch_Methanospirillum_hungatei_JF-1_gene3922979.pdb
 0.085314  0.768505 -0.634131    -1.476544
-0.517827 -0.509543 -0.687183     5.236452
-0.851221  0.386997  0.354482    -4.115646
>structures/CysRS_AF_Arch_Pyrobaculum_ferrireducens_gene11593896.pdb
 0.031165  0.542257 -0.839635    -5.838396
-0.124504 -0.831394 -0.541556     2.830389
-0.991730  0.121415  0.041603    -0.622403
>structures/CysRS_AF_Bact_Bordetella_avium_197N_gene41394405.pdb
 0.417953  0.877549 -0.234996    -4.741720
-0.354113 -0.080843 -0.931702     2.107519
-0.836612  0.472623  0.276963    -1.818961
>structures/CysRS_AF_Bact_Lactobacillus_amylovorus_GRL1118_gene66523130.pdb
 0.169660  0.756915 -0.631106    -4.853106
-0.402365 -0.531381 -0.745478     3.705449
-0.899621  0.380413  0.214402    -1.675023
>structures/CysRS_AF_Bact_Mycobacterium_canettii_CIPT_140010059_gene45427568.pdb
-0.997326  0.062662 -0.037621    -3.508524
 0.027865  0.801852  0.596872     2.230200
 0.067567  0.594228 -0.801454    -1.183584
>structures/CysRS_AF_Bact_Mycoplasma_hyopneumoniae_168-L_gene57101512.pdb
 0.075061  0.690564 -0.719366    -3.939773
-0.233815 -0.689101 -0.685908     2.982972
-0.969379  0.219683  0.109740    -3.527340
>structures/CysRS_AF_Bact_Porphyromonas_gingivalis_ATCC_33277_gene29256960.pdb
 1.000000  0.000000  0.000000     0.000000
 0.000000  1.000000  0.000000     0.000000
 0.000000  0.000000  1.000000     0.000000
>structures/CysRS_AF_Bact_Prochlorococcus_marinus_subsp_marinus_str_CCMP1375_gene54200571.pdb
 0.027810  0.124987 -0.991769    -2.720896
 0.432391 -0.896035 -0.100797     3.169721
-0.901257 -0.426028 -0.078962    -2.523905
>structures/CysRS_AF_Bact_Streptobacillus_moniliformis_DSM_12112_gene29673427.pdb
 0.793504 -0.533256 -0.293240     0.008081
 0.600234  0.606338  0.521607     6.733397
-0.100347 -0.589909  0.801210     0.765317
>structures/CysRS_AF_Bact_Treponema_pallidum_subsp_pertenue_str_SamoaD_gene57878631.pdb
 0.991269 -0.043162 -0.124594     0.463471
 0.053300  0.995432  0.079214     2.140385
 0.120606 -0.085163  0.989041    -1.219160
>structures/CysRS_AF_Euk_Arabidopsis_thaliana_gene833874.pdb
 0.099731  0.802209 -0.588655    -6.493463
-0.162126 -0.570598 -0.805067     1.099092
-0.981717  0.175727  0.073153     0.903224
>structures/CysRS_AF_Euk_Cyanidioschyzon_merolae_strain_10D_gene16993418.pdb
 0.111879  0.034328 -0.993129   -11.484787
 0.590319 -0.806245  0.038632     0.867700
-0.799379 -0.590585 -0.110466     4.219000
>structures/CysRS_AF_Euk_Drosophila_melanogaster_gene36784.pdb
 0.251571 -0.440406 -0.861832    -5.542664
 0.730600 -0.497614  0.467550    -2.431804
-0.634772 -0.747277  0.196575     1.826161
>structures/CysRS_AF_Euk_Micromonas_commoda_gene8246535.pdb
-0.876632 -0.404777 -0.260139    -6.625929
-0.390489  0.914381 -0.106887     0.493363
 0.281132  0.007881 -0.959637     0.809767
>structures/CysRS_AF_Mito_Morone_saxatilis_gene118339815.pdb
 0.966543  0.235300  0.102121    -5.892001
-0.229879  0.971235 -0.062118     5.215112
-0.113800  0.036565  0.992831    -1.916489
>structures/CysRS_AF_Mito_Saccharomyces_cerevisiae_S288C_gene855474.pdb
 0.937994 -0.245504  0.244733    -4.786568
 0.110020  0.880330  0.461427    -1.404520
-0.328728 -0.405891  0.852755     1.605112
>structures/CysRS_PDB_Bact_E_coli_1LI5.pdb
-0.209898 -0.335007 -0.918539    94.735069
-0.957622 -0.119079  0.262259    77.498936
-0.197237  0.934661 -0.295816   -54.277151
>structures/CysRS_PDB_Bact_M_smegmatis_3C8Z.pdb
-0.452273  0.613568  0.647289    30.967419
-0.288766 -0.787405  0.544618    38.115092
 0.843838  0.059401  0.533299   -14.806151
