>structures/Asn_Arch_1X54_P_horikoshii.pdb
-0.072210  0.719249 -0.690989    56.599795
-0.850187  0.317856  0.419702    97.775676
 0.521505  0.617777  0.588544   -30.647375
>structures/Asp_Arch_1b8a_T_kodarensis.pdb
 0.950802  0.236914 -0.199616     9.149227
-0.169489  0.937160  0.304966    99.737466
 0.259323 -0.256129  0.931209   -49.641803
>structures/Asp_Bact_1c0a_E_coli.pdb
-0.351344 -0.852057  0.388017    88.272367
-0.936226  0.316976 -0.151684   154.629641
 0.006251 -0.416564 -0.909085     1.869617
>structures/Glycyl.A.Candidatus_Thermoplasmatota.NC_002689.2.pdb
 0.916822  0.398433 -0.026233     3.125778
 0.184105 -0.480106 -0.857673   119.861993
-0.354320  0.781504 -0.513526    10.026208
>structures/His_Bact_1HTT_E_coli.pdb
-0.685359 -0.662223 -0.302893    35.007541
-0.728198  0.621278  0.289383    98.717215
-0.003455  0.418897 -0.908027     7.853168
>structures/His_Bact_4e51_B_thailandensis.pdb
 0.294456  0.932793  0.207827    10.312140
-0.710664  0.068330  0.700205    89.992076
 0.638946 -0.353875  0.683023   -35.979877
>structures/Lys_Bact_3E9H_G_stearothermophilus.pdb
 0.381199  0.269493 -0.884342    40.320448
-0.080710  0.962619  0.258556   186.648917
 0.920963 -0.027185  0.388700   -62.018949
>structures/Phe_Bact_1EIY.B_T_thermophilus.pdb
-0.738003  0.425323 -0.523882    34.211158
-0.278470 -0.899124 -0.337684   163.441682
-0.614659 -0.103327  0.781996    -4.011433
>structures/Phe_Bact_1PYS.A_T_thermophilus.pdb
 0.505194 -0.859450  0.078260    66.408052
 0.475335  0.201421 -0.856438   125.936738
 0.720302  0.469867  0.510284   -57.529002
>structures/Phe_Euk_3CMQ.H_sapiens.pdb
-0.333932 -0.414860  0.846393    22.207147
 0.008156 -0.899175 -0.437513   145.349073
 0.942562 -0.139197  0.303647    -3.602190
>structures/Phe_Euk_3L4G.B_H_sapiens.pdb
 1.000000  0.000000  0.000000     0.000000
 0.000000  1.000000  0.000000     0.000000
 0.000000  0.000000  1.000000     0.000000
>structures/Phe_Euk_3L4G.C_H_sapiens.pdb
 0.801484 -0.067407  0.594205    22.029491
-0.143262 -0.986336  0.081346   235.759649
 0.580603 -0.150324 -0.800189   -40.706913
>structures/Pro_Arch_1nj8_M_janacshii.pdb
 0.877295  0.251239 -0.408941   -67.035548
 0.029368  0.822349  0.568225    51.351856
 0.479052 -0.510511  0.714064   -52.524303
>structures/Pro_Bact_2J3M_E_faecalis.pdb
 0.058107  0.919768  0.388137    13.986086
 0.965632 -0.150445  0.211947    90.305705
 0.253335  0.362482 -0.896899    14.820527
>structures/Pyl_Arch_2Q7E_M_mazei.pdb
 0.344909  0.935625  0.075118   -22.083693
-0.934868  0.349586 -0.061733   118.698187
-0.084019 -0.048933  0.995262   -18.929579
>structures/Sep_Arch_2DU4_A_fulgidus.pdb
-0.511031  0.022465  0.859269    57.850214
 0.646523  0.668809  0.367019    48.997192
-0.566441  0.743095 -0.356306   -50.940031
>structures/Ser_Arch_2cim_M_barkeri.pdb
 0.650063 -0.457764  0.606523   -55.845317
 0.111232 -0.732261 -0.671879   170.896437
 0.751695  0.504228 -0.425098    12.532759
>structures/Seryl.B.Actinobacteria.NC_021064.1.pdb
-0.310513  0.628972 -0.712724    24.649464
 0.874265  0.483301  0.045617   121.458073
 0.373152 -0.608945 -0.699960     8.420842
>structures/Thr_Bact_1evk_E_coli.pdb
-0.325924 -0.945388  0.003910    83.502400
-0.516293  0.174525 -0.838441   137.806955
 0.791969 -0.275286 -0.544979    -8.092732
