>../../../../class2/asp2//data/domains/Catalytic_domain/structures/AsxRS_AF_Arch_Candidatus_Korarchaeum_cryptofilum_OPF8_gene6094477.pdb
 1.000000  0.000000  0.000000     0.000000
 0.000000  1.000000  0.000000     0.000000
 0.000000  0.000000  1.000000     0.000000
>../../../../class2/asp2//data/domains/Catalytic_domain/structures/AsxRS_AF_Arch_Candidatus_Methanomassiliicoccus_intestinalis_Issoire-Mx1_gene16154831.pdb
 0.985832 -0.163065 -0.039318    -1.323221
 0.166520  0.979605  0.112452    -0.271544
 0.020179 -0.117406  0.992879     0.522047
>../../../../class2/asp2//data/domains/Catalytic_domain/structures/AsxRS_AF_Arch_Candidatus_Nitrosopumilus_koreensis_AR1_gene13725312.pdb
 0.754687 -0.578540 -0.309416     3.019646
 0.655452  0.644142  0.394290     2.158894
-0.028804 -0.500373  0.865331     3.534049
>../../../../class2/asp2//data/domains/Catalytic_domain/structures/AsxRS_AF_Arch_Methanobacterium_lacus_gene10277817.pdb
 0.318115 -0.651352 -0.688871     0.528001
 0.882095 -0.062932  0.466849     4.652081
-0.347435 -0.756161  0.554535     3.142638
>../../../../class2/asp2//data/domains/Catalytic_domain/structures/AsxRS_AF_Bact_Candidatus_Liptonbacteria_bacterium_proteinMBI4085034.1.pdb
-0.883707 -0.467861 -0.012989    -4.677842
-0.467341  0.883562 -0.030160    -4.948932
 0.025587 -0.020583 -0.999461    -2.984445
>../../../../class2/asp2//data/domains/Catalytic_domain/structures/AsxRS_AF_Bact_Clostridium_acetobutylicum_DSM_1731_gene45000055.pdb
 0.942396  0.312716 -0.118740    -2.178391
-0.322977  0.758302 -0.566272    -1.059678
-0.087042  0.572003  0.815620    -0.313181
>../../../../class2/asp2//data/domains/Catalytic_domain/structures/AsxRS_AF_Bact_Spirochaetes_bacterium_GWE1_32_154_proteinOHD39701.1.pdb
 0.599513 -0.568922 -0.562949    -0.393552
 0.768492  0.212664  0.603485    -0.608108
-0.223617 -0.794419  0.564707     0.799873
>../../../../class2/asp2//data/domains/Catalytic_domain/structures/AsxRS_AF_Bact_Tropheryma_whipplei_TW08_27_gene67388547.pdb
 0.105613  0.116328  0.987580    -0.935364
 0.053489 -0.992361  0.111171    -0.448384
 0.992968  0.041084 -0.111029     0.699708
>../../../../class2/asp2//data/domains/Catalytic_domain/structures/AsxRS_AF_Euk_Caenorhabditis_elegans_gene176334.pdb
 0.938174  0.301611 -0.169882    -4.666197
-0.341632  0.727589 -0.594896    -1.729653
-0.055823  0.616153  0.785645     1.231497
>../../../../class2/asp2//data/domains/Catalytic_domain/structures/AsxRS_AF_Euk_Cryptococcus_neoformans_var_neoformans_JEC21_gene3258977.pdb
 0.523481 -0.815889 -0.245546    -7.788553
 0.669396  0.215525  0.710956    -9.708647
-0.527140 -0.536539  0.658976    -7.779693
>../../../../class2/asp2//data/domains/Catalytic_domain/structures/AsxRS_AF_Euk_Thalassiosira_pseudonana_CCMP1335_gene7443135.pdb
 0.965229  0.233234 -0.118046    -2.515564
-0.260800  0.828482 -0.495582    -0.982975
-0.017788  0.509137  0.860502     0.722528
>../../../../class2/asp2//data/domains/Catalytic_domain/structures/AsxRS_AF_Euk_Theileria_orientalis_strain_Shintoku_gene20715543.pdb
 0.898159  0.359392 -0.253273    -5.551932
-0.430835  0.604509 -0.670037    -1.639567
-0.087700  0.710919  0.697784     1.624193
>../../../../class2/asp2//data/domains/Catalytic_domain/structures/AsxRS_PDB_Arch_T_kodarensis_1b8a.pdb
-0.026455 -0.619253  0.784746   -19.054587
-0.999641  0.013068 -0.023388    33.913806
 0.004228 -0.785083 -0.619377    29.769977
>../../../../class2/asp2//data/domains/Catalytic_domain/structures/AsxRS_PDB_Bact_T_thermophilus_1n9w.pdb
 0.328239 -0.912430  0.244398   -30.820278
-0.937148 -0.282139  0.205306    18.787600
-0.118373 -0.296426 -0.947692    64.134406
>../../../../class2/asp2//data/domains/Catalytic_domain/structures/AsxRS_PDB_Euk_S_cerevisiae_1EOV.pdb
-0.170843 -0.280301  0.944587   -50.271669
 0.107588 -0.958256 -0.264898    26.379013
 0.979407  0.056370  0.193868    -7.673497
>../../../../class2/ser1//data/domains/Catalytic_domain/structures/SerRS_AF_Arch_Candidatus_Methanomassiliicoccus_intestinalis_Issoire-Mx1_gene16154337.pdb
 0.890416  0.178109  0.418852     7.443810
-0.048632  0.952216 -0.301529     0.421106
-0.452543  0.248117  0.856530   -12.821052
>../../../../class2/ser1//data/domains/Catalytic_domain/structures/SerRS_AF_Arch_Methanospirillum_hungatei_JF-1_gene3924775.pdb
-0.460208 -0.602984 -0.651628     9.641402
 0.629425 -0.739226  0.239516     4.941693
-0.626125 -0.299924  0.719731   -12.140597
>../../../../class2/ser1//data/domains/Catalytic_domain/structures/SerRS_AF_Arch_Nitrosopumilus_maritimus_SCM1_gene5773574.pdb
 0.280772 -0.893762  0.349794    12.579323
-0.761105 -0.429371 -0.486168    -0.190289
 0.584710 -0.129728 -0.800803   -11.552210
>../../../../class2/ser1//data/domains/Catalytic_domain/structures/SerRS_AF_Arch_Thermoproteus_uzoniensis_768-20_gene10361450.pdb
-0.137689 -0.990341  0.016333    11.074174
-0.877967  0.114399 -0.464852    -2.384083
 0.458493 -0.078345 -0.885238   -10.544657
>../../../../class2/ser1//data/domains/Catalytic_domain/structures/SerRS_AF_Bact_Bifidobacterium_longum_subsp_longum_JCM_1217_gene69578844.pdb
-0.009760  0.940969 -0.338353     6.320708
-0.579351 -0.281112 -0.765068     4.040867
-0.815020  0.188558  0.547895   -11.960836
>../../../../class2/ser1//data/domains/Catalytic_domain/structures/SerRS_AF_Bact_Brucella_suis_1330_gene45051948.pdb
-0.530114 -0.845014 -0.070215    11.082295
-0.758320  0.509516 -0.406625     2.560409
 0.379380 -0.162312 -0.910893   -12.966869
>../../../../class2/ser1//data/domains/Catalytic_domain/structures/SerRS_AF_Bact_Chlamydia_psittaci_6BC_gene12242544.pdb
 0.207007 -0.976117 -0.065901    10.126785
 0.856302  0.148194  0.494758     1.417007
-0.473176 -0.158850  0.866528   -11.682115
>../../../../class2/ser1//data/domains/Catalytic_domain/structures/SerRS_AF_Bact_Clostridium_acetobutylicum_DSM_1731_gene44996495.pdb
 0.123722 -0.902449  0.412649    10.927244
-0.858341 -0.305994 -0.411847     5.423687
 0.497939 -0.303239 -0.812467   -12.415551
>../../../../class2/ser1//data/domains/Catalytic_domain/structures/SerRS_AF_Bact_Mycoplasma_hyopneumoniae_168-L_gene57101125.pdb
-0.014095 -0.841652 -0.539836     8.343856
 0.840204 -0.302665  0.449945     2.208448
-0.542087 -0.447231  0.711426   -13.552434
>../../../../class2/ser1//data/domains/Catalytic_domain/structures/SerRS_AF_Bact_Prochlorococcus_marinus_subsp_marinus_str_CCMP1375_gene54200639.pdb
-0.571931 -0.681044 -0.457247     6.119318
-0.689381  0.701153 -0.182041    -1.587035
 0.444578  0.211102 -0.870509   -13.335859
>../../../../class2/ser1//data/domains/Catalytic_domain/structures/SerRS_AF_Bact_Streptobacillus_moniliformis_DSM_12112_gene29673293.pdb
-0.404494 -0.913942 -0.033091    11.284479
-0.819187  0.378169 -0.431186     3.312380
 0.406593 -0.147304 -0.901656   -12.474637
>../../../../class2/ser1//data/domains/Catalytic_domain/structures/SerRS_AF_Bact_Treponema_pallidum_subsp_pertenue_str_SamoaD_gene57879171.pdb
-0.370412 -0.775251 -0.511645    10.723369
 0.765308 -0.566876  0.304884     3.225623
-0.526401 -0.278633  0.803284   -11.659041
>../../../../class2/ser1//data/domains/Catalytic_domain/structures/SerRS_AF_Euk_Cyanidioschyzon_merolae_strain_10D_gene16995416.pdb
-0.633737  0.106881 -0.766129     8.886341
 0.095394 -0.972051 -0.214517     5.232861
-0.767644 -0.209032  0.605829   -11.497415
>../../../../class2/ser1//data/domains/Catalytic_domain/structures/SerRS_AF_Euk_Thunnus_albacares_gene122982782.pdb
-0.138584  0.914808 -0.379368     6.723038
-0.571883 -0.386664 -0.723492     4.581632
-0.808544  0.116690  0.576749   -14.201947
>../../../../class2/ser1//data/domains/Catalytic_domain/structures/SerRS_AF_Euk_Trichomonas_vaginalis_G3_gene4762654.pdb
 0.031359 -0.887847 -0.459068     8.214820
 0.611113 -0.346413  0.711715     3.109895
-0.790922 -0.302861  0.531712   -12.176411
>../../../../class2/ser1//data/domains/Catalytic_domain/structures/SerRS_AF_Euk_Vitis_vinifera_gene100261399.pdb
-0.361103  0.723294 -0.588600     7.462117
-0.389809 -0.690476 -0.609337     4.926442
-0.847144  0.009408  0.531280   -12.116976
>../../../../class2/ser1//data/domains/Catalytic_domain/structures/SerRS_AF_Mito_Cervus_elaphus_gene122688911.pdb
-0.656763 -0.629537 -0.415146     4.872103
-0.630424  0.760449 -0.155828    -2.773082
 0.413797  0.159376 -0.896310   -13.812481
>../../../../class2/ser1//data/domains/Catalytic_domain/structures/SerRS_AF_Mito_Drechmeria_coniospora_gene63718051.pdb
 0.252220 -0.911204 -0.325718     7.506043
 0.794257  0.002666  0.607576     1.919009
-0.552757 -0.411946  0.724403   -14.359811
>../../../../class2/ser1//data/domains/Catalytic_domain/structures/SerRS_PDB_Bact_K_pneumoniae_6h9x.pdb
 0.645906 -0.732590 -0.214752    -9.613330
 0.383721  0.554732 -0.738262    18.217587
 0.659973  0.394442  0.639415    12.754836
>../../../../class2/ser1//data/domains/Catalytic_domain/structures/SerRS_PDB_Bact_T_thermophilus_1ser.pdb
 0.215984  0.975144 -0.049437   -74.110477
 0.948494 -0.221561 -0.226431   -92.924455
-0.231756  0.002014 -0.972772    61.978326
>../../../../class2/ser1//data/domains/Catalytic_domain/structures/SerRS_PDB_Euk_B_taurus_1wle.pdb
 0.796393  0.404889 -0.449247   -31.976884
 0.580416 -0.302974  0.755860   -82.769456
 0.169929 -0.862711 -0.476291    40.433846
