>structures/AsnRS_AF_Arch_Candidatus_Korarchaeum_cryptofilum_OPF8_gene6094562.pdb
-0.588363  0.694777  0.413659    -1.793928
 0.753233  0.284889  0.592856     2.808502
 0.294056  0.660396 -0.690947    -1.978103
>structures/AsnRS_AF_Arch_Candidatus_Nitrososphaera_gargensis_Ga92_gene13796664.pdb
 0.999815  0.003422  0.018928     0.983183
-0.001473  0.994779 -0.102040     0.433567
-0.019178  0.101993  0.994600     0.068610
>structures/AsnRS_AF_Arch_Ferroplasma_acidarmanus_Fer1_gene16025664.pdb
 0.352131 -0.730840 -0.584702     2.012517
 0.673796 -0.235650  0.700334     9.723191
-0.649617 -0.640579  0.409457     0.276631
>structures/AsnRS_AF_Arch_Pyrococcus_sp_ST04_gene13021535.pdb
 0.363216 -0.705793 -0.608219     2.458554
 0.730982 -0.188899  0.655731     8.123455
-0.577702 -0.682769  0.447311     0.577016
>structures/AsnRS_AF_Bact_Clostridium_acetobutylicum_DSM_1731_gene44999755.pdb
 0.991927  0.094619 -0.084426    -2.467781
-0.095772  0.995356 -0.009696     1.055534
 0.083117  0.017703  0.996383    -0.733510
>structures/AsnRS_AF_Bact_Mycoplasma_hyopneumoniae_168-L_gene57101291.pdb
 0.611019 -0.671079 -0.419890     3.795883
 0.673558  0.162057  0.721150     8.989149
-0.415903 -0.723457  0.551031     0.631237
>structures/AsnRS_AF_Bact_Porphyromonas_gingivalis_ATCC_33277_gene29256423.pdb
 0.486538 -0.654358 -0.578875     2.414823
 0.692986 -0.114440  0.711810     6.481309
-0.532025 -0.747475  0.397782    -0.227148
>structures/AsnRS_AF_Bact_Streptobacillus_moniliformis_DSM_12112_gene29673200.pdb
 0.976691  0.195803 -0.087949    -2.144549
-0.199607  0.979189 -0.036689     1.167586
 0.078935  0.053389  0.995449    -0.953712
>structures/AsnRS_AF_Bact_Thermus_thermophilus_HB8_gene3168522.pdb
 0.665499 -0.667226 -0.334545     3.682457
 0.657621  0.312141  0.685641     7.555449
-0.353052 -0.676297  0.646511     1.682250
>structures/AsnRS_AF_Bact_Treponema_pallidum_subsp_pertenue_str_SamoaD_gene57879132.pdb
 0.999999 -0.000372  0.001403     0.037528
 0.000378  0.999989 -0.004708    -0.133843
-0.001401  0.004708  0.999988    -0.007324
>structures/AsnRS_AF_Bact_unclassified_Blastocatellia_proteinRPI49177.1.pdb
 0.788013 -0.576356 -0.216445     3.935493
 0.573437  0.559166  0.598752     5.870120
-0.224065 -0.595942  0.771134     2.104998
>structures/AsnRS_AF_Euk_Candida_albicans_SC5314_gene3646227.pdb
 0.367169 -0.735298 -0.569670     0.466226
 0.786554 -0.081476  0.612122     7.624569
-0.496507 -0.672828  0.548437     4.387375
>structures/AsnRS_AF_Euk_Cryptococcus_gattii_WM276_gene10190222.pdb
 0.359286 -0.758579 -0.543573    -0.700078
 0.850753  0.026830  0.524880     4.862045
-0.383579 -0.651028  0.655003     6.530485
>structures/AsnRS_AF_Euk_Encephalitozoon_intestinalis_ATCC_50506_gene9698489.pdb
 0.370536 -0.603432 -0.706097     1.579869
 0.713893 -0.301301  0.632119     8.135596
-0.594189 -0.738301  0.319143    -0.970336
>structures/AsnRS_AF_Euk_Vitis_vinifera_gene100257593.pdb
 0.968690  0.217625  0.119496    -1.351019
-0.229840  0.968061  0.100161    -2.767631
-0.093882 -0.124490  0.987769    -2.357146
>structures/AsnRS_AF_Mito_Homo_sapiens_gene79731.pdb
-0.249818  0.427959  0.868586    -2.029922
 0.837199 -0.355236  0.415819     7.338692
 0.486506  0.831058 -0.269543     0.460229
>structures/AsnRS_AF_Mito_Zeugodacus_cucurbitae_gene105213230.pdb
-0.461513 -0.752713  0.469499    -0.328839
-0.660904 -0.061313 -0.747962    -0.526623
 0.591787 -0.655488 -0.469174     1.804649
>structures/AsnRS_PDB_Arch_P_horikoshii_1X54.pdb
 0.740579  0.459381  0.490420   -11.864457
 0.369494 -0.887978  0.273806    -1.345372
 0.561263 -0.021568 -0.827356    28.307998
>structures/AsnRS_PDB_Bact_E_anophelis_6pqh.pdb
 0.774509  0.418667 -0.474187   -17.426547
-0.606998  0.280941 -0.743388   -47.329401
-0.178014  0.863592  0.471721    24.433004
>structures/AsnRS_PDB_Euk_S_cerevisiae_1asz.pdb
-0.088022  0.735920 -0.671322   -48.413061
-0.131582  0.659443  0.740150   -17.681600
 0.987390  0.153483  0.038789   -88.744586
