>structures/AsnRS_AF_Arch_Candidatus_Korarchaeum_cryptofilum_OPF8_gene6094562.pdb
-0.966930  0.243428  0.076091   -13.485390
 0.217137  0.942228 -0.255066    -2.281952
-0.133785 -0.230109 -0.963925   -56.956503
>structures/AsnRS_AF_Arch_Candidatus_Nitrososphaera_gargensis_Ga92_gene13796664.pdb
 0.778532 -0.619595 -0.099949   -10.379623
 0.400708  0.368158  0.838983     0.111433
-0.483033 -0.693226  0.534900   -55.749446
>structures/AsnRS_AF_Arch_Ferroplasma_acidarmanus_Fer1_gene16025664.pdb
-0.021181 -0.307276 -0.951385   -15.297702
-0.224374 -0.925863  0.304029     3.257393
-0.974273  0.219906 -0.049334   -63.005702
>structures/AsnRS_AF_Arch_Pyrococcus_sp_ST04_gene13021535.pdb
-0.059101 -0.311229 -0.948495   -13.997985
-0.142653 -0.937771  0.316599     3.331400
-0.988007  0.154017  0.011026   -61.949689
>structures/AsnRS_AF_Bact_Clostridium_acetobutylicum_DSM_1731_gene44999755.pdb
 0.812237 -0.533348 -0.236241   -13.293129
 0.459100  0.334650  0.822944    -1.844619
-0.359858 -0.776884  0.516675   -54.951820
>structures/AsnRS_AF_Bact_Mycoplasma_hyopneumoniae_168-L_gene57101291.pdb
 0.143809 -0.491817 -0.858740   -13.480203
 0.080522 -0.859067  0.505489     4.287393
-0.986324 -0.141842 -0.083940   -63.396168
>structures/AsnRS_AF_Bact_Porphyromonas_gingivalis_ATCC_33277_gene29256423.pdb
 0.052427 -0.304993 -0.950910   -12.908426
-0.062793 -0.951342  0.301670     2.157593
-0.996649  0.043895 -0.069027   -61.117852
>structures/AsnRS_AF_Bact_Streptobacillus_moniliformis_DSM_12112_gene29673200.pdb
 0.863252 -0.452863 -0.222960   -13.073305
 0.421125  0.402608  0.812749    -1.901288
-0.278298 -0.795501  0.538264   -55.270636
>structures/AsnRS_AF_Bact_Thermus_thermophilus_HB8_gene3168522.pdb
 0.180787 -0.585708 -0.790103   -12.928253
 0.156831 -0.775893  0.611060     4.633510
-0.970938 -0.234384 -0.048415   -61.620121
>structures/AsnRS_AF_Bact_Treponema_pallidum_subsp_pertenue_str_SamoaD_gene57879132.pdb
 0.786393 -0.591068 -0.179512   -11.113507
 0.404554  0.273179  0.872760    -0.078323
-0.466822 -0.758954  0.453945   -55.489467
>structures/AsnRS_AF_Bact_unclassified_Blastocatellia_proteinRPI49177.1.pdb
 0.304068 -0.679891 -0.667302   -11.764767
 0.296119 -0.598316  0.744535     4.656455
-0.905459 -0.423990  0.019400   -60.273355
>structures/AsnRS_AF_Euk_Candida_albicans_SC5314_gene3646227.pdb
-0.103885 -0.401224 -0.910070   -15.917962
-0.054956 -0.911307  0.408043     5.655542
-0.993070  0.092404  0.072621   -58.843208
>structures/AsnRS_AF_Euk_Cryptococcus_gattii_WM276_gene10190222.pdb
-0.169524 -0.487815 -0.856328   -15.543557
 0.056983 -0.872303  0.485634     6.220193
-0.983877  0.033531  0.175673   -55.218537
>structures/AsnRS_AF_Euk_Encephalitozoon_intestinalis_ATCC_50506_gene9698489.pdb
-0.039475 -0.153898 -0.987298   -14.421312
-0.159796 -0.974379  0.158273     1.639711
-0.986361  0.164014  0.013871   -62.309289
>structures/AsnRS_AF_Euk_Vitis_vinifera_gene100257593.pdb
 0.906892 -0.395843 -0.144413    -9.847957
 0.259332  0.254222  0.931729    -3.857213
-0.332106 -0.882428  0.333207   -53.436005
>structures/AsnRS_AF_Mito_Homo_sapiens_gene79731.pdb
-0.779463  0.405132  0.477812   -16.901013
 0.562468  0.788410  0.249078     1.174676
-0.275803  0.462901 -0.842411   -59.125474
>structures/AsnRS_AF_Mito_Zeugodacus_cucurbitae_gene105213230.pdb
-0.045489 -0.434510  0.899518   -10.560237
 0.131327 -0.895236 -0.425800     0.868296
 0.990295  0.098762  0.097786   -53.332683
>structures/AsnRS_PDB_Arch_P_horikoshii_1X54.pdb
 0.250105  0.898435  0.360919   -24.283809
 0.898242 -0.076167 -0.432852    18.634295
-0.361399  0.432451 -0.826061   -35.025440
>structures/AsnRS_PDB_Bact_E_anophelis_6pqh.pdb
 1.000000  0.000000  0.000000     0.000000
 0.000000  1.000000  0.000000     0.000000
 0.000000  0.000000  1.000000     0.000000
>structures/AsnRS_PDB_Euk_S_cerevisiae_1asz.pdb
-0.156806  0.120841 -0.980209   -20.859828
 0.774702  0.630638 -0.046185  -102.696122
 0.612576 -0.766611 -0.192503   -60.575313
