>structures/GlyRS_AF_Arch_Candidatus_Nitrosopumilus_sediminis_gene13697160.pdb
-0.778835 -0.625935  0.040259     1.236364
-0.597890  0.760276  0.253984    -1.041676
-0.189586  0.173741 -0.966370     0.875526
>structures/GlyRS_AF_Arch_Methanosalsum_zhilinae_DSM_4017_gene10821854.pdb
-0.434041 -0.772446  0.463611    -1.644722
-0.900893  0.372148 -0.223378    -1.787358
 0.000015 -0.514619 -0.857419     0.980149
>structures/GlyRS_AF_Arch_Sulfolobus_islandicus_YN1551_gene7810979.pdb
 0.606657  0.699560 -0.377602     0.966988
-0.186815 -0.336237 -0.923063    -2.557791
-0.772701  0.630524 -0.073292    -0.944787
>structures/GlyRS_AF_Arch_Thermoplasma_acidophilum_DSM_1728_gene1455843.pdb
-0.902127 -0.431175  0.015952     1.326913
-0.378257  0.808113  0.451525    -0.997713
-0.207577  0.401299 -0.892116     0.774115
>structures/GlyRS_AF_Bact_Capnocytophaga_ochracea_DSM_7271_gene29675716.pdb
 0.197171  0.817782 -0.540700     2.453017
-0.139844 -0.522426 -0.841139     0.141267
-0.970344  0.241462  0.011355     1.001983
>structures/GlyRS_AF_Bact_Chlamydia_pneumoniae_TW-183_gene45051002.pdb
 0.734546  0.148351  0.662144    -4.396161
 0.663925 -0.358689 -0.656159   -10.555616
 0.140162  0.921593 -0.361967    23.806744
>structures/GlyRS_AF_Bact_Corynebacterium_ulcerans_809_gene75260805.pdb
-0.566993  0.679322  0.465876     0.486045
 0.556543 -0.101027  0.824653     0.222462
 0.607271  0.726853 -0.320790    -3.387271
>structures/GlyRS_AF_Bact_Treponema_denticola_ATCC_35405_gene2741635.pdb
 0.969188  0.229138 -0.090391     1.225812
-0.245524  0.869139 -0.429319     2.167652
-0.019811  0.438284  0.898618    -2.046881
>structures/GlyRS_AF_Euk_Cryptococcus_neoformans_var_neoformans_JEC21_gene3258293.pdb
 0.826416  0.546841 -0.134165    -0.741880
-0.441405  0.481269 -0.757325    -1.684237
-0.349567  0.685087  0.639107     1.582051
>structures/GlyRS_AF_Euk_Girardinichthys_multiradiatus_gene124858359.pdb
-0.502049 -0.794022  0.342746    -0.654277
-0.863084  0.485241 -0.140098    -2.069451
-0.055073 -0.366155 -0.928923     3.074828
>structures/GlyRS_AF_Euk_Plasmodium_yoelii_gene3801472.pdb
-0.225242 -0.671243  0.706187    -0.926998
-0.926854 -0.075813 -0.367687    -3.145018
 0.300345 -0.737350 -0.605068    -0.004466
>structures/GlyRS_AF_Euk_Schizosaccharomyces_pombe_gene2543181.pdb
-0.611791 -0.739038  0.282018    -2.068067
-0.761053  0.647137  0.044866    -2.281437
-0.215662 -0.187182 -0.958359     3.027065
>structures/GlyRS_AF_Mito_Fusarium_poae_gene68345711.pdb
-0.577190 -0.757992  0.303809    -1.699911
-0.789853  0.612659  0.027960    -2.244668
-0.207325 -0.223826 -0.952322     2.847581
>structures/GlyRS_AF_Mito_Porphyromonas_gingivalis_ATCC_33277_gene29255455.pdb
 1.000000  0.000000  0.000000     0.000000
 0.000000  1.000000  0.000000    -0.000000
 0.000000  0.000000  1.000000     0.000000
>structures/GlyRS_PDB_Bact_T_thermophilus_1ati.pdb
 0.393898  0.464057 -0.793408     0.502892
 0.873249  0.080447  0.480588   -41.556601
 0.286847 -0.882145 -0.373549    36.368713
>structures/GlyRS_PDB_Euk_H_sapiens_2q5h.pdb
-0.856279  0.206896  0.473266   128.698363
 0.500869  0.108793  0.858659    67.490621
 0.126165  0.972295 -0.196785   -40.149624
