>structures/GlyRS_AF_Arch_Methanosalsum_zhilinae_DSM_4017_gene10821854.pdb
 0.035341  0.295859  0.954578    -0.593779
 0.119020 -0.949622  0.289916    -2.307877
 0.992263  0.103368 -0.068774     3.811429
>structures/GlyRS_AF_Arch_Sulfolobus_islandicus_YN1551_gene7810979.pdb
 0.894176 -0.431200  0.120480     1.897654
 0.410757  0.897163  0.162411    -0.214436
-0.178121 -0.095737  0.979340     3.036831
>structures/GlyRS_AF_Bact_Capnocytophaga_ochracea_DSM_7271_gene29675716.pdb
 1.000000  0.000000  0.000000     0.000000
 0.000000  1.000000  0.000000     0.000000
 0.000000  0.000000  1.000000     0.000000
>structures/GlyRS_AF_Bact_Chlamydia_pneumoniae_TW-183_gene45051002.pdb
-0.090719 -0.814538  0.572973   -21.959880
 0.286192  0.529753  0.798409     5.402433
-0.953868  0.236411  0.185055    12.934937
>structures/GlyRS_AF_Bact_Corynebacterium_ulcerans_809_gene75260805.pdb
-0.777741 -0.557799  0.289792     3.819608
-0.609062  0.782729 -0.127979    -2.667910
-0.155442 -0.276036 -0.948495     0.946794
>structures/GlyRS_AF_Bact_Treponema_denticola_ATCC_35405_gene2741635.pdb
 0.245088 -0.498693 -0.831407     2.419027
 0.915553 -0.163022  0.367677    -2.739056
-0.318896 -0.851310  0.416625    -1.085987
>structures/GlyRS_AF_Euk_Cryptococcus_neoformans_var_neoformans_JEC21_gene3258293.pdb
 0.562078 -0.623166 -0.543813    -0.983096
 0.823343  0.359121  0.439474    -1.500837
-0.078571 -0.694764  0.714934     3.236519
>structures/GlyRS_AF_Euk_Girardinichthys_multiradiatus_gene124858359.pdb
 0.068795  0.135985  0.988320    -2.408286
 0.032319 -0.990450  0.134028    -0.864863
 0.997107  0.022721 -0.072533     3.529548
>structures/GlyRS_AF_Euk_Plasmodium_yoelii_gene3801472.pdb
-0.207194  0.590970  0.779631     0.688024
 0.376835 -0.687219  0.621068    -1.136797
 0.902810  0.422474 -0.080311     4.566734
>structures/GlyRS_AF_Euk_Schizosaccharomyces_pombe_gene2543181.pdb
 0.189731 -0.044720  0.980817    -2.589418
-0.143408 -0.989511 -0.017376    -1.904193
 0.971306 -0.137361 -0.194154     4.395298
>structures/GlyRS_AF_Mito_Porphyromonas_gingivalis_ATCC_33277_gene29255455.pdb
 0.197171 -0.139844 -0.970344     0.508359
 0.817782 -0.522426  0.241462    -2.174172
-0.540700 -0.841139  0.011355     1.433795
>structures/GlyRS_PDB_Bact_T_thermophilus_1ati.pdb
-0.320970  0.936690  0.139964   -29.045157
-0.069178  0.124201 -0.989843    28.860675
-0.944560 -0.327392  0.024933    36.313386
>structures/GlyRS_PDB_Euk_H_sapiens_2q5h.pdb
-0.357444 -0.918840  0.167232    55.452376
-0.932858  0.342666 -0.111155    58.005605
 0.044829 -0.195735 -0.979632  -125.385283
