>structures/Gly_Bact_1ati_T_thermophilus.pdb
-0.925641 -0.087947  0.368040    12.113855
 0.375658 -0.330499  0.865824   -27.183951
 0.045490  0.939700  0.338961   -41.863181
>structures/Glycyl.A.Candidatus_Thermoplasmatota.NC_002689.2.pdb
 0.908115 -0.408723 -0.090955    -3.520647
 0.416806  0.861623  0.289619    -1.331643
-0.040005 -0.300918  0.952811     3.762277
>structures/Glycyl.A.Crenarchaeota.NC_015518.1.pdb
 1.000000  0.000000  0.000000     0.000000
 0.000000  1.000000  0.000000     0.000000
 0.000000  0.000000  1.000000     0.000000
>structures/Glycyl.A.Euryarchaeota.NC_015574.1.pdb
-0.246849 -0.894965  0.371624    -0.155421
-0.887796  0.055141 -0.456922     0.025951
 0.388437 -0.442717 -0.808157     1.503667
>structures/Glycyl.A.Thaumarchaeota.NC_018656.1.pdb
 0.986369 -0.101729  0.129335    -2.753542
 0.096082  0.994157  0.049196    -1.264521
-0.133584 -0.036099  0.990380     3.107397
>structures/Glycyl.B.Actinobacteria.NC_015067.1.pdb
 0.297589 -0.849134 -0.436361    -1.658862
 0.928922  0.152055  0.337614    -1.740943
-0.220329 -0.505816  0.834030     6.577191
>structures/Glycyl.B.Deinococcus-Thermus.NC_006461.1.pdb
 0.615891  0.767280  0.178773    -2.676359
-0.455612  0.532009 -0.713712     2.449500
-0.642725  0.358118  0.677241     3.791401
>structures/Glycyl.B.Spirochaetes.NC_002967.9.pdb
-0.581846 -0.813132 -0.016465    -3.631468
-0.808925  0.580696 -0.091828     1.050480
 0.084230 -0.040111 -0.995639     6.845145
>structures/Glycyl.E.Apicomplexa.NC_036168.2.pdb
 0.449038  0.862584 -0.233052     1.099263
-0.471304  0.007065 -0.881943    -1.253804
-0.759103  0.505864  0.409712     2.593639
>structures/Glycyl.E.Ascomycota.NC_001134.8.pdb
 0.974368  0.214847  0.066693    -0.881365
-0.194018  0.952620 -0.234249    -0.273603
-0.113861  0.215305  0.969886     0.011571
>structures/Glycyl.E.Basidiomycota.NC_026485.1.pdb
 0.867973  0.493655  0.054110    -1.064076
-0.385034  0.737766 -0.554482     0.292696
-0.313643  0.460441  0.830435     1.399916
>structures/Glycyl.E.Rhodophyta.NC_010129.1.pdb
 0.031612  0.090584 -0.995387    -0.157162
 0.551241 -0.832311 -0.058236    -1.208525
-0.833747 -0.546857 -0.076244     0.448966
>structures/Gly_Euk_2q5h_H_sapiens.pdb
 0.246641 -0.543557 -0.802318  -121.260454
 0.961509  0.033790  0.272687   -43.559415
-0.121110 -0.838692  0.530969    85.278922
