>structures/Ala_Bact_3HXV_E_coli.pdb
-0.664634  0.730407 -0.157377    -1.679534
 0.735754  0.676475  0.032374    13.904013
 0.130108 -0.094274 -0.987008    40.107834
>structures/Asp_Arch_1b8a_T_kodarensis.pdb
-0.778130 -0.436069  0.452060    18.616641
 0.601378 -0.309530  0.736570    17.493421
-0.181269  0.845006  0.503097   -16.600902
>structures/Phe_Bact_1PYS.A_T_thermophilus.pdb
 1.000000  0.000000  0.000000     0.000000
 0.000000  1.000000  0.000000     0.000000
 0.000000  0.000000  1.000000     0.000000
>structures/Ser_Arch_2cim_M_barkeri.pdb
-0.044244 -0.366425  0.929395   -51.229768
 0.113922  0.922387  0.369086    42.029471
-0.992504  0.122208  0.000934    36.199496
