>structures/Phenylalanyl.A.Candidatus_Thermoplasmatota.NC_021592.1.pdb
 0.839960  0.530276  0.115212   -50.073026
-0.145390  0.424469 -0.893693   -23.851162
-0.522808  0.733916  0.433634    63.344014
>structures/Phenylalanyl.A.Crenarchaeota.NC_012588.1.pdb
-0.086364  0.826411  0.556405   -77.923436
 0.458063 -0.463020  0.758809    -9.506579
 0.884714  0.320402 -0.338560    52.321657
>structures/Phenylalanyl.B.Actinobacteria.NC_017317.1.pdb
-0.059311 -0.634430  0.770701    -6.753486
-0.669303 -0.547536 -0.502232     0.414946
 0.740618 -0.545621 -0.392151    -9.049873
>structures/Phenylalanyl.B.Bacteroidota.NC_010729.1.pdb
-0.907995  0.324476  0.265067    -9.026827
 0.412308  0.804453  0.427619   -31.650569
-0.074482  0.497565 -0.864223    -3.633862
>structures/Phenylalanyl.B.Chlamydiae.NC_017287.1.pdb
-0.430151  0.248833  0.867786     9.272863
 0.641462 -0.592133  0.487755    -2.198452
 0.635214  0.766460  0.095090    -2.241639
>structures/Phenylalanyl.B.Cyanobacteria.NC_005042.1.pdb
 1.000000  0.000000  0.000000    -0.000000
 0.000000  1.000000  0.000000    -0.000000
 0.000000  0.000000  1.000000     0.000000
>structures/Phenylalanyl.B.Deinococcus-Thermus.NC_006461.1.pdb
-0.016596  0.716437 -0.697455     6.463485
-0.360329 -0.654965 -0.664217     0.456889
-0.932678  0.240290  0.269023    -2.378525
>structures/Phenylalanyl.B.Firmicutes.NC_014334.2.pdb
 0.270311  0.962615  0.017462   -86.362413
-0.410512  0.131644 -0.902302    12.802500
-0.870868  0.236734  0.430750    31.343882
>structures/Phenylalanyl.B.Fusobacteria.NC_013515.1.pdb
-0.998803 -0.032602  0.036476     2.701630
-0.024120  0.976836  0.212624   -10.906990
-0.042563  0.211490 -0.976453    -6.254237
>structures/Phenylalanyl.B.Proteobacteria.NC_003103.1.pdb
 0.103753  0.565499 -0.818197     6.148696
-0.311932 -0.762632 -0.566649    -4.499429
-0.944422  0.314014  0.097272    -5.689195
>structures/Phenylalanyl.B.Spirochaetes.NC_014330.1.pdb
-0.130827 -0.676522  0.724709     2.500001
-0.204080 -0.696959 -0.687459   -11.181582
 0.970173 -0.237837 -0.046884    -5.700099
>structures/Phenylalanyl.E.Apicomplexa.NC_011903.2.pdb
-0.622421  0.334455  0.707624  -126.250471
-0.369299  0.671637 -0.642279    -7.606275
-0.690080 -0.661092 -0.294527     9.557355
>structures/Phenylalanyl.E.Bacillariophyta.NC_025310.1.pdb
 0.963681  0.017213  0.266499   -93.804283
 0.105577  0.892070 -0.439392   -19.034039
-0.245299  0.451570  0.857854    59.605874
>structures/Phenylalanyl.E.Basidiomycota.NC_026480.1.pdb
-0.256878  0.842221 -0.474001   -64.916268
 0.201178 -0.433116 -0.878600    30.834005
-0.945273 -0.321052 -0.058179     9.707794
