>structures/Phe_Bact_2ALY.A_T_thermophilus.pdb
-0.478208  0.540449  0.692266   -25.606685
-0.102544  0.748486 -0.655175   -28.427394
-0.872240 -0.384297 -0.302512    33.199655
>structures/Phenylalanyl.A.Candidatus_Thermoplasmatota.NC_021592.1.pdb
-0.718840 -0.679521 -0.146694     4.496479
-0.557295  0.689432 -0.462715    -2.621107
 0.415561 -0.250866 -0.874286    -2.192700
>structures/Phenylalanyl.A.Crenarchaeota.NC_012588.1.pdb
-0.684703 -0.620855 -0.381734     9.628229
 0.661827 -0.310300 -0.682422   -30.351443
 0.305233 -0.719898  0.623362    -0.969245
>structures/Phenylalanyl.B.Actinobacteria.NC_017317.1.pdb
-0.955828  0.123457 -0.266740     2.376912
-0.022651  0.873873  0.485626     2.059410
 0.293051  0.470217 -0.832476    -0.551361
>structures/Phenylalanyl.B.Bacteroidota.NC_010729.1.pdb
 0.267540 -0.938059  0.220153     3.862745
-0.845876 -0.338071 -0.412556     1.951849
 0.461429 -0.075846 -0.883929    -4.757380
>structures/Phenylalanyl.B.Chlamydiae.NC_017287.1.pdb
-0.772710  0.544320  0.326548     1.341586
 0.386452 -0.004702  0.922298    -0.154651
 0.503561  0.838864 -0.206721    -5.323032
>structures/Phenylalanyl.B.Cyanobacteria.NC_005042.1.pdb
 1.000000  0.000000  0.000000     0.000000
 0.000000  1.000000  0.000000     0.000000
 0.000000  0.000000  1.000000     0.000000
>structures/Phenylalanyl.B.Deinococcus-Thermus.NC_006461.1.pdb
 0.283171  0.939034 -0.195014    -0.913858
-0.578690  0.005142 -0.815531    -0.100642
-0.764809  0.343787  0.544865    -7.331645
>structures/Phenylalanyl.B.Firmicutes.NC_014334.2.pdb
-0.113894 -0.993337  0.017579     5.471860
 0.603358 -0.083215 -0.793117   -30.271603
 0.789296 -0.079725  0.608815   -11.016954
>structures/Phenylalanyl.B.Fusobacteria.NC_013515.1.pdb
-0.616151 -0.787231  0.025021    -0.391955
-0.782849  0.615597  0.090485     0.709327
-0.086636  0.036165 -0.995583    -5.382020
>structures/Phenylalanyl.B.Proteobacteria.NC_003103.1.pdb
 0.070467  0.849815 -0.522350    -0.244172
-0.083774 -0.516760 -0.852022     0.336783
-0.993990  0.103799  0.034778    -5.316086
>structures/Phenylalanyl.B.Spirochaetes.NC_014330.1.pdb
-0.012631  0.189541  0.981792     1.644563
-0.231681 -0.955705  0.181524     0.230568
 0.972710 -0.225170  0.055984    -5.092313
>structures/Phenylalanyl.E.Apicomplexa.NC_011903.2.pdb
 0.784978 -0.448412  0.427478     8.629053
 0.185851  0.828673  0.527977     3.895173
-0.590991 -0.335003  0.733828     5.542008
>structures/Phenylalanyl.E.Bacillariophyta.NC_025310.1.pdb
-0.077174 -0.921759 -0.380005     1.288679
-0.855488 -0.134523  0.500044   -24.998870
-0.512040  0.363680 -0.778172    -7.805315
>structures/Phenylalanyl.E.Basidiomycota.NC_026480.1.pdb
 0.480922 -0.858624  0.177422     3.719807
 0.575251  0.461723  0.675202     4.057569
-0.661665 -0.222657  0.715977    11.470005
>structures/Phenylalanyl.E.Evosea.NC_007088.5.pdb
 0.978330  0.086672  0.188040    10.776560
-0.003809 -0.900483  0.434875     4.447061
 0.207018 -0.426168 -0.880639    -6.408392
