>structures/Phe_Bact_1EIY.A_T_thermophilus.pdb
-0.109219 -0.295652 -0.949032    27.835626
-0.992165 -0.025844  0.122234    17.315748
-0.060665  0.954946 -0.290512   -44.082395
>structures/Phe_Bact_1PYS.A_T_thermophilus.pdb
-0.108201 -0.297954 -0.948428    28.081671
-0.991999 -0.030058  0.122614    17.707785
-0.065042  0.954107 -0.292318   -44.388185
>structures/Phe_Bact_3PCO.A_E_coli.pdb
-0.901349  0.311500  0.300895   -41.263330
-0.066254  0.587405 -0.806576    47.521179
-0.427996 -0.746942 -0.508819    20.239505
>structures/Phenylalanyl.B.Actinobacteria.NC_017317.1.pdb
 0.882596  0.469217 -0.029323     2.511107
-0.273045  0.460825 -0.844445     4.573705
-0.382715  0.753310  0.534840     1.536817
>structures/Phenylalanyl.B.Bacteroidota.NC_010729.1.pdb
-0.286486  0.576082 -0.765543    -0.810927
 0.519792 -0.577761 -0.629293     1.869098
-0.804824 -0.578206 -0.133922     2.680882
>structures/Phenylalanyl.B.Chlamydiae.NC_017287.1.pdb
 1.000000  0.000000  0.000000     0.000000
 0.000000  1.000000  0.000000     0.000000
 0.000000  0.000000  1.000000     0.000000
>structures/Phenylalanyl.B.Cyanobacteria.NC_005042.1.pdb
-0.772710  0.386452  0.503561     3.776892
 0.544320 -0.004702  0.838864     3.734321
 0.326548  0.922298 -0.206721    -1.395840
>structures/Phenylalanyl.B.Deinococcus-Thermus.NC_006461.1.pdb
-0.816862 -0.573150  0.065079     0.855037
-0.498375  0.758057  0.420680    -1.911934
-0.290446  0.311204 -0.904872    -0.905397
>structures/Phenylalanyl.B.Fusobacteria.NC_013515.1.pdb
 0.256575  0.858414 -0.444179     2.813276
-0.310283 -0.362083 -0.878988     0.611708
-0.915365  0.363348  0.173450     0.664379
>structures/Phenylalanyl.B.Proteobacteria.NC_003103.1.pdb
-0.584866 -0.806570  0.085887     1.409228
-0.805630  0.565325 -0.177109    -0.301156
 0.094296 -0.172778 -0.980437     0.122920
>structures/Phenylalanyl.B.Spirochaetes.NC_014330.1.pdb
 0.437686 -0.450015 -0.778407     2.145342
 0.850924 -0.072340  0.520283     1.465325
-0.290445 -0.890086  0.351266     1.111799
