>structures/PheRS-Bα_AF_Bact_Brachyspira_pilosicoli_95_1000_gene56440383.pdb
-0.127606 -0.916567 -0.378975     2.556386
-0.719837  0.348445 -0.600350     6.583919
 0.682313  0.196192 -0.704243    -1.934632
>structures/PheRS-Bα_AF_Bact_Chlamydia_psittaci_6BC_gene12243227.pdb
-0.887740 -0.060677 -0.456329     0.956568
-0.223329  0.923576  0.311658     3.399670
 0.402544  0.378583 -0.833447    -2.219493
>structures/PheRS-Bα_AF_Bact_Ferrimonas_balearica_DSM_9799_gene67181906.pdb
 0.545444 -0.736150 -0.400717    -2.083482
 0.628564  0.043011  0.776567     3.715526
-0.554435 -0.675450  0.486178    -2.111384
>structures/PheRS-Bα_AF_Bact_Mycobacterium_intracellulare_ATCC_13950_gene11909689.pdb
-0.053857  0.500825 -0.863871    -9.474088
-0.215517 -0.850567 -0.479676     2.487267
-0.975014  0.160345  0.153745    -3.782594
>structures/PheRS-Bα_AF_Bact_Mycoplasma_capricolum_subsp_capricolum_ATCC_27343_gene23778662.pdb
 0.707673 -0.665583 -0.237061    -0.368988
 0.635114  0.452252  0.626178     5.920393
-0.309562 -0.593690  0.742768    -0.145346
>structures/PheRS-Bα_AF_Bact_Porphyromonas_gingivalis_ATCC_33277_gene29256875.pdb
-0.538570 -0.564113 -0.625874     2.284480
-0.364094  0.825687 -0.430902     6.402322
 0.759854 -0.004194 -0.650081    -5.446825
>structures/PheRS-Bα_AF_Bact_Prochlorococcus_marinus_subsp_marinus_str_CCMP1375_gene54200681.pdb
 0.842690  0.529574 -0.097080    -7.409225
-0.496317  0.694207 -0.521293     0.562464
-0.208670  0.487471  0.847838    -0.828018
>structures/PheRS-Bα_AF_Bact_Staphylococcus_argenteus_gene66839332.pdb
 0.999953 -0.009002  0.003503     0.234529
 0.009020  0.999946 -0.005140    -0.009818
-0.003457  0.005172  0.999981    -0.163456
>structures/PheRS-Bα_PDB_Bact.A_E_coli_3PCO.pdb
 0.997929 -0.050826  0.039417    23.394642
 0.054665  0.347300 -0.936159    62.830394
 0.033891  0.936376  0.349360   -23.242010
>structures/PheRS-Bα_PDB_Bact.A_T_thermophilus_1PYS.pdb
 0.260293 -0.076638  0.962483   -11.788151
-0.931965  0.240609  0.271198     5.205992
-0.252366 -0.967592 -0.008795    51.200235
