>structures/AsnRS_AF_Arch_Candidatus_Korarchaeum_cryptofilum_OPF8_gene6094562.pdb
-0.719104  0.641159  0.267963    -0.764513
 0.650200  0.484735  0.585040     2.037538
 0.245212  0.594935 -0.765456    -1.717145
>structures/AsnRS_AF_Arch_Candidatus_Nitrososphaera_gargensis_Ga92_gene13796664.pdb
 0.987722 -0.156052  0.007271     1.020835
 0.155975  0.987709  0.010178     0.774397
-0.008769 -0.008919  0.999922    -0.100759
>structures/AsnRS_AF_Arch_Ferroplasma_acidarmanus_Fer1_gene16025664.pdb
 0.188654 -0.675458 -0.712858     1.501811
 0.674419 -0.438535  0.594008     9.337239
-0.713840 -0.592827  0.372811    -0.548067
>structures/AsnRS_AF_Arch_Pyrococcus_sp_ST04_gene13021535.pdb
 0.237461 -0.682328 -0.691405     2.392830
 0.719568 -0.354589  0.597067     8.809489
-0.652560 -0.639293  0.406780     0.116887
>structures/AsnRS_AF_Bact_Clostridium_acetobutylicum_DSM_1731_gene44999755.pdb
 0.994399 -0.105298 -0.009138    -0.301907
 0.105465  0.994215  0.020355    -0.242654
 0.006942 -0.021204  0.999751     0.144988
>structures/AsnRS_AF_Bact_Mycoplasma_hyopneumoniae_168-L_gene57101291.pdb
 0.458788 -0.721613 -0.518447     3.853874
 0.759131  0.015098  0.650762     8.391799
-0.461771 -0.692132  0.554726     0.608279
>structures/AsnRS_AF_Bact_Porphyromonas_gingivalis_ATCC_33277_gene29256423.pdb
 0.322584 -0.662425 -0.676116     2.686524
 0.726594 -0.284493  0.625400     7.000493
-0.606631 -0.693006  0.389541    -0.133451
>structures/AsnRS_AF_Bact_Streptobacillus_moniliformis_DSM_12112_gene29673200.pdb
 1.000000  0.000000  0.000000     0.000000
 0.000000  1.000000  0.000000     0.000000
 0.000000  0.000000  1.000000     0.000000
>structures/AsnRS_AF_Bact_Thermus_thermophilus_HB8_gene3168522.pdb
 0.523856 -0.742975 -0.416608     3.921750
 0.736234  0.148948  0.660131     8.102040
-0.428408 -0.652535  0.625031     1.465094
>structures/AsnRS_AF_Bact_Treponema_pallidum_subsp_pertenue_str_SamoaD_gene57879132.pdb
 0.983103 -0.182563  0.013366     0.480685
 0.181249  0.981044  0.068563    -0.393704
-0.025629 -0.064982  0.997557     0.206186
>structures/AsnRS_AF_Euk_Candida_albicans_SC5314_gene3646227.pdb
 0.240672 -0.754330 -0.610790     1.225585
 0.805502 -0.195864  0.559289     7.584118
-0.541520 -0.626597  0.560475     4.639995
>structures/AsnRS_AF_Euk_Cryptococcus_gattii_WM276_gene10190222.pdb
 0.202321 -0.792205 -0.575740     0.600246
 0.870956 -0.123250  0.475652     5.216188
-0.447774 -0.597679  0.665040     7.050365
>structures/AsnRS_AF_Euk_Encephalitozoon_intestinalis_ATCC_50506_gene9698489.pdb
 0.253003 -0.603865 -0.755868     1.867062
 0.696152 -0.428915  0.575677     8.935849
-0.671835 -0.671847  0.311865    -0.948693
>structures/AsnRS_AF_Euk_Vitis_vinifera_gene100257593.pdb
 0.990913  0.049440  0.125091    -0.160970
-0.074113  0.976776  0.201035    -2.965336
-0.112246 -0.208479  0.971564    -1.618724
>structures/AsnRS_AF_Mito_Solanum_lycopersicum_gene543755.pdb
 0.870388 -0.486548  0.075471     1.353493
 0.340758  0.705902  0.620956    -3.680023
-0.355400 -0.514755  0.780204    -0.563206
>structures/AsnRS_AF_Mito_Zeugodacus_cucurbitae_gene105213230.pdb
-0.257353 -0.796198  0.547575     2.738095
-0.713958 -0.225190 -0.662988    -1.661362
 0.651178 -0.561568 -0.510498     2.792098
>structures/AsnRS_PDB_Arch_P_horikoshii_1X54.pdb
 0.707328  0.579089  0.405392    -8.306201
 0.524493 -0.814423  0.248239     0.940701
 0.473913  0.037039 -0.879792    29.673116
>structures/AsnRS_PDB_Bact_E_anophelis_6pqh.pdb
 0.865812  0.421659 -0.269395    -2.739153
-0.447155  0.410409 -0.794743   -48.710345
-0.224548  0.808560  0.543884    28.595677
>structures/AsnRS_PDB_Euk_S_cerevisiae_1asz.pdb
 0.053191  0.464442 -0.884005   -42.635261
 0.000077  0.885256  0.465104   -47.946864
 0.998584 -0.024807  0.047052   -77.238095
