>../../../../class2/ala//data/domains/Catalytic_domain/structures/AlaRS_AF_Arch_Candidatus_Korarchaeum_cryptofilum_OPF8_gene6094822.pdb
-0.947666 -0.290620 -0.132170     1.292911
-0.146330  0.763323 -0.629226   -16.976568
 0.283754 -0.576956 -0.765902     8.388367
>../../../../class2/ala//data/domains/Catalytic_domain/structures/AlaRS_AF_Arch_Candidatus_Nitrosopumilus_koreensis_AR1_gene13725795.pdb
 0.386483  0.442047  0.809460     5.207489
 0.053086 -0.886864  0.458971   -11.894281
 0.920767 -0.134414 -0.366224     8.958699
>../../../../class2/ala//data/domains/Catalytic_domain/structures/AlaRS_AF_Arch_Sulfolobus_islandicus_YG5714_gene7807284.pdb
-0.692149  0.718674  0.066616     0.778188
 0.348030  0.413187 -0.841518   -14.980280
-0.632302 -0.559271 -0.536107     5.426095
>../../../../class2/ala//data/domains/Catalytic_domain/structures/AlaRS_AF_Arch_Thermoplasma_acidophilum_DSM_1728_gene1456391.pdb
 0.348465  0.417477  0.839217     2.872497
 0.045090 -0.901765  0.429869   -13.143630
 0.936237 -0.111954 -0.333057     9.140611
>../../../../class2/ala//data/domains/Catalytic_domain/structures/AlaRS_AF_Bact_Brucella_melitensis_bv_1_str_16M_gene29593597.pdb
 0.119484  0.907429  0.402861     7.726338
 0.493268 -0.406402  0.769106   -12.304518
 0.861633  0.106823 -0.496163    16.800983
>../../../../class2/ala//data/domains/Catalytic_domain/structures/AlaRS_AF_Bact_Chlamydia_psittaci_6BC_gene12242512.pdb
 0.072541 -0.967285  0.243100     7.014503
 0.982947  0.028040 -0.181741   -15.003752
 0.168978  0.252138  0.952824    11.671480
>../../../../class2/ala//data/domains/Catalytic_domain/structures/AlaRS_AF_Bact_Lactobacillus_acidophilus_La-14_gene56942022.pdb
 0.412182  0.332793  0.848148    12.228256
 0.660580  0.531967 -0.529759   -17.748408
-0.627487  0.778627 -0.000569     5.506213
>../../../../class2/ala//data/domains/Catalytic_domain/structures/AlaRS_AF_Bact_Nocardia_farcinica_IFM_10152_gene61134339.pdb
 0.410919 -0.476074  0.777495     8.094300
 0.869360  0.461419 -0.176937   -16.331749
-0.274516  0.748630  0.603485    10.924422
>../../../../class2/ala//data/domains/Catalytic_domain/structures/AlaRS_AF_Bact_Porphyromonas_gingivalis_ATCC_33277_gene29256567.pdb
 0.197034 -0.902917  0.381993     6.101645
 0.976665  0.146810 -0.156754   -15.074201
 0.085456  0.403965  0.910774     9.965317
>../../../../class2/ala//data/domains/Catalytic_domain/structures/AlaRS_AF_Bact_Prochlorococcus_marinus_subsp_marinus_str_CCMP1375_gene54199407.pdb
 0.836356 -0.543805 -0.069172     7.424253
-0.252630 -0.494336  0.831751   -17.957057
-0.486504 -0.678165 -0.550822    11.781686
>../../../../class2/ala//data/domains/Catalytic_domain/structures/AlaRS_AF_Bact_Streptobacillus_moniliformis_DSM_12112_gene29672963.pdb
-0.086408 -0.979629  0.181274     9.139614
 0.964439 -0.127871 -0.231313   -18.803571
 0.249781  0.154840  0.955842    10.365542
>../../../../class2/ala//data/domains/Catalytic_domain/structures/AlaRS_AF_Bact_Treponema_pallidum_subsp_pertenue_str_SamoaD_gene57879528.pdb
-0.935727  0.278694 -0.216206     6.147658
 0.168700 -0.184702 -0.968207    -8.193884
-0.309767 -0.942452  0.125815    -0.565193
>../../../../class2/ala//data/domains/Catalytic_domain/structures/AlaRS_AF_Euk_Cyanidioschyzon_merolae_strain_10D_gene16993235.pdb
-0.747856  0.608376 -0.265689     3.117327
 0.350179  0.021505 -0.936436   -21.991202
-0.563992 -0.793358 -0.229123     7.719951
>../../../../class2/ala//data/domains/Catalytic_domain/structures/AlaRS_AF_Euk_Marasmius_oreades_gene66078979.pdb
 0.266187  0.514262  0.815278     5.689612
 0.226929 -0.855454  0.465512   -19.346781
 0.936829  0.061097 -0.344412     8.430573
>../../../../class2/ala//data/domains/Catalytic_domain/structures/AlaRS_AF_Euk_Plasmodium_berghei_ANKA_gene55150801.pdb
 0.432144 -0.505269  0.746964    10.571946
 0.896965  0.155127 -0.413993   -15.516280
 0.093303  0.848905  0.520246     9.705794
>../../../../class2/ala//data/domains/Catalytic_domain/structures/AlaRS_AF_Euk_Saccharomyces_cerevisiae_S288C_gene854513.pdb
 0.483594  0.346528  0.803776     1.884608
-0.288376 -0.803948  0.520104   -16.050258
 0.826424 -0.483308 -0.288854     9.200741
>../../../../class2/ala//data/domains/Catalytic_domain/structures/AlaRS_PDB_Bact_E_coli_3HXV.pdb
-0.616417 -0.556922  0.556659    27.333827
-0.494952  0.823865  0.276169   -31.803696
-0.612416 -0.105285 -0.783493    31.348302
>../../../../class2/gly2//data/domains/Catalytic_domain/structures/GlyRS-Bα_AF_Bact_Brachyspira_pilosicoli_95_1000_gene56440230.pdb
-0.057616 -0.230417  0.971385    -1.379971
 0.018696 -0.973079 -0.229710    -1.204171
 0.998164  0.004926  0.060373     0.326812
>../../../../class2/gly2//data/domains/Catalytic_domain/structures/GlyRS-Bα_AF_Bact_Chlamydia_pneumoniae_TW-183_gene45051002.pdb
 0.742038 -0.669497  0.033949   -14.044020
-0.196025 -0.168278  0.966052    -0.744291
-0.641056 -0.723503 -0.256107   -17.483729
>../../../../class2/gly2//data/domains/Catalytic_domain/structures/GlyRS-Bα_AF_Bact_Lacticaseibacillus_paracasei_gene61269714.pdb
 1.000000  0.000000  0.000000     0.000000
 0.000000  1.000000  0.000000     0.000000
 0.000000  0.000000  1.000000     0.000000
>../../../../class2/gly2//data/domains/Catalytic_domain/structures/GlyRS-Bα_AF_Bact_Prochlorococcus_marinus_subsp_marinus_str_CCMP1375_gene54200602.pdb
 0.674219  0.733235 -0.088296     0.045896
-0.735832  0.656723 -0.165127     0.319919
-0.063091  0.176303  0.982312     0.288701
>../../../../class2/gly2//data/domains/Catalytic_domain/structures/GlyRS-Bα_AF_Bact_Salmonella_enterica_subsp_enterica_serovar_Typhimurium_str_LT2_gene1255180.pdb
 0.393448  0.583964 -0.710060    -0.700942
-0.696600 -0.314664 -0.644775     1.301286
-0.599956  0.748313  0.282985    -1.016478
>../../../../class2/gly2//data/domains/Catalytic_domain/structures/GlyRS-Bα_AF_Bact_Streptobacillus_moniliformis_DSM_12112_gene29673275.pdb
 0.811382  0.583904  0.026766    -0.372780
-0.584495  0.810109  0.045708     0.217107
 0.005006 -0.052731  0.998596     0.027835
>../../../../class2/gly2//data/domains/Catalytic_domain/structures/GlyRS-Bα_AF_Euk_Ostreococcus_tauri_gene9837276.pdb
-0.155228 -0.682515 -0.714197   -12.976217
-0.281183 -0.662530  0.694255    -1.620595
-0.947017  0.308588 -0.089068   -16.134632
>../../../../class2/gly2//data/domains/Catalytic_domain/structures/GlyRS-Bα_AF_Euk_Vulpes_lagopus_gene121489478.pdb
-0.217632 -0.931630 -0.291035     0.780932
-0.479986 -0.157478  0.863026     0.414522
-0.849853  0.327515 -0.412897     3.685200
>../../../../class2/gly2//data/domains/Catalytic_domain/structures/GlyRS-Bα_AF_Mito_Nymphaea_colorata_gene116265348.pdb
 0.701691 -0.555739  0.445853   -15.523671
-0.475758  0.100346  0.873834    -0.894221
-0.530362 -0.825279 -0.193985   -16.540724
>../../../../class2/gly2//data/domains/Catalytic_domain/structures/GlyRS-Bα_PDB_Bact_A_aeolicus_5f5w.pdb
 0.269672 -0.830512 -0.487367    21.325689
 0.950338  0.147883  0.273842    45.140439
-0.155356 -0.537010  0.829147     0.247036
>../../../../class2/gly2//data/domains/Catalytic_domain/structures/GlyRS-Bα_PDB_Bact_C_jejuni_3ufg.pdb
 0.613672 -0.050288 -0.787958   -14.554481
 0.105509 -0.983796  0.144958    25.578088
-0.782480 -0.172093 -0.598422    24.292615
>../../../../class2/gly2//data/domains/Catalytic_domain/structures/GlyRS-Bα_PDB_Bact_T_maritima_1j5w.pdb
 0.660826  0.706587  0.253070   -70.367655
-0.294563  0.554295 -0.778453   -13.634990
-0.690320  0.439877  0.574427    -2.346807
