>structures/Lys_Bact_3E9H_G_stearothermophilus.pdb
 0.638720  0.489573 -0.593595    15.835554
 0.086594  0.720826  0.687685    38.017751
 0.764551 -0.490640  0.418012  -104.411215
>structures/Lysyl.A.Candidatus_Thermoplasmatota.NC_013926.1.pdb
-0.011070  0.519183 -0.854591    -4.789592
-0.382179 -0.791955 -0.476180     4.339879
-0.924022  0.321335  0.207187    -1.102414
>structures/Lysyl.A.Crenarchaeota.NC_017275.1.pdb
 0.536404  0.823158 -0.186231    -2.144236
-0.613586  0.228861 -0.755735     3.287389
-0.579468  0.519648  0.627840    -3.004511
>structures/Lysyl.A.Euryarchaeota.NC_018227.2.pdb
 0.915684  0.382309  0.123944    -3.408822
-0.337905  0.899319 -0.277570     3.359021
-0.217583  0.212285  0.952676    -3.189216
>structures/Lysyl.B.Bacteroidota.NC_010729.1.pdb
 0.062486  0.409225 -0.910291    -8.783635
-0.463286 -0.795962 -0.389629     6.189929
-0.884003  0.446072  0.139851    -0.988190
>structures/Lysyl.B.Cyanobacteria.NC_005042.1.pdb
 0.557762  0.822986 -0.107680    -2.196725
-0.582997  0.296121 -0.756589     3.421945
-0.590776  0.484774  0.644963    -1.774052
>structures/Lysyl.B.Fusobacteria.NC_013515.1.pdb
 0.370703  0.887923 -0.272347    -1.582052
-0.582101 -0.006371 -0.813092     3.235266
-0.723697  0.459949  0.514499    -2.840747
>structures/Lysyl.B.Spirochaetes.NC_014330.1.pdb
 0.761674  0.637174 -0.117735    -1.748330
-0.535251  0.516307 -0.668531    -2.750843
-0.365183  0.572221  0.734305    -3.366275
>structures/Lysyl.B.Tenericutes.NC_021283.1.pdb
 0.557092  0.822891 -0.111800    -2.581520
-0.628608  0.329877 -0.704296     3.700122
-0.542678  0.462636  0.701048    -3.150294
>structures/Lysyl.E.Ascomycota.NC_012866.1.pdb
 0.722988  0.690521 -0.021680    -0.927169
-0.540710  0.546042 -0.639899    -3.822820
-0.430025  0.474362  0.768153    -3.484277
>structures/Lysyl.E.Basidiomycota.NC_026481.1.pdb
 1.000000 -0.000000  0.000000     0.000000
 0.000000  1.000000  0.000000     0.000000
-0.000000  0.000000  1.000000     0.000000
>structures/Lysyl.E.Chlorophyta.NC_014436.2.pdb
 0.283562  0.832989 -0.475102    -5.001842
-0.474115 -0.308869 -0.824509    -1.468654
-0.833551  0.459052  0.307349    -7.127231
>structures/Lysyl.E.Rhodophyta.NC_010139.1.pdb
 0.511367  0.808505 -0.291246    -4.029658
-0.599827  0.093111 -0.794694    -2.720612
-0.615396  0.581077  0.532576    -5.406883
