>structures/Asparaginyl.E.Evosea.NC_007087.3.pdb
 0.614851  0.717063 -0.328298    -7.767092
-0.492439  0.023918 -0.870018     6.531688
-0.616006  0.696598  0.367816     3.103684
>structures/Asp_Arch_1b8a_T_kodarensis.pdb
-0.626069 -0.477665  0.616339    -1.393375
-0.541862  0.834894  0.096630    12.268902
-0.560735 -0.273474 -0.781530    51.391309
>structures/Aspartyl.B.Bacteroidota.NC_010729.1.pdb
 0.124764 -0.844457  0.520890    -5.679701
-0.974153 -0.203897 -0.097224     1.250670
 0.188309 -0.495297 -0.848069    -0.095213
>structures/Aspartyl.B.Chlamydiae.NC_002620.2.pdb
 0.985222  0.138658  0.100558    -0.862881
-0.075015  0.877084 -0.474443    -1.937230
-0.153983  0.459888  0.874524    -0.481331
>structures/Aspartyl.B.Firmicutes.NC_015687.1.pdb
 0.704329  0.655233 -0.273111    -7.308353
-0.611577  0.364763 -0.702084     3.072072
-0.360408  0.661527  0.657639    -1.861609
>structures/Aspartyl.B.Fusobacteria.NC_013515.1.pdb
-0.131384 -0.053970 -0.989861    -4.664325
-0.000872 -0.998510  0.054557     4.411987
-0.991331  0.008031  0.131142     0.122116
>structures/Aspartyl.B.Spirochaetes.NC_014330.1.pdb
 0.921505  0.387270  0.029151    -4.890070
-0.387971  0.921355  0.024160     2.271256
-0.017502 -0.033573  0.999283    -2.010122
>structures/Aspartyl.E.Apicomplexa.NC_011903.2.pdb
 0.997413  0.071460 -0.007822    -9.380711
-0.071802  0.985039 -0.156661     5.647570
-0.003490  0.156817  0.987621     4.099372
>structures/Aspartyl.E.Evosea.NC_007087.3.pdb
 1.000000  0.000000  0.000000     0.000000
 0.000000  1.000000  0.000000     0.000000
 0.000000  0.000000  1.000000     0.000000
>structures/Aspartyl.E.Rhodophyta.NC_010136.1.pdb
 0.999934  0.009131  0.006930    -8.939120
-0.008127  0.991060 -0.133166     5.559840
-0.008084  0.133101  0.991070     5.097452
>structures/Asp_Bact_1c0a_E_coli.pdb
 0.376434  0.286708 -0.880963   -42.530883
-0.729165  0.678284 -0.090825    19.742579
 0.571502  0.676557  0.464387   -58.101806
>structures/Asp_Euk_1EOV_S_cerevisiae.pdb
-0.094579 -0.784936  0.612316   -31.799317
-0.547234 -0.472817 -0.690637    48.735973
 0.831619 -0.400400 -0.384825    32.422143
