>structures/AlaRS_AF_Arch_Candidatus_Korarchaeum_cryptofilum_OPF8_gene6094822.pdb
 0.789464  0.559041  0.253417    -8.197449
 0.126887 -0.552592  0.823737    -9.698665
 0.600539 -0.618155 -0.507186    18.589416
>structures/AlaRS_AF_Arch_Candidatus_Nitrosopumilus_koreensis_AR1_gene13725795.pdb
-0.627025 -0.462649 -0.626734    -9.237595
-0.298347  0.885815 -0.355416   -14.939176
 0.719603 -0.035870 -0.693458    17.204673
>structures/AlaRS_AF_Arch_Sulfolobus_islandicus_YG5714_gene7807284.pdb
 0.872629 -0.488343 -0.006290    -5.866880
-0.143046 -0.267885  0.952772   -10.755673
-0.466965 -0.830517 -0.303620    15.405748
>structures/AlaRS_AF_Arch_Thermoplasma_acidophilum_DSM_1728_gene1456391.pdb
-0.651929 -0.540039 -0.532303    -8.770292
-0.377662  0.839970 -0.389643   -14.173473
 0.657541 -0.052989 -0.751553    17.334904
>structures/AlaRS_AF_Bact_Brucella_melitensis_bv_1_str_16M_gene29593597.pdb
-0.858129 -0.451827 -0.243858    -2.511885
 0.366580 -0.206618 -0.907154   -24.546201
 0.359491 -0.867849  0.342936    47.266082
>structures/AlaRS_AF_Bact_Chlamydia_psittaci_6BC_gene12242512.pdb
 0.269033  0.706305 -0.654794    -8.207401
-0.959445  0.137118 -0.246300    -6.604942
-0.084179  0.694501  0.714550    21.606337
>structures/AlaRS_AF_Bact_Lactobacillus_acidophilus_La-14_gene56942022.pdb
-0.147747 -0.287870 -0.946204   -13.399357
-0.373529 -0.869607  0.322892    -4.637611
-0.915777  0.401141  0.020954    13.483056
>structures/AlaRS_AF_Bact_Nocardia_farcinica_IFM_10152_gene61134339.pdb
 0.041497  0.401546 -0.914898    -7.661977
-0.761159 -0.580472 -0.289291    -7.704153
-0.647236  0.708388  0.281552    20.743324
>structures/AlaRS_AF_Bact_Porphyromonas_gingivalis_ATCC_33277_gene29256567.pdb
 0.225711  0.467317 -0.854792    -3.875742
-0.874112 -0.290229 -0.389481    -4.274972
-0.430096  0.835094  0.342980    26.248218
>structures/AlaRS_AF_Bact_Prochlorococcus_marinus_subsp_marinus_str_CCMP1375_gene54199407.pdb
-0.596622  0.452654  0.662682    -8.632344
 0.217090  0.885994 -0.409741    -5.654342
-0.772603 -0.100599 -0.626869    21.275393
>structures/AlaRS_AF_Bact_Streptobacillus_moniliformis_DSM_12112_gene29672963.pdb
 0.027439  0.932715 -0.359568   -13.845686
-0.973172 -0.057276 -0.222836    -7.096722
-0.228437  0.356036  0.906121    17.744240
>structures/AlaRS_AF_Bact_Treponema_pallidum_subsp_pertenue_str_SamoaD_gene57879528.pdb
 1.000000  0.000000  0.000000     0.000000
 0.000000  1.000000  0.000000     0.000000
 0.000000  0.000000  1.000000     0.000000
>structures/AlaRS_AF_Euk_Cyanidioschyzon_merolae_strain_10D_gene16993235.pdb
 0.913969 -0.397379  0.082163    -4.625299
 0.088623  0.393067  0.915229    -4.694240
-0.395989 -0.829209  0.394468    19.259637
>structures/AlaRS_AF_Euk_Marasmius_oreades_gene66078979.pdb
-0.642464  0.715904 -0.273351   -20.116945
-0.232129 -0.521759 -0.820904    -5.434060
-0.730312 -0.463949  0.501394    59.055322
>structures/AlaRS_AF_Euk_Plasmodium_berghei_ANKA_gene55150801.pdb
 0.043257  0.187160 -0.981376   -12.481223
-0.824401 -0.548193 -0.140885    -7.444355
-0.564351  0.815142  0.130582    16.155497
>structures/AlaRS_AF_Euk_Saccharomyces_cerevisiae_S288C_gene854513.pdb
-0.888261 -0.455461 -0.059556    -4.893750
-0.424641  0.863667 -0.271586    -2.030205
 0.175133 -0.215949 -0.960570    25.604863
