>structures/AlaRS_AF_Arch_Candidatus_Korarchaeum_cryptofilum_OPF8_gene6094822.pdb
-0.975194  0.220835  0.015124    22.801961
 0.220584  0.975226 -0.016655    29.536270
-0.018428 -0.012905 -0.999747   -20.131681
>structures/AlaRS_AF_Arch_Candidatus_Nitrosopumilus_koreensis_AR1_gene13725795.pdb
-0.049722  0.116822  0.991907    25.659986
-0.624993 -0.778295  0.060334    32.165169
 0.779045 -0.616935  0.111712   -16.184576
>structures/AlaRS_AF_Arch_Sulfolobus_islandicus_YG5714_gene7807284.pdb
-0.188951  0.981974  0.004918    23.871082
 0.915072  0.177891 -0.361936    33.242118
-0.356287 -0.063888 -0.932190   -21.423613
>structures/AlaRS_AF_Arch_Thermoplasma_acidophilum_DSM_1728_gene1456391.pdb
 0.027814  0.190485  0.981296    25.153919
-0.572392 -0.801768  0.171860    32.038640
 0.819508 -0.566466  0.086732   -16.932839
>structures/AlaRS_AF_Bact_Brucella_melitensis_bv_1_str_16M_gene29593597.pdb
 0.197177  0.973681  0.114311     1.757440
-0.973297  0.180440  0.141895    28.224374
 0.117534 -0.139237  0.983259     4.873070
>structures/AlaRS_AF_Bact_Chlamydia_psittaci_6BC_gene12242512.pdb
 0.111174 -0.992492 -0.050993    20.043456
 0.731440  0.116453 -0.671888    26.519199
 0.672782  0.037398  0.738895   -21.098242
>structures/AlaRS_AF_Bact_Lactobacillus_acidophilus_La-14_gene56942022.pdb
 0.850498  0.092057  0.517859    28.766340
 0.514322  0.060561 -0.855456    25.577716
-0.110113  0.993910  0.004160   -25.344445
>structures/AlaRS_AF_Bact_Nocardia_farcinica_IFM_10152_gene61134339.pdb
 0.622665 -0.642881  0.446085    20.582149
 0.726768  0.263867 -0.634179    27.847518
 0.289995  0.719081  0.631526   -20.771456
>structures/AlaRS_AF_Bact_Porphyromonas_gingivalis_ATCC_33277_gene29256567.pdb
 0.371020 -0.845286  0.384495    13.335952
 0.815534  0.098570 -0.570253    26.280895
 0.444127  0.525143  0.725931   -21.857967
>structures/AlaRS_AF_Bact_Prochlorococcus_marinus_subsp_marinus_str_CCMP1375_gene54199407.pdb
 0.897720 -0.419965  0.133151    20.384599
-0.186820 -0.089162  0.978340    25.851166
-0.398996 -0.903150 -0.158500   -21.920773
>structures/AlaRS_AF_Bact_Streptobacillus_moniliformis_DSM_12112_gene29672963.pdb
 0.374411 -0.847200 -0.376919    26.428014
 0.634886  0.530482 -0.561702    24.570390
 0.675823 -0.028993  0.736494   -21.065462
>structures/AlaRS_AF_Bact_Treponema_pallidum_subsp_pertenue_str_SamoaD_gene57879528.pdb
-0.640519 -0.231853 -0.732106    29.062509
 0.717033 -0.521892 -0.462052    38.912679
-0.274952 -0.820897  0.500528   -39.577628
>structures/AlaRS_AF_Euk_Cyanidioschyzon_merolae_strain_10D_gene16993235.pdb
-0.312930  0.770514 -0.555323    19.078043
 0.792750 -0.110121 -0.599517    29.144757
-0.523089 -0.627839 -0.576365   -24.849965
>structures/AlaRS_AF_Euk_Marasmius_oreades_gene66078979.pdb
 1.000000  0.000000  0.000000     0.000000
 0.000000  1.000000  0.000000     0.000000
 0.000000  0.000000  1.000000     0.000000
>structures/AlaRS_AF_Euk_Plasmodium_berghei_ANKA_gene55150801.pdb
 0.557964 -0.600691  0.572579    26.978100
 0.736147  0.039752 -0.675654    26.413551
 0.383098  0.798492  0.464377   -21.856538
>structures/AlaRS_AF_Euk_Saccharomyces_cerevisiae_S288C_gene854513.pdb
 0.535012  0.260230  0.803768    14.001201
-0.492192 -0.677247  0.546885    24.628149
 0.686666 -0.688198 -0.234252   -23.759206
>structures/AlaRS_AF_Mito_Caenorhabditis_elegans_gene174749.pdb
 0.354508 -0.933555  0.052914    20.742249
 0.907291  0.329745 -0.260942    36.617810
 0.226156  0.140515  0.963903   -24.960001
>structures/AlaRS_AF_Mito_Gadus_morhua_gene115539928.pdb
-0.150419  0.828371 -0.539607    16.498387
-0.975934 -0.037254  0.214859    27.483834
 0.157880  0.558940  0.814039   -22.846715
