>../../../../class2/gly2//data/domains/Catalytic_domain/structures/GlyRS-Bα_AF_Bact_Brachyspira_pilosicoli_95_1000_gene56440230.pdb
-0.730277  0.130822  0.670508    40.086226
 0.409105 -0.702292  0.582597    56.775025
 0.547109  0.699765  0.459348     9.292760
>../../../../class2/gly2//data/domains/Catalytic_domain/structures/GlyRS-Bα_AF_Bact_Chlamydia_pneumoniae_TW-183_gene45051002.pdb
 0.991015  0.103071 -0.085239    43.799826
 0.130541 -0.884147  0.448601    40.276159
-0.029126 -0.455697 -0.889658    -4.496294
>../../../../class2/gly2//data/domains/Catalytic_domain/structures/GlyRS-Bα_AF_Bact_Lacticaseibacillus_paracasei_gene61269714.pdb
 0.660937 -0.294534 -0.690226    40.868280
 0.706489  0.554359  0.439953    58.310077
 0.253052 -0.778419  0.574481     8.541704
>../../../../class2/gly2//data/domains/Catalytic_domain/structures/GlyRS-Bα_AF_Bact_Prochlorococcus_marinus_subsp_marinus_str_CCMP1375_gene54200602.pdb
 0.709820  0.172061 -0.683045    40.631321
 0.034878  0.959932  0.278055    58.591873
 0.703519 -0.221192  0.675377     8.419253
>../../../../class2/gly2//data/domains/Catalytic_domain/structures/GlyRS-Bα_AF_Bact_Salmonella_enterica_subsp_enterica_serovar_Typhimurium_str_LT2_gene1255180.pdb
 0.879143 -0.034313 -0.475322    40.723888
-0.375374  0.564632 -0.735041    58.058601
 0.293603  0.824630  0.483512     6.733773
>../../../../class2/gly2//data/domains/Catalytic_domain/structures/GlyRS-Bα_AF_Bact_Streptobacillus_moniliformis_DSM_12112_gene29673275.pdb
 0.705114  0.184644 -0.684631    40.535005
 0.250069  0.838719  0.483752    58.168671
 0.663536 -0.512305  0.545219     8.288542
>../../../../class2/gly2//data/domains/Catalytic_domain/structures/GlyRS-Bα_AF_Euk_Ostreococcus_tauri_gene9837276.pdb
 0.630116 -0.467710 -0.619839    43.827856
-0.682404 -0.714432 -0.154632    41.146274
-0.370510  0.520417 -0.769343    -2.883947
>../../../../class2/gly2//data/domains/Catalytic_domain/structures/GlyRS-Bα_AF_Euk_Vulpes_lagopus_gene121489478.pdb
 0.571897 -0.801564 -0.174439    38.739839
-0.800866 -0.591603  0.092843    60.647483
-0.177619  0.086606 -0.980281    10.599134
>../../../../class2/gly2//data/domains/Catalytic_domain/structures/GlyRS-Bα_AF_Mito_Nymphaea_colorata_gene116265348.pdb
 0.971301  0.166748  0.169614    42.182510
-0.005311 -0.697722  0.716349    39.577619
 0.237793 -0.696691 -0.676813    -4.336607
>../../../../class2/gly2//data/domains/Catalytic_domain/structures/GlyRS-Bα_PDB_Bact_A_aeolicus_5f5w.pdb
 0.007081 -0.231279 -0.972862    41.694267
 0.654430 -0.734535  0.179385    98.626564
-0.756089 -0.637940  0.146155   -20.826887
>../../../../class2/gly2//data/domains/Catalytic_domain/structures/GlyRS-Bα_PDB_Bact_C_jejuni_3ufg.pdb
 0.914950  0.373169 -0.153663     7.002991
 0.144441 -0.658339 -0.738733    73.040870
-0.376834  0.653708 -0.656248    -1.065715
>../../../../class2/gly2//data/domains/Catalytic_domain/structures/GlyRS-Bα_PDB_Bact_T_maritima_1j5w.pdb
 1.000000  0.000000  0.000000     0.000000
 0.000000  1.000000  0.000000     0.000000
 0.000000  0.000000  1.000000     0.000000
>../../../../class2/sep//data/domains/Catalytic_domain/structures/SepRS_AF_Arch_Methanothrix_thermoacetophila_PT_gene4462697.pdb
-0.430228 -0.722766  0.540844    58.693542
-0.661398  0.660134  0.356055    71.675671
-0.614374 -0.204529 -0.762045     7.874334
>../../../../class2/sep//data/domains/Catalytic_domain/structures/SepRS_AF_Arch_unclassified_Candidatus_Bathyarchaeota_proteinUCD26266.1.pdb
 0.129388  0.240076 -0.962093    58.194015
 0.699934  0.665158  0.260111    69.275078
 0.702390 -0.707057 -0.081974    16.302424
>../../../../class2/sep//data/domains/Catalytic_domain/structures/SepRS_AF_Arch_unclassified_Lokiarchaeota_proteinTFF69421.1.pdb
 0.937686 -0.089786 -0.335684    61.832449
-0.222149  0.587942 -0.777800    66.308190
 0.267198  0.803904  0.531359    15.681012
>../../../../class2/sep//data/domains/Catalytic_domain/structures/SepRS_AF_Arch_unclassified_Thermoprotei_proteinRLF12424.1.pdb
 0.139141  0.662911 -0.735656    56.008649
 0.859974 -0.449229 -0.242153    73.390600
-0.491004 -0.598951 -0.632592    14.210500
>../../../../class2/sep//data/domains/Catalytic_domain/structures/SepRS_PDB_Arch_2DU4_A_fulgidus.pdb
-0.023882 -0.779109 -0.626434    97.905845
 0.050464 -0.626753  0.777582   123.455519
-0.998440 -0.013042  0.054285    40.988674
>../../../../class2/sep//data/domains/Catalytic_domain/structures/SepRS_PDB_Arch_2ODR_M_maripadulis.pdb
 0.463258 -0.584233 -0.666381    52.789570
-0.853610 -0.092050 -0.512715   146.064253
 0.238204  0.806349 -0.541350     1.188904
