>structures/Phe_Euk_3L4G.C_H_sapiens.pdb
-0.243481  0.943936  0.222941  -105.171645
 0.863423  0.315657 -0.393526   -36.137089
-0.441836  0.096676 -0.891872   -33.174710
>structures/Phenylalanyl.A.Candidatus_Thermoplasmatota.NC_021592.1.pdb
 1.000000  0.000000  0.000000     0.000000
 0.000000  1.000000  0.000000    -0.000000
 0.000000  0.000000  1.000000    -0.000000
>structures/Phenylalanyl.A.Euryarchaeota.NC_013741.1.pdb
 0.193102 -0.689980 -0.697595     1.496490
 0.613962 -0.469614  0.634439     7.065423
-0.765351 -0.550808  0.332938     5.961143
>structures/Phenylalanyl.E.Apicomplexa.NC_011903.2.pdb
-0.858453 -0.056458 -0.509775    -4.549903
 0.363604  0.634000 -0.682521    45.466590
 0.361731 -0.771269 -0.523731    -0.486386
>structures/Phenylalanyl.E.Basidiomycota.NC_026480.1.pdb
-0.887254  0.323154 -0.329168     2.956478
 0.452508  0.471244 -0.757077    34.755828
-0.089534 -0.820671 -0.564343   -10.785474
