>../../../../class2/phe4//data/domains/Catalytic_domain/structures/PheRS-Aβ_AF_Arch_Candidatus_Nitrosopumilus_koreensis_AR1_gene13724457.pdb
 0.691504 -0.432463 -0.578617    -3.738921
 0.575502 -0.154306  0.803111     3.309286
-0.436600 -0.888350  0.142180    -2.289763
>../../../../class2/phe4//data/domains/Catalytic_domain/structures/PheRS-Aβ_AF_Arch_Halalkalicoccus_jeotgali_B3_gene9420006.pdb
 0.608213  0.436453 -0.663012    -3.674128
-0.771291  0.522338 -0.363694     3.396503
 0.187581  0.732579  0.654325    -5.673661
>../../../../class2/phe4//data/domains/Catalytic_domain/structures/PheRS-Aβ_AF_Arch_Sulfolobus_islandicus_YG5714_gene7807969.pdb
 0.606252 -0.514509 -0.606415    -1.663957
 0.690906 -0.036872  0.722004     3.128902
-0.393837 -0.856692  0.333123    -0.236251
>../../../../class2/phe4//data/domains/Catalytic_domain/structures/PheRS-Aβ_AF_Arch_Thermoplasma_volcanium_GSS1_gene1441711.pdb
-0.270296  0.326347  0.905780    -5.024184
 0.629426 -0.652006  0.422742     5.103328
 0.728535  0.684387 -0.029176    -4.222140
>../../../../class2/phe4//data/domains/Catalytic_domain/structures/PheRS-Aβ_AF_Euk_Astyanax_mexicanus_gene103044481.pdb
-0.424893 -0.411965  0.806071    -2.363238
-0.293374 -0.779722 -0.553141    -0.208659
 0.856386 -0.471506  0.210438     1.898588
>../../../../class2/phe4//data/domains/Catalytic_domain/structures/PheRS-Aβ_AF_Euk_Didymosphenia_geminata_gene19740299.pdb
 0.879450  0.022769 -0.475447     1.324051
 0.271365  0.796649  0.540104     4.301812
 0.391061 -0.604014  0.694434   -11.807960
>../../../../class2/phe4//data/domains/Catalytic_domain/structures/PheRS-Aβ_AF_Euk_Drosophila_melanogaster_gene42888.pdb
 1.000000  0.000000  0.000000     0.000000
 0.000000  1.000000  0.000000    -0.000000
 0.000000  0.000000  1.000000    -0.000000
>../../../../class2/phe4//data/domains/Catalytic_domain/structures/PheRS-Aβ_AF_Euk_Gracilariopsis_tenuifrons_gene68635617.pdb
-0.995103 -0.098340  0.009991     4.913637
-0.094469  0.916419 -0.388911    12.545703
 0.029089 -0.387950 -0.921221    -4.802692
>../../../../class2/phe4//data/domains/Catalytic_domain/structures/PheRS-Aβ_PDB_Euk.B_H_sapiens_3L4G.pdb
-0.810769  0.369194 -0.454258     9.738393
 0.133709 -0.638703 -0.757747    68.376608
-0.569891 -0.675096  0.468476    81.635259
>../../../../class2/phe5//data/domains/Catalytic_domain/structures/PheRS-M_AF_Mito_Arabidopsis_thaliana_gene824983.pdb
-0.599430  0.769010 -0.222054    23.221697
 0.725733  0.639179  0.254482     0.765680
 0.337632 -0.008608 -0.941239    -8.811015
>../../../../class2/phe5//data/domains/Catalytic_domain/structures/PheRS-M_AF_Mito_Babesia_bovis_T2Bo_gene5478469.pdb
 0.724661 -0.448585  0.523104    28.679805
 0.626018  0.111241 -0.771834     1.362617
 0.288042  0.886790  0.361434   -12.845954
>../../../../class2/phe5//data/domains/Catalytic_domain/structures/PheRS-M_AF_Mito_Candida_albicans_SC5314_gene3638806.pdb
-0.980175 -0.109516 -0.165118    25.740803
-0.191978  0.318799  0.928176    -1.979969
-0.049011  0.941474 -0.333504   -13.301521
>../../../../class2/phe5//data/domains/Catalytic_domain/structures/PheRS-M_AF_Mito_Crassostrea_gigas_gene105329377.pdb
 0.767254  0.339025  0.544412    33.467150
-0.509148  0.838157  0.195604    -7.124138
-0.389988 -0.427264  0.815693    -8.879066
>../../../../class2/phe5//data/domains/Catalytic_domain/structures/PheRS-M_AF_Mito_Drosophila_melanogaster_gene36547.pdb
-0.285379 -0.430011 -0.856533    26.116979
-0.589904 -0.625547  0.510592     2.085705
-0.755362  0.650984 -0.075147   -14.645734
>../../../../class2/phe5//data/domains/Catalytic_domain/structures/PheRS-M_AF_Mito_Syngnathus_acus_gene119139175.pdb
-0.429226  0.801271 -0.416810    29.361651
-0.678392 -0.590675 -0.436907    -3.656790
-0.596280  0.095229  0.797108   -10.516746
>../../../../class2/phe5//data/domains/Catalytic_domain/structures/PheRS-M_PDB_Mito.H_sapiens_3CMQ.pdb
-0.195609 -0.227181 -0.954005    48.516146
-0.869165  0.490701  0.061361   -14.601930
 0.454191  0.841190 -0.293443   -27.029109
