>structures/Phe_Bact_1EIY.B_T_thermophilus.pdb
 1.000000 -0.000000  0.000000     0.000000
 0.000000  1.000000  0.000000     0.000000
-0.000000  0.000000  1.000000     0.000000
>structures/Phe_Bact_1PYS.B_T_thermophilus.pdb
 0.999962  0.008562  0.001887    -0.954891
-0.008570  0.999955  0.004150    -0.655423
-0.001851 -0.004166  0.999990     0.386165
>structures/Phe_Bact_3PCO.B_E_coli.pdb
 0.112113 -0.774921  0.622036   -25.400725
-0.131233 -0.632046 -0.763738    92.760901
 0.984992  0.003993 -0.172555    50.101408
>structures/Phenylalanyl.B.Firmicutes.NC_014334.2.pdb
 0.875788  0.081949  0.475688     6.466522
-0.481816  0.207868  0.851260    66.074320
-0.029120 -0.974718  0.221533    26.909345
>structures/Phenylalanyl.E.Bacillariophyta.NC_025310.1.pdb
-0.602705  0.379110 -0.702156    12.290178
 0.792112  0.390616 -0.469018    60.400417
 0.096464 -0.838865 -0.535724    23.731309
