>../../../../class1/arg//data/domains/Catalytic_domain/structures/ArgRS_AF_Arch_Candidatus_Korarchaeum_cryptofilum_OPF8_gene6093502.pdb
-0.053553 -0.661148  0.748342    -6.974726
-0.596729 -0.579697 -0.554856     4.035946
 0.800654 -0.476272 -0.363482    -0.968858
>../../../../class1/arg//data/domains/Catalytic_domain/structures/ArgRS_AF_Arch_Candidatus_Nitrosopumilus_sediminis_gene13697696.pdb
-0.188571 -0.921875  0.338507    -5.776795
-0.871917 -0.001445 -0.489652     2.380896
 0.451887 -0.387485 -0.803526    -2.607314
>../../../../class1/arg//data/domains/Catalytic_domain/structures/ArgRS_AF_Arch_Desulfurococcus_mucosus_DSM_2162_gene10153309.pdb
-0.258109 -0.763545  0.591928   -12.893025
-0.516494 -0.408728 -0.752447     1.166382
 0.816464 -0.499940 -0.288870    -1.392094
>../../../../class1/arg//data/domains/Catalytic_domain/structures/ArgRS_AF_Arch_Methanothermococcus_okinawensis_IH1_gene10773248.pdb
-0.160762 -0.275349  0.947807    -5.000639
-0.306099 -0.899039 -0.313100     1.380189
 0.938328 -0.340457  0.060247    -3.113637
>../../../../class1/arg//data/domains/Catalytic_domain/structures/ArgRS_AF_Bact_Anoxybacillus_flavithermus_WK1_gene7039015.pdb
-0.777402 -0.588377  0.222391    -2.575731
-0.627713  0.703063 -0.334184     1.680834
 0.040271 -0.399393 -0.915895    -1.729459
>../../../../class1/arg//data/domains/Catalytic_domain/structures/ArgRS_AF_Bact_Brachyspira_pilosicoli_95_1000_gene56439668.pdb
 0.164658 -0.302373  0.938860    -4.244901
 0.018030 -0.950770 -0.309371     3.199884
 0.986186  0.067868 -0.151100    -5.956798
>../../../../class1/arg//data/domains/Catalytic_domain/structures/ArgRS_AF_Bact_Chlamydia_psittaci_6BC_gene12242456.pdb
 0.097206 -0.647750  0.755626    -4.759311
-0.463283 -0.701401 -0.541669     3.881671
 0.880863 -0.297416 -0.368272    -2.968238
>../../../../class1/arg//data/domains/Catalytic_domain/structures/ArgRS_AF_Bact_Corynebacterium_ulcerans_809_gene75260071.pdb
 0.160470 -0.376228  0.912525    -4.766001
-0.127338 -0.924671 -0.358843     2.858803
 0.978792 -0.058615 -0.196290    -5.187375
>../../../../class1/arg//data/domains/Catalytic_domain/structures/ArgRS_AF_Bact_Cupriavidus_taiwanensis_LMG_19424_gene29762022.pdb
 0.042462 -0.546280  0.836525    -5.534496
-0.419837 -0.769525 -0.481216     1.323861
 0.906606 -0.330771 -0.262024    -4.256904
>../../../../class1/arg//data/domains/Catalytic_domain/structures/ArgRS_AF_Bact_Mycoplasma_hyopneumoniae_168-L_gene57100855.pdb
 0.034614 -0.620492  0.783448    -7.037155
-0.560162 -0.661252 -0.498964     2.043157
 0.827660 -0.421587 -0.370465    -1.741875
>../../../../class1/arg//data/domains/Catalytic_domain/structures/ArgRS_AF_Bact_Prochlorococcus_marinus_subsp_marinus_str_CCMP1375_gene54199571.pdb
-0.938777 -0.340604 -0.051827    -7.769410
-0.342670  0.938686  0.038014    -0.547240
 0.035701  0.053446 -0.997932    -5.143670
>../../../../class1/arg//data/domains/Catalytic_domain/structures/ArgRS_AF_Bact_Streptobacillus_moniliformis_DSM_12112_gene29674021.pdb
 0.987888 -0.154800 -0.010662    -4.912304
 0.149442  0.930702  0.333857     2.337578
-0.041758 -0.331406  0.942564    -4.557179
>../../../../class1/arg//data/domains/Catalytic_domain/structures/ArgRS_AF_Euk_Micromonas_commoda_gene8250062.pdb
 0.006542 -0.689142 -0.724597    -2.918763
 0.724422 -0.496239  0.478498     4.056083
-0.689326 -0.528044  0.495983    -1.302731
>../../../../class1/arg//data/domains/Catalytic_domain/structures/ArgRS_AF_Euk_Paulinella_chromatophora_gene6481434.pdb
-0.988440 -0.076535 -0.130874    -9.636769
-0.110568  0.954523  0.276875     1.540987
 0.103731  0.288145 -0.951952    -5.154954
>../../../../class1/arg//data/domains/Catalytic_domain/structures/ArgRS_AF_Euk_Polyodon_spathula_gene121324634.pdb
-0.125183  0.339806  0.932127    -1.800991
 0.061783 -0.935024  0.349159     7.622019
 0.990208  0.101299  0.096055     1.968006
>../../../../class1/arg//data/domains/Catalytic_domain/structures/ArgRS_AF_Euk_Thalassiosira_pseudonana_CCMP1335_gene7449555.pdb
 1.000000  0.000000  0.000000     0.000000
 0.000000  1.000000  0.000000     0.000000
 0.000000  0.000000  1.000000     0.000000
>../../../../class1/arg//data/domains/Catalytic_domain/structures/ArgRS_AF_Mito_Caenorhabditis_elegans_gene174023.pdb
-0.912205  0.402836 -0.074864    -8.620091
 0.315622  0.807363  0.498545    -1.041284
 0.261274  0.431147 -0.863625    -0.305239
>../../../../class1/arg//data/domains/Catalytic_domain/structures/ArgRS_AF_Mito_Saccharomyces_cerevisiae_S288C_gene851942.pdb
 0.169601  0.809141 -0.562606    -3.205179
-0.324941 -0.493040 -0.807047     3.525595
-0.930402  0.319690  0.179303    -4.635581
>../../../../class1/arg//data/domains/Catalytic_domain/structures/ArgRS_PDB_Arch_2ZUF.pdb
-0.907194  0.260326  0.330499     4.001273
-0.161387 -0.940806  0.298056    -4.919924
 0.388527  0.217057  0.895507   -37.413250
>../../../../class1/arg//data/domains/Catalytic_domain/structures/ArgRS_PDB_Bact_1IQ0.pdb
 0.254135  0.112608  0.960591   -16.045307
 0.222498  0.959753 -0.171374   -66.412266
-0.941228  0.257282  0.218852   -11.861224
>../../../../class1/arg//data/domains/Catalytic_domain/structures/ArgRS_PDB_Bact_3FNR.pdb
 0.668177  0.604782 -0.433334   -17.434862
 0.558535 -0.792520 -0.244849    39.536033
-0.491506 -0.078430 -0.867335   129.520603
>../../../../class1/glu2//data/domains/Catalytic_domain/structures/GlxRS_AF_Arch_Candidatus_Korarchaeum_cryptofilum_OPF8_gene6094352.pdb
 0.445637  0.441230  0.778924   -18.686977
-0.851423  0.477703  0.216515    -6.533536
-0.276561 -0.759682  0.588556    -2.244785
>../../../../class1/glu2//data/domains/Catalytic_domain/structures/GlxRS_AF_Arch_Methanothrix_soehngenii_GP6_gene10459943.pdb
-0.730327 -0.549824 -0.405359   -16.919953
 0.035858 -0.623453  0.781038    -2.326136
-0.682156  0.555878  0.475040    -3.348125
>../../../../class1/glu2//data/domains/Catalytic_domain/structures/GlxRS_AF_Arch_Nitrosopumilus_maritimus_SCM1_gene5773999.pdb
-0.183326 -0.741379 -0.645561   -19.148576
-0.094435  0.666935 -0.739108    -2.962025
 0.978506 -0.074534 -0.192278    -2.907057
>../../../../class1/glu2//data/domains/Catalytic_domain/structures/GlxRS_AF_Arch_Sulfolobus_islandicus_LAL14_1_gene15298417.pdb
 0.707719  0.130204  0.694393   -12.442189
 0.515594 -0.767145 -0.381643    -2.602136
 0.483008  0.628120 -0.610056    -4.198425
>../../../../class1/glu2//data/domains/Catalytic_domain/structures/GlxRS_AF_Euk_Cyathus_striatus_proteinKAF9013924.1.pdb
-0.823304  0.184699 -0.536709   -25.408734
-0.394774 -0.865740  0.307648    -7.286679
-0.407829  0.465166  0.785682    -6.151393
>../../../../class1/glu2//data/domains/Catalytic_domain/structures/GlxRS_AF_Euk_Lichtheimia_hyalospora_proteinKAI7879902.1.pdb
-0.292805  0.950559  0.103457   -15.238426
-0.929890 -0.257891 -0.262292    -2.662744
-0.222643 -0.173004  0.959427   -10.798978
>../../../../class1/glu2//data/domains/Catalytic_domain/structures/GlxRS_AF_Euk_Medicago_truncatula_gene11407510.pdb
-0.603153  0.672332 -0.429157   -19.112666
-0.747441 -0.664255  0.009836   -12.237787
-0.278456  0.326702  0.903177    -5.234032
>../../../../class1/glu2//data/domains/Catalytic_domain/structures/GlxRS_AF_Euk_Xylariaceae_sp_FL0804_proteinKAI0483267.1.pdb
 0.385417  0.813298  0.435890   -14.523160
 0.883592 -0.461430  0.079674     2.084342
 0.265931  0.354441 -0.896467   -11.434286
>../../../../class1/glu2//data/domains/Catalytic_domain/structures/GlxRS_PDB_Arch_M_thermau_3AII.pdb
 0.727046  0.276053  0.628648   -67.078548
 0.426846  0.535431 -0.728777    20.880765
-0.537779  0.798191  0.271451   -51.401369
