>../../../../class1/arg//data/domains/Catalytic_domain/structures/ArgRS_AF_Arch_Candidatus_Korarchaeum_cryptofilum_OPF8_gene6093502.pdb
-0.178240 -0.725492  0.664749    -2.005751
-0.808943 -0.276584 -0.518760     0.443688
 0.560215 -0.630208 -0.537584     3.888474
>../../../../class1/arg//data/domains/Catalytic_domain/structures/ArgRS_AF_Arch_Candidatus_Nitrosopumilus_sediminis_gene13697696.pdb
-0.335163 -0.893887  0.297710    -1.087458
-0.931277  0.266428 -0.248472    -0.606339
 0.142788 -0.360529 -0.921754     1.908871
>../../../../class1/arg//data/domains/Catalytic_domain/structures/ArgRS_AF_Arch_Desulfurococcus_mucosus_DSM_2162_gene10153309.pdb
-0.359066 -0.802101  0.477185    -8.372446
-0.705940 -0.101036 -0.701028    -1.054274
 0.610508 -0.588580 -0.529956     2.662326
>../../../../class1/arg//data/domains/Catalytic_domain/structures/ArgRS_AF_Arch_Methanothermococcus_okinawensis_IH1_gene10773248.pdb
-0.236348 -0.385163  0.892070    -0.552376
-0.560639 -0.695790 -0.448954    -1.523843
 0.793614 -0.606239 -0.051489     1.006874
>../../../../class1/arg//data/domains/Catalytic_domain/structures/ArgRS_AF_Bact_Anoxybacillus_flavithermus_WK1_gene7039015.pdb
-0.855880 -0.474794  0.205039     1.810125
-0.492348  0.869385 -0.042002    -1.675220
-0.158316 -0.136899 -0.977852     2.322895
>../../../../class1/arg//data/domains/Catalytic_domain/structures/ArgRS_AF_Bact_Brachyspira_pilosicoli_95_1000_gene56439668.pdb
 0.144579 -0.399977  0.905050     0.367461
-0.307520 -0.887529 -0.343108     1.298674
 0.940494 -0.228714 -0.251319    -1.128336
>../../../../class1/arg//data/domains/Catalytic_domain/structures/ArgRS_AF_Bact_Chlamydia_psittaci_6BC_gene12242456.pdb
-0.007125 -0.725841  0.687826     0.231914
-0.733058 -0.464042 -0.497283     0.748090
 0.680129 -0.507759 -0.528777     1.901893
>../../../../class1/arg//data/domains/Catalytic_domain/structures/ArgRS_AF_Bact_Corynebacterium_ulcerans_809_gene75260071.pdb
 0.139050 -0.464775  0.874442    -0.299450
-0.448887 -0.816674 -0.362690     0.832463
 0.882704 -0.342094 -0.322190    -0.606642
>../../../../class1/arg//data/domains/Catalytic_domain/structures/ArgRS_AF_Bact_Cupriavidus_taiwanensis_LMG_19424_gene29762022.pdb
-0.015867 -0.631287  0.775387    -1.095414
-0.692973 -0.552088 -0.463667    -0.773308
 0.720789 -0.544679 -0.428705    -0.027096
>../../../../class1/arg//data/domains/Catalytic_domain/structures/ArgRS_AF_Bact_Mycoplasma_hyopneumoniae_168-L_gene57100855.pdb
-0.053504 -0.687463  0.724246    -2.554935
-0.799649 -0.404902 -0.443413    -0.844550
 0.598079 -0.602867 -0.528066     2.445079
>../../../../class1/arg//data/domains/Catalytic_domain/structures/ArgRS_AF_Bact_Prochlorococcus_marinus_subsp_marinus_str_CCMP1375_gene54199571.pdb
-0.979416 -0.201726 -0.007157    -3.298422
-0.189944  0.909058  0.370857    -2.159018
-0.068305  0.364582 -0.928662    -1.466554
>../../../../class1/arg//data/domains/Catalytic_domain/structures/ArgRS_AF_Bact_Streptobacillus_moniliformis_DSM_12112_gene29674021.pdb
 1.000000  0.000000  0.000000     0.000000
 0.000000  1.000000  0.000000     0.000000
 0.000000  0.000000  1.000000     0.000000
>../../../../class1/arg//data/domains/Catalytic_domain/structures/ArgRS_AF_Euk_Micromonas_commoda_gene8250062.pdb
 0.133110 -0.731663 -0.668544     1.938134
 0.900102 -0.193102  0.390548     0.160681
-0.414847 -0.653744  0.632867     3.580617
>../../../../class1/arg//data/domains/Catalytic_domain/structures/ArgRS_AF_Euk_Paulinella_chromatophora_gene6481434.pdb
-0.997251  0.055536 -0.049057    -4.773969
 0.015342  0.802439  0.596537     0.162754
 0.072495  0.594144 -0.801085    -0.639939
>../../../../class1/arg//data/domains/Catalytic_domain/structures/ArgRS_AF_Euk_Polyodon_spathula_gene121324634.pdb
-0.156683  0.187750  0.969639     3.560542
-0.246717 -0.958080  0.145645     2.118960
 0.956337 -0.216406  0.196436     7.881060
>../../../../class1/arg//data/domains/Catalytic_domain/structures/ArgRS_AF_Euk_Thalassiosira_pseudonana_CCMP1335_gene7449555.pdb
 0.987888  0.149442 -0.041758     4.313177
-0.154800  0.930702 -0.331406    -4.446291
-0.010662  0.333857  0.942564     3.462640
>../../../../class1/arg//data/domains/Catalytic_domain/structures/ArgRS_AF_Mito_Caenorhabditis_elegans_gene174023.pdb
-0.875276  0.482191  0.037203    -4.196837
 0.334749  0.548523  0.766202    -3.759470
 0.349049  0.683091 -0.641522     2.953463
>../../../../class1/arg//data/domains/Catalytic_domain/structures/ArgRS_AF_Mito_Saccharomyces_cerevisiae_S288C_gene851942.pdb
 0.155211  0.710272 -0.686602     1.753397
-0.016226 -0.693098 -0.720661     0.803314
-0.987748  0.122996 -0.096051     0.419109
>../../../../class1/arg//data/domains/Catalytic_domain/structures/ArgRS_AF_Vir_Megavirus_chiliensis_gene11257368.pdb
 0.763178  0.635231 -0.118493     3.031252
-0.407494  0.330795 -0.851189    -3.235131
-0.501505  0.697894  0.511308    -1.785196
>../../../../class1/arg//data/domains/Catalytic_domain/structures/ArgRS_PDB_Arch_2ZUF.pdb
-0.931950  0.125330  0.340238     8.460737
-0.154926 -0.986032 -0.061145     2.842163
 0.327822 -0.109696  0.938349   -33.395282
>../../../../class1/arg//data/domains/Catalytic_domain/structures/ArgRS_PDB_Bact_1IQ0.pdb
 0.308246  0.240201  0.920482   -20.806488
 0.475781  0.798963 -0.367818   -60.390870
-0.823782  0.551327  0.131994   -28.907415
>../../../../class1/arg//data/domains/Catalytic_domain/structures/ArgRS_PDB_Bact_3FNR.pdb
 0.733507  0.509553 -0.449803    -9.886318
 0.604234 -0.791906  0.088243    -5.289785
-0.311237 -0.336513 -0.888758   139.210877
>../../../../class1/glu2//data/domains/Catalytic_domain/structures/GlxRS_AF_Arch_Candidatus_Korarchaeum_cryptofilum_OPF8_gene6094352.pdb
 0.344963  0.496610  0.796479   -15.044952
-0.751551  0.654486 -0.082572    -7.008470
-0.562291 -0.570111  0.599001    -0.410774
>../../../../class1/glu2//data/domains/Catalytic_domain/structures/GlxRS_AF_Arch_Methanothrix_soehngenii_GP6_gene10459943.pdb
-0.731883 -0.608905 -0.305911   -13.160038
 0.323426 -0.705539  0.630563    -3.506047
-0.599786  0.362559  0.713308    -0.020015
>../../../../class1/glu2//data/domains/Catalytic_domain/structures/GlxRS_AF_Arch_Nitrosopumilus_maritimus_SCM1_gene5773999.pdb
-0.194056 -0.670190 -0.716371   -15.101903
-0.391119  0.722559 -0.570030    -3.879189
 0.899649  0.169569 -0.402341     0.249700
>../../../../class1/glu2//data/domains/Catalytic_domain/structures/GlxRS_AF_Arch_Sulfolobus_islandicus_LAL14_1_gene15298417.pdb
 0.770361  0.041573  0.636251    -8.773398
 0.253995 -0.935288 -0.246421    -3.874418
 0.584834  0.351438 -0.731069    -0.966649
>../../../../class1/glu2//data/domains/Catalytic_domain/structures/GlxRS_AF_Euk_Cyathus_striatus_proteinKAF9013924.1.pdb
-0.879247  0.050781 -0.473652   -22.563810
-0.124404 -0.984275  0.125407    -6.089992
-0.459835  0.169188  0.871738    -3.601508
>../../../../class1/glu2//data/domains/Catalytic_domain/structures/GlxRS_AF_Euk_Lichtheimia_hyalospora_proteinKAI7879902.1.pdb
-0.397148  0.915093  0.069840   -11.224448
-0.766108 -0.288663 -0.574241    -1.178497
-0.505323 -0.281564  0.815702    -7.230523
>../../../../class1/glu2//data/domains/Catalytic_domain/structures/GlxRS_AF_Euk_Medicago_truncatula_gene11407510.pdb
-0.680700  0.608298 -0.408192   -16.404258
-0.562429 -0.790990 -0.240847   -12.074731
-0.469383  0.065635  0.880552    -4.831366
>../../../../class1/glu2//data/domains/Catalytic_domain/structures/GlxRS_AF_Euk_Xylariaceae_sp_FL0804_proteinKAI0483267.1.pdb
 0.492642  0.750531  0.440463   -10.057575
 0.697334 -0.643257  0.316140     3.219116
 0.520604  0.151406 -0.840266    -6.286465
>../../../../class1/glu2//data/domains/Catalytic_domain/structures/GlxRS_PDB_Arch_M_thermau_3AII.pdb
 0.778624  0.352613  0.519046   -59.577506
 0.477236  0.204301 -0.854697    41.035693
-0.407418  0.913195 -0.009206   -35.405079
