>structures/GlyRS-E_AF_Arch_Methanosalsum_zhilinae_DSM_4017_gene10821854.pdb
-0.322459 -0.768662  0.552430    13.013965
-0.574223 -0.305113 -0.759720    -7.949711
 0.752521 -0.562197 -0.342997     0.205116
>structures/GlyRS-E_AF_Euk_Cryptococcus_neoformans_var_neoformans_JEC21_gene3258293.pdb
 0.999685 -0.012674 -0.021676     0.438476
 0.012782  0.999906  0.004863     0.268003
 0.021612 -0.005138  0.999753     0.680986
>structures/GlyRS-E_AF_Euk_Girardinichthys_multiradiatus_gene124858359.pdb
 0.219256 -0.773931  0.594102    -6.331663
-0.725964 -0.536229 -0.430620     1.945375
 0.651846 -0.336881 -0.679418     0.868506
>structures/GlyRS-E_AF_Euk_Plasmodium_yoelii_gene3801472.pdb
-0.108951  0.116978  0.987140     1.267220
-0.443209 -0.894598  0.057094     6.452554
 0.889773 -0.431289  0.149313    12.475683
>structures/GlyRS-E_AF_Euk_Schizosaccharomyces_pombe_gene2543181.pdb
-0.081383 -0.866628  0.492273    -1.167803
-0.812929 -0.228044 -0.535857    -2.074771
 0.576649 -0.443792 -0.685948    -0.823126
>structures/GlyRS-E_AF_Mito_Fusarium_poae_gene68345711.pdb
 0.060620 -0.823765  0.563680    -6.045911
-0.366772 -0.543597 -0.754971   -23.202795
 0.928334 -0.160975 -0.335087   -14.378404
