>../../../../class2//phe2/data/domains/Editing_domain_F//structures/PheRS-Bβ_AF_Bact_Brachyspira_pilosicoli_95_1000_gene56440382.pdb
-0.724831 -0.648660  0.232078     1.986409
-0.685172  0.713868 -0.144675    -2.613937
-0.071828 -0.263878 -0.961878     3.194046
>../../../../class2//phe2/data/domains/Editing_domain_F//structures/PheRS-Bβ_AF_Bact_Chlamydia_psittaci_6BC_gene12242429.pdb
 0.160904  0.266125  0.950414    -0.747261
-0.062822 -0.958247  0.278954     0.755816
 0.984969 -0.104592 -0.137468    -0.848285
>../../../../class2//phe2/data/domains/Editing_domain_F//structures/PheRS-Bβ_AF_Bact_Ferrimonas_balearica_DSM_9799_gene67181907.pdb
-0.696482  0.691775  0.190683    -0.312508
 0.483251  0.255744  0.837295    -1.314650
 0.530454  0.675309 -0.512422    -0.547904
>../../../../class2//phe2/data/domains/Editing_domain_F//structures/PheRS-Bβ_AF_Bact_Lacticaseibacillus_paracasei_gene61269867.pdb
-0.453627 -0.806101  0.380031     4.286405
-0.885995  0.361939 -0.289849     0.633101
 0.096099 -0.468189 -0.878387     2.556464
>../../../../class2//phe2/data/domains/Editing_domain_F//structures/PheRS-Bβ_AF_Bact_Mycobacterium_intracellulare_ATCC_13950_gene11909688.pdb
-0.144681  0.790813  0.594712     1.189565
 0.331931 -0.527419  0.782081    -0.234788
 0.932142  0.310556 -0.186188     0.378045
>../../../../class2//phe2/data/domains/Editing_domain_F//structures/PheRS-Bβ_AF_Bact_Mycoplasma_hyopneumoniae_168-L_gene57101148.pdb
 0.160769 -0.638066  0.753011     9.109775
-0.964904 -0.262110 -0.016091    -5.178735
 0.207638 -0.723996 -0.657812    -7.412677
>../../../../class2//phe2/data/domains/Editing_domain_F//structures/PheRS-Bβ_AF_Bact_Porphyromonas_gingivalis_ATCC_33277_gene29257179.pdb
 1.000000 -0.000000  0.000000     0.000000
 0.000000  1.000000  0.000000     0.000000
-0.000000  0.000000  1.000000     0.000000
>../../../../class2//phe2/data/domains/Editing_domain_F//structures/PheRS-Bβ_AF_Bact_Prochlorococcus_marinus_subsp_marinus_str_CCMP1375_gene54200309.pdb
 0.151488  0.275819  0.949197    -0.114953
-0.384583 -0.868170  0.313651     0.000933
 0.910575 -0.412560 -0.025442    -0.056568
>../../../../class2//phe2/data/domains/Editing_domain_F//structures/PheRS-Bβ_AF_Euk_Didymosphenia_geminata_gene19740299.pdb
-0.092207 -0.672995  0.733877    -2.550988
-0.776279 -0.412992 -0.476265    -5.085323
 0.623609 -0.613609 -0.484351     4.177213
>../../../../class2//phe2/data/domains/Editing_domain_F//structures/PheRS-Bβ_AF_Euk_Gracilariopsis_tenuifrons_gene68635617.pdb
 0.266671 -0.511454 -0.816885    -0.946659
 0.859788 -0.256736  0.441420    -9.853979
-0.435490 -0.820062  0.371277     1.775778
>../../../../class2//phe2/data/domains/Editing_domain_F//structures/PheRS-Bβ_PDB_Bact.B_E_coli_3PCO.pdb
 0.796536 -0.408231 -0.445958    32.285349
-0.090351  0.648960 -0.755439    38.598221
 0.597802  0.642027  0.480036    -4.239373
>../../../../class2//phe2/data/domains/Editing_domain_F//structures/PheRS-Bβ_PDB_Bact.B_T_thermophilus_1PYS.pdb
 0.120060  0.487146  0.865029   -53.249538
-0.984378  0.171444  0.040076    -4.329936
-0.128781 -0.856327  0.500119    47.125967
>../../../../class2//phe4/data/domains/Editing_domain_F//structures/PheRS-Aβ_AF_Arch_Candidatus_Nitrosopumilus_koreensis_AR1_gene13724457.pdb
-0.711830 -0.203612  0.672190     8.554094
-0.321784  0.945247 -0.054437     2.503942
-0.624302 -0.255050 -0.738374   -18.696564
>../../../../class2//phe4/data/domains/Editing_domain_F//structures/PheRS-Aβ_AF_Arch_Halalkalicoccus_jeotgali_B3_gene9420006.pdb
-0.488731  0.326874  0.808885     5.373107
-0.315584 -0.930612  0.185387     2.668737
 0.813356 -0.164667  0.557975   -20.317637
>../../../../class2//phe4/data/domains/Editing_domain_F//structures/PheRS-Aβ_AF_Arch_Sulfolobus_islandicus_YG5714_gene7807969.pdb
-0.522346 -0.213435  0.825591     7.342410
-0.389571  0.920958 -0.008389     0.465226
-0.758544 -0.326008 -0.564206   -19.105835
>../../../../class2//phe4/data/domains/Editing_domain_F//structures/PheRS-Aβ_AF_Arch_Thermoplasma_volcanium_GSS1_gene1441711.pdb
 0.839834  0.061722 -0.539323     7.762156
-0.463482 -0.435689 -0.771595     3.436665
-0.282602  0.897978 -0.337300   -24.443943
>../../../../class2//phe4/data/domains/Editing_domain_F//structures/PheRS-Aβ_AF_Euk_Astyanax_mexicanus_gene103044481.pdb
 0.839103 -0.334777 -0.428754     9.924996
 0.037383  0.821817 -0.568524    -0.431860
 0.542686  0.461022  0.702104   -19.979625
>../../../../class2//phe4/data/domains/Editing_domain_F//structures/PheRS-Aβ_AF_Euk_Drosophila_melanogaster_gene42888.pdb
-0.499271  0.230551  0.835209     9.493553
-0.866434 -0.137952 -0.479856    -2.256371
 0.004588 -0.963232  0.268633   -20.890911
>../../../../class2//phe4/data/domains/Editing_domain_F//structures/PheRS-Aβ_PDB_Euk.B_H_sapiens_3L4G.pdb
 0.112352 -0.914659  0.388300    81.407547
 0.898580  0.260337  0.353239   -74.364090
-0.424182  0.309232  0.851143   -40.319127
