>structures/Glu_Arch_3AII_M_thermau.pdb
 0.604697 -0.544717  0.581056    39.222719
-0.791360 -0.493320  0.361089     2.421297
 0.089956 -0.678173 -0.729376    97.379353
>structures/Glu_Bact_1J09_T_therm.pdb
 0.129820 -0.733767  0.666883    68.100427
-0.295433  0.613401  0.732433    -2.816430
-0.946502 -0.292104 -0.137147    72.367334
>structures/Glu_Bact_1NZJ_E_coli.pdb
 1.000000  0.000000  0.000000     0.000000
 0.000000  1.000000  0.000000    -0.000000
 0.000000  0.000000  1.000000     0.000000
>structures/Glu_Bact_2O5R_T_maritima.pdb
 0.016305 -0.378276  0.925549     6.856185
 0.996611  0.080797  0.015466    40.451246
-0.080632  0.922160  0.378312   -16.780484
>structures/Glutamyl.A.Candidatus_Korarchaeota.NC_010482.1.pdb
 0.864129  0.499661  0.060166    53.946896
 0.463005 -0.742436 -0.484164     8.512498
-0.197248  0.446237 -0.872906    25.163681
>structures/Glutamyl.A.Candidatus_Thermoplasmatota.NC_005877.1.pdb
 0.266938 -0.759285 -0.593490    53.941842
-0.215500  0.553213 -0.804683     7.801636
 0.939310  0.342698 -0.015953    23.857606
>structures/Glutamyl.A.Crenarchaeota.NC_000854.2.pdb
 0.017290 -0.396892  0.917703    52.582806
-0.672799  0.674339  0.304317     8.577716
-0.739624 -0.622691 -0.255369    23.217559
>structures/Glutamyl.A.Thaumarchaeota.NC_018656.1.pdb
-0.032333 -0.506530 -0.861616    53.685464
 0.138383  0.851495 -0.505773     5.484230
 0.989851 -0.135586  0.042564    25.774786
>structures/Glutamyl.B.Actinobacteria.NC_017216.2.pdb
-0.939799  0.314930  0.132656    51.913647
-0.258298 -0.908809  0.327642     9.222270
 0.223743  0.273653  0.935443    25.806683
>structures/Glutamyl.B.Bacteroidota.NC_010729.1.pdb
 0.846897  0.530720 -0.033186    55.116836
 0.432189 -0.723340 -0.538508     7.010241
-0.309802  0.441718 -0.841967    25.632429
>structures/Glutamyl.B.Chlamydiae.NC_002620.2.pdb
 0.589531  0.705689  0.393010    46.414463
 0.798306 -0.434857 -0.416661     8.140863
-0.123130  0.559377 -0.819717    24.804974
>structures/Glutamyl.B.Firmicutes.NC_016941.1.pdb
-0.735680  0.605812  0.302930    53.947111
-0.583401 -0.793977  0.171011    10.007668
 0.344120 -0.050920  0.937544    23.847553
>structures/Glutamyl.B.Proteobacteria.NC_003317.1.pdb
 0.948686  0.312289 -0.049703    57.082130
 0.160168 -0.610071 -0.775989     7.376539
-0.272655  0.728209 -0.628785    24.932878
>structures/Glutamyl.B.Spirochaetes.NC_016842.1.pdb
 0.838830  0.543156  0.036693    55.885605
 0.472318 -0.692600 -0.545180     8.478111
-0.270704  0.474643 -0.837516    26.078620
>structures/Glutamyl.E.Apicomplexa.NC_033658.1.pdb
-0.999832 -0.015837 -0.009244    51.805754
 0.009501 -0.878568  0.477522    12.604729
-0.015684  0.477354  0.878571    26.098647
>structures/Glutamyl.E.Basidiomycota.NC_026482.1.pdb
-0.768222  0.569860  0.291710    57.705793
-0.565720 -0.817583  0.107329     9.900907
 0.299659 -0.082574  0.950466    24.538287
>structures/Glutamyl.E.Microsporidia.NC_014416.1.pdb
 0.946531  0.151361  0.284902    55.589452
 0.284328 -0.808658 -0.515004     8.923705
 0.152437  0.568473 -0.808456    27.582863
>structures/Glutamyl.E.Rhodophyta.NC_010145.1.pdb
-0.467956  0.583702  0.663557    56.766657
-0.869280 -0.439339 -0.226569     5.471502
 0.159278 -0.682841  0.712992    27.156638
