>structures/CysRS_AF_Arch_Aciduliprofundum_boonei_T469_gene8827372.pdb
-0.944885 -0.184620  0.270383    -7.826375
-0.078247  0.929254  0.361059     0.268508
-0.317913  0.320003 -0.892485    -1.912684
>structures/CysRS_AF_Arch_Candidatus_Nitrosopumilus_sediminis_gene13696907.pdb
-0.889203 -0.233807  0.393259    -0.777739
-0.262132  0.964844 -0.019073    -1.495464
-0.374974 -0.120045 -0.919230     1.774454
>structures/CysRS_AF_Arch_Methanospirillum_hungatei_JF-1_gene3922979.pdb
-0.108311 -0.400037  0.910077    -8.426580
-0.462374 -0.790144 -0.402347     2.143983
 0.880045 -0.464374 -0.099386     3.224148
>structures/CysRS_AF_Arch_Pyrobaculum_ferrireducens_gene11593896.pdb
-0.268126 -0.105266  0.957616    -2.664323
-0.135293 -0.980047 -0.145613     1.791833
 0.953837 -0.168602  0.248534     1.700638
>structures/CysRS_AF_Bact_Bordetella_avium_197N_gene41394405.pdb
-0.447774 -0.608456  0.655195    -3.253201
-0.504030 -0.433483 -0.747025     0.778744
 0.738547 -0.664736 -0.112578     1.995319
>structures/CysRS_AF_Bact_Lactobacillus_amylovorus_GRL1118_gene66523130.pdb
-0.237415 -0.367406  0.899248    -3.772748
-0.453823 -0.776532 -0.437084     2.306709
 0.858882 -0.511870  0.017623     1.493892
>structures/CysRS_AF_Bact_Mycobacterium_canettii_CIPT_140010059_gene45427568.pdb
 0.889753 -0.215048 -0.402608    -4.652641
 0.424785  0.712891  0.557982     0.369822
 0.167023 -0.667488  0.725646     1.357130
>structures/CysRS_AF_Bact_Mycoplasma_hyopneumoniae_168-L_gene57101512.pdb
-0.226064 -0.326658  0.917709    -5.257215
-0.207347 -0.904371 -0.372988     0.555753
 0.951789 -0.274603  0.136714     3.123783
>structures/CysRS_AF_Bact_Porphyromonas_gingivalis_ATCC_33277_gene29256960.pdb
-0.885915 -0.383921  0.260307    -6.439687
-0.398762  0.917043 -0.004597    -3.078895
-0.236947 -0.107873 -0.965515    -0.706412
>structures/CysRS_AF_Bact_Prochlorococcus_marinus_subsp_marinus_str_CCMP1375_gene54200571.pdb
-0.415427  0.109019  0.903070    -5.789546
 0.380663 -0.880842  0.281447     0.612791
 0.826145  0.460686  0.324426     1.895507
>structures/CysRS_AF_Bact_Streptobacillus_moniliformis_DSM_12112_gene29673427.pdb
-0.957111  0.101030  0.271534    -8.712358
 0.248685  0.767323  0.591076     3.040400
-0.148638  0.633252 -0.759539    -2.253492
>structures/CysRS_AF_Bact_Treponema_pallidum_subsp_pertenue_str_SamoaD_gene57878631.pdb
-0.878042 -0.312354  0.362599    -8.065172
-0.292079  0.949928  0.111022    -1.276649
-0.379121 -0.008426 -0.925309    -0.184733
>structures/CysRS_AF_Euk_Arabidopsis_thaliana_gene833874.pdb
-0.266947 -0.451867  0.851208    -0.813980
-0.174853 -0.845891 -0.503879     0.619671
 0.947716 -0.283345  0.146798    -0.365885
>structures/CysRS_AF_Euk_Cyanidioschyzon_merolae_strain_10D_gene16993418.pdb
-0.551906  0.108100  0.826870     4.780848
 0.463186 -0.784801  0.411760     2.890258
 0.693440  0.610247  0.383066    -1.428664
>structures/CysRS_AF_Euk_Drosophila_melanogaster_gene36784.pdb
-0.670668  0.371278  0.642151    -0.063803
 0.562180 -0.310341  0.766578    -2.723979
 0.483900  0.875123 -0.000589    -0.626165
>structures/CysRS_AF_Euk_Micromonas_commoda_gene8246535.pdb
 1.000000  0.000000  0.000000     0.000000
 0.000000  1.000000  0.000000     0.000000
 0.000000  0.000000  1.000000     0.000000
>structures/CysRS_AF_Mito_Morone_saxatilis_gene118339815.pdb
-0.800194 -0.568462  0.191156    -3.655026
-0.586365  0.808485 -0.050289     4.475911
-0.125959 -0.152328 -0.980271     2.262125
>structures/CysRS_AF_Mito_Saccharomyces_cerevisiae_S288C_gene855474.pdb
-0.961182 -0.228573 -0.154544    -0.917472
-0.269921  0.895077  0.354936    -1.862377
 0.057201  0.382873 -0.922029    -0.709943
>structures/CysRS_PDB_Bact_E_coli_1LI5.pdb
 0.508652  0.579771  0.636505  -133.990535
-0.784986  0.008622  0.619454    30.105826
 0.353654 -0.814734  0.459497    21.504589
>structures/CysRS_PDB_Bact_M_smegmatis_3C8Z.pdb
 0.716213 -0.290955 -0.634338   -51.215214
-0.172434 -0.954543  0.243135    21.916756
-0.676244 -0.064755 -0.733826     1.569483
