>../../../../class2/pro2//data/domains/Catalytic_domain/structures/ProRS-B_AF_Bact_Acinetobacter_baylyi_ADP1_gene45233245.pdb
 0.974597 -0.122125  0.187739     0.165044
 0.049868  0.935536  0.349693     1.754465
-0.218343 -0.331448  0.917861    -4.570143
>../../../../class2/pro2//data/domains/Catalytic_domain/structures/ProRS-B_AF_Bact_Brachyspira_pilosicoli_95_1000_gene56438966.pdb
 0.355221 -0.705332 -0.613453     0.296710
 0.708914 -0.224493  0.668613     1.901168
-0.609310 -0.672391  0.420275    -2.811870
>../../../../class2/pro2//data/domains/Catalytic_domain/structures/ProRS-B_AF_Bact_Chlamydia_psittaci_6BC_gene12242703.pdb
-0.986738 -0.080103 -0.141177     1.943082
-0.068268  0.993886 -0.086777    -2.238463
 0.147265 -0.075988 -0.986174    -3.004855
>../../../../class2/pro2//data/domains/Catalytic_domain/structures/ProRS-B_AF_Bact_Clostridium_acetobutylicum_DSM_1731_gene44999665.pdb
 0.955587 -0.292216  0.038244     0.617158
 0.237747  0.841059  0.485898     1.457238
-0.174153 -0.455225  0.873178    -3.368185
>../../../../class2/pro2//data/domains/Catalytic_domain/structures/ProRS-B_AF_Bact_Corynebacterium_ulcerans_809_gene75260584.pdb
-0.966169  0.233169  0.110223     1.097690
 0.238502  0.645124  0.725901    -0.097729
 0.098150  0.727631 -0.678910    -3.701273
>../../../../class2/pro2//data/domains/Catalytic_domain/structures/ProRS-B_AF_Bact_Prochlorococcus_marinus_subsp_marinus_str_CCMP1375_gene54199876.pdb
 0.967269 -0.215542  0.133909     0.048874
 0.161465  0.929903  0.330469     0.932771
-0.195752 -0.298031  0.934269    -4.801474
>../../../../class2/pro2//data/domains/Catalytic_domain/structures/ProRS-B_AF_Bact_Streptobacillus_moniliformis_DSM_12112_gene29673723.pdb
 0.867532  0.456930  0.196478     0.138653
-0.404783  0.878153 -0.254947     2.249272
-0.289030  0.141644  0.946783    -2.641349
>../../../../class2/pro2//data/domains/Catalytic_domain/structures/ProRS-B_AF_Euk_Candida_albicans_SC5314_gene3640100.pdb
 1.000000  0.000000  0.000000     0.000000
 0.000000  1.000000  0.000000     0.000000
 0.000000  0.000000  1.000000     0.000000
>../../../../class2/pro2//data/domains/Catalytic_domain/structures/ProRS-B_PDB_Bact_S_aureus_5znj.pdb
 0.895447 -0.107142  0.432083   -10.808351
-0.306008  0.556787  0.772235   -13.772079
-0.323317 -0.823716  0.465787   -12.386335
>../../../../class2/pro2//data/domains/Catalytic_domain/structures/ProRS_PDB_Bact_E_faecalis_2J3M.pdb
 0.767060  0.426500  0.479289   -22.828225
-0.512958  0.856393  0.058874    24.995956
-0.385349 -0.291015  0.875680    -6.167479
>../../../../class2/ser1//data/domains/Catalytic_domain/structures/SerRS_AF_Arch_Candidatus_Methanomassiliicoccus_intestinalis_Issoire-Mx1_gene16154337.pdb
 0.496901  0.661917 -0.561209     7.209444
-0.313650 -0.465996 -0.827328     9.618410
-0.809144  0.587123 -0.023944    -6.329224
>../../../../class2/ser1//data/domains/Catalytic_domain/structures/SerRS_AF_Arch_Methanospirillum_hungatei_JF-1_gene3924775.pdb
 0.679988 -0.603925 -0.415800    11.165378
 0.639293  0.766027 -0.067127     6.614561
 0.359054 -0.220173  0.906975    -4.697881
>../../../../class2/ser1//data/domains/Catalytic_domain/structures/SerRS_AF_Arch_Nitrosopumilus_maritimus_SCM1_gene5773574.pdb
-0.819562 -0.548160  0.166850     7.721856
-0.456001  0.800289  0.389360     5.228275
-0.346960  0.243021 -0.905847    -9.238319
>../../../../class2/ser1//data/domains/Catalytic_domain/structures/SerRS_AF_Arch_Thermoproteus_uzoniensis_768-20_gene10361450.pdb
-0.972069 -0.194832  0.130849     5.203526
-0.057406  0.737981  0.672375     5.897987
-0.227565  0.646084 -0.728553    -9.251280
>../../../../class2/ser1//data/domains/Catalytic_domain/structures/SerRS_AF_Bact_Bifidobacterium_longum_subsp_longum_JCM_1217_gene69578844.pdb
-0.011876 -0.017512 -0.999776     9.331594
 0.664811 -0.746993  0.005188     9.162073
-0.746917 -0.664601  0.020513    -3.055436
>../../../../class2/ser1//data/domains/Catalytic_domain/structures/SerRS_AF_Bact_Brucella_suis_1330_gene45051948.pdb
-0.967208  0.199034  0.157778    10.269189
 0.249402  0.626790  0.738196     6.771789
 0.048032  0.753339 -0.655876    -7.325946
>../../../../class2/ser1//data/domains/Catalytic_domain/structures/SerRS_AF_Bact_Chlamydia_psittaci_6BC_gene12242544.pdb
 0.984873 -0.127258 -0.117605     8.360707
 0.024370  0.773685 -0.633102     6.813459
 0.171557  0.620659  0.765083    -6.814774
>../../../../class2/ser1//data/domains/Catalytic_domain/structures/SerRS_AF_Bact_Clostridium_acetobutylicum_DSM_1731_gene44996495.pdb
-0.887042 -0.380928  0.260865    12.033001
-0.287006  0.897549  0.334713     6.040334
-0.361641  0.222035 -0.905492    -5.184946
>../../../../class2/ser1//data/domains/Catalytic_domain/structures/SerRS_AF_Bact_Mycoplasma_hyopneumoniae_168-L_gene57101125.pdb
 0.938502 -0.266558 -0.219454     9.444848
 0.233490  0.958199 -0.165338     9.016983
 0.254353  0.103930  0.961511    -6.316536
>../../../../class2/ser1//data/domains/Catalytic_domain/structures/SerRS_AF_Bact_Prochlorococcus_marinus_subsp_marinus_str_CCMP1375_gene54200639.pdb
-0.963212  0.203893  0.175075     5.537572
 0.219766  0.222634  0.949809    11.263207
 0.154682  0.953343 -0.259252    -6.967911
>../../../../class2/ser1//data/domains/Catalytic_domain/structures/SerRS_AF_Bact_Streptobacillus_moniliformis_DSM_12112_gene29673293.pdb
-0.987336  0.072387  0.141164    10.608361
 0.151781  0.689875  0.707838     6.055978
-0.046147  0.720300 -0.692126    -6.803217
>../../../../class2/ser1//data/domains/Catalytic_domain/structures/SerRS_AF_Bact_Treponema_pallidum_subsp_pertenue_str_SamoaD_gene57879171.pdb
 0.764005 -0.534030 -0.362088     9.987560
 0.478361  0.845425 -0.237546     5.938289
 0.432975  0.008277  0.901368    -6.086036
>../../../../class2/ser1//data/domains/Catalytic_domain/structures/SerRS_AF_Euk_Cyanidioschyzon_merolae_strain_10D_gene16995416.pdb
 0.281340 -0.599521 -0.749281    10.846327
 0.956919  0.233691  0.172321     6.708660
 0.071790 -0.765482  0.639440    -3.665821
>../../../../class2/ser1//data/domains/Catalytic_domain/structures/SerRS_AF_Euk_Thunnus_albacares_gene122982782.pdb
-0.042740 -0.060893 -0.997229    11.059981
 0.755349 -0.655279  0.007639    10.260421
-0.653928 -0.752929  0.074002    -4.072902
>../../../../class2/ser1//data/domains/Catalytic_domain/structures/SerRS_AF_Euk_Trichomonas_vaginalis_G3_gene4762654.pdb
 0.914785 -0.391317  0.100200     9.432994
 0.403058  0.900654 -0.162377     8.046882
-0.026705  0.188927  0.981628    -5.009072
>../../../../class2/ser1//data/domains/Catalytic_domain/structures/SerRS_AF_Euk_Vitis_vinifera_gene100261399.pdb
 0.044096 -0.304442 -0.951510    10.414227
 0.904169 -0.392915  0.167618     8.258024
-0.424892 -0.867717  0.257941    -3.293268
>../../../../class2/ser1//data/domains/Catalytic_domain/structures/SerRS_AF_Mito_Cervus_elaphus_gene122688911.pdb
-0.923956  0.306101  0.229362     4.569727
 0.297765  0.199233  0.933618    12.712113
 0.240085  0.930918 -0.275229    -7.136350
>../../../../class2/ser1//data/domains/Catalytic_domain/structures/SerRS_AF_Mito_Drechmeria_coniospora_gene63718051.pdb
 0.997556 -0.059466 -0.036686     9.560585
 0.041321  0.925479 -0.376537    10.238782
 0.056343  0.374101  0.925675    -6.149499
>../../../../class2/ser1//data/domains/Catalytic_domain/structures/SerRS_PDB_Bact_K_pneumoniae_6h9x.pdb
 0.155227 -0.021127 -0.987653     1.735618
-0.975400  0.155131 -0.156619     1.263900
 0.156524  0.987668  0.003473    27.756828
>../../../../class2/ser1//data/domains/Catalytic_domain/structures/SerRS_PDB_Bact_T_thermophilus_1ser.pdb
 0.928455  0.160764  0.334852  -132.747035
-0.154598 -0.652442  0.741902    31.663114
 0.337743 -0.740590 -0.580910    23.082633
>../../../../class2/ser1//data/domains/Catalytic_domain/structures/SerRS_PDB_Euk_B_taurus_1wle.pdb
 0.617247  0.361291  0.698910   -98.768598
-0.784031  0.356520  0.508124    16.096210
-0.065595 -0.861605  0.503324    -5.562021
