>../../../../class1//ile/data/domains/CP2//structures/IleRS_AF_Arch_Candidatus_Nitrosopumilus_sediminis_gene13697091.pdb
 0.465789 -0.712642 -0.524578    10.745659
 0.831686  0.150096  0.534574     1.422035
-0.302223 -0.685283  0.662607     1.330560
>../../../../class1//leu1/data/domains/CP2//structures/LeuRS-B_AF_Bact_Brachyspira_pilosicoli_95_1000_gene56439070.pdb
 0.961331  0.168762 -0.217627     8.545718
-0.263548  0.793045 -0.549201     3.748884
 0.079903  0.585319  0.806856    -5.706551
>../../../../class1//leu2/data/domains/CP2//structures/LeuRS-A_AF_Arch_Aciduliprofundum_boonei_T469_gene8828435.pdb
 0.950773  0.221331 -0.216893     8.092595
-0.244052  0.966123 -0.083937     2.014204
 0.190968  0.132738  0.972580    -4.839432
>../../../../class1//met/data/domains/CP2//structures/MetRS_AF_Bact_Brucella_suis_1330_gene45052047.pdb
 1.000000  0.000000  0.000000     0.000000
 0.000000  1.000000  0.000000     0.000000
 0.000000  0.000000  1.000000     0.000000
>../../../../class1//val/data/domains/CP2//structures/ValRS_AF_Mito_Falco_naumanni_gene121082178.pdb
 0.303157  0.238511 -0.922610    19.398837
 0.353843 -0.927127 -0.123411     1.651634
-0.884811 -0.289047 -0.365460   -12.312041
