>structures/GlyRS-Bα_AF_Bact_Brachyspira_pilosicoli_95_1000_gene56440230.pdb
-0.681831  0.003620  0.731501    -2.088558
-0.695366  0.307241 -0.649669   -21.259728
-0.227099 -0.951625 -0.206969    -4.623730
>structures/GlyRS-Bα_AF_Bact_Chlamydia_pneumoniae_TW-183_gene45051002.pdb
 1.000000  0.000000  0.000000     0.000000
 0.000000  1.000000  0.000000     0.000000
 0.000000  0.000000  1.000000     0.000000
>structures/GlyRS-Bα_AF_Bact_Lacticaseibacillus_paracasei_gene61269714.pdb
 0.757639 -0.182855 -0.626536    -1.137528
-0.651196 -0.147210 -0.744495   -22.148864
 0.043902  0.972056 -0.230607    -3.386100
>structures/GlyRS-Bα_AF_Bact_Prochlorococcus_marinus_subsp_marinus_str_CCMP1375_gene54200602.pdb
 0.681459  0.322319 -0.657057    -1.238911
-0.279244 -0.715360 -0.640534   -22.498862
-0.676488  0.619977 -0.397483    -3.186940
>structures/GlyRS-Bα_AF_Bact_Salmonella_enterica_subsp_enterica_serovar_Typhimurium_str_LT2_gene1255180.pdb
 0.805632  0.024494 -0.591910    -1.114210
 0.298533 -0.879795  0.369917   -21.141893
-0.511699 -0.474722 -0.716103    -1.911535
>structures/GlyRS-Bα_AF_Bact_Streptobacillus_moniliformis_DSM_12112_gene29673275.pdb
 0.720022  0.319415 -0.616070    -1.340615
-0.442295 -0.472859 -0.762089   -21.920037
-0.534737  0.821206 -0.199193    -3.220832
>structures/GlyRS-Bα_AF_Euk_Ostreococcus_tauri_gene9837276.pdb
 0.535158 -0.588022 -0.606495    -0.391510
 0.842707  0.321687  0.431697    -1.449562
-0.058745 -0.742123  0.667684    -1.947770
>structures/GlyRS-Bα_AF_Euk_Vulpes_lagopus_gene121489478.pdb
 0.458708 -0.879732 -0.125135    -2.798440
 0.845941  0.389238  0.364522   -25.433080
-0.271975 -0.273066  0.922748    -3.896645
>structures/GlyRS-Bα_AF_Mito_Nymphaea_colorata_gene116265348.pdb
 0.949450  0.095947  0.298896    -1.882337
-0.004471  0.956182 -0.292739     0.365473
-0.313886  0.276604  0.908276    -0.949905
>structures/GlyRS-Bα_PDB_Bact_A_aeolicus_5f5w.pdb
 0.116205 -0.291060 -0.949621     6.081737
-0.210290  0.927213 -0.309925   -43.557557
 0.970708  0.235710  0.046540    41.119429
>structures/GlyRS-Bα_PDB_Bact_C_jejuni_3ufg.pdb
 0.941902  0.244848 -0.229934   -31.880509
 0.147069  0.314816  0.937689   -34.109433
 0.301978 -0.917028  0.260517    15.306681
>structures/GlyRS-Bα_PDB_Bact_T_maritima_1j5w.pdb
 0.991809  0.110257 -0.064487   -47.357304
 0.069344 -0.888772 -0.453074    30.817136
-0.107269  0.444891 -0.889138   -17.294646
