>../../../../class1/glu2//data/domains/Catalytic_domain/structures/GlxRS_AF_Arch_Candidatus_Korarchaeum_cryptofilum_OPF8_gene6094352.pdb
-0.026407  0.985351  0.168483    -7.635012
-0.289580  0.153775 -0.944720     4.985407
-0.956789 -0.073736  0.281278    -9.651229
>../../../../class1/glu2//data/domains/Catalytic_domain/structures/GlxRS_AF_Arch_Methanothrix_soehngenii_GP6_gene10459943.pdb
 0.014491 -0.996232 -0.085510    -5.301017
 0.992008  0.003604  0.126124     5.089553
-0.125340 -0.086654  0.988322    -7.170912
>../../../../class1/glu2//data/domains/Catalytic_domain/structures/GlxRS_AF_Arch_Nitrosopumilus_maritimus_SCM1_gene5773999.pdb
-0.747827  0.008929 -0.663834    -7.144169
-0.462794  0.709907  0.530899     6.295228
 0.476000  0.704239 -0.526755    -6.730525
>../../../../class1/glu2//data/domains/Catalytic_domain/structures/GlxRS_AF_Arch_Sulfolobus_islandicus_LAL14_1_gene15298417.pdb
 0.422049 -0.718449  0.552907    -2.798230
-0.759417 -0.613275 -0.217208     1.881181
 0.495137 -0.328214 -0.804435    -9.054421
>../../../../class1/glu2//data/domains/Catalytic_domain/structures/GlxRS_AF_Euk_Cyathus_striatus_proteinKAF9013924.1.pdb
-0.476676 -0.632117 -0.610907   -11.894557
 0.817292 -0.574605 -0.043159    12.443104
-0.323749 -0.519863  0.790525   -10.564515
>../../../../class1/glu2//data/domains/Catalytic_domain/structures/GlxRS_AF_Euk_Lichtheimia_hyalospora_proteinKAI7879902.1.pdb
-0.558844  0.496073 -0.664533    -0.053208
 0.253192 -0.661012 -0.706369     8.311273
-0.789675 -0.563005  0.243801   -11.457613
>../../../../class1/glu2//data/domains/Catalytic_domain/structures/GlxRS_AF_Euk_Medicago_truncatula_gene11407510.pdb
-0.598352 -0.184229 -0.779766   -10.992256
 0.542274 -0.809557 -0.224845     6.540811
-0.589842 -0.557384  0.584303   -15.636860
>../../../../class1/glu2//data/domains/Catalytic_domain/structures/GlxRS_AF_Euk_Xylariaceae_sp_FL0804_proteinKAI0483267.1.pdb
 0.569986 -0.008366  0.821612     3.126961
-0.352337 -0.905835  0.235207     8.757029
 0.742276 -0.423549 -0.519261    -8.237330
>../../../../class1/glu2//data/domains/Catalytic_domain/structures/GlxRS_PDB_Arch_M_thermau_3AII.pdb
 0.973018 -0.080685 -0.216162    11.970489
-0.217765 -0.630758 -0.744797    75.786521
-0.076252  0.771773 -0.631309     0.991122
>../../../../class1/ile//data/domains/Catalytic_domain/structures/IleRS_AF_Arch_Candidatus_Korarchaeum_cryptofilum_OPF8_gene6094904.pdb
 0.744120  0.648541  0.160251    -1.424345
-0.591815  0.751241 -0.292220     0.814651
-0.309904  0.122607  0.942829    -0.550060
>../../../../class1/ile//data/domains/Catalytic_domain/structures/IleRS_AF_Arch_Candidatus_Nitrosopumilus_sediminis_gene13697091.pdb
 0.093330 -0.027781  0.995248     1.904683
-0.140814 -0.989931 -0.014427     4.960603
 0.985627 -0.138798 -0.096303    -1.629675
>../../../../class1/ile//data/domains/Catalytic_domain/structures/IleRS_AF_Arch_Pyrobaculum_aerophilum_str_IM2_gene1465853.pdb
-0.290960  0.821270  0.490774    -4.396071
 0.783942 -0.089396  0.614365     0.010979
 0.548432  0.563493 -0.617817    -4.158241
>../../../../class1/ile//data/domains/Catalytic_domain/structures/IleRS_AF_Arch_Thermoplasma_acidophilum_DSM_1728_gene1456418.pdb
 0.389487  0.712758 -0.583332    -0.820064
-0.286373 -0.508237 -0.812210     2.144611
-0.875380  0.483396  0.006163     0.064389
>../../../../class1/ile//data/domains/Catalytic_domain/structures/IleRS_AF_Bact_Chlamydia_muridarum_str_Nigg_gene1246458.pdb
 0.458335 -0.794450 -0.398470     2.180113
 0.722151  0.071532  0.688027    -0.574308
-0.518099 -0.603103  0.606499    -0.973670
>../../../../class1/ile//data/domains/Catalytic_domain/structures/IleRS_AF_Bact_Lactobacillus_acidophilus_La-14_gene56942445.pdb
-0.654808  0.694399  0.298390    -1.157096
 0.722587  0.459438  0.516512    -1.300552
 0.221574  0.553829 -0.802607    -2.606895
>../../../../class1/ile//data/domains/Catalytic_domain/structures/IleRS_AF_Bact_Mycoplasma_hyopneumoniae_168-L_gene57100872.pdb
-0.665370  0.700731  0.257408    -3.134638
 0.721648  0.515504  0.462039    -1.462447
 0.191070  0.493185 -0.848682    -0.719236
>../../../../class1/ile//data/domains/Catalytic_domain/structures/IleRS_AF_Bact_Orientia_tsutsugamushi_str_Ikeda_gene66653313.pdb
-0.521226 -0.847737  0.098308    -1.006747
-0.761534  0.410016 -0.501950     1.412519
 0.385213 -0.336494 -0.859292     0.458859
>../../../../class1/ile//data/domains/Catalytic_domain/structures/IleRS_AF_Bact_Porphyromonas_gingivalis_ATCC_33277_gene29255747.pdb
-0.591763 -0.801078  0.089944    -3.527789
-0.709926  0.465044 -0.528903     1.233910
 0.381865 -0.376839 -0.843903     2.583500
>../../../../class1/ile//data/domains/Catalytic_domain/structures/IleRS_AF_Bact_Streptobacillus_moniliformis_DSM_12112_gene29674186.pdb
-0.719611  0.646654  0.252978    -6.298383
 0.654834  0.510800  0.557025     2.085886
 0.230981  0.566500 -0.791028    -3.490981
>../../../../class1/ile//data/domains/Catalytic_domain/structures/IleRS_AF_Bact_Thermus_thermophilus_HB8_gene3168241.pdb
 0.582094 -0.759116 -0.291393     0.678846
 0.704410  0.291768  0.647053    -0.048726
-0.406169 -0.581905  0.704565     1.759439
>../../../../class1/ile//data/domains/Catalytic_domain/structures/IleRS_AF_Bact_Treponema_pallidum_subsp_pertenue_str_SamoaD_gene57878975.pdb
 1.000000  0.000000  0.000000     0.000000
 0.000000  1.000000  0.000000     0.000000
 0.000000  0.000000  1.000000     0.000000
>../../../../class1/ile//data/domains/Catalytic_domain/structures/IleRS_AF_Euk_Cyanidioschyzon_merolae_strain_10D_gene16992835.pdb
 0.062394 -0.295003 -0.953457    -1.229631
 0.494553 -0.820649  0.286275    -0.180673
-0.866905 -0.489397  0.094691    -0.876858
>../../../../class1/ile//data/domains/Catalytic_domain/structures/IleRS_AF_Euk_Ostreococcus_lucimarinus_CCE9901_gene5000489.pdb
 0.952544  0.302543 -0.033590     0.791574
-0.300964  0.919498 -0.252872    -0.942663
-0.045618  0.250981  0.966917    -3.171975
>../../../../class1/ile//data/domains/Catalytic_domain/structures/IleRS_AF_Euk_Trypanosoma_brucei_brucei_TREU927_gene3663037.pdb
 0.826029  0.542697 -0.152169    -0.454905
-0.547546  0.708630 -0.445014    -0.243806
-0.133677  0.450914  0.882500    -2.402005
>../../../../class1/ile//data/domains/Catalytic_domain/structures/IleRS_AF_Euk_Ustilago_maydis_521_gene23568123.pdb
-0.910550  0.411646  0.038025    -2.466631
 0.412826  0.900595  0.136028    -2.316135
 0.021750  0.139558 -0.989975     0.119701
>../../../../class1/ile//data/domains/Catalytic_domain/structures/IleRS_AF_Mito_Drosophila_melanogaster_gene39762.pdb
-0.214307 -0.879279  0.425371    -4.499266
-0.606902 -0.221357 -0.763329     0.448608
 0.765338 -0.421745 -0.486198     2.289316
>../../../../class1/ile//data/domains/Catalytic_domain/structures/IleRS_AF_Mito_Homo_sapiens_gene55699.pdb
-0.637937  0.701356  0.318020    -2.358781
 0.748343  0.467150  0.470907    -1.313606
 0.181710  0.538397 -0.822867    -1.187303
>../../../../class1/ile//data/domains/Catalytic_domain/structures/IleRS_AF_Vir_Megavirus_chiliensis_gene11256744.pdb
-0.735258 -0.674239 -0.069258    -0.379860
-0.620554  0.710745 -0.331292     1.969597
 0.272595 -0.200607 -0.940983     1.449105
>../../../../class1/ile//data/domains/Catalytic_domain/structures/IleRS_PDB_Bact_S_aureus_1QU2.pdb
 0.011427  0.999897  0.008698   -88.582103
 0.997325 -0.012025  0.072105   -27.498054
 0.072202  0.007851 -0.997359    78.582395
>../../../../class1/ile//data/domains/Catalytic_domain/structures/IleRS_PDB_Bact_T_therm_1ILE.pdb
 0.630196 -0.775298 -0.042029    13.555387
 0.752161  0.596168  0.280782    28.149710
-0.192633 -0.208560  0.958851    24.263584
>../../../../class1/ile//data/domains/Catalytic_domain/structures/IleRS_PDB_Euk_S_cere_7D5C.pdb
-0.902271 -0.152097 -0.403451    18.375692
 0.412230 -0.030028 -0.910585    33.646099
 0.126383 -0.987909  0.089793     2.900661
