>../../../../class1/glu2//data/domains/Catalytic_domain/structures/GlxRS_AF_Arch_Candidatus_Korarchaeum_cryptofilum_OPF8_gene6094352.pdb
 0.264825  0.748866  0.607509    -7.586505
-0.666502  0.597441 -0.445914    -3.705685
-0.696881 -0.286817  0.657338    -7.923131
>../../../../class1/glu2//data/domains/Catalytic_domain/structures/GlxRS_AF_Arch_Methanothrix_soehngenii_GP6_gene10459943.pdb
-0.519217 -0.808397 -0.277323    -6.237638
 0.629228 -0.581174  0.516052    -1.517043
-0.578347  0.093444  0.810421    -6.040163
>../../../../class1/glu2//data/domains/Catalytic_domain/structures/GlxRS_AF_Arch_Nitrosopumilus_maritimus_SCM1_gene5773999.pdb
-0.438642 -0.478376 -0.760756    -8.325790
-0.494209  0.835447 -0.240388    -1.396360
 0.750567  0.270528 -0.602880    -6.165372
>../../../../class1/glu2//data/domains/Catalytic_domain/structures/GlxRS_AF_Arch_Sulfolobus_islandicus_LAL14_1_gene15298417.pdb
 0.693705 -0.213845  0.687782    -2.095673
-0.066063 -0.969774 -0.234890    -3.144504
 0.717223  0.117507 -0.686864    -6.601359
>../../../../class1/glu2//data/domains/Catalytic_domain/structures/GlxRS_AF_Euk_Cyathus_striatus_proteinKAF9013924.1.pdb
-0.782084 -0.160895 -0.602045   -14.644816
 0.186530 -0.982242  0.020191    -0.977407
-0.594602 -0.096509  0.798207   -11.645269
>../../../../class1/glu2//data/domains/Catalytic_domain/structures/GlxRS_AF_Euk_Lichtheimia_hyalospora_proteinKAI7879902.1.pdb
-0.501595  0.837966 -0.214977    -2.722972
-0.488367 -0.479394 -0.729163     1.662879
-0.714073 -0.260757  0.649697   -12.118034
>../../../../class1/glu2//data/domains/Catalytic_domain/structures/GlxRS_AF_Euk_Medicago_truncatula_gene11407510.pdb
-0.708640  0.356543 -0.608857   -10.422231
-0.213782 -0.930865 -0.296291    -7.316062
-0.672404 -0.079800  0.735870   -13.307623
>../../../../class1/glu2//data/domains/Catalytic_domain/structures/GlxRS_AF_Euk_Xylariaceae_sp_FL0804_proteinKAI0483267.1.pdb
 0.560515  0.537494  0.630019    -0.823011
 0.403824 -0.841578  0.358709     5.246131
 0.723014  0.053355 -0.688770   -10.095710
>../../../../class1/glu2//data/domains/Catalytic_domain/structures/GlxRS_PDB_Arch_M_thermau_3AII.pdb
 0.922355  0.192242  0.335118   -34.117609
 0.358007 -0.099229 -0.928431    59.672618
-0.145230  0.976318 -0.160348   -35.109975
>../../../../class1/ile//data/domains/Catalytic_domain/structures/IleRS_AF_Arch_Candidatus_Korarchaeum_cryptofilum_OPF8_gene6094904.pdb
 0.979974  0.102603  0.170657    -1.798687
-0.150308  0.943290  0.295993     1.383202
-0.130609 -0.315716  0.939822     1.294796
>../../../../class1/ile//data/domains/Catalytic_domain/structures/IleRS_AF_Arch_Candidatus_Nitrosopumilus_sediminis_gene13697091.pdb
 0.031663  0.541800  0.839911    -1.279114
 0.397564 -0.777822  0.486761     5.285872
 0.917028  0.318506 -0.240029    -2.072803
>../../../../class1/ile//data/domains/Catalytic_domain/structures/IleRS_AF_Arch_Pyrobaculum_aerophilum_str_IM2_gene1465853.pdb
-0.743623  0.654448  0.136834    -3.477777
 0.639953  0.637431  0.429117    -2.490274
 0.193612  0.406669 -0.892824    -1.180287
>../../../../class1/ile//data/domains/Catalytic_domain/structures/IleRS_AF_Arch_Thermoplasma_acidophilum_DSM_1728_gene1456418.pdb
 0.591428  0.805606 -0.034819    -2.070852
-0.377558  0.238508 -0.894743     2.893507
-0.712505  0.542322  0.445223     1.143150
>../../../../class1/ile//data/domains/Catalytic_domain/structures/IleRS_AF_Bact_Chlamydia_muridarum_str_Nigg_gene1246458.pdb
 0.049183 -0.615695 -0.786448     2.008697
 0.533370 -0.649537  0.541866     2.134898
-0.844451 -0.446118  0.296447     0.999846
>../../../../class1/ile//data/domains/Catalytic_domain/structures/IleRS_AF_Bact_Lactobacillus_acidophilus_La-14_gene56942445.pdb
-0.967624  0.245235  0.059694    -0.128526
 0.252033  0.951502  0.176418    -0.931674
-0.013535  0.185751 -0.982504     0.206548
>../../../../class1/ile//data/domains/Catalytic_domain/structures/IleRS_AF_Bact_Mycoplasma_hyopneumoniae_168-L_gene57100872.pdb
-0.972389  0.224920  0.062222    -1.880008
 0.230083  0.968574  0.094475    -1.274666
-0.039017  0.106182 -0.993581     2.296896
>../../../../class1/ile//data/domains/Catalytic_domain/structures/IleRS_AF_Bact_Orientia_tsutsugamushi_str_Ikeda_gene66653313.pdb
-0.053950 -0.881250  0.469561    -1.985262
-0.654622 -0.323882 -0.683059     2.445569
 0.754028 -0.344236 -0.559413     1.703629
>../../../../class1/ile//data/domains/Catalytic_domain/structures/IleRS_AF_Bact_Porphyromonas_gingivalis_ATCC_33277_gene29255747.pdb
-0.137947 -0.868509  0.476092    -4.146661
-0.665954 -0.274473 -0.693665     2.213477
 0.733128 -0.412744 -0.540524     3.978684
>../../../../class1/ile//data/domains/Catalytic_domain/structures/IleRS_AF_Bact_Streptobacillus_moniliformis_DSM_12112_gene29674186.pdb
-0.984224  0.176903  0.002981    -6.140679
 0.174362  0.966950  0.186024    -1.714475
 0.030026  0.183609 -0.982541    -1.141810
>../../../../class1/ile//data/domains/Catalytic_domain/structures/IleRS_AF_Bact_Thermus_thermophilus_HB8_gene3168241.pdb
 0.145594 -0.709994 -0.688993     0.209790
 0.642228 -0.461912  0.611703     2.972169
-0.752559 -0.531551  0.388726     3.370992
>../../../../class1/ile//data/domains/Catalytic_domain/structures/IleRS_AF_Bact_Treponema_pallidum_subsp_pertenue_str_SamoaD_gene57878975.pdb
 0.826060 -0.547131 -0.135179    -0.043925
 0.543021  0.708491  0.450742     1.482308
-0.150841 -0.445745  0.882359     1.963189
>../../../../class1/ile//data/domains/Catalytic_domain/structures/IleRS_AF_Euk_Cyanidioschyzon_merolae_strain_10D_gene16992835.pdb
-0.106205  0.272427 -0.956297    -0.971787
 0.002566 -0.961658 -0.274239     0.548443
-0.994341 -0.031579  0.101434     1.387120
>../../../../class1/ile//data/domains/Catalytic_domain/structures/IleRS_AF_Euk_Ostreococcus_lucimarinus_CCE9901_gene5000489.pdb
 0.958372 -0.282089 -0.044146     1.993814
 0.283891  0.924927  0.252815    -0.567890
-0.030484 -0.254823  0.966507    -0.565518
>../../../../class1/ile//data/domains/Catalytic_domain/structures/IleRS_AF_Euk_Trypanosoma_brucei_brucei_TREU927_gene3663037.pdb
 1.000000  0.000000  0.000000     0.000000
 0.000000  1.000000  0.000000     0.000000
 0.000000  0.000000  1.000000     0.000000
>../../../../class1/ile//data/domains/Catalytic_domain/structures/IleRS_AF_Euk_Ustilago_maydis_521_gene23568123.pdb
-0.980270 -0.175300  0.091330    -0.997889
-0.195686  0.925864 -0.323237    -1.171001
-0.027896 -0.334732 -0.941900     3.510743
>../../../../class1/ile//data/domains/Catalytic_domain/structures/IleRS_AF_Mito_Drosophila_melanogaster_gene39762.pdb
 0.057345 -0.546353  0.835589    -4.430168
-0.210045 -0.824836 -0.524907     0.658540
 0.976009 -0.145411 -0.162059     4.412021
>../../../../class1/ile//data/domains/Catalytic_domain/structures/IleRS_AF_Mito_Homo_sapiens_gene55699.pdb
-0.962195  0.249846  0.108431    -1.282302
 0.263820  0.953893  0.143134    -0.952024
-0.067670  0.166329 -0.983746     1.780381
>../../../../class1/ile//data/domains/Catalytic_domain/structures/IleRS_AF_Vir_Megavirus_chiliensis_gene11256744.pdb
-0.310884 -0.918788  0.243268    -1.591793
-0.692401  0.043596 -0.720195     2.581831
 0.651101 -0.392336 -0.649723     2.282493
>../../../../class1/ile//data/domains/Catalytic_domain/structures/IleRS_PDB_Bact_S_aureus_1QU2.pdb
-0.534846  0.838920  0.100762   -69.262367
 0.749072  0.525947 -0.402829   -29.152862
-0.390937 -0.139973 -0.909712    96.743156
>../../../../class1/ile//data/domains/Catalytic_domain/structures/IleRS_PDB_Bact_T_therm_1ILE.pdb
 0.127692 -0.941287 -0.312529    -7.736427
 0.794287 -0.091659  0.600588    39.935887
-0.593972 -0.324928  0.735948     9.158671
>../../../../class1/ile//data/domains/Catalytic_domain/structures/IleRS_PDB_Euk_S_cere_7D5C.pdb
-0.987415  0.022684  0.156518    -3.902171
-0.143601 -0.543262 -0.827191    36.839190
 0.066266 -0.839257  0.539682   -13.039091
