>../../../../class1/leu2//data/domains/Catalytic_domain/structures/LeuRS-A_AF_Arch_Aciduliprofundum_boonei_T469_gene8828435.pdb
 0.810678 -0.527711 -0.253618     8.761461
 0.585439  0.724790  0.363237     4.892192
-0.007864 -0.442946  0.896514    -5.464457
>../../../../class1/leu2//data/domains/Catalytic_domain/structures/LeuRS-A_AF_Arch_Candidatus_Korarchaeum_cryptofilum_OPF8_gene6093520.pdb
 0.036343  0.265147  0.963523     6.380093
 0.158901 -0.953427  0.256375     8.890489
 0.986625  0.143787 -0.076783    -6.010732
>../../../../class1/leu2//data/domains/Catalytic_domain/structures/LeuRS-A_AF_Arch_Candidatus_Nitrosopumilus_koreensis_AR1_gene13725794.pdb
 0.150767  0.766948 -0.623747     6.149413
-0.629135 -0.412252 -0.658967     7.275494
-0.762534  0.491772  0.420359    -5.016854
>../../../../class1/leu2//data/domains/Catalytic_domain/structures/LeuRS-A_AF_Arch_Methanobrevibacter_smithii_ATCC_35061_gene5216355.pdb
 0.212158  0.831321 -0.513706     6.686706
-0.660316 -0.265565 -0.702466     7.452582
-0.720397  0.488243  0.492593    -3.970007
>../../../../class1/leu2//data/domains/Catalytic_domain/structures/LeuRS-A_AF_Euk_Arabidopsis_thaliana_gene837489.pdb
-0.996963 -0.042867  0.065013     8.887325
-0.005340  0.870522  0.492100     8.744206
-0.077691  0.490258 -0.868108    -4.517403
>../../../../class1/leu2//data/domains/Catalytic_domain/structures/LeuRS-A_AF_Euk_Leishmania_major_strain_Friedlin_gene5650139.pdb
 0.208141  0.777130 -0.593924     9.541887
-0.551755 -0.408095 -0.727341     6.882569
-0.807616  0.479090  0.343844    -6.859139
>../../../../class1/leu2//data/domains/Catalytic_domain/structures/LeuRS-A_AF_Euk_Neurospora_crassa_OR74A_gene3879366.pdb
 0.275704  0.864727 -0.419802     7.628872
-0.675130 -0.136678 -0.724926     7.217441
-0.684241  0.483286  0.546121    -6.266642
>../../../../class1/leu2//data/domains/Catalytic_domain/structures/LeuRS-A_PDB_Arch_P_hori_1WKB.pdb
-0.704401  0.487615 -0.515801    83.231698
 0.566796 -0.051022 -0.822277   -63.984582
-0.427272 -0.871566 -0.240438    78.239197
>../../../../class1/met//data/domains/Catalytic_domain/structures/MetRS_AF_Arch_Aciduliprofundum_boonei_T469_gene8827030.pdb
-0.077268  0.667210 -0.740851     7.416127
-0.301988 -0.723829 -0.620383     1.854876
-0.950175  0.175792  0.257418     0.617939
>../../../../class1/met//data/domains/Catalytic_domain/structures/MetRS_AF_Arch_Candidatus_Korarchaeum_cryptofilum_OPF8_gene6093355.pdb
 0.731864 -0.657205 -0.180157     5.068040
 0.650692  0.595434  0.471231    -1.398844
-0.202424 -0.462103  0.863415    -0.056426
>../../../../class1/met//data/domains/Catalytic_domain/structures/MetRS_AF_Arch_Candidatus_Nitrosopumilus_sediminis_gene13696902.pdb
-0.919437  0.383848  0.085414     3.410235
 0.350291  0.700770  0.621464     1.502969
 0.178693  0.601317 -0.778772    -0.197302
>../../../../class1/met//data/domains/Catalytic_domain/structures/MetRS_AF_Arch_Halalkalicoccus_jeotgali_B3_gene9420443.pdb
 0.096259  0.729296 -0.677393     4.628033
-0.316789 -0.622719 -0.715448     2.280857
-0.943599  0.283459  0.171090    -1.833957
>../../../../class1/met//data/domains/Catalytic_domain/structures/MetRS_AF_Bact_Bacillus_anthracis_str_Ames_Ancestor_gene45024892.pdb
-0.193159 -0.327628  0.924851     4.627946
-0.216201 -0.905222 -0.365829     1.126635
 0.957051 -0.270617  0.104018    -1.535746
>../../../../class1/met//data/domains/Catalytic_domain/structures/MetRS_AF_Bact_Brucella_suis_1330_gene45052047.pdb
 0.820217 -0.556385 -0.132962     1.836830
 0.549184  0.700804  0.455270     0.270622
-0.160125 -0.446441  0.880369    -0.212518
>../../../../class1/met//data/domains/Catalytic_domain/structures/MetRS_AF_Bact_Chlamydia_psittaci_6BC_gene12243105.pdb
 0.406475  0.740238 -0.535561    -0.562312
-0.770897 -0.036761 -0.635899     2.943442
-0.490404  0.671339  0.555705    -3.034825
>../../../../class1/met//data/domains/Catalytic_domain/structures/MetRS_AF_Bact_Mycoplasma_hyopneumoniae_168-L_gene57101263.pdb
 0.196584  0.917743 -0.345113     1.799482
-0.692253 -0.119354 -0.711716     3.107084
-0.694363  0.378818  0.611847    -1.167980
>../../../../class1/met//data/domains/Catalytic_domain/structures/MetRS_AF_Bact_Nocardia_farcinica_IFM_10152_gene61135500.pdb
 1.000000  0.000000  0.000000     0.000000
 0.000000  1.000000  0.000000     0.000000
 0.000000  0.000000  1.000000     0.000000
>../../../../class1/met//data/domains/Catalytic_domain/structures/MetRS_AF_Bact_Prochlorococcus_marinus_subsp_marinus_str_CCMP1375_gene54200313.pdb
-0.546116  0.669213  0.503896     1.151098
 0.679298  0.001772  0.733861     1.217792
 0.490216  0.743069 -0.455563    -0.302871
>../../../../class1/met//data/domains/Catalytic_domain/structures/MetRS_AF_Bact_Streptobacillus_moniliformis_DSM_12112_gene29673607.pdb
-0.478163 -0.876873  0.049537     3.701452
-0.456755  0.200103 -0.866795     2.764214
 0.750157 -0.437095 -0.496198     1.764690
>../../../../class1/met//data/domains/Catalytic_domain/structures/MetRS_AF_Bact_Treponema_denticola_ATCC_35405_gene2740824.pdb
-0.628235  0.757450  0.177736     2.522716
 0.692011  0.439597  0.572604    -1.188094
 0.355587  0.482725 -0.800334    -0.110392
>../../../../class1/met//data/domains/Catalytic_domain/structures/MetRS_AF_Euk_Drosophila_melanogaster_gene37177.pdb
-0.138706  0.259734 -0.955667    -3.027779
-0.327381 -0.922768 -0.203277     7.229892
-0.934656  0.284671  0.213025    -3.568910
>../../../../class1/met//data/domains/Catalytic_domain/structures/MetRS_AF_Euk_Oryza_sativa_Japonica_Group_gene4341140.pdb
-0.137222 -0.035005 -0.989922     2.235952
 0.219786 -0.975540  0.004030     7.353817
-0.965849 -0.217018  0.141559    -2.917033
>../../../../class1/met//data/domains/Catalytic_domain/structures/MetRS_AF_Euk_Scheffersomyces_stipitis_CBS_6054_gene4836672.pdb
-0.977108  0.207934 -0.044988    -2.634114
 0.150000  0.823306  0.547418     0.132442
 0.150865  0.528138 -0.835649     5.668762
>../../../../class1/met//data/domains/Catalytic_domain/structures/MetRS_AF_Euk_Trypanosoma_brucei_brucei_TREU927_gene3662741.pdb
-0.493448 -0.830270  0.259152    -0.414725
-0.629551  0.135352 -0.765079     1.708195
 0.600146 -0.540676 -0.589487     1.773136
>../../../../class1/met//data/domains/Catalytic_domain/structures/MetRS_AF_Mito_Arvicanthis_niloticus_gene117706247.pdb
-0.863327 -0.465810 -0.194134     1.256407
-0.443213  0.883831 -0.149686     3.285200
 0.241307 -0.043185 -0.969488     1.736972
>../../../../class1/met//data/domains/Catalytic_domain/structures/MetRS_AF_Mito_Brachypodium_distachyon_gene100843706.pdb
-0.068351  0.791120 -0.607830     2.628632
-0.484239 -0.558983 -0.673090     2.816757
-0.872262  0.248329  0.421299     0.187903
>../../../../class1/met//data/domains/Catalytic_domain/structures/MetRS_PDB_Arch_P_abyssi_1RQG.pdb
-0.454482 -0.831745  0.318820     3.325805
-0.474315 -0.076985 -0.876983    94.542030
 0.753971 -0.549794 -0.359521    33.559263
>../../../../class1/met//data/domains/Catalytic_domain/structures/MetRS_PDB_Bact_E_coli_1PFV.pdb
 0.934622  0.101474 -0.340858     5.822378
-0.044822  0.984397  0.170156   -11.642978
 0.352806 -0.143753  0.924588   -31.432598
>../../../../class1/met//data/domains/Catalytic_domain/structures/MetRS_PDB_Bact_T_therm_1WOY.pdb
 0.571613 -0.598140  0.561682   -81.525050
 0.820478  0.409467 -0.398939    59.565388
 0.008631  0.688887  0.724818   -77.144645
