>../../../../class1/leu2//data/domains/Catalytic_domain/structures/LeuRS-A_AF_Arch_Aciduliprofundum_boonei_T469_gene8828435.pdb
-0.092935  0.132032 -0.986879     2.929891
 0.231881 -0.961045 -0.150412     0.224379
-0.968295 -0.242817  0.058699    -5.311800
>../../../../class1/leu2//data/domains/Catalytic_domain/structures/LeuRS-A_AF_Arch_Candidatus_Korarchaeum_cryptofilum_OPF8_gene6093520.pdb
-0.975800  0.197499  0.093850     1.989407
 0.217098  0.823771  0.523709    -4.025021
 0.026121  0.531410 -0.846712    -6.734738
>../../../../class1/leu2//data/domains/Catalytic_domain/structures/LeuRS-A_AF_Arch_Candidatus_Nitrosopumilus_koreensis_AR1_gene13725794.pdb
 0.933528 -0.247274 -0.259577     1.622522
 0.272908  0.959685  0.067273    -2.831984
 0.232477 -0.133642  0.963376    -5.484666
>../../../../class1/leu2//data/domains/Catalytic_domain/structures/LeuRS-A_AF_Arch_Methanobrevibacter_smithii_ATCC_35061_gene5216355.pdb
 0.909436 -0.287430 -0.300516     0.556244
 0.352470  0.916272  0.190290    -2.181886
 0.220659 -0.278979  0.934602    -5.771707
>../../../../class1/leu2//data/domains/Catalytic_domain/structures/LeuRS-A_AF_Euk_Arabidopsis_thaliana_gene837489.pdb
-0.028158 -0.740397  0.671579     0.858649
-0.750148 -0.428393 -0.503744    -1.694341
 0.660671 -0.517968 -0.543345    -8.050545
>../../../../class1/leu2//data/domains/Catalytic_domain/structures/LeuRS-A_AF_Euk_Drosophila_melanogaster_gene326262.pdb
 0.942303 -0.237016 -0.236409    -0.450211
 0.291970  0.927355  0.234024    -1.585460
 0.163767 -0.289545  0.943050    -7.131811
>../../../../class1/leu2//data/domains/Catalytic_domain/structures/LeuRS-A_AF_Euk_Leishmania_major_strain_Friedlin_gene5650139.pdb
 0.957636 -0.243272 -0.154121     3.796587
 0.261608  0.958608  0.112397    -0.625531
 0.120398 -0.147954  0.981638    -7.681661
>../../../../class1/leu2//data/domains/Catalytic_domain/structures/LeuRS-A_AF_Euk_Neurospora_crassa_OR74A_gene3879366.pdb
 0.885087 -0.321512 -0.336527     2.945069
 0.423339  0.856581  0.295047    -2.172327
 0.193402 -0.403607  0.894258    -6.509435
>../../../../class1/leu2//data/domains/Catalytic_domain/structures/LeuRS-A_PDB_Arch_P_hori_1WKB.pdb
 0.160690  0.882234  0.442541   -47.708285
-0.986979  0.140380  0.078523   120.901080
 0.007151 -0.449397  0.893304     6.933594
>../../../../class1/met//data/domains/Catalytic_domain/structures/MetRS_AF_Arch_Aciduliprofundum_boonei_T469_gene8827030.pdb
 0.989353  0.115241 -0.088888    -2.175775
-0.121352  0.990366 -0.066701     2.641103
 0.080344  0.076778  0.993806    -0.655487
>../../../../class1/met//data/domains/Catalytic_domain/structures/MetRS_AF_Arch_Candidatus_Korarchaeum_cryptofilum_OPF8_gene6093355.pdb
 0.030957  0.192736 -0.980762    -0.542058
 0.033027 -0.980894 -0.191719     2.939097
-0.998975 -0.026456 -0.036731     2.839054
>../../../../class1/met//data/domains/Catalytic_domain/structures/MetRS_AF_Arch_Candidatus_Nitrosopumilus_sediminis_gene13696902.pdb
-0.366986 -0.752227  0.547243    -1.385755
-0.823345 -0.011124 -0.567433    -0.121125
 0.432926 -0.658810 -0.615260     1.703929
>../../../../class1/met//data/domains/Catalytic_domain/structures/MetRS_AF_Arch_Halalkalicoccus_jeotgali_B3_gene9420443.pdb
 1.000000  0.000000  0.000000     0.000000
 0.000000  1.000000  0.000000     0.000000
 0.000000  0.000000  1.000000     0.000000
>../../../../class1/met//data/domains/Catalytic_domain/structures/MetRS_AF_Bact_Bacillus_anthracis_str_Ames_Ancestor_gene45024892.pdb
-0.846293  0.526219  0.082953    -0.167652
 0.261388  0.274502  0.925378     0.434286
 0.464181  0.804824 -0.369857     1.255605
>../../../../class1/met//data/domains/Catalytic_domain/structures/MetRS_AF_Bact_Brucella_suis_1330_gene45052047.pdb
 0.030383  0.145877 -0.988836    -1.176423
 0.197371 -0.970690 -0.137136    -0.479200
-0.979858 -0.191001 -0.058284     3.957085
>../../../../class1/met//data/domains/Catalytic_domain/structures/MetRS_AF_Bact_Chlamydia_psittaci_6BC_gene12243105.pdb
 0.745554 -0.563505 -0.355825     0.362870
 0.645970  0.742355  0.177853    -4.757807
 0.163927 -0.362451  0.917473     3.083770
>../../../../class1/met//data/domains/Catalytic_domain/structures/MetRS_AF_Bact_Mycoplasma_hyopneumoniae_168-L_gene57101263.pdb
 0.899101 -0.238824 -0.366851    -1.312614
 0.374878  0.852800  0.363591    -2.625207
 0.226016 -0.464429  0.856284     1.673905
>../../../../class1/met//data/domains/Catalytic_domain/structures/MetRS_AF_Bact_Nocardia_farcinica_IFM_10152_gene61135500.pdb
 0.098909 -0.314252 -0.944173    -1.481596
 0.729724 -0.622185  0.283528    -1.460898
-0.676550 -0.717029  0.167778     5.034704
>../../../../class1/met//data/domains/Catalytic_domain/structures/MetRS_AF_Bact_Prochlorococcus_marinus_subsp_marinus_str_CCMP1375_gene54200313.pdb
-0.729574 -0.643608  0.231279    -1.464893
-0.683627  0.695896 -0.219960    -1.509632
-0.019378 -0.318586 -0.947696     3.549989
>../../../../class1/met//data/domains/Catalytic_domain/structures/MetRS_AF_Bact_Streptobacillus_moniliformis_DSM_12112_gene29673607.pdb
-0.596874  0.269222  0.755818    -3.678472
 0.158161 -0.884058  0.439802    -0.020181
 0.786591  0.382047  0.485091     1.130449
>../../../../class1/met//data/domains/Catalytic_domain/structures/MetRS_AF_Bact_Treponema_denticola_ATCC_35405_gene2740824.pdb
-0.610159 -0.538816  0.580846    -0.767975
-0.791987  0.394897 -0.465633     0.908084
 0.021516 -0.744133 -0.667685     4.415969
>../../../../class1/met//data/domains/Catalytic_domain/structures/MetRS_AF_Euk_Drosophila_melanogaster_gene37177.pdb
 0.976577  0.050560 -0.209143    -0.644894
-0.150704  0.854487 -0.497132    -9.400838
 0.153576  0.517007  0.842092     1.651793
>../../../../class1/met//data/domains/Catalytic_domain/structures/MetRS_AF_Euk_Oryza_sativa_Japonica_Group_gene4341140.pdb
 0.829968  0.520150 -0.201487    -0.913097
-0.506150  0.550437 -0.663951    -5.643665
-0.234448  0.653041  0.720119    -1.696746
>../../../../class1/met//data/domains/Catalytic_domain/structures/MetRS_AF_Euk_Scheffersomyces_stipitis_CBS_6054_gene4836672.pdb
-0.258324 -0.752387  0.605956    -7.084980
-0.751978 -0.237162 -0.615047    -2.183202
 0.606463 -0.614548 -0.504514     8.295998
>../../../../class1/met//data/domains/Catalytic_domain/structures/MetRS_AF_Euk_Trypanosoma_brucei_brucei_TREU927_gene3662741.pdb
-0.396706  0.401528  0.825469    -3.734083
 0.210159 -0.835644  0.507476    -2.541158
 0.893564  0.374798  0.247121     4.945777
>../../../../class1/met//data/domains/Catalytic_domain/structures/MetRS_AF_Mito_Arvicanthis_niloticus_gene117706247.pdb
-0.143444 -0.288565  0.946654    -4.086729
-0.261645 -0.911454 -0.317482    -2.130582
 0.954445 -0.293228  0.055241     2.892778
>../../../../class1/met//data/domains/Catalytic_domain/structures/MetRS_AF_Mito_Brachypodium_distachyon_gene100843706.pdb
 0.975008  0.012418 -0.221824    -2.358115
 0.010969  0.994528  0.103892    -1.372595
 0.221900 -0.103729  0.969536     1.649681
>../../../../class1/met//data/domains/Catalytic_domain/structures/MetRS_AF_Vir_Megavirus_chiliensis_gene11256705.pdb
-0.359913 -0.723256  0.589376    -0.180992
-0.803472 -0.080818 -0.589832     0.658738
 0.474232 -0.685835 -0.552028     0.735082
>../../../../class1/met//data/domains/Catalytic_domain/structures/MetRS_PDB_Arch_P_abyssi_1RQG.pdb
-0.597818  0.473711  0.646693   -63.075270
 0.202238 -0.691502  0.693487   -51.341683
 0.775702  0.545365  0.317590   -56.408214
>../../../../class1/met//data/domains/Catalytic_domain/structures/MetRS_PDB_Bact_E_coli_1PFV.pdb
-0.248601 -0.173813 -0.952883    32.352918
 0.791112 -0.604057 -0.096211     1.300703
-0.558873 -0.777756  0.287675     3.663896
>../../../../class1/met//data/domains/Catalytic_domain/structures/MetRS_PDB_Bact_T_therm_1WOY.pdb
-0.214539 -0.833850 -0.508594    45.186865
-0.083870 -0.503067  0.860168  -119.861921
-0.973108  0.227196  0.037992     3.479567
