>../../../../class2/gly1//data/domains/Catalytic_domain/structures/GlyRS-A_AF_Arch_Candidatus_Nitrosopumilus_sediminis_gene13697160.pdb
-0.595841 -0.803003 -0.012658     0.628794
-0.786781  0.586820 -0.191360    -1.281524
 0.161091 -0.104061 -0.981438     3.678098
>../../../../class2/gly1//data/domains/Catalytic_domain/structures/GlyRS-A_AF_Arch_Candidatus_Woesearchaeota_archaeon_proteinMBT4248212.1.pdb
 0.087507  0.376781  0.922160    -0.154973
 0.063955 -0.925926  0.372251     0.619416
 0.994109  0.026402 -0.105123     2.725050
>../../../../class2/gly1//data/domains/Catalytic_domain/structures/GlyRS-A_AF_Arch_Sulfolobus_islandicus_YN1551_gene7810979.pdb
 0.633631  0.762608 -0.130153     0.903883
-0.335452  0.119232 -0.934481    -3.222361
-0.697125  0.635777  0.331368     2.679489
>../../../../class2/gly1//data/domains/Catalytic_domain/structures/GlyRS-A_AF_Arch_Thermoplasma_acidophilum_DSM_1728_gene1455843.pdb
-0.777482 -0.625431 -0.066020     0.802918
-0.627215  0.778799  0.008540    -1.294879
 0.046076  0.048048 -0.997782     3.866702
>../../../../class2/gly1//data/domains/Catalytic_domain/structures/GlyRS-A_AF_Bact_Capnocytophaga_ochracea_DSM_7271_gene29675716.pdb
 0.241147  0.919671 -0.309924     1.464312
-0.498739 -0.156515 -0.852504    -0.053687
-0.832531  0.360150  0.420933     3.286726
>../../../../class2/gly1//data/domains/Catalytic_domain/structures/GlyRS-A_AF_Bact_Corynebacterium_ulcerans_809_gene75260805.pdb
-0.694422  0.675081  0.249086    -0.400116
 0.617812  0.381895  0.687361    -2.306370
 0.368899  0.631207 -0.682269    -0.402156
>../../../../class2/gly1//data/domains/Catalytic_domain/structures/GlyRS-A_AF_Bact_Treponema_denticola_ATCC_35405_gene2741635.pdb
 1.000000  0.000000  0.000000     0.000000
 0.000000  1.000000  0.000000     0.000000
 0.000000  0.000000  1.000000     0.000000
>../../../../class2/gly1//data/domains/Catalytic_domain/structures/GlyRS-A_PDB_Bact_T_thermophilus_1ati.pdb
 0.153788  0.428613 -0.890303    10.534013
 0.978280 -0.192781  0.076176   -22.038623
-0.138984 -0.882681 -0.448952    52.459051
>../../../../class2/phe4//data/domains/Catalytic_domain/structures/PheRS-Aβ_AF_Arch_Candidatus_Nitrosopumilus_koreensis_AR1_gene13724457.pdb
 0.925577 -0.377568 -0.027365   -30.668593
-0.334970 -0.850538  0.405438    14.107119
-0.176356 -0.366098 -0.913713   -13.923583
>../../../../class2/phe4//data/domains/Catalytic_domain/structures/PheRS-Aβ_AF_Arch_Halalkalicoccus_jeotgali_B3_gene9420006.pdb
 0.042895  0.612220 -0.789523   -30.031391
-0.100293  0.788897  0.606286    11.446104
 0.994033  0.053177  0.095241   -14.603092
>../../../../class2/phe4//data/domains/Catalytic_domain/structures/PheRS-Aβ_AF_Arch_Sulfolobus_islandicus_YG5714_gene7807969.pdb
 0.915113 -0.383098 -0.125717   -29.457264
-0.242876 -0.772642  0.586545    16.113542
-0.321838 -0.506221 -0.800100   -10.986552
>../../../../class2/phe4//data/domains/Catalytic_domain/structures/PheRS-Aβ_AF_Arch_Thermoplasma_volcanium_GSS1_gene1441711.pdb
 0.073578 -0.174009  0.981991   -30.456430
 0.899305  0.437206  0.010091    12.857640
-0.431088  0.882367  0.188656   -16.572509
>../../../../class2/phe4//data/domains/Catalytic_domain/structures/PheRS-Aβ_AF_Euk_Astyanax_mexicanus_gene103044481.pdb
-0.580968 -0.732142  0.355591   -32.446171
 0.769747 -0.636204 -0.052288    17.497770
 0.264510  0.243337  0.933178    -7.773440
>../../../../class2/phe4//data/domains/Catalytic_domain/structures/PheRS-Aβ_AF_Euk_Didymosphenia_geminata_gene19740299.pdb
 0.855523  0.500541 -0.132436   -25.265982
 0.354588 -0.380023  0.854313     4.918488
 0.377290 -0.777844 -0.502604   -14.246727
>../../../../class2/phe4//data/domains/Catalytic_domain/structures/PheRS-Aβ_AF_Euk_Drosophila_melanogaster_gene42888.pdb
 0.821873  0.564210 -0.078682   -29.813279
-0.105656  0.286692  0.952179    15.333718
 0.559787 -0.774257  0.295237    -8.011336
>../../../../class2/phe4//data/domains/Catalytic_domain/structures/PheRS-Aβ_AF_Euk_Gracilariopsis_tenuifrons_gene68635617.pdb
-0.882469  0.449814 -0.137536   -18.563263
 0.104518 -0.097571 -0.989725    13.805601
-0.458612 -0.887777  0.039090   -16.128917
>../../../../class2/phe4//data/domains/Catalytic_domain/structures/PheRS-Aβ_PDB_Euk.B_H_sapiens_3L4G.pdb
-0.557063 -0.002212 -0.830467    10.466324
-0.415055 -0.865406  0.280717   111.656082
-0.719312  0.501067  0.481168   -31.526681
