>../../../../class2/pro2//data/domains/Catalytic_domain/structures/ProRS-B_AF_Bact_Acinetobacter_baylyi_ADP1_gene45233245.pdb
-0.728454 -0.684780 -0.020748     6.542575
 0.069311 -0.043535 -0.996645     5.161306
 0.681579 -0.727448  0.079176    -2.477457
>../../../../class2/pro2//data/domains/Catalytic_domain/structures/ProRS-B_AF_Bact_Brachyspira_pilosicoli_95_1000_gene56438966.pdb
-0.925528  0.374924  0.053196     6.989938
 0.278578  0.769272 -0.574991     3.596364
-0.256500 -0.517351 -0.816429    -2.252574
>../../../../class2/pro2//data/domains/Catalytic_domain/structures/ProRS-B_AF_Bact_Chlamydia_psittaci_6BC_gene12242703.pdb
 0.705361 -0.672839 -0.223055     8.551204
-0.015469 -0.329208  0.944131     4.902902
-0.708679 -0.662503 -0.242619     1.287419
>../../../../class2/pro2//data/domains/Catalytic_domain/structures/ProRS-B_AF_Bact_Clostridium_acetobutylicum_DSM_1731_gene44999665.pdb
-0.818820 -0.570191 -0.066453     6.793994
-0.021014  0.145458 -0.989141     4.332534
 0.573666 -0.808532 -0.131086    -1.772222
>../../../../class2/pro2//data/domains/Catalytic_domain/structures/ProRS-B_AF_Bact_Corynebacterium_ulcerans_809_gene75260584.pdb
 0.430117 -0.323142 -0.842958     7.019481
-0.083689 -0.943995  0.319171     4.961061
-0.898886 -0.066734 -0.433072    -0.680124
>../../../../class2/pro2//data/domains/Catalytic_domain/structures/ProRS-B_AF_Bact_Prochlorococcus_marinus_subsp_marinus_str_CCMP1375_gene54199876.pdb
-0.777545 -0.628793  0.006572     7.028465
 0.028844 -0.046104 -0.998520     5.731748
 0.628165 -0.776205  0.053985    -2.106918
>../../../../class2/pro2//data/domains/Catalytic_domain/structures/ProRS-B_AF_Bact_Streptobacillus_moniliformis_DSM_12112_gene29673723.pdb
-0.344731 -0.856984  0.383065     6.758066
 0.329923 -0.492658 -0.805257     3.397405
 0.878812 -0.151215  0.452574    -2.598368
>../../../../class2/pro2//data/domains/Catalytic_domain/structures/ProRS-B_AF_Euk_Candida_albicans_SC5314_gene3640100.pdb
-0.610495 -0.708353  0.354306     9.341833
-0.101500 -0.373684 -0.921986     1.701277
 0.785490 -0.598829  0.156235    -0.947352
>../../../../class2/pro2//data/domains/Catalytic_domain/structures/ProRS-B_PDB_Bact_S_aureus_5znj.pdb
-0.441190 -0.646534 -0.622371    20.606821
 0.258828  0.572372 -0.778073    20.238382
 0.859278 -0.504365 -0.085184    -2.283319
>../../../../class2/pro2//data/domains/Catalytic_domain/structures/ProRS_PDB_Bact_E_faecalis_2J3M.pdb
-0.229292 -0.972585 -0.038768     3.206622
 0.483344 -0.079198 -0.871841     0.137781
 0.844869 -0.218644  0.488253   -34.852958
>../../../../class2/pyl//data/domains/Catalytic_domain/structures/PylRS_AF_Arch_Candidatus_Methanomassiliicoccus_intestinalis_Issoire-Mx1_gene16153983.pdb
-0.620036 -0.761647  0.188281     4.507433
-0.750962  0.506642 -0.423522    -2.336521
 0.227183 -0.403991 -0.886103    -4.417776
>../../../../class2/pyl//data/domains/Catalytic_domain/structures/PylRS_AF_Arch_Methanosalsum_zhilinae_DSM_4017_gene10822650.pdb
-0.120638 -0.053218  0.991269     4.414573
 0.024054 -0.998426 -0.050675    -0.104686
 0.992405  0.017730  0.121728     1.142521
>../../../../class2/pyl//data/domains/Catalytic_domain/structures/PylRS_AF_Arch_Unclassified_Candidatus_Bathyarchaeota_proteinUCH69683.1.pdb
 0.922727  0.365982 -0.120963     4.753184
-0.385391  0.881652 -0.272329    -0.353291
 0.006980  0.297904  0.954570    -5.052839
>../../../../class2/pyl//data/domains/Catalytic_domain/structures/PylRS_AF_Bact_Unclassified_Actinobacteria_proteinMBU2601214.1.pdb
 0.918544  0.377722 -0.116635     5.385828
-0.395013  0.865348 -0.308444    -0.330765
-0.015576  0.329391  0.944065    -5.156906
>../../../../class2/pyl//data/domains/Catalytic_domain/structures/PylRS_AF_Bact_Unclassified_Aerophobetes_proteinMCD6471581.1.pdb
 0.956508  0.220702 -0.190743     5.033348
-0.258532  0.944239 -0.203899    -1.042770
 0.135106  0.244345  0.960230    -5.452570
>../../../../class2/pyl//data/domains/Catalytic_domain/structures/PylRS_AF_Bact_unclassified_Desulfosarcina_proteinMBC2741817.pdb
 0.999696 -0.009724  0.022673    -0.111421
 0.009593  0.999937  0.005898    -0.028388
-0.022729 -0.005679  0.999726     0.066766
>../../../../class2/pyl//data/domains/Catalytic_domain/structures/PylRS_AF_Bact_unclassified_Lachnospiraceae_proteinHCE77498.1.pdb
-0.324526  0.465527  0.823388     4.320016
 0.507161 -0.649155  0.566909     4.012505
 0.798418  0.601567 -0.025429    -2.839836
>../../../../class2/pyl//data/domains/Catalytic_domain/structures/PylRS_PDB_Arch_M_mazei_2Q7E.pdb
 0.119705 -0.818071 -0.562522    51.462784
-0.655043 -0.490849  0.574444    11.288384
-0.746049  0.299712 -0.594629    13.824146
>../../../../class2/pyl//data/domains/Catalytic_domain/structures/PylRS_PDB_Bact_D_hafniense_2ZNJ.pdb
 0.918231 -0.298236  0.260590   -25.803610
-0.215551 -0.928325 -0.302905     5.462698
 0.332250  0.221966 -0.916701   -50.084116
