>structures/LeuRS-B_AF_Bact_Bifidobacterium_longum_subsp_longum_JCM_1217_gene69578373.pdb
 0.999984 -0.000750  0.005579    -0.048582
 0.000795  0.999968 -0.007941    -0.203852
-0.005573  0.007945  0.999953    -0.027922
>structures/LeuRS-B_AF_Bact_Brachyspira_pilosicoli_95_1000_gene56439070.pdb
 0.596216  0.757700 -0.265364    -1.771720
-0.753169  0.413458 -0.511653     0.227881
-0.277962  0.504919  0.817186     2.315675
>structures/LeuRS-B_AF_Bact_Chlamydia_psittaci_6BC_gene12243068.pdb
-0.444899  0.663201  0.601855    -1.211911
 0.768671 -0.062084  0.636624    -0.634345
 0.459576  0.745862 -0.482162     2.350914
>structures/LeuRS-B_AF_Bact_Clostridium_botulinum_A_str_ATCC_3502_gene5187707.pdb
-0.467758 -0.828351  0.308283     2.167686
-0.750553  0.188067 -0.633483     0.149492
 0.466768 -0.527699 -0.709691     3.034209
>structures/LeuRS-B_AF_Bact_Mycoplasma_hyopneumoniae_168-L_gene57101518.pdb
-0.214780  0.056028 -0.975054     0.365008
 0.088018 -0.993180 -0.076458     0.707982
-0.972688 -0.102244  0.208383     0.587470
>structures/LeuRS-B_AF_Bact_Orientia_tsutsugamushi_str_Ikeda_gene66652454.pdb
-0.338717  0.613198  0.713624     0.280917
 0.690870 -0.352791  0.631061    -1.951434
 0.638725  0.706772 -0.304144     1.858542
>structures/LeuRS-B_AF_Bact_Porphyromonas_gingivalis_ATCC_33277_gene29256038.pdb
 0.818819  0.574037  0.004112    -0.427577
-0.485577  0.696424 -0.528402    -1.685170
-0.306186  0.430669  0.848984     1.249217
>structures/LeuRS-B_AF_Bact_Thermus_thermophilus_HB8_gene3168656.pdb
-0.411729 -0.850017  0.328559     0.707065
-0.704880  0.068533 -0.706008    -6.000631
 0.577602 -0.522279 -0.627376     5.078302
>structures/LeuRS-B_AF_Euk_Bathycoccus_prasinos_gene19015540.pdb
-0.380163  0.794940  0.472807     0.026087
 0.787949  0.010651  0.615648    -0.984006
 0.484367  0.606594 -0.630422     0.679332
>structures/LeuRS-B_AF_Euk_Plasmodium_falciparum_3D7_gene2655460.pdb
 0.997901  0.006244  0.064455     2.673264
-0.019255  0.978932  0.203277    -3.721265
-0.061827 -0.204092  0.976997     5.557595
>structures/LeuRS-B_AF_Euk_Thalassiosira_pseudonana_CCMP1335_gene7441753.pdb
 0.678016  0.731842 -0.068571     1.977065
-0.654636  0.558785 -0.509128    -5.777921
-0.334285  0.390085  0.857955     1.773765
>structures/LeuRS-B_AF_Mito_Homo_sapiens_gene23395.pdb
-0.480493  0.667473  0.568864    -1.797627
 0.722549 -0.066329  0.688130     1.295934
 0.497040  0.741674 -0.450412     2.398610
>structures/LeuRS-B_AF_Mito_Treponema_denticola_ATCC_35405_gene2739434.pdb
 0.321193 -0.564603 -0.760302    -0.372953
 0.637443 -0.464841  0.614483    -0.254618
-0.700358 -0.682017  0.210598     2.164306
>structures/LeuRS-B_PDB_Bact_T_therm_2V0C.pdb
 0.987970  0.038179 -0.149858   -16.886381
 0.134867 -0.686878  0.714149   -41.116123
-0.075669 -0.725769 -0.683764    -7.107230
