>structures/Arg_Arch_2ZUF_P.hori.pdb
 0.984397 -0.109794 -0.137507   -20.372154
-0.089268  0.361829 -0.927961    47.700883
 0.151639  0.925756  0.346382    28.467258
>structures/Ile_Euk_7D5C_S_cere.pdb
 1.000000  0.000000  0.000000     0.000000
 0.000000  1.000000  0.000000     0.000000
 0.000000  0.000000  1.000000     0.000000
>structures/Leu_Bact_2V0C_T_therm.pdb
 0.217517  0.943460 -0.250137    41.372705
-0.959711  0.160028 -0.230968    29.179566
-0.177880  0.290299  0.940258    37.468524
>structures/Met_Bact_1PFV_E_coli.pdb
-0.357437 -0.255179 -0.898400    20.701448
 0.387670 -0.915700  0.105855    -0.333169
-0.849677 -0.310446  0.426230    50.210427
>structures/Valyl.A.Candidatus_Korarchaeota.NC_010482.1.pdb
-0.317641  0.459862  0.829236     6.275216
 0.425152  0.850764 -0.308945     8.286186
-0.847556  0.254418 -0.465748    42.278738
