>structures/Arg_Arch_2ZUF_P.hori.pdb
 0.970625 -0.094232 -0.221375   -15.811420
-0.168740  0.389259 -0.905541    48.185882
 0.171503  0.916296  0.361924    27.343943
>structures/Ile_Euk_7D5C_S_cere.pdb
 1.000000  0.000000  0.000000     0.000000
 0.000000  1.000000  0.000000     0.000000
 0.000000  0.000000  1.000000     0.000000
>structures/Leu_Bact_2V0C_T_therm.pdb
 0.238310  0.961168 -0.139154    37.289041
-0.909259  0.170465 -0.379722    34.883419
-0.341256  0.217019  0.914575    37.611304
>structures/Met_Bact_1PFV_E_coli.pdb
 0.953871 -0.287212 -0.087399     5.591335
 0.010336 -0.259532  0.965679   -13.490292
-0.300038 -0.922037 -0.244591    63.711944
>structures/Valyl.A.Candidatus_Korarchaeota.NC_010482.1.pdb
-0.476722  0.440531  0.760703     2.267721
 0.406549  0.877747 -0.253533     8.893191
-0.779393  0.188398 -0.597538    41.056412
