>structures/SerRS-A_AF_Arch_Conexivisphaera_calida_protein1635512986.pdb
 1.000000  0.000000  0.000000     0.000000
 0.000000  1.000000  0.000000     0.000000
 0.000000  0.000000  1.000000     0.000000
>structures/SerRS-A_AF_Arch_Ignisphaera_aggregans_protein304378874.pdb
 0.680187 -0.673457 -0.289485     0.994178
 0.701739  0.484051  0.522740    -0.236820
-0.211918 -0.558704  0.801836     2.293326
>structures/SerRS-A_AF_Arch_Methanosarcina_barkeri_protein805401349.pdb
 0.428017  0.882227 -0.196154    -1.283808
-0.625911  0.132794 -0.768506     1.951972
-0.651949  0.451709  0.609034     2.688667
>structures/SerRS-A_AF_Arch_Unclassified_Thermoplasmata_protein1635512986.pdb
 0.965696  0.259671 -0.001225    -2.639305
-0.256699  0.953912 -0.155430    -0.001476
-0.039192  0.150413  0.987846     1.438547
>structures/SerRS-A_PDB_Arch_M_barkeri_2cjb.pdb
-0.797160  0.492966 -0.348598    67.384359
 0.374242  0.856513  0.355427   -44.887293
 0.473792  0.152872 -0.867266    51.923888
