>structures/SerRS-A_AF_Arch_Conexivisphaera_calida_protein1635512986.pdb
 0.427235 -0.626042 -0.652336     3.513240
 0.882947  0.133590  0.450065    -0.349967
-0.194614 -0.768261  0.609836    -0.357467
>structures/SerRS-A_AF_Arch_Ignisphaera_aggregans_protein304378874.pdb
-0.013101 -0.222177 -0.974918     2.507324
 0.603711 -0.778994  0.169414     1.475981
-0.797095 -0.586350  0.144336     1.186930
>structures/SerRS-A_AF_Arch_Methanosarcina_barkeri_protein805401349.pdb
 0.999999 -0.001025  0.000070    -0.010986
 0.001025  0.999998 -0.001871    -0.013843
-0.000069  0.001871  0.999998     0.032676
>structures/SerRS-A_AF_Arch_Unclassified_Thermoplasmata_protein1635512986.pdb
 0.599042 -0.584222 -0.547571     1.447889
 0.800585  0.424568  0.422853    -2.037712
-0.014559 -0.691684  0.722054     1.035795
>structures/SerRS-A_PDB_Arch_M_barkeri_2cim.pdb
-0.873926 -0.424855  0.236119    22.666393
-0.466909  0.598770 -0.650746    76.992946
 0.135092 -0.678950 -0.721649    52.393687
>structures/SerRS-A_PDB_Arch_M_barkeri_2cjb.pdb
-0.884125 -0.425073  0.193999    26.571033
-0.440224  0.618640 -0.650759    76.505765
 0.156604 -0.660755 -0.734083    52.673611
