>../../../../class2/asp1//data/domains/Catalytic_domain/structures/AspRS_AF_Arch_Candidatus_Methanomassiliicoccus_intestinalis_Issoire-Mx1_gene16154434.pdb
-0.053765 -0.891941  0.448943     2.225601
-0.867304 -0.181098 -0.463667    -4.147365
 0.494866 -0.414299 -0.763848     2.487827
>../../../../class2/asp1//data/domains/Catalytic_domain/structures/AspRS_AF_Arch_unclassified_Euryarchaeota_proteinHHT76046.1.pdb
 0.145015 -0.971754  0.186187    -2.757247
-0.841933 -0.220039 -0.492679     0.588045
 0.519731 -0.085311 -0.850060     1.717604
>../../../../class2/asp1//data/domains/Catalytic_domain/structures/AspRS_AF_Bact_Bacillus_anthracis_str_Ames_Ancestor_gene45024275.pdb
 0.075747  0.995233  0.061423    -2.882693
-0.645845  0.095901 -0.757421    -5.718507
-0.759702  0.017703  0.650031    -1.239455
>../../../../class2/asp1//data/domains/Catalytic_domain/structures/AspRS_AF_Bact_Brachyspira_pilosicoli_95_1000_gene56440011.pdb
 0.005546 -0.995124 -0.098475    -0.720035
-0.868768  0.043970 -0.493263     0.129520
 0.495188  0.088287 -0.864288     1.852628
>../../../../class2/asp1//data/domains/Catalytic_domain/structures/AspRS_AF_Bact_Chlamydia_muridarum_str_Nigg_gene1246197.pdb
-0.584366 -0.732418 -0.349399    -0.645920
-0.751035  0.651207 -0.108977     0.244014
 0.307348  0.198729 -0.930615     2.430699
>../../../../class2/asp1//data/domains/Catalytic_domain/structures/AspRS_AF_Bact_Mycoplasma_hyopneumoniae_168-L_gene57101115.pdb
 0.217720 -0.581026  0.784224     4.332932
-0.690891 -0.659291 -0.296656    -2.211898
 0.689397 -0.477225 -0.544966     4.870901
>../../../../class2/asp1//data/domains/Catalytic_domain/structures/AspRS_AF_Bact_Nocardia_cyriacigeorgica_GUH-2_gene45501717.pdb
 0.234726  0.843948  0.482343    -0.572304
 0.464349 -0.533280  0.707102     4.346837
 0.853981  0.058000 -0.517062     3.551547
>../../../../class2/asp1//data/domains/Catalytic_domain/structures/AspRS_AF_Bact_Porphyromonas_gingivalis_ATCC_33277_gene29255515.pdb
 1.000000 -0.000000  0.000000     0.000000
 0.000000  1.000000  0.000000     0.000000
-0.000000  0.000000  1.000000     0.000000
>../../../../class2/asp1//data/domains/Catalytic_domain/structures/AspRS_AF_Bact_Prochlorococcus_marinus_subsp_marinus_str_CCMP1375_gene54201182.pdb
-0.620995 -0.747119 -0.237019    -2.579104
-0.698824  0.664689 -0.264261    -5.503622
 0.354978  0.001530 -0.934873     0.641421
>../../../../class2/asp1//data/domains/Catalytic_domain/structures/AspRS_AF_Bact_Xylella_fastidiosa_Temecula1_gene58016479.pdb
 0.144786  0.881675  0.449094    -2.749851
 0.465437 -0.461214  0.755414     0.284900
 0.873158  0.099652 -0.477142    -0.182840
>../../../../class2/asp1//data/domains/Catalytic_domain/structures/AspRS_AF_Mito_Oryza_sativa_Japonica_Group_gene4324505.pdb
 0.044227 -0.970625 -0.236499     0.776200
 0.867166 -0.080247  0.491511     5.705066
-0.496051 -0.226822  0.838144     1.087651
>../../../../class2/asp1//data/domains/Catalytic_domain/structures/AspRS_AF_Mito_Oryzias_melastigma_gene112147132.pdb
 0.489686 -0.432429  0.757108    -3.309829
-0.239193 -0.901656 -0.360283    -0.712672
 0.838448 -0.004669 -0.544962     0.750974
>../../../../class2/asp1//data/domains/Catalytic_domain/structures/AspRS_PDB_Bact_E_coli_1c0a.pdb
 0.820561 -0.491678  0.291430   -28.997296
-0.563192 -0.608628  0.558916    58.752541
-0.097434 -0.622756 -0.776326    26.091558
>../../../../class2/pro1//data/domains/Catalytic_domain/structures/ProRS-A_AF_Arch_Candidatus_Nitrosopumilus_sediminis_gene13697692.pdb
 0.779826  0.606649 -0.154429     0.628054
-0.572910  0.592219 -0.566614    -4.667831
-0.252280  0.530334  0.809383    -1.230364
>../../../../class2/pro1//data/domains/Catalytic_domain/structures/ProRS-A_AF_Arch_Halogeometricum_borinquense_DSM_11551_gene9994169.pdb
-0.584536 -0.735383  0.342826     0.693060
-0.771357  0.372621 -0.515908    -4.549301
 0.251646 -0.566008 -0.785054    -2.033531
>../../../../class2/pro1//data/domains/Catalytic_domain/structures/ProRS-A_AF_Arch_Picrophilus_torridus_DSM_9790_gene2845069.pdb
-0.354918 -0.785745  0.506594    -1.524617
-0.735474 -0.099859 -0.670154    -4.556492
 0.577159 -0.610436 -0.542453    -2.340422
>../../../../class2/pro1//data/domains/Catalytic_domain/structures/ProRS-A_AF_Arch_Sulfurisphaera_tokodaii_str_7_gene1459472.pdb
 0.401287  0.763438 -0.506094    -0.053633
-0.541367 -0.248010 -0.803376    -4.655619
-0.738844  0.596367  0.313777    -1.560894
>../../../../class2/pro1//data/domains/Catalytic_domain/structures/ProRS-A_AF_Bact_Bacillus_anthracis_str_Ames_Ancestor_gene45020455.pdb
-0.744261  0.343161  0.572989    -0.318243
 0.609093 -0.003233  0.793092    -4.726619
 0.274011  0.939271 -0.206611    -1.950682
>../../../../class2/pro1//data/domains/Catalytic_domain/structures/ProRS-A_AF_Bact_Mycoplasma_hyopneumoniae_168-L_gene57101275.pdb
-0.884991 -0.448679  0.124412     0.717734
-0.454498  0.890486 -0.021578    -5.189969
-0.101106 -0.075642 -0.991996     0.366253
>../../../../class2/pro1//data/domains/Catalytic_domain/structures/ProRS-A_AF_Bact_Porphyromonas_gingivalis_ATCC_33277_gene29256199.pdb
-0.520938 -0.794493  0.312096    -0.510867
-0.790991  0.311869 -0.526375    -4.136820
 0.320868 -0.521074 -0.790902    -0.719360
>../../../../class2/pro1//data/domains/Catalytic_domain/structures/ProRS-A_AF_Bact_Thermus_thermophilus_HB8_gene3169620.pdb
-0.739681 -0.653586  0.160300    -0.060465
-0.669522  0.690684 -0.273307    -5.290043
 0.067913 -0.309484 -0.948476    -0.488426
>../../../../class2/pro1//data/domains/Catalytic_domain/structures/ProRS-A_AF_Euk_Cryptococcus_gattii_WM276_gene10188341.pdb
-0.691935 -0.595455  0.408239     2.148072
-0.716323  0.636759 -0.285341    -6.980999
-0.090042 -0.489868 -0.867134    -0.539192
>../../../../class2/pro1//data/domains/Catalytic_domain/structures/ProRS-A_AF_Euk_Ostreococcus_tauri_gene9837972.pdb
-0.919061 -0.356301  0.168455    -1.826159
-0.376339  0.920322 -0.106657   -10.534565
-0.117031 -0.161421 -0.979922    -4.049573
>../../../../class2/pro1//data/domains/Catalytic_domain/structures/ProRS-A_AF_Euk_Plasmodium_yoelii_gene3807174.pdb
-0.614965  0.657883  0.434751     0.920652
 0.610343  0.048017  0.790681    -1.706530
 0.499300  0.751588 -0.431063    -3.100439
>../../../../class2/pro1//data/domains/Catalytic_domain/structures/ProRS-A_AF_Euk_Scheffersomyces_stipitis_CBS_6054_gene4840393.pdb
-0.483054 -0.658355  0.577258     1.782512
-0.815874  0.099133 -0.569669    -7.854252
 0.317819 -0.746151 -0.585022     2.258239
>../../../../class2/pro1//data/domains/Catalytic_domain/structures/ProRS-A_AF_Mito_Mauremys_reevesii_gene120369760.pdb
-0.171364  0.043327  0.984255     0.272655
-0.048244 -0.998203  0.035541    -2.312770
 0.984026 -0.041394  0.173146     0.266579
>../../../../class2/pro1//data/domains/Catalytic_domain/structures/ProRS-A_AF_Mito_Oryza_sativa_Japonica_Group_gene4342480.pdb
-0.807586 -0.525566  0.267553    -0.837907
-0.588627  0.746298 -0.310737   -10.965604
-0.036362 -0.408436 -0.912063    -2.697024
>../../../../class2/pro1//data/domains/Catalytic_domain/structures/ProRS-A_PDB_Arch_M_janacshii_1nj8.pdb
-0.922130 -0.385865  0.028027   105.685840
 0.377244 -0.912866 -0.156085     7.921362
 0.085813 -0.133358  0.987346   -44.730426
