>../../../../class2/lys//data/domains/Catalytic_domain/structures/LysRS-II_AF_Arch_Aciduliprofundum_boonei_T469_gene8827564.pdb
-0.728290  0.551945 -0.406140    62.760228
 0.146322 -0.453752 -0.879033   -84.927835
-0.669465 -0.699618  0.249701    32.199352
>../../../../class2/lys//data/domains/Catalytic_domain/structures/LysRS-II_AF_Arch_Archaeoglobus_sulfaticallidus_PM70-1_gene15393615.pdb
 0.138556  0.907215  0.397194    61.797246
 0.112226  0.384096 -0.916447   -88.456056
-0.983975  0.171554 -0.048594    26.538630
>../../../../class2/lys//data/domains/Catalytic_domain/structures/LysRS-II_AF_Arch_Candidatus_Woesearchaeota_archaeon_proteinMBS3172198.1.pdb
 0.673662  0.207268  0.709380    61.317221
 0.490454  0.592650 -0.638921   -86.752129
-0.552842  0.778335  0.297591    28.373455
>../../../../class2/lys//data/domains/Catalytic_domain/structures/LysRS-II_AF_Arch_Thermogladius_calderae_1633_gene13013549.pdb
-0.852056 -0.120215 -0.509460    63.712490
 0.471502 -0.598978 -0.647233   -83.832920
-0.227348 -0.791690  0.567045    30.676117
>../../../../class2/lys//data/domains/Catalytic_domain/structures/LysRS-II_AF_Bact_Chlamydia_muridarum_str_Nigg_gene1245697.pdb
-0.874674 -0.128938 -0.467247    64.306111
 0.437163 -0.626223 -0.645549   -85.001070
-0.209365 -0.768908  0.604108    32.041525
>../../../../class2/lys//data/domains/Catalytic_domain/structures/LysRS-II_AF_Bact_Cupriavidus_taiwanensis_LMG_19424_gene29762375.pdb
 0.183868  0.861977  0.472428    62.746531
 0.159596  0.448065 -0.879640   -87.828479
-0.969908  0.237135 -0.055183    23.472781
>../../../../class2/lys//data/domains/Catalytic_domain/structures/LysRS-II_AF_Bact_Leuconostoc_gelidum_JB7_gene61037106.pdb
 0.025408  0.825527  0.563790    63.431700
 0.131258  0.556335 -0.820526   -84.231363
-0.991023  0.094850 -0.094221    28.551060
>../../../../class2/lys//data/domains/Catalytic_domain/structures/LysRS-II_AF_Bact_Mycobacterium_intracellulare_ATCC_13950_gene11907187.pdb
 0.020755  0.941220  0.337157    61.590327
 0.123512  0.332232 -0.935076   -87.813266
-0.992126  0.061051 -0.109356    24.157980
>../../../../class2/lys//data/domains/Catalytic_domain/structures/LysRS-II_AF_Bact_Mycoplasma_hyopneumoniae_168-L_gene57101062.pdb
 0.081234  0.824231  0.560397    62.554502
 0.069819  0.556168 -0.828132   -83.361175
-0.994247  0.106399 -0.012367    30.347788
>../../../../class2/lys//data/domains/Catalytic_domain/structures/LysRS-II_AF_Bact_Porphyromonas_gingivalis_ATCC_33277_gene29256363.pdb
-0.697378  0.542547 -0.468301    61.830395
 0.347003 -0.316119 -0.882982   -84.770664
-0.627098 -0.778275  0.032189    33.419765
>../../../../class2/lys//data/domains/Catalytic_domain/structures/LysRS-II_AF_Bact_Prochlorococcus_marinus_subsp_marinus_str_CCMP1375_gene54201108.pdb
-0.159386  0.924335  0.346700    63.849202
 0.125969  0.367361 -0.921508   -83.976237
-0.979147 -0.103202 -0.174989    29.692138
>../../../../class2/lys//data/domains/Catalytic_domain/structures/LysRS-II_AF_Bact_Streptobacillus_moniliformis_DSM_12112_gene29673899.pdb
-0.251820  0.963484  0.091019    59.926469
 0.127135  0.126170 -0.983828   -87.059084
-0.959387 -0.236176 -0.154265    24.690674
>../../../../class2/lys//data/domains/Catalytic_domain/structures/LysRS-II_AF_Euk_Ostreococcus_tauri_gene9837657.pdb
 0.212914  0.852305  0.477749    62.268251
 0.163074  0.451104 -0.877446   -89.008769
-0.963366  0.264729 -0.042942    24.963984
>../../../../class2/lys//data/domains/Catalytic_domain/structures/LysRS-II_AF_Euk_Solanum_lycopersicum_gene778357.pdb
-0.522050 -0.586975 -0.618808    64.570024
-0.843591  0.462333  0.273135   -85.661064
 0.125772  0.664611 -0.736528    27.462182
>../../../../class2/lys//data/domains/Catalytic_domain/structures/LysRS-II_AF_Euk_Theileria_annulata_gene3864794.pdb
-0.608440  0.094259 -0.787983    62.903648
-0.580999  0.623463  0.523197   -85.431396
 0.540594  0.776151 -0.324575    23.945816
>../../../../class2/lys//data/domains/Catalytic_domain/structures/LysRS-II_AF_Euk_Zootoca_vivipara_gene118086243.pdb
 0.620116 -0.415900  0.665195    66.900878
 0.727544  0.622084 -0.289295   -83.829627
-0.293489  0.663355  0.688349    28.485890
>../../../../class2/lys//data/domains/Catalytic_domain/structures/LysRS-II_AF_Mito_Malus_domestica_gene103446975.pdb
 0.313249  0.756715  0.573810    63.622156
 0.266555  0.509872 -0.817911   -88.149091
-0.911495  0.409162 -0.041989    23.825989
>../../../../class2/lys//data/domains/Catalytic_domain/structures/LysRS-II_AF_Mito_Scheffersomyces_stipitis_CBS_6054_gene4837999.pdb
 0.194852  0.758667  0.621656    64.284705
 0.181831  0.594878 -0.782980   -88.066954
-0.963831  0.265602 -0.022036    23.703730
>../../../../class2/lys//data/domains/Catalytic_domain/structures/LysRS-II_PDB_Bact_G_stearothermophilus_3E9H.pdb
 1.000000 -0.000000  0.000000     0.000000
 0.000000  1.000000  0.000000     0.000000
-0.000000  0.000000  1.000000     0.000000
>../../../../class2/pro2//data/domains/Catalytic_domain/structures/ProRS-B_AF_Bact_Acinetobacter_baylyi_ADP1_gene45233245.pdb
 0.367498 -0.051931  0.928573    56.562626
 0.748686  0.608845 -0.262255   -80.402489
-0.551738  0.791588  0.262629    22.105372
>../../../../class2/pro2//data/domains/Catalytic_domain/structures/ProRS-B_AF_Bact_Brachyspira_pilosicoli_95_1000_gene56438966.pdb
-0.055626 -0.975102  0.214668    58.128551
 0.961451 -0.110300 -0.251886   -81.853444
 0.269293  0.192381  0.943648    23.189787
>../../../../class2/pro2//data/domains/Catalytic_domain/structures/ProRS-B_AF_Bact_Chlamydia_psittaci_6BC_gene12242703.pdb
-0.441581  0.169017 -0.881158    57.701380
-0.723315  0.514026  0.461077   -82.575642
 0.530868  0.840958 -0.104732    18.012117
>../../../../class2/pro2//data/domains/Catalytic_domain/structures/ProRS-B_AF_Bact_Clostridium_acetobutylicum_DSM_1731_gene44999665.pdb
 0.460414 -0.257293  0.849600    57.778388
 0.808417  0.516902 -0.281557   -80.932634
-0.366717  0.816463  0.445989    21.702196
>../../../../class2/pro2//data/domains/Catalytic_domain/structures/ProRS-B_AF_Bact_Corynebacterium_ulcerans_809_gene75260584.pdb
-0.384457  0.891810 -0.238469    57.395138
-0.482683  0.026000  0.875409   -81.723257
 0.786899  0.451662  0.420466    20.774011
>../../../../class2/pro2//data/domains/Catalytic_domain/structures/ProRS-B_AF_Bact_Prochlorococcus_marinus_subsp_marinus_str_CCMP1375_gene54199876.pdb
 0.422541 -0.060769  0.904305    56.142154
 0.789595  0.514528 -0.334366   -80.654297
-0.444971  0.855317  0.265392    21.722365
>../../../../class2/pro2//data/domains/Catalytic_domain/structures/ProRS-B_AF_Bact_Streptobacillus_moniliformis_DSM_12112_gene29673723.pdb
 0.108892  0.631434  0.767746    58.357737
 0.517185  0.623588 -0.586224   -81.327905
-0.848919  0.460901 -0.258664    22.996138
>../../../../class2/pro2//data/domains/Catalytic_domain/structures/ProRS-B_AF_Euk_Candida_albicans_SC5314_gene3640100.pdb
 0.557289  0.285794  0.779584    59.626589
 0.595549  0.516653 -0.615135   -83.840895
-0.578576  0.807088  0.117720    21.363516
>../../../../class2/pro2//data/domains/Catalytic_domain/structures/ProRS-B_PDB_Bact_S_aureus_5znj.pdb
 0.157762 -0.559267  0.813838    40.300319
 0.545812  0.736206  0.400113   -91.323268
-0.822922  0.381080  0.421400    15.329374
>../../../../class2/pro2//data/domains/Catalytic_domain/structures/ProRS_PDB_Bact_E_faecalis_2J3M.pdb
-0.050800  0.266680  0.962445    50.450393
 0.421343  0.879450 -0.221443   -81.226392
-0.905477  0.394271 -0.157040    54.992911
