>structures/GlyRS-A_AF_Arch_Candidatus_Nitrosopumilus_sediminis_gene13697160.pdb
 0.055915 -0.139551 -0.988635     0.993341
 0.497799 -0.854439  0.148762     2.225123
-0.865488 -0.500459  0.021692    -0.087426
>structures/GlyRS-A_AF_Arch_Candidatus_Woesearchaeota_archaeon_proteinMBT4248212.1.pdb
 0.999998 -0.001125 -0.001694     0.030853
 0.001134  0.999986  0.005182     0.007317
 0.001689 -0.005184  0.999985    -0.007763
>structures/GlyRS-A_AF_Arch_Methanosalsum_zhilinae_DSM_4017_gene10821854.pdb
 0.354484 -0.636836 -0.684676     1.702519
 0.747522 -0.246881  0.616653     2.571162
-0.561740 -0.730404  0.388534    -3.010383
>structures/GlyRS-A_AF_Arch_Sulfolobus_islandicus_YN1551_gene7810979.pdb
-0.660652  0.707069  0.252174    -0.259484
 0.535294  0.208200  0.818605     4.295670
 0.526308  0.675800 -0.516037    -0.487696
>structures/GlyRS-A_AF_Arch_Thermoplasma_acidophilum_DSM_1728_gene1455843.pdb
-0.061581  0.053927 -0.996644     0.985143
 0.279138 -0.957764 -0.069071     2.321990
-0.958274 -0.282455  0.043927     0.072015
>structures/GlyRS-A_AF_Bact_Capnocytophaga_ochracea_DSM_7271_gene29675716.pdb
-0.834906  0.433384  0.339280     0.766304
 0.535555  0.497520  0.682389     1.217135
 0.126939  0.751433 -0.647483     1.158244
>structures/GlyRS-A_AF_Bact_Corynebacterium_ulcerans_809_gene75260805.pdb
 0.341543  0.710967 -0.614715    -3.321589
-0.828650 -0.080835 -0.553900     2.689460
-0.443495  0.698564  0.561535    -1.058287
>structures/GlyRS-A_AF_Bact_Treponema_denticola_ATCC_35405_gene2741635.pdb
 0.089164  0.063804  0.993971    -2.677492
 0.382638 -0.923561  0.024960     0.725110
 0.919586  0.378105 -0.106762     0.210011
>structures/GlyRS-A_PDB_Bact_T_thermophilus_1ati.pdb
-0.060626 -0.851872 -0.520230    48.995769
-0.849630  0.317587 -0.421032    26.417352
 0.523883  0.416477 -0.743030    -3.983479
