>structures/Gly_Bact_1ati_T_thermophilus.pdb
 0.164213 -0.962891  0.214184    20.397571
-0.442319 -0.265956 -0.856517    46.457113
 0.881696  0.045914 -0.469578    -6.581967
>structures/Glycyl.A.Candidatus_Thermoplasmatota.NC_002689.2.pdb
 0.278059  0.716394 -0.639893    -2.910887
-0.234027 -0.595566 -0.768461    -1.781826
-0.931619  0.363430  0.002053     3.143604
>structures/Glycyl.A.Crenarchaeota.NC_015518.1.pdb
 0.027076  0.541843 -0.840044     0.844272
 0.087098 -0.838435 -0.537998    -0.562794
-0.995832 -0.058599 -0.069895    -0.089596
>structures/Glycyl.A.Euryarchaeota.NC_015574.1.pdb
-0.834208  0.368041  0.410661    -0.253427
 0.482782  0.127548  0.866402    -1.901386
 0.266493  0.921020 -0.284085    -0.373732
>structures/Glycyl.A.Thaumarchaeota.NC_018656.1.pdb
 0.193349  0.589651 -0.784173    -2.385558
 0.102588 -0.807024 -0.581539    -1.712429
-0.975752  0.031993 -0.216529     2.213292
>structures/Glycyl.B.Actinobacteria.NC_015067.1.pdb
 0.711563  0.476951 -0.515942    -5.370400
-0.614433  0.066214 -0.786186    -2.898406
-0.340810  0.876432  0.340170     0.791286
>structures/Glycyl.B.Deinococcus-Thermus.NC_006461.1.pdb
 0.280168  0.044212 -0.958932    -0.760778
 0.808941 -0.548702  0.211047    -5.171139
-0.516837 -0.834848 -0.189493     1.657209
>structures/Glycyl.B.Spirochaetes.NC_002967.9.pdb
-0.531105  0.328586  0.780999    -4.102358
 0.566108 -0.548212  0.615618    -5.458796
 0.630436  0.769087  0.105143     2.554010
>structures/Glycyl.E.Apicomplexa.NC_036168.2.pdb
 0.412499 -0.389767 -0.823363    -1.940557
 0.832399 -0.205913  0.514502    -0.856569
-0.370077 -0.897597  0.239503    -1.609030
>structures/Glycyl.E.Ascomycota.NC_001134.8.pdb
 0.006023  0.335743 -0.941934     1.018775
 0.309737 -0.896253 -0.317480    -0.410250
-0.950803 -0.289840 -0.109390     0.734192
>structures/Glycyl.E.Basidiomycota.NC_026485.1.pdb
 0.074269  0.045771 -0.996187     0.020113
 0.565119 -0.824999  0.004226    -1.937115
-0.821660 -0.563278 -0.087138     0.492372
>structures/Glycyl.E.Rhodophyta.NC_010129.1.pdb
 1.000000  0.000000  0.000000     0.000000
 0.000000  1.000000  0.000000     0.000000
 0.000000  0.000000  1.000000     0.000000
>structures/Gly_Euk_2q5h_H_sapiens.pdb
 0.640525  0.692276 -0.332388  -100.191289
-0.706584  0.361759 -0.608169   -24.441543
-0.300777  0.624407  0.720867   113.917323
