>structures/GlyRS-A_AF_Arch_Candidatus_Nitrosopumilus_sediminis_gene13697160.pdb
 0.056495 -0.138649 -0.988729     0.931194
 0.500773 -0.852797  0.148201     2.199002
-0.863733 -0.503502  0.021253    -0.079232
>structures/GlyRS-A_AF_Arch_Candidatus_Woesearchaeota_archaeon_proteinMBT4248212.1.pdb
 0.999992 -0.000963 -0.003833    -0.018301
 0.000976  0.999994  0.003373     0.001112
 0.003829 -0.003377  0.999987     0.006100
>structures/GlyRS-A_AF_Arch_Sulfolobus_islandicus_YN1551_gene7810979.pdb
-0.661485  0.706153  0.252559    -0.299814
 0.531654  0.204024  0.822021     4.223233
 0.528944  0.678029 -0.510387    -0.455113
>structures/GlyRS-A_AF_Arch_Thermoplasma_acidophilum_DSM_1728_gene1455843.pdb
-0.061094  0.053160 -0.996715     0.938702
 0.281208 -0.957214 -0.068290     2.316456
-0.957700 -0.284456  0.043531     0.083776
>structures/GlyRS-A_AF_Bact_Capnocytophaga_ochracea_DSM_7271_gene29675716.pdb
-0.834129  0.433783  0.340678     0.676121
 0.536629  0.495454  0.683048     1.196133
 0.127504  0.752568 -0.646053     1.156730
>structures/GlyRS-A_AF_Bact_Corynebacterium_ulcerans_809_gene75260805.pdb
 0.340169  0.713899 -0.612073    -3.292417
-0.826602 -0.083325 -0.556585     2.627850
-0.448346  0.695273  0.561765    -0.956548
>structures/GlyRS-A_AF_Bact_Treponema_denticola_ATCC_35405_gene2741635.pdb
 0.082661  0.063400  0.994559    -2.781795
 0.380208 -0.924497  0.027334     0.650710
 0.921200  0.375880 -0.100526     0.145874
>structures/GlyRS-A_PDB_Bact_T_thermophilus_1ati.pdb
-0.063888 -0.853931 -0.516450    48.910552
-0.850889  0.317016 -0.418915    26.375797
 0.521447  0.412678 -0.746854    -3.651665
