>structures/Gly_Bact_1ati_T_thermophilus.pdb
-0.618532 -0.610745 -0.494377    50.821889
-0.777926  0.387350  0.494764   -12.623772
-0.110678  0.690616 -0.714703     2.755340
>structures/Glycyl.A.Candidatus_Thermoplasmatota.NC_002689.2.pdb
 0.222068 -0.377597 -0.898947    -2.705635
 0.777547 -0.487710  0.396938    -3.585960
-0.588308 -0.787121  0.185295     1.626495
>structures/Glycyl.A.Crenarchaeota.NC_015518.1.pdb
 0.443602 -0.474785 -0.760129     0.823582
 0.867474  0.014362  0.497276    -2.426305
-0.225182 -0.879984  0.418235    -1.791302
>structures/Glycyl.A.Euryarchaeota.NC_015574.1.pdb
 0.011237 -0.071484  0.997378    -0.683953
-0.023101 -0.997194 -0.071211    -1.585610
 0.999670 -0.022240 -0.012857    -1.518326
>structures/Glycyl.A.Thaumarchaeota.NC_018656.1.pdb
 0.496349 -0.485564 -0.719629    -2.150084
 0.786067 -0.100418  0.609930    -3.025885
-0.368423 -0.868415  0.331844     0.973892
>structures/Glycyl.B.Actinobacteria.NC_015067.1.pdb
-0.142798 -0.056873 -0.988117    -3.872525
 0.145230 -0.988746  0.035922    -0.247574
-0.979039 -0.138374  0.149450     2.590138
>structures/Glycyl.B.Deinococcus-Thermus.NC_006461.1.pdb
 0.979320 -0.170036 -0.109638    -4.373671
 0.202149  0.844540  0.495871    -2.463151
 0.008277 -0.507779  0.861448    -2.184561
>structures/Glycyl.B.Spirochaetes.NC_002967.9.pdb
 0.068003 -0.607068  0.791735    -6.238244
-0.467648 -0.720389 -0.512196    -1.850343
 0.881295 -0.335422 -0.332883     0.734877
>structures/Glycyl.E.Apicomplexa.NC_036168.2.pdb
 1.000000  0.000000  0.000000     0.000000
 0.000000  1.000000  0.000000     0.000000
 0.000000  0.000000  1.000000     0.000000
>structures/Glycyl.E.Ascomycota.NC_001134.8.pdb
 0.614623 -0.498022 -0.611729     0.687998
 0.784724  0.307098  0.538422    -3.333814
-0.080285 -0.810965  0.579560    -1.617290
>structures/Glycyl.E.Basidiomycota.NC_026485.1.pdb
 0.801538 -0.467078 -0.373330    -0.878003
 0.597373  0.652798  0.465833    -2.511486
 0.026129 -0.596400  0.802262    -1.553483
>structures/Glycyl.E.Rhodophyta.NC_010129.1.pdb
 0.410953  0.833039 -0.370356     0.941328
-0.391498 -0.205619 -0.896911    -2.334341
-0.823314  0.513582  0.241634    -0.740117
