>../../../../class1/cys//data/domains/Catalytic_domain/structures/CysRS_AF_Arch_Aciduliprofundum_boonei_T469_gene8827372.pdb
 0.843661 -0.418434 -0.336376     6.019969
 0.515492  0.806415  0.289762    -0.186565
 0.150012 -0.417860  0.896041     3.679998
>../../../../class1/cys//data/domains/Catalytic_domain/structures/CysRS_AF_Arch_Candidatus_Nitrosopumilus_sediminis_gene13696907.pdb
 0.894717 -0.388813 -0.219784     0.868406
 0.380182  0.921261 -0.082096    -6.051696
 0.234398 -0.010105  0.972088     1.412799
>../../../../class1/cys//data/domains/Catalytic_domain/structures/CysRS_AF_Arch_Methanospirillum_hungatei_JF-1_gene3922979.pdb
 0.295245  0.820931 -0.488777     4.859760
-0.469172 -0.321077 -0.822671     0.773615
-0.832291  0.472210  0.290361    -1.926003
>../../../../class1/cys//data/domains/Catalytic_domain/structures/CysRS_AF_Arch_Pyrobaculum_ferrireducens_gene11593896.pdb
 0.176445  0.702351 -0.689616     0.640039
-0.124033 -0.679158 -0.723436    -2.433946
-0.976465  0.213182 -0.032720     1.158454
>../../../../class1/cys//data/domains/Catalytic_domain/structures/CysRS_AF_Bact_Bordetella_avium_197N_gene41394405.pdb
 0.569309  0.819848 -0.061126     1.720430
-0.287744  0.129058 -0.948972    -2.591443
-0.770124  0.557847  0.309380     0.398667
>../../../../class1/cys//data/domains/Catalytic_domain/structures/CysRS_AF_Bact_Lactobacillus_amylovorus_GRL1118_gene66523130.pdb
 0.320044  0.833339 -0.450687     1.823834
-0.385864 -0.319809 -0.865351    -1.121055
-0.865264  0.450854  0.219203     0.996967
>../../../../class1/cys//data/domains/Catalytic_domain/structures/CysRS_AF_Bact_Mycobacterium_canettii_CIPT_140010059_gene45427568.pdb
-0.984156 -0.163006 -0.069753     3.062805
-0.173987  0.812140  0.556918    -2.153333
-0.034132  0.560231 -0.827633     1.060745
>../../../../class1/cys//data/domains/Catalytic_domain/structures/CysRS_AF_Bact_Mycoplasma_hyopneumoniae_168-L_gene57101512.pdb
 0.205779  0.814650 -0.542218     3.071438
-0.208996 -0.504708 -0.837610    -1.984781
-0.956021  0.285684  0.066400    -0.960803
>../../../../class1/cys//data/domains/Catalytic_domain/structures/CysRS_AF_Bact_Porphyromonas_gingivalis_ATCC_33277_gene29256960.pdb
 0.970919 -0.213038 -0.109229     6.516149
 0.217598  0.975529  0.031545    -3.457172
 0.099836 -0.054396  0.993516     2.836229
>../../../../class1/cys//data/domains/Catalytic_domain/structures/CysRS_AF_Bact_Prochlorococcus_marinus_subsp_marinus_str_CCMP1375_gene54200571.pdb
 0.000876  0.363052 -0.931768     3.782902
 0.385425 -0.859902 -0.334688    -1.265880
-0.922739 -0.358833 -0.140682     0.221157
>../../../../class1/cys//data/domains/Catalytic_domain/structures/CysRS_AF_Bact_Streptobacillus_moniliformis_DSM_12112_gene29673427.pdb
 0.649411 -0.595125 -0.473383     5.386300
 0.757843  0.455119  0.467483     2.686411
-0.062765 -0.662338  0.746571     3.496539
>../../../../class1/cys//data/domains/Catalytic_domain/structures/CysRS_AF_Bact_Treponema_pallidum_subsp_pertenue_str_SamoaD_gene57878631.pdb
 0.933603 -0.281433 -0.221770     7.331929
 0.301213  0.951643  0.060377    -1.571091
 0.194054 -0.123168  0.973228     1.527098
>../../../../class1/cys//data/domains/Catalytic_domain/structures/CysRS_AF_Euk_Arabidopsis_thaliana_gene833874.pdb
 0.203861  0.880211 -0.428566     0.168316
-0.179139 -0.396830 -0.900242    -3.437106
-0.962471  0.260297  0.076782     3.380348
>../../../../class1/cys//data/domains/Catalytic_domain/structures/CysRS_AF_Euk_Cyanidioschyzon_merolae_strain_10D_gene16993418.pdb
 0.072411  0.284733 -0.955868    -5.248200
 0.576388 -0.794088 -0.192878    -5.317491
-0.813962 -0.536984 -0.221617     5.610819
>../../../../class1/cys//data/domains/Catalytic_domain/structures/CysRS_AF_Euk_Drosophila_melanogaster_gene36784.pdb
 0.158983 -0.232449 -0.959527     1.778663
 0.760412 -0.591033  0.269172    -7.505993
-0.629681 -0.772430  0.082793     3.818742
>../../../../class1/cys//data/domains/Catalytic_domain/structures/CysRS_AF_Euk_Micromonas_commoda_gene8246535.pdb
-0.809980 -0.570272 -0.136832    -0.110544
-0.539061  0.815859 -0.209254    -4.247817
 0.230967 -0.095731 -0.968241     3.262251
>../../../../class1/cys//data/domains/Catalytic_domain/structures/CysRS_AF_Mito_Morone_saxatilis_gene118339815.pdb
 0.999954  0.006723 -0.006888     0.045094
-0.006822  0.999873 -0.014437    -0.260124
 0.006790  0.014483  0.999872    -0.172772
>../../../../class1/cys//data/domains/Catalytic_domain/structures/CysRS_AF_Mito_Saccharomyces_cerevisiae_S288C_gene855474.pdb
 0.926272 -0.374930  0.038062     1.967686
 0.299553  0.793786  0.529313    -6.235322
-0.228668 -0.478886  0.847572     3.687923
>../../../../class1/cys//data/domains/Catalytic_domain/structures/CysRS_PDB_Bact_E_coli_1LI5.pdb
 0.004001 -0.381040 -0.924550    88.286048
-0.983283 -0.169806  0.065728    90.463016
-0.182039  0.908831 -0.375350   -46.282948
>../../../../class1/cys//data/domains/Catalytic_domain/structures/CysRS_PDB_Bact_M_smegmatis_3C8Z.pdb
-0.405295  0.792865  0.455083    28.493241
-0.386523 -0.599738  0.700653    40.775170
 0.828454  0.108071  0.549531   -11.489026
>../../../../class1/tyr//data/domains/Catalytic_domain/structures/TyrRS_AF_Arch_Candidatus_Korarchaeum_cryptofilum_OPF8_gene6094625.pdb
-0.410828 -0.707610 -0.574898     7.283435
-0.909184  0.271041  0.316103    -6.020931
-0.067857  0.652552 -0.754699     1.103289
>../../../../class1/tyr//data/domains/Catalytic_domain/structures/TyrRS_AF_Arch_Desulfurococcus_amylolyticus_1221n_gene7171652.pdb
-0.820059  0.062433 -0.568864     7.168865
-0.421257  0.606975  0.673888    -4.612072
 0.387359  0.792265 -0.471454     1.022103
>../../../../class1/tyr//data/domains/Catalytic_domain/structures/TyrRS_AF_Arch_Methanothermococcus_okinawensis_IH1_gene10772133.pdb
 0.712986  0.282062  0.641944     5.228295
-0.256477 -0.747167  0.613156    -2.100067
 0.652588 -0.601816 -0.460377     2.397771
>../../../../class1/tyr//data/domains/Catalytic_domain/structures/TyrRS_AF_Arch_Thermoplasma_acidophilum_DSM_1728_gene1456112.pdb
 0.791484  0.403632  0.458949    10.616128
-0.027117  0.773363 -0.633383    -7.116811
-0.610588  0.488867  0.623050    -2.971020
>../../../../class1/tyr//data/domains/Catalytic_domain/structures/TyrRS_AF_Bact_Bifidobacterium_animalis_subsp_lactis_BLC1_gene66533077.pdb
-0.887232  0.183701 -0.423171     3.630073
-0.391455  0.185572  0.901291   -10.009286
 0.244097  0.965307 -0.092735     2.230504
>../../../../class1/tyr//data/domains/Catalytic_domain/structures/TyrRS_AF_Bact_Brachyspira_pilosicoli_95_1000_gene56440491.pdb
 0.816509 -0.202476  0.540664    11.600497
 0.474448  0.768922 -0.428553    -6.501505
-0.328957  0.606434  0.723896     1.253371
>../../../../class1/tyr//data/domains/Catalytic_domain/structures/TyrRS_AF_Bact_Chlamydia_psittaci_6BC_gene12242888.pdb
-0.847991  0.378516 -0.370994     7.475313
-0.310408  0.212685  0.926505    -6.779388
 0.429602  0.900828 -0.062860     0.093289
>../../../../class1/tyr//data/domains/Catalytic_domain/structures/TyrRS_AF_Bact_Lactococcus_lactis_subsp_cremoris_KW2_gene61108704.pdb
-0.830173  0.371663 -0.415548     5.030760
-0.363399  0.204517  0.908908   -10.084099
 0.422794  0.905560 -0.034722     3.127291
>../../../../class1/tyr//data/domains/Catalytic_domain/structures/TyrRS_AF_Bact_Porphyromonas_gingivalis_ATCC_33277_gene29255602.pdb
 0.757598  0.184736  0.626034     9.229220
 0.441685  0.561078 -0.700075   -10.712358
-0.480583  0.806885  0.343476    -0.472406
>../../../../class1/tyr//data/domains/Catalytic_domain/structures/TyrRS_AF_Bact_Prochlorococcus_marinus_subsp_marinus_str_CCMP1375_gene54200747.pdb
-0.081994  0.761331  0.643158     6.048363
-0.229608 -0.642402  0.731164    -6.225504
 0.969823 -0.087723  0.227481     0.343251
>../../../../class1/tyr//data/domains/Catalytic_domain/structures/TyrRS_AF_Bact_Serratia_plymuthica_AS9_gene57666950.pdb
 0.151336  0.971179  0.184141     2.708293
-0.300772 -0.132212  0.944487   -10.722694
 0.941612 -0.198319  0.272095     1.811133
>../../../../class1/tyr//data/domains/Catalytic_domain/structures/TyrRS_AF_Bact_Streptobacillus_moniliformis_DSM_12112_gene29673957.pdb
-0.159211  0.987058 -0.019175     2.720548
-0.259456 -0.023094  0.965479    -4.192412
 0.952541  0.158690  0.259775     7.093738
>../../../../class1/tyr//data/domains/Catalytic_domain/structures/TyrRS_AF_Euk_Cryptococcus_neoformans_var_neoformans_JEC21_gene3254328.pdb
-0.755719  0.636943 -0.152291     3.971276
-0.176424  0.025941  0.983972    -9.147282
 0.630685  0.770475  0.092767     1.527552
>../../../../class1/tyr//data/domains/Catalytic_domain/structures/TyrRS_AF_Euk_Drosophila_melanogaster_gene39829.pdb
 0.971503  0.203216 -0.122005    15.007420
-0.139956  0.907228  0.396673   -10.078119
 0.191297 -0.368293  0.909816     1.125614
>../../../../class1/tyr//data/domains/Catalytic_domain/structures/TyrRS_AF_Euk_Plasmodium_falciparum_3D7_gene2655248.pdb
-0.578436 -0.382594 -0.720440     5.403128
-0.645688  0.754467  0.117754    -3.761140
 0.498496  0.533293 -0.683447    -0.411772
>../../../../class1/tyr//data/domains/Catalytic_domain/structures/TyrRS_AF_Euk_Seriola_dumerili_gene111223086.pdb
 0.966800  0.067081  0.246573    16.924237
-0.240710 -0.084819  0.966884    -9.114409
 0.085773 -0.994136 -0.065856     1.578502
>../../../../class1/tyr//data/domains/Catalytic_domain/structures/TyrRS_AF_Mito_Aspergillus_fumigatus_Af293_gene3509181.pdb
-0.110511 -0.763842 -0.635871     2.633277
 0.274402 -0.638372  0.719156     0.291929
-0.955244 -0.095010  0.280147    -7.064402
>../../../../class1/tyr//data/domains/Catalytic_domain/structures/TyrRS_AF_Mito_Cyanidioschyzon_merolae_strain_10D_gene16996209.pdb
-0.802026  0.580398 -0.141040     3.509795
-0.235151 -0.089762  0.967805    -7.814783
 0.549052  0.809371  0.208473     1.721694
>../../../../class1/tyr//data/domains/Catalytic_domain/structures/TyrRS_PDB_Arch_M_jannashii_1U7D.pdb
 0.516362 -0.823271  0.235787    39.767323
 0.292756 -0.089045 -0.952032    17.542967
 0.804776  0.560622  0.195038   -31.043923
>../../../../class1/tyr//data/domains/Catalytic_domain/structures/TyrRS_PDB_E_coli_Bact_1WQ4.pdb
-0.688294  0.044940 -0.724038    64.633971
-0.234480 -0.958286  0.163424     4.221002
-0.686491  0.282256  0.670120   -20.521981
>../../../../class1/tyr//data/domains/Catalytic_domain/structures/TyrRS_PDB_L_major_Euk_3P0I.pdb
-0.163267 -0.817162  0.552802    29.937274
-0.241275 -0.510235 -0.825498    89.228503
 0.956625 -0.268154 -0.113856     3.981869
