>../../../../class1/cys//data/domains/Catalytic_domain/structures/CysRS_AF_Arch_Aciduliprofundum_boonei_T469_gene8827372.pdb
 0.824730  0.252205 -0.506175     0.561192
 0.504916  0.074753  0.859925     8.486273
 0.254716 -0.964782 -0.065691    -7.389376
>../../../../class1/cys//data/domains/Catalytic_domain/structures/CysRS_AF_Arch_Candidatus_Nitrosopumilus_sediminis_gene13696907.pdb
 0.757490  0.162162 -0.632386    -5.308307
 0.493918  0.491079  0.717556     2.592094
 0.426912 -0.855889  0.291892    -7.529930
>../../../../class1/cys//data/domains/Catalytic_domain/structures/CysRS_AF_Arch_Methanospirillum_hungatei_JF-1_gene3922979.pdb
 0.386895  0.288052 -0.875978     2.309348
-0.900840  0.320990 -0.292323     4.620858
 0.196976  0.902215  0.383679   -11.000862
>../../../../class1/cys//data/domains/Catalytic_domain/structures/CysRS_AF_Arch_Pyrobaculum_ferrireducens_gene11593896.pdb
 0.506254  0.085582 -0.858127    -3.418611
-0.845159 -0.148649 -0.513429     4.632940
-0.171500  0.985180 -0.002924   -10.578248
>../../../../class1/cys//data/domains/Catalytic_domain/structures/CysRS_AF_Bact_Bordetella_avium_197N_gene41394405.pdb
 0.651175  0.427758 -0.626893    -2.728349
-0.707914  0.640087 -0.298574     4.024116
 0.273548  0.638210  0.719624    -9.909132
>../../../../class1/cys//data/domains/Catalytic_domain/structures/CysRS_AF_Bact_Lactobacillus_amylovorus_GRL1118_gene66523130.pdb
 0.468160  0.275697 -0.839534    -2.332873
-0.870561  0.306789 -0.384714     5.105208
 0.151495  0.910973  0.383637   -10.794380
>../../../../class1/cys//data/domains/Catalytic_domain/structures/CysRS_AF_Bact_Mycobacterium_canettii_CIPT_140010059_gene45427568.pdb
-0.807212  0.011141  0.590156    -1.610508
-0.263787  0.887616 -0.377562     4.872218
-0.528039 -0.460449 -0.713556    -9.178345
>../../../../class1/cys//data/domains/Catalytic_domain/structures/CysRS_AF_Bact_Mycoplasma_hyopneumoniae_168-L_gene57101512.pdb
 0.506778  0.245126 -0.826492    -0.564513
-0.858924  0.061663 -0.508377     3.441473
-0.073653  0.967528  0.241794    -9.857918
>../../../../class1/cys//data/domains/Catalytic_domain/structures/CysRS_AF_Bact_Porphyromonas_gingivalis_ATCC_33277_gene29256960.pdb
 0.778776  0.353935 -0.517917    -0.465887
 0.322328  0.482519  0.814420     6.212527
 0.538157 -0.801190  0.261691    -5.400744
>../../../../class1/cys//data/domains/Catalytic_domain/structures/CysRS_AF_Bact_Prochlorococcus_marinus_subsp_marinus_str_CCMP1375_gene54200571.pdb
 0.582891  0.072347 -0.809323    -0.217881
-0.525927 -0.725655 -0.443651     4.710703
-0.619386  0.684245 -0.384928    -9.374991
>../../../../class1/cys//data/domains/Catalytic_domain/structures/CysRS_AF_Bact_Streptobacillus_moniliformis_DSM_12112_gene29673427.pdb
 0.877051  0.066094 -0.475829     1.348394
 0.466314 -0.355204  0.810174    10.008047
-0.115469 -0.932449 -0.342352   -10.120389
>../../../../class1/cys//data/domains/Catalytic_domain/structures/CysRS_AF_Bact_Treponema_pallidum_subsp_pertenue_str_SamoaD_gene57878631.pdb
 0.768870  0.263684 -0.582502     1.862208
 0.469783  0.385040  0.794385     6.581358
 0.433754 -0.884429  0.172171    -6.929673
>../../../../class1/cys//data/domains/Catalytic_domain/structures/CysRS_AF_Euk_Arabidopsis_thaliana_gene833874.pdb
 0.509432  0.373306 -0.775320    -5.545430
-0.853069  0.100849 -0.511960     5.392269
-0.112928  0.922210  0.369831    -8.870405
>../../../../class1/cys//data/domains/Catalytic_domain/structures/CysRS_AF_Euk_Cyanidioschyzon_merolae_strain_10D_gene16993418.pdb
 0.668991  0.099741 -0.736547   -11.384840
-0.330380 -0.847775 -0.414881     5.965199
-0.665807  0.520892 -0.534202   -10.071306
>../../../../class1/cys//data/domains/Catalytic_domain/structures/CysRS_AF_Euk_Drosophila_melanogaster_gene36784.pdb
 0.733365 -0.113114 -0.670359    -6.411294
-0.068194 -0.993327  0.093007     4.451881
-0.676406 -0.022494 -0.736185    -5.055786
>../../../../class1/cys//data/domains/Catalytic_domain/structures/CysRS_AF_Euk_Micromonas_commoda_gene8246535.pdb
-0.970765 -0.009710  0.239837    -6.157945
-0.229321  0.332684 -0.914731     4.693375
-0.070908 -0.942988 -0.325185    -8.503580
>../../../../class1/cys//data/domains/Catalytic_domain/structures/CysRS_AF_Mito_Morone_saxatilis_gene118339815.pdb
 0.758951  0.472217 -0.448335    -2.621452
 0.127725  0.567192  0.813621     5.052115
 0.638498 -0.674762  0.370157   -12.678590
>../../../../class1/cys//data/domains/Catalytic_domain/structures/CysRS_AF_Mito_Saccharomyces_cerevisiae_S288C_gene855474.pdb
 0.956971  0.278957 -0.079930    -5.349673
 0.074141  0.031261  0.996758     5.105140
 0.280551 -0.959795  0.009233    -5.834670
>../../../../class1/cys//data/domains/Catalytic_domain/structures/CysRS_AF_Vir_Megavirus_chiliensis_gene11257271.pdb
-0.833424 -0.316001  0.453374    -4.158677
-0.323318 -0.386521 -0.863752     1.624665
 0.448185 -0.866455  0.219967    -5.277508
>../../../../class1/cys//data/domains/Catalytic_domain/structures/CysRS_PDB_Bact_E_coli_1LI5.pdb
-0.368838 -0.798486 -0.475794   127.367965
-0.711127  0.572040 -0.408739    33.333069
 0.598545  0.187592 -0.778815   -32.585154
>../../../../class1/cys//data/domains/Catalytic_domain/structures/CysRS_PDB_Bact_M_smegmatis_3C8Z.pdb
-0.859185  0.315900  0.402502    42.306466
 0.381463 -0.128804  0.915366    23.283748
 0.341009  0.940009 -0.009838   -28.653995
>../../../../class1/tyr//data/domains/Catalytic_domain/structures/TyrRS_AF_Arch_Candidatus_Korarchaeum_cryptofilum_OPF8_gene6094625.pdb
-0.679912 -0.729989  0.069534    -0.249826
-0.646624  0.552130 -0.526336     3.503939
 0.345827 -0.402825 -0.847429    -4.009232
>../../../../class1/tyr//data/domains/Catalytic_domain/structures/TyrRS_AF_Arch_Desulfurococcus_amylolyticus_1221n_gene7171652.pdb
-0.994718 -0.068500  0.076447     0.486271
-0.075429  0.992920 -0.091767     4.274788
-0.069620 -0.097048 -0.992842    -4.979826
>../../../../class1/tyr//data/domains/Catalytic_domain/structures/TyrRS_AF_Arch_Methanothermococcus_okinawensis_IH1_gene10772133.pdb
 0.119010  0.180778  0.976297    -0.671255
 0.506573 -0.856736  0.096888     6.464019
 0.853944  0.483035 -0.193538    -7.444433
>../../../../class1/tyr//data/domains/Catalytic_domain/structures/TyrRS_AF_Arch_Thermoplasma_acidophilum_DSM_1728_gene1456112.pdb
 0.883053  0.408804 -0.230428     3.769592
-0.360313  0.905242  0.225192     0.261176
 0.300652 -0.115830  0.946674    -2.524667
>../../../../class1/tyr//data/domains/Catalytic_domain/structures/TyrRS_AF_Bact_Bifidobacterium_animalis_subsp_lactis_BLC1_gene66533077.pdb
-0.959529 -0.255416  0.118605    -5.276957
-0.205266  0.922683  0.326377     1.634408
-0.192797  0.288822 -0.937769    -3.048118
>../../../../class1/tyr//data/domains/Catalytic_domain/structures/TyrRS_AF_Bact_Brachyspira_pilosicoli_95_1000_gene56440491.pdb
 0.984615 -0.090846 -0.149267     2.498023
 0.149496  0.880217  0.450410     4.151439
 0.090470 -0.465795  0.880256    -1.073441
>../../../../class1/tyr//data/domains/Catalytic_domain/structures/TyrRS_AF_Bact_Chlamydia_psittaci_6BC_gene12242888.pdb
-0.983983 -0.076326  0.161098    -0.043251
-0.010508  0.926965  0.375000     2.406342
-0.177954  0.367300 -0.912920    -3.753780
>../../../../class1/tyr//data/domains/Catalytic_domain/structures/TyrRS_AF_Bact_Lactococcus_lactis_subsp_cremoris_KW2_gene61108704.pdb
-0.992092 -0.074603  0.100933    -4.616339
-0.029282  0.919556  0.391866     2.521225
-0.122048  0.385812 -0.914469    -1.826907
>../../../../class1/tyr//data/domains/Catalytic_domain/structures/TyrRS_AF_Bact_Porphyromonas_gingivalis_ATCC_33277_gene29255602.pdb
 1.000000  0.000000  0.000000     0.000000
 0.000000  1.000000  0.000000     0.000000
 0.000000  0.000000  1.000000     0.000000
>../../../../class1/tyr//data/domains/Catalytic_domain/structures/TyrRS_AF_Bact_Prochlorococcus_marinus_subsp_marinus_str_CCMP1375_gene54200747.pdb
-0.628752  0.333623  0.702400    -0.955079
 0.647369 -0.275843  0.710510     2.658863
 0.430794  0.901447 -0.042540    -5.035615
>../../../../class1/tyr//data/domains/Catalytic_domain/structures/TyrRS_AF_Bact_Serratia_plymuthica_AS9_gene57666950.pdb
-0.482305  0.769696  0.418269    -6.013588
 0.622878 -0.034411  0.781562     0.630894
 0.615959  0.637482 -0.462830    -3.282290
>../../../../class1/tyr//data/domains/Catalytic_domain/structures/TyrRS_AF_Bact_Streptobacillus_moniliformis_DSM_12112_gene29673957.pdb
-0.694270  0.654779  0.298754    -5.731786
 0.604086  0.304503  0.736449     8.642407
 0.391240  0.691768 -0.606950    -6.382821
>../../../../class1/tyr//data/domains/Catalytic_domain/structures/TyrRS_AF_Euk_Cryptococcus_neoformans_var_neoformans_JEC21_gene3254328.pdb
-0.958311  0.117259  0.260558    -4.295436
 0.253079  0.771641  0.583542     1.788215
-0.132632  0.625156 -0.769148    -3.595540
>../../../../class1/tyr//data/domains/Catalytic_domain/structures/TyrRS_AF_Euk_Drosophila_melanogaster_gene39829.pdb
 0.585037  0.722990 -0.367448     3.864698
 0.256994  0.264458  0.929525     2.666016
 0.769211 -0.638238 -0.031086     3.759707
>../../../../class1/tyr//data/domains/Catalytic_domain/structures/TyrRS_AF_Euk_Plasmodium_falciparum_3D7_gene2655248.pdb
-0.961583 -0.222431 -0.160879     0.058197
-0.076707  0.780424 -0.620528     3.367421
 0.263578 -0.584348 -0.767505    -7.259855
>../../../../class1/tyr//data/domains/Catalytic_domain/structures/TyrRS_AF_Euk_Seriola_dumerili_gene111223086.pdb
 0.590307  0.496254  0.636607     5.620130
 0.112404 -0.831537  0.543978     3.926928
 0.799314 -0.249557 -0.546643     4.338902
>../../../../class1/tyr//data/domains/Catalytic_domain/structures/TyrRS_AF_Mito_Aspergillus_fumigatus_Af293_gene3509181.pdb
 0.516239 -0.802570 -0.298964     3.063512
-0.651660 -0.594600  0.470945    -0.545180
-0.555730 -0.048298 -0.829959   -14.023401
>../../../../class1/tyr//data/domains/Catalytic_domain/structures/TyrRS_AF_Mito_Cyanidioschyzon_merolae_strain_10D_gene16996209.pdb
-0.977455  0.004246  0.211101    -4.025355
 0.146926  0.731712  0.665590     2.458002
-0.151639  0.681601 -0.715839    -4.752078
>../../../../class1/tyr//data/domains/Catalytic_domain/structures/TyrRS_AF_Vir_Megavirus_chiliensis_gene11257765.pdb
 0.423463  0.182442  0.887352     1.666305
 0.089022 -0.983151  0.159655     4.618617
 0.901529  0.011386 -0.432569   -11.078208
>../../../../class1/tyr//data/domains/Catalytic_domain/structures/TyrRS_PDB_Arch_M_jannashii_1U7D.pdb
 0.150831 -0.930805 -0.332946    50.182222
 0.903680  0.266364 -0.335280    -3.712459
 0.400765 -0.250306  0.881325   -11.482989
>../../../../class1/tyr//data/domains/Catalytic_domain/structures/TyrRS_PDB_E_coli_Bact_1WQ4.pdb
-0.288844 -0.526700 -0.799472    58.200136
-0.817834 -0.298380  0.492054     2.950293
-0.497711  0.795962 -0.344568    17.605548
>../../../../class1/tyr//data/domains/Catalytic_domain/structures/TyrRS_PDB_Vir_Acanthamoeba_polyphaga_mimivirus_2J5B.pdb
-0.751123  0.297954 -0.589100    47.054617
-0.312027  0.626155  0.714541   -59.493097
 0.581768  0.720523 -0.377349   -70.371109
