>../../../../class1/cys//data/domains/Catalytic_domain/structures/CysRS_AF_Arch_Aciduliprofundum_boonei_T469_gene8827372.pdb
 0.676688 -0.294786  0.674681     5.196509
-0.700654  0.023731  0.713107    48.639043
-0.226225 -0.955269 -0.190484    15.568179
>../../../../class1/cys//data/domains/Catalytic_domain/structures/CysRS_AF_Arch_Candidatus_Nitrosopumilus_sediminis_gene13696907.pdb
 0.740121  0.112851  0.662937    -0.927702
-0.670910  0.191091  0.716494    52.521125
-0.045824 -0.975063  0.217144    19.488135
>../../../../class1/cys//data/domains/Catalytic_domain/structures/CysRS_AF_Arch_Methanospirillum_hungatei_JF-1_gene3922979.pdb
-0.686710  0.685129 -0.242954     0.449544
-0.627025 -0.389172  0.674822    46.606655
 0.367790  0.615746  0.696841    12.969270
>../../../../class1/cys//data/domains/Catalytic_domain/structures/CysRS_AF_Arch_Pyrobaculum_ferrireducens_gene11593896.pdb
-0.748400  0.295382 -0.593840    -0.228829
-0.662370 -0.378903  0.646296    51.972950
-0.034103  0.877030  0.479223    15.580588
>../../../../class1/cys//data/domains/Catalytic_domain/structures/CysRS_AF_Bact_Bordetella_avium_197N_gene41394405.pdb
-0.437803  0.895334 -0.081890    -0.464419
-0.849638 -0.382226  0.363344    50.824853
 0.294014  0.228650  0.928049    16.034870
>../../../../class1/cys//data/domains/Catalytic_domain/structures/CysRS_AF_Bact_Lactobacillus_amylovorus_GRL1118_gene66523130.pdb
-0.655437  0.690872 -0.305119     0.407545
-0.696455 -0.396616  0.598035    51.030597
 0.292151  0.604476  0.741119    14.623663
>../../../../class1/cys//data/domains/Catalytic_domain/structures/CysRS_AF_Bact_Mycobacterium_canettii_CIPT_140010059_gene45427568.pdb
-0.555695  0.621741 -0.551943     0.931303
 0.825778  0.335788 -0.453141    49.916733
-0.096401 -0.707591 -0.700016    16.094190
>../../../../class1/cys//data/domains/Catalytic_domain/structures/CysRS_AF_Bact_Mycoplasma_hyopneumoniae_168-L_gene57101512.pdb
-0.727117  0.490748 -0.480069    -0.561594
-0.684228 -0.461037  0.565046    48.912646
 0.055965  0.739331  0.671012    15.485515
>../../../../class1/cys//data/domains/Catalytic_domain/structures/CysRS_AF_Bact_Porphyromonas_gingivalis_ATCC_33277_gene29256960.pdb
 0.621026  0.142448  0.770737     3.779202
-0.777937 -0.007925  0.628292    48.227518
 0.095607 -0.989771  0.105894    18.373947
>../../../../class1/cys//data/domains/Catalytic_domain/structures/CysRS_AF_Bact_Prochlorococcus_marinus_subsp_marinus_str_CCMP1375_gene54200571.pdb
-0.640680 -0.363393 -0.676369     0.860663
-0.551933 -0.394413  0.734716    48.799371
-0.533760  0.844028  0.052124    15.370236
>../../../../class1/cys//data/domains/Catalytic_domain/structures/CysRS_AF_Bact_Streptobacillus_moniliformis_DSM_12112_gene29673427.pdb
 0.493905 -0.687866  0.531882     5.640334
-0.670727  0.087874  0.736480    48.665267
-0.553338 -0.720499 -0.417969    12.516063
>../../../../class1/cys//data/domains/Catalytic_domain/structures/CysRS_AF_Bact_Treponema_pallidum_subsp_pertenue_str_SamoaD_gene57878631.pdb
 0.706098  0.055437  0.705940     3.731621
-0.708084  0.046162  0.704617    46.625495
 0.006475 -0.997395  0.071849    16.726352
>../../../../class1/cys//data/domains/Catalytic_domain/structures/CysRS_AF_Euk_Arabidopsis_thaliana_gene833874.pdb
-0.735034  0.532122 -0.420204     0.817003
-0.676956 -0.541062  0.498982    53.824818
 0.038163  0.651228  0.757922    17.166897
>../../../../class1/cys//data/domains/Catalytic_domain/structures/CysRS_AF_Euk_Cyanidioschyzon_merolae_strain_10D_gene16993418.pdb
-0.460860 -0.531531 -0.710692    -0.185307
-0.574657 -0.431521  0.695383    59.763297
-0.676296  0.728879 -0.106577    17.647325
>../../../../class1/cys//data/domains/Catalytic_domain/structures/CysRS_AF_Euk_Drosophila_melanogaster_gene36784.pdb
-0.229347 -0.923192 -0.308408     1.364973
-0.562762 -0.132756  0.815889    53.331852
-0.794166  0.360682 -0.489090    21.001044
>../../../../class1/cys//data/domains/Catalytic_domain/structures/CysRS_AF_Euk_Micromonas_commoda_gene8246535.pdb
-0.393706 -0.087696 -0.915044     0.315402
 0.856141  0.327456 -0.399745    54.125953
 0.334692 -0.940788 -0.053841    18.261596
>../../../../class1/cys//data/domains/Catalytic_domain/structures/CysRS_AF_Mito_Morone_saxatilis_gene118339815.pdb
 0.473704  0.307795  0.825147    -0.434529
-0.835017 -0.140822  0.531899    51.713003
 0.279914 -0.940974  0.190306    12.925708
>../../../../class1/cys//data/domains/Catalytic_domain/structures/CysRS_AF_Mito_Saccharomyces_cerevisiae_S288C_gene855474.pdb
 0.349728 -0.321272  0.880042     1.559898
-0.933693 -0.042466  0.355546    53.033003
-0.076855 -0.946034 -0.314821    19.977323
>../../../../class1/cys//data/domains/Catalytic_domain/structures/CysRS_AF_Vir_Megavirus_chiliensis_gene11257271.pdb
-0.244822 -0.743628 -0.622157    -1.051441
 0.611882  0.379262 -0.694090    50.625917
 0.752105 -0.550615  0.362161    20.896057
>../../../../class1/cys//data/domains/Catalytic_domain/structures/CysRS_PDB_Bact_E_coli_1LI5.pdb
-0.452855  0.499032 -0.738844    33.046133
 0.030671  0.836915  0.546472   -58.870887
 0.891056  0.224811 -0.394307   -55.930084
>../../../../class1/cys//data/domains/Catalytic_domain/structures/CysRS_PDB_Bact_M_smegmatis_3C8Z.pdb
 0.336909  0.334546  0.880097    16.453278
 0.839407 -0.530132 -0.119817    18.387337
 0.426483  0.779127 -0.459427   -21.355443
>../../../../class1/tyr//data/domains/Catalytic_domain/structures/TyrRS_AF_Arch_Candidatus_Korarchaeum_cryptofilum_OPF8_gene6094625.pdb
-0.537552  0.219199 -0.814242     2.181175
 0.364045  0.931324  0.010380    46.905079
 0.760598 -0.290841 -0.580433    20.948658
>../../../../class1/tyr//data/domains/Catalytic_domain/structures/TyrRS_AF_Arch_Desulfurococcus_amylolyticus_1221n_gene7171652.pdb
-0.239994  0.840277 -0.486145     2.549525
 0.926635  0.347575  0.143316    46.800303
 0.289397 -0.416084 -0.862046    19.513657
>../../../../class1/tyr//data/domains/Catalytic_domain/structures/TyrRS_AF_Arch_Methanothermococcus_okinawensis_IH1_gene10772133.pdb
 0.828033 -0.540416  0.149369     3.326872
-0.189628 -0.520638 -0.832452    48.998910
 0.527638  0.660974 -0.533584    16.923157
>../../../../class1/tyr//data/domains/Catalytic_domain/structures/TyrRS_AF_Arch_Thermoplasma_acidophilum_DSM_1728_gene1456112.pdb
-0.080385  0.832509  0.548148     0.208342
-0.992257 -0.119069  0.035326    42.077345
 0.094677 -0.541064  0.835635    22.159850
>../../../../class1/tyr//data/domains/Catalytic_domain/structures/TyrRS_AF_Bact_Bifidobacterium_animalis_subsp_lactis_BLC1_gene66533077.pdb
-0.400778  0.913330 -0.072145     0.104692
 0.890500  0.406848  0.203675    51.029273
 0.215375  0.017383 -0.976377    23.959880
>../../../../class1/tyr//data/domains/Catalytic_domain/structures/TyrRS_AF_Bact_Brachyspira_pilosicoli_95_1000_gene56440491.pdb
 0.296611  0.599814  0.743132     4.461362
-0.896147  0.443757 -0.000490    43.322133
-0.330063 -0.665810  0.669145    22.462551
>../../../../class1/tyr//data/domains/Catalytic_domain/structures/TyrRS_AF_Bact_Chlamydia_psittaci_6BC_gene12242888.pdb
-0.215883  0.976126 -0.023945     1.443897
 0.959698  0.216641  0.179018    46.487886
 0.179931  0.015667 -0.983554    21.451006
>../../../../class1/tyr//data/domains/Catalytic_domain/structures/TyrRS_AF_Bact_Lactococcus_lactis_subsp_cremoris_KW2_gene61108704.pdb
-0.220941  0.975229 -0.010632     1.488693
 0.949289  0.217539  0.226994    50.504902
 0.223684  0.040059 -0.973838    24.477990
>../../../../class1/tyr//data/domains/Catalytic_domain/structures/TyrRS_AF_Bact_Porphyromonas_gingivalis_ATCC_33277_gene29255602.pdb
 0.151445  0.902872  0.402351     0.384432
-0.930841  0.267216 -0.249262    44.830844
-0.332566 -0.336775  0.880899    25.570866
>../../../../class1/tyr//data/domains/Catalytic_domain/structures/TyrRS_AF_Bact_Prochlorococcus_marinus_subsp_marinus_str_CCMP1375_gene54200747.pdb
 0.674262  0.152496  0.722575     0.854265
 0.631993 -0.625330 -0.457764    47.411442
 0.382041  0.765316 -0.518013    20.671135
>../../../../class1/tyr//data/domains/Catalytic_domain/structures/TyrRS_AF_Bact_Serratia_plymuthica_AS9_gene57666950.pdb
 0.745572  0.348563  0.568003    -0.931737
 0.461911 -0.884655 -0.063433    51.395766
 0.480376  0.309660 -0.820579    24.481607
>../../../../class1/tyr//data/domains/Catalytic_domain/structures/TyrRS_AF_Bact_Streptobacillus_moniliformis_DSM_12112_gene29673957.pdb
 0.610997  0.639886  0.466078     5.207550
 0.688443 -0.720149  0.086203    53.687910
 0.390805  0.268198 -0.880534    19.298846
>../../../../class1/tyr//data/domains/Catalytic_domain/structures/TyrRS_AF_Euk_Cryptococcus_neoformans_var_neoformans_JEC21_gene3254328.pdb
 0.037480  0.966529  0.253807     0.089695
 0.993459 -0.063454  0.094937    50.385815
 0.107865  0.248588 -0.962585    23.148695
>../../../../class1/tyr//data/domains/Catalytic_domain/structures/TyrRS_AF_Euk_Drosophila_melanogaster_gene39829.pdb
 0.640140  0.062721  0.765694     5.454969
-0.670988 -0.439754  0.596986    40.765031
 0.374160 -0.895925 -0.239419    26.592130
>../../../../class1/tyr//data/domains/Catalytic_domain/structures/TyrRS_AF_Euk_Plasmodium_falciparum_3D7_gene2655248.pdb
-0.089920  0.449611 -0.888687     0.632957
 0.807523  0.555189  0.199178    47.399016
 0.582941 -0.699725 -0.412994    18.139478
>../../../../class1/tyr//data/domains/Catalytic_domain/structures/TyrRS_AF_Euk_Seriola_dumerili_gene111223086.pdb
 0.530087 -0.778014  0.337199     7.158779
-0.721843 -0.622697 -0.301980    39.351073
 0.444917 -0.083329 -0.891687    25.981657
>../../../../class1/tyr//data/domains/Catalytic_domain/structures/TyrRS_AF_Mito_Aspergillus_fumigatus_Af293_gene3509181.pdb
-0.742282 -0.668135  0.051131    -4.966688
-0.502009  0.605016  0.618015    45.413861
-0.443852  0.433073 -0.784502    12.424887
>../../../../class1/tyr//data/domains/Catalytic_domain/structures/TyrRS_AF_Mito_Cyanidioschyzon_merolae_strain_10D_gene16996209.pdb
-0.079804  0.932996  0.350927    -0.019389
 0.988598  0.028982  0.147764    50.626280
 0.127692  0.358718 -0.924671    21.667962
>../../../../class1/tyr//data/domains/Catalytic_domain/structures/TyrRS_AF_Vir_Megavirus_chiliensis_gene11257765.pdb
 0.505839 -0.858987  0.079170     0.458021
-0.610910 -0.421519 -0.670158    47.118028
 0.609028  0.290626 -0.737984    13.844921
>../../../../class1/tyr//data/domains/Catalytic_domain/structures/TyrRS_PDB_Arch_M_jannashii_1U7D.pdb
 1.000000  0.000000  0.000000     0.000000
 0.000000  1.000000  0.000000     0.000000
 0.000000  0.000000  1.000000     0.000000
>../../../../class1/tyr//data/domains/Catalytic_domain/structures/TyrRS_PDB_E_coli_Bact_1WQ4.pdb
-0.983038 -0.014249  0.182849    19.117433
 0.175557  0.215380  0.960620   -12.978652
-0.053069  0.976426 -0.209225    20.563104
>../../../../class1/tyr//data/domains/Catalytic_domain/structures/TyrRS_PDB_Vir_Acanthamoeba_polyphaga_mimivirus_2J5B.pdb
-0.142915  0.898307  0.415476   -75.865268
 0.481573 -0.303628  0.822130     3.434862
 0.864675  0.317577 -0.389207   -30.824935
