>../../../../class2/phe1//data/domains/Catalytic_domain/structures/PheRS-Bα_AF_Bact_Brachyspira_pilosicoli_95_1000_gene56440383.pdb
 1.000000 -0.000000  0.000000    -0.000000
 0.000000  1.000000  0.000000    -0.000000
-0.000000  0.000000  1.000000     0.000000
>../../../../class2/phe1//data/domains/Catalytic_domain/structures/PheRS-Bα_AF_Bact_Chlamydia_psittaci_6BC_gene12243227.pdb
 0.542917 -0.399931 -0.738442     2.278935
 0.818286  0.449630  0.358107     0.424498
 0.188808 -0.798679  0.571370     2.799228
>../../../../class2/phe1//data/domains/Catalytic_domain/structures/PheRS-Bα_AF_Bact_Ferrimonas_balearica_DSM_9799_gene67181906.pdb
-0.903004 -0.393784 -0.171807     2.627036
-0.384125  0.560878  0.733392     3.229124
-0.192436  0.728251 -0.657737     3.696285
>../../../../class2/phe1//data/domains/Catalytic_domain/structures/PheRS-Bα_AF_Bact_Mycobacterium_intracellulare_ATCC_13950_gene11909689.pdb
-0.513328  0.619075  0.594341     3.536096
-0.209386 -0.761968  0.612832     8.547953
 0.832257  0.190137  0.520765     8.757398
>../../../../class2/phe1//data/domains/Catalytic_domain/structures/PheRS-Bα_AF_Bact_Mycoplasma_capricolum_subsp_capricolum_ATCC_27343_gene23778662.pdb
-0.771580 -0.626016  0.112994     2.287392
-0.466237  0.677359  0.569041     2.385483
-0.432766  0.386378 -0.814509     0.321768
>../../../../class2/phe1//data/domains/Catalytic_domain/structures/PheRS-Bα_AF_Bact_Porphyromonas_gingivalis_ATCC_33277_gene29256875.pdb
 0.855433 -0.515611 -0.048791    -2.188748
 0.503850  0.806698  0.308826    -0.691841
-0.119875 -0.288763  0.949866     2.669561
>../../../../class2/phe1//data/domains/Catalytic_domain/structures/PheRS-Bα_AF_Bact_Prochlorococcus_marinus_subsp_marinus_str_CCMP1375_gene54200681.pdb
 0.099136 -0.188222  0.977110     6.544431
-0.987957 -0.135848  0.074068     7.281240
 0.118797 -0.972686 -0.199422     7.422993
>../../../../class2/phe1//data/domains/Catalytic_domain/structures/PheRS-Bα_AF_Bact_Staphylococcus_argenteus_gene66839332.pdb
-0.105604 -0.715577  0.690505     6.588065
-0.926985  0.322174  0.192102     0.548446
-0.359927 -0.619801 -0.697352     3.737840
>../../../../class2/phe1//data/domains/Catalytic_domain/structures/PheRS-Bα_PDB_Bact.A_E_coli_3PCO.pdb
-0.138292  0.432176  0.891123   -56.313917
-0.883025  0.353647 -0.308547    -2.658373
-0.448490 -0.829553  0.332715   -28.409680
>../../../../class2/phe1//data/domains/Catalytic_domain/structures/PheRS-Bα_PDB_Bact.A_T_thermophilus_1PYS.pdb
 0.437534 -0.826015 -0.355336    40.473854
-0.611147  0.016699 -0.791341    19.747312
 0.659593  0.563401 -0.497510   -31.852229
>../../../../class2/ser1//data/domains/Catalytic_domain/structures/SerRS_AF_Arch_Candidatus_Methanomassiliicoccus_intestinalis_Issoire-Mx1_gene16154337.pdb
-0.800945  0.503612 -0.323824   -10.730564
-0.322237  0.093259  0.942054    -7.802225
 0.504630  0.858882  0.087587     7.328216
>../../../../class2/ser1//data/domains/Catalytic_domain/structures/SerRS_AF_Arch_Methanospirillum_hungatei_JF-1_gene3924775.pdb
 0.616201 -0.046951  0.786188    -9.602983
-0.773100 -0.226648  0.592408    -7.877907
 0.150374 -0.972844 -0.175959    12.154374
>../../../../class2/ser1//data/domains/Catalytic_domain/structures/SerRS_AF_Arch_Nitrosopumilus_maritimus_SCM1_gene5773574.pdb
-0.562971  0.390087 -0.728626   -14.618070
 0.737779 -0.160133 -0.655774    -5.825658
-0.372486 -0.906747 -0.197648    10.272565
>../../../../class2/ser1//data/domains/Catalytic_domain/structures/SerRS_AF_Arch_Thermoproteus_uzoniensis_768-20_gene10361450.pdb
-0.344125  0.816927 -0.462827   -14.784944
 0.582115 -0.201134 -0.787837    -5.011611
-0.736695 -0.540533 -0.406330     7.601015
>../../../../class2/ser1//data/domains/Catalytic_domain/structures/SerRS_AF_Bact_Bifidobacterium_longum_subsp_longum_JCM_1217_gene69578844.pdb
-0.513201 -0.852011 -0.103451    -7.355248
-0.702234  0.347540  0.621356    -7.728973
-0.493449  0.391528 -0.776669     9.523249
>../../../../class2/ser1//data/domains/Catalytic_domain/structures/SerRS_AF_Bact_Brucella_suis_1330_gene45051948.pdb
 0.008032  0.919305 -0.393464   -12.057813
 0.436338 -0.357263 -0.825816    -7.918759
-0.899747 -0.165051 -0.403997    11.422001
>../../../../class2/ser1//data/domains/Catalytic_domain/structures/SerRS_AF_Bact_Chlamydia_psittaci_6BC_gene12242544.pdb
 0.284891  0.791073  0.541331   -11.731126
-0.584663 -0.304118  0.752118    -6.528055
 0.759609 -0.530768  0.375871    10.079623
>../../../../class2/ser1//data/domains/Catalytic_domain/structures/SerRS_AF_Bact_Clostridium_acetobutylicum_DSM_1731_gene44996495.pdb
-0.530341  0.417472 -0.737872   -10.103551
 0.655897 -0.349412 -0.669112    -7.762718
-0.537157 -0.838826 -0.088511    13.559394
>../../../../class2/ser1//data/domains/Catalytic_domain/structures/SerRS_AF_Bact_Mycoplasma_hyopneumoniae_168-L_gene57101125.pdb
 0.420140  0.344472  0.839536   -10.491889
-0.682481 -0.489797  0.542512    -8.748106
 0.598082 -0.800899  0.029312     9.382323
>../../../../class2/ser1//data/domains/Catalytic_domain/structures/SerRS_AF_Bact_Prochlorococcus_marinus_subsp_marinus_str_CCMP1375_gene54200639.pdb
 0.095841  0.994272  0.047299   -11.029161
 0.484479 -0.005085 -0.874788    -8.165895
-0.869537  0.106756 -0.482191     5.091346
>../../../../class2/ser1//data/domains/Catalytic_domain/structures/SerRS_AF_Bact_Streptobacillus_moniliformis_DSM_12112_gene29673293.pdb
-0.117622  0.891611 -0.437258   -11.767702
 0.494019 -0.329428 -0.804626    -7.494772
-0.861458 -0.310656 -0.401725    12.152378
>../../../../class2/ser1//data/domains/Catalytic_domain/structures/SerRS_AF_Bact_Treponema_pallidum_subsp_pertenue_str_SamoaD_gene57879171.pdb
 0.651110  0.173561  0.738872   -10.937384
-0.686209 -0.281349  0.670791    -6.769346
 0.324304 -0.943779 -0.064090    12.056885
>../../../../class2/ser1//data/domains/Catalytic_domain/structures/SerRS_AF_Euk_Cyanidioschyzon_merolae_strain_10D_gene16995416.pdb
 0.397270 -0.714921  0.575382    -8.735648
-0.838506 -0.027983  0.544173    -7.362397
-0.372940 -0.698645 -0.610583    12.072937
>../../../../class2/ser1//data/domains/Catalytic_domain/structures/SerRS_AF_Euk_Thunnus_albacares_gene122982782.pdb
-0.391363 -0.919313 -0.041205    -7.911054
-0.710297  0.273307  0.648677   -10.144946
-0.585076  0.283136 -0.759948     9.973320
>../../../../class2/ser1//data/domains/Catalytic_domain/structures/SerRS_AF_Euk_Trichomonas_vaginalis_G3_gene4762654.pdb
 0.180063  0.396426  0.900235    -9.488981
-0.875024 -0.353516  0.330694    -7.432474
 0.449344 -0.847274  0.283227    10.046036
>../../../../class2/ser1//data/domains/Catalytic_domain/structures/SerRS_AF_Euk_Vitis_vinifera_gene100261399.pdb
-0.119523 -0.974832  0.188193    -7.889384
-0.802814  0.206417  0.559359    -8.094840
-0.584127 -0.084228 -0.807280    10.847047
>../../../../class2/ser1//data/domains/Catalytic_domain/structures/SerRS_AF_Mito_Cervus_elaphus_gene122688911.pdb
 0.189693  0.981052  0.039424   -10.795414
 0.432360 -0.047415 -0.900454    -8.586291
-0.881522  0.187855 -0.433161     3.329160
>../../../../class2/ser1//data/domains/Catalytic_domain/structures/SerRS_AF_Mito_Drechmeria_coniospora_gene63718051.pdb
 0.173139  0.615732  0.768698    -9.889509
-0.642493 -0.520936  0.561986    -9.569455
 0.746475 -0.591185  0.305409     8.541384
>../../../../class2/ser1//data/domains/Catalytic_domain/structures/SerRS_PDB_Bact_K_pneumoniae_6h9x.pdb
-0.110890  0.981196 -0.157982    18.713747
 0.663491  0.191439  0.723278    11.778699
 0.739921 -0.024615 -0.672243    11.415242
>../../../../class2/ser1//data/domains/Catalytic_domain/structures/SerRS_PDB_Bact_T_thermophilus_1ser.pdb
 0.379237 -0.882628 -0.277754     7.561174
-0.368092  0.131497 -0.920444    73.564771
 0.848933  0.451306 -0.275020  -110.920951
>../../../../class2/ser1//data/domains/Catalytic_domain/structures/SerRS_PDB_Euk_B_taurus_1wle.pdb
-0.205411 -0.667916  0.715329   -22.052759
 0.162809 -0.744051 -0.647982    53.714648
 0.965039 -0.016640  0.261579   -78.462962
