>structures/AsxRS_AF_Arch_Candidatus_Korarchaeum_cryptofilum_OPF8_gene6094477.pdb
 0.949695 -0.310911 -0.037599     1.805409
 0.274880  0.770007  0.575786     2.217025
-0.150067 -0.557156  0.816736    -0.218199
>structures/AsxRS_AF_Arch_Candidatus_Methanomassiliicoccus_intestinalis_Issoire-Mx1_gene16154831.pdb
 0.876295 -0.457123 -0.152139     0.285077
 0.439616  0.629506  0.640672     1.439569
-0.197093 -0.628300  0.752591     0.320048
>structures/AsxRS_AF_Arch_Candidatus_Nitrosopumilus_koreensis_AR1_gene13725312.pdb
 0.495607 -0.721406 -0.483681     3.962209
 0.734968  0.051596  0.676136     5.672656
-0.462812 -0.690588  0.555782     0.971248
>structures/AsxRS_AF_Arch_Methanobacterium_lacus_gene10277817.pdb
 0.033720 -0.543664 -0.838625     0.720904
 0.577624 -0.674165  0.460274     7.071556
-0.815607 -0.499930  0.291301    -0.346991
>structures/AsxRS_AF_Bact_Candidatus_Liptonbacteria_bacterium_proteinMBI4085034.1.pdb
-0.719156 -0.693152  0.048533    -2.045961
-0.570070  0.548635 -0.611572    -3.575181
 0.397285 -0.467482 -0.789699     0.480781
>structures/AsxRS_AF_Bact_Clostridium_acetobutylicum_DSM_1731_gene45000055.pdb
 1.000000 -0.000000  0.000000     0.000000
 0.000000  1.000000  0.000000     0.000000
-0.000000  0.000000  1.000000     0.000000
>structures/AsxRS_AF_Bact_Spirochaetes_bacterium_GWE1_32_154_proteinOHD39701.1.pdb
 0.350258 -0.520627 -0.778632     0.477631
 0.631720 -0.482459  0.606764     2.024099
-0.691556 -0.704401  0.159905     0.385278
>structures/AsxRS_AF_Bact_Tropheryma_whipplei_TW08_27_gene67388547.pdb
 0.005135  0.392594  0.919698     0.126900
 0.642343 -0.706170  0.297858     2.076105
 0.766400  0.589232 -0.255806     0.144058
>structures/AsxRS_AF_Euk_Caenorhabditis_elegans_gene176334.pdb
 0.999253 -0.033109 -0.019925    -1.984442
 0.030815  0.993875 -0.106126    -1.874976
 0.023317  0.105433  0.994153     1.801714
>structures/AsxRS_AF_Euk_Cryptococcus_neoformans_var_neoformans_JEC21_gene3258977.pdb
 0.298521 -0.799336 -0.521486    -1.355758
 0.403065 -0.389694  0.828056   -13.048883
-0.865115 -0.457385  0.205852    -0.473877
>structures/AsxRS_AF_Euk_Thalassiosira_pseudonana_CCMP1335_gene7443135.pdb
 0.996360 -0.085179 -0.003471     0.014250
 0.085242  0.994896  0.054005     0.509717
-0.001147 -0.054104  0.998535     0.964189
>structures/AsxRS_AF_Euk_Theileria_orientalis_strain_Shintoku_gene20715543.pdb
 0.995183  0.086028 -0.047014    -2.380348
-0.094557  0.968919 -0.228594    -1.245571
 0.025887  0.231938  0.972386     2.630159
>structures/AsxRS_PDB_Arch_T_kodarensis_1b8a.pdb
 0.307513 -0.549650  0.776737   -28.255194
-0.782209 -0.610840 -0.122575    38.063136
 0.541835 -0.569877 -0.617782     9.201704
>structures/AsxRS_PDB_Bact_T_thermophilus_1n9w.pdb
 0.502186 -0.831402  0.237863   -36.020543
-0.736138 -0.555339 -0.386909    53.432079
 0.453772  0.019200 -0.890911    40.317571
>structures/AsxRS_PDB_Euk_S_cerevisiae_1EOV.pdb
-0.271820 -0.020768  0.962124   -54.133425
 0.591516 -0.792215  0.150015     5.434809
 0.759093  0.609889  0.227625   -18.107609
