>../../../../class1/gln//data/domains/Catalytic_domain/structures/GlnRS_AF_Bact_Anaerostipes_hadrus_gene15230984.pdb
-0.602510 -0.647359 -0.466807    -4.327489
-0.793194  0.550521  0.260326    12.859556
 0.088463  0.527117 -0.845176    -0.307578
>../../../../class1/gln//data/domains/Catalytic_domain/structures/GlnRS_AF_Bact_Cutibacterium_avidum_44067_gene29843447.pdb
-0.773098 -0.035539 -0.633290    -3.153715
-0.560987  0.504236  0.656536    13.060435
 0.295995  0.862834 -0.409761     0.281038
>../../../../class1/gln//data/domains/Catalytic_domain/structures/GlnRS_AF_Bact_Pasteurella_multocida_subsp_multocida_str_Pm70_gene1243875.pdb
-0.940268 -0.133673 -0.313093    -2.463651
-0.331521  0.568608  0.752847    11.964841
 0.077392  0.811675 -0.578960    -1.081730
>../../../../class1/gln//data/domains/Catalytic_domain/structures/GlnRS_AF_Bact_Porphyromonas_gingivalis_ATCC_33277_gene29257033.pdb
-0.447206 -0.869945 -0.207853    -3.865465
-0.894424  0.434037  0.107786    12.333871
-0.003552  0.234111 -0.972203     1.070062
>../../../../class1/gln//data/domains/Catalytic_domain/structures/GlnRS_AF_Bact_Thermus_thermophilus_HB8_gene3168786.pdb
 0.014970 -0.581176 -0.813640    -4.368974
 0.978992 -0.156969  0.130134    12.783683
-0.203348 -0.798495  0.566617     2.225653
>../../../../class1/gln//data/domains/Catalytic_domain/structures/GlnRS_AF_Euk_Candida_dubliniensis_CD36_gene8049124.pdb
-0.648102 -0.599526 -0.469609    -2.191949
-0.747054  0.380739  0.544930    10.892246
-0.147901  0.703993 -0.694635     3.711325
>../../../../class1/gln//data/domains/Catalytic_domain/structures/GlnRS_AF_Euk_Dictyostelium_discoideum_AX4_gene8627167.pdb
 0.431713 -0.896782  0.096988    -2.980735
 0.899433  0.436107  0.028826     8.003011
-0.068147  0.074790  0.994868     4.667749
>../../../../class1/gln//data/domains/Catalytic_domain/structures/GlnRS_AF_Euk_Encephalitozoon_romaleae_SJ-2008_gene20564565.pdb
 0.387382 -0.825138 -0.411195    -2.849683
 0.902406  0.430659 -0.014050    10.575467
 0.188678 -0.365622  0.911439     2.277530
>../../../../class1/gln//data/domains/Catalytic_domain/structures/GlnRS_AF_Euk_Myodes_glareolus_gene125393344.pdb
 0.180010  0.839269  0.513053    -4.780040
-0.335490 -0.437918  0.834071     7.262345
 0.924685 -0.322265  0.202737    -4.534068
>../../../../class1/gln//data/domains/Catalytic_domain/structures/GlnRS_AF_Mito_Cyanidioschyzon_merolae_strain_10D_gene16997184.pdb
 0.050839 -0.774439 -0.630603    -1.205483
 0.991478 -0.036697  0.125000    12.328450
-0.119946 -0.631583  0.765973     4.820813
>../../../../class1/gln//data/domains/Catalytic_domain/structures/GlnRS_Bact_D_radio_2HZ7.pdb
 0.831486 -0.079548  0.549821   -61.290851
 0.367500 -0.663449 -0.651751    78.875611
 0.416624  0.743981 -0.522415    -7.129307
>../../../../class1/gln//data/domains/Catalytic_domain/structures/GlnRS_Bact_E_coli_1QTQ.pdb
-0.938746 -0.043355  0.341872    29.878865
 0.200828 -0.875008  0.440488    12.581408
 0.280043  0.482164  0.830117   -30.288639
>../../../../class1/gln//data/domains/Catalytic_domain/structures/GlnRS_PDB_Euk_T_gondii_4P2B.pdb
 0.231123 -0.568284  0.789706   -36.734263
 0.841205 -0.291096 -0.455672   -23.112612
 0.488832  0.769621  0.410765  -106.305851
>../../../../class1/met//data/domains/Catalytic_domain/structures/MetRS_AF_Arch_Aciduliprofundum_boonei_T469_gene8827030.pdb
-0.629888 -0.769995  0.101735    -2.611420
-0.756982  0.579301 -0.302304     4.845456
 0.173837 -0.267429 -0.947767     3.173825
>../../../../class1/met//data/domains/Catalytic_domain/structures/MetRS_AF_Arch_Candidatus_Korarchaeum_cryptofilum_OPF8_gene6093355.pdb
-0.042797  0.535644  0.843359    -3.936543
 0.327894 -0.789845  0.518295     2.782540
 0.943745  0.298714 -0.141832     0.034317
>../../../../class1/met//data/domains/Catalytic_domain/structures/MetRS_AF_Arch_Candidatus_Nitrosopumilus_sediminis_gene13696902.pdb
 0.827958  0.560773 -0.004382    -1.075965
-0.477198  0.700417 -0.530753     1.554774
-0.294563  0.441532  0.847515     1.402548
>../../../../class1/met//data/domains/Catalytic_domain/structures/MetRS_AF_Arch_Halalkalicoccus_jeotgali_B3_gene9420443.pdb
-0.731140 -0.681492 -0.031674    -1.993390
-0.638449  0.699848 -0.320306     1.189016
 0.240453 -0.213966 -0.946785     3.267757
>../../../../class1/met//data/domains/Catalytic_domain/structures/MetRS_AF_Bact_Bacillus_anthracis_str_Ames_Ancestor_gene45024892.pdb
 0.428616 -0.573706 -0.697961    -2.556363
 0.591461 -0.405805  0.696776     1.382461
-0.682981 -0.711466  0.165390     2.296474
>../../../../class1/met//data/domains/Catalytic_domain/structures/MetRS_AF_Bact_Brucella_suis_1330_gene45052047.pdb
-0.141581  0.560692  0.815830    -1.008268
 0.429101 -0.707922  0.560998     0.475808
 0.892091  0.429500 -0.140366    -0.537932
>../../../../class1/met//data/domains/Catalytic_domain/structures/MetRS_AF_Bact_Chlamydia_psittaci_6BC_gene12243105.pdb
-0.986789 -0.099588  0.127784     0.677873
-0.090945  0.993265  0.071790    -3.101774
-0.134073  0.059220 -0.989200     1.716998
>../../../../class1/met//data/domains/Catalytic_domain/structures/MetRS_AF_Bact_Mycoplasma_hyopneumoniae_168-L_gene57101263.pdb
-0.918841 -0.394621  0.002406     0.637756
-0.384131  0.895780  0.223655    -0.184406
-0.090415  0.204579 -0.974665     2.028812
>../../../../class1/met//data/domains/Catalytic_domain/structures/MetRS_AF_Bact_Nocardia_farcinica_IFM_10152_gene61135500.pdb
-0.545819  0.679260  0.490598    -0.083551
 0.670487  0.002919  0.741915    -0.550175
 0.502522  0.733892 -0.457029    -1.625846
>../../../../class1/met//data/domains/Catalytic_domain/structures/MetRS_AF_Bact_Prochlorococcus_marinus_subsp_marinus_str_CCMP1375_gene54200313.pdb
 1.000000  0.000000  0.000000     0.000000
 0.000000  1.000000  0.000000     0.000000
 0.000000  0.000000  1.000000     0.000000
>../../../../class1/met//data/domains/Catalytic_domain/structures/MetRS_AF_Bact_Streptobacillus_moniliformis_DSM_12112_gene29673607.pdb
 0.312536  0.395053 -0.863860     0.657046
 0.235679 -0.913230 -0.332364     3.163999
-0.920205 -0.099718 -0.378523     1.363911
>../../../../class1/met//data/domains/Catalytic_domain/structures/MetRS_AF_Bact_Treponema_denticola_ATCC_35405_gene2740824.pdb
 0.987214  0.130163 -0.092013    -2.451311
-0.158662  0.857931 -0.488651     1.075305
 0.015337  0.497003  0.867614    -1.117739
>../../../../class1/met//data/domains/Catalytic_domain/structures/MetRS_AF_Euk_Drosophila_melanogaster_gene37177.pdb
-0.613958 -0.631895  0.473038     4.571059
-0.781765  0.403958 -0.475039    -5.425894
 0.109088 -0.661458 -0.742006     3.670092
>../../../../class1/met//data/domains/Catalytic_domain/structures/MetRS_AF_Euk_Oryza_sativa_Japonica_Group_gene4341140.pdb
-0.254641 -0.758291  0.600128     2.075657
-0.809896 -0.171879 -0.560826    -1.439039
 0.528418 -0.628850 -0.570369     6.171697
>../../../../class1/met//data/domains/Catalytic_domain/structures/MetRS_AF_Euk_Scheffersomyces_stipitis_CBS_6054_gene4836672.pdb
 0.694531  0.719359 -0.012211     4.164098
-0.547528  0.517468 -0.657602     1.685070
-0.466733  0.463411  0.753267    -5.592825
>../../../../class1/met//data/domains/Catalytic_domain/structures/MetRS_AF_Euk_Trypanosoma_brucei_brucei_TREU927_gene3662741.pdb
 0.131113  0.278454 -0.951458     2.208363
 0.110914 -0.957838 -0.265037     0.433614
-0.985143 -0.070780 -0.156469    -1.490166
>../../../../class1/met//data/domains/Catalytic_domain/structures/MetRS_AF_Mito_Arvicanthis_niloticus_gene117706247.pdb
 0.277218  0.836714 -0.472292     2.287658
-0.405787 -0.343608 -0.846918     1.476702
-0.870912  0.426431  0.244274     0.386651
>../../../../class1/met//data/domains/Catalytic_domain/structures/MetRS_AF_Mito_Brachypodium_distachyon_gene100843706.pdb
-0.717114 -0.692542  0.078314     0.564903
-0.696859  0.710598 -0.097152     1.370058
 0.011632 -0.124243 -0.992184     1.620777
>../../../../class1/met//data/domains/Catalytic_domain/structures/MetRS_AF_Vir_Megavirus_chiliensis_gene11256705.pdb
 0.796712  0.603801 -0.025991    -2.520263
-0.489427  0.619371 -0.613874     1.533591
-0.354559  0.501801  0.788976     2.287015
>../../../../class1/met//data/domains/Catalytic_domain/structures/MetRS_PDB_Arch_P_abyssi_1RQG.pdb
 0.286129  0.125419 -0.949948    79.479966
 0.267135 -0.962531 -0.046618    25.620666
-0.920201 -0.240425 -0.308912    53.651764
>../../../../class1/met//data/domains/Catalytic_domain/structures/MetRS_PDB_Bact_E_coli_1PFV.pdb
-0.356966  0.551045  0.754271   -26.748714
 0.890904 -0.041919  0.452253   -19.932283
 0.280830  0.833422 -0.475965     7.319544
>../../../../class1/met//data/domains/Catalytic_domain/structures/MetRS_PDB_Bact_T_therm_1WOY.pdb
 0.256244  0.940968 -0.221175    46.864371
 0.378220  0.112967  0.918797  -112.946790
 0.889544 -0.319089 -0.326945    34.496806
