>../../../../class2/pro1//data/domains/Catalytic_domain/structures/ProRS-A_AF_Arch_Candidatus_Nitrosopumilus_sediminis_gene13697692.pdb
-0.122170 -0.890120  0.439045    -0.796786
-0.711212 -0.230034 -0.664276     2.757030
 0.692281 -0.393409 -0.604961    -0.912639
>../../../../class2/pro1//data/domains/Catalytic_domain/structures/ProRS-A_AF_Arch_Halogeometricum_borinquense_DSM_11551_gene9994169.pdb
 0.937793  0.282998  0.201137    -0.745538
-0.255789  0.954882 -0.150905     3.155545
-0.234768  0.090069  0.967870    -0.241038
>../../../../class2/pro1//data/domains/Catalytic_domain/structures/ProRS-A_AF_Arch_Picrophilus_torridus_DSM_9790_gene2845069.pdb
 0.719769  0.673509  0.168279     0.715864
-0.534919  0.692576 -0.483943     4.529100
-0.442486  0.258311  0.858767    -0.969303
>../../../../class2/pro1//data/domains/Catalytic_domain/structures/ProRS-A_AF_Arch_Sulfurisphaera_tokodaii_str_7_gene1459472.pdb
 0.174465 -0.403773  0.898070    -0.262565
-0.247578 -0.900745 -0.356880     3.178067
 0.953030 -0.160080 -0.257114    -0.997359
>../../../../class2/pro1//data/domains/Catalytic_domain/structures/ProRS-A_AF_Bact_Bacillus_anthracis_str_Ames_Ancestor_gene45020455.pdb
 0.074323 -0.316380 -0.945717    -0.154701
 0.703375 -0.655630  0.274612     3.625445
-0.706922 -0.685604  0.173805    -0.577569
>../../../../class2/pro1//data/domains/Catalytic_domain/structures/ProRS-A_AF_Bact_Mycoplasma_hyopneumoniae_168-L_gene57101275.pdb
 0.953768 -0.300288  0.012377    -0.671499
 0.271582  0.878767  0.392442     1.685579
-0.128722 -0.370938  0.919693    -2.046709
>../../../../class2/pro1//data/domains/Catalytic_domain/structures/ProRS-A_AF_Bact_Porphyromonas_gingivalis_ATCC_33277_gene29256199.pdb
 0.897370  0.380904  0.222800    -0.480577
-0.353321  0.922678 -0.154367     3.530685
-0.264371  0.059805  0.962565    -1.977014
>../../../../class2/pro1//data/domains/Catalytic_domain/structures/ProRS-A_AF_Bact_Thermus_thermophilus_HB8_gene3169620.pdb
 0.988613 -0.011536  0.150036     0.017608
-0.017349  0.981670  0.189797     2.391220
-0.149476 -0.190239  0.970292    -1.714351
>../../../../class2/pro1//data/domains/Catalytic_domain/structures/ProRS-A_AF_Euk_Cryptococcus_gattii_WM276_gene10188341.pdb
 1.000000  0.000000  0.000000     0.000000
 0.000000  1.000000  0.000000     0.000000
 0.000000  0.000000  1.000000     0.000000
>../../../../class2/pro1//data/domains/Catalytic_domain/structures/ProRS-A_AF_Euk_Ostreococcus_tauri_gene9837972.pdb
 0.922438 -0.384362  0.037066     5.241168
 0.355784  0.883294  0.305301     1.812001
-0.150086 -0.268434  0.951534     2.345975
>../../../../class2/pro1//data/domains/Catalytic_domain/structures/ProRS-A_AF_Euk_Plasmodium_yoelii_gene3807174.pdb
-0.051733 -0.554267 -0.830729    -2.745963
 0.514364 -0.727810  0.453567     5.328268
-0.856010 -0.403832  0.322747     0.167400
>../../../../class2/pro1//data/domains/Catalytic_domain/structures/ProRS-A_AF_Euk_Scheffersomyces_stipitis_CBS_6054_gene4840393.pdb
 0.891304  0.450770  0.048833     0.518528
-0.390347  0.817671 -0.423136    -1.680271
-0.230666  0.358080  0.904749    -2.377013
>../../../../class2/pro1//data/domains/Catalytic_domain/structures/ProRS-A_AF_Mito_Mauremys_reevesii_gene120369760.pdb
 0.058782  0.684500 -0.726639    -2.381673
-0.413602 -0.645784 -0.641792     3.829273
-0.908558  0.338265  0.245150    -3.057931
>../../../../class2/pro1//data/domains/Catalytic_domain/structures/ProRS-A_AF_Mito_Oryza_sativa_Japonica_Group_gene4342480.pdb
 0.987249 -0.122640  0.101484     4.723867
 0.114499  0.989991  0.082511     0.304164
-0.110588 -0.069839  0.991410     1.697500
>../../../../class2/pro1//data/domains/Catalytic_domain/structures/ProRS-A_PDB_Arch_M_janacshii_1nj8.pdb
 0.376143  0.926515  0.009300   -80.145629
 0.752867 -0.299765 -0.585946   -31.049620
-0.540100  0.227401 -0.810297    74.286514
>../../../../class2/ser2//data/domains/Catalytic_domain/structures/SerRS-A_AF_Arch_Conexivisphaera_calida_protein1635512986.pdb
-0.660618 -0.739838  0.127371     7.985396
-0.740287  0.613800 -0.274272    11.453090
 0.124737 -0.275480 -0.953180   -14.660144
>../../../../class2/ser2//data/domains/Catalytic_domain/structures/SerRS-A_AF_Arch_Ignisphaera_aggregans_protein304378874.pdb
-0.995822  0.018670 -0.089387     7.611056
-0.006235  0.962688  0.270540     9.445672
 0.091103  0.269967 -0.958550   -15.776022
>../../../../class2/ser2//data/domains/Catalytic_domain/structures/SerRS-A_AF_Arch_Methanosarcina_barkeri_protein805401349.pdb
 0.133563 -0.643629  0.753593     7.475264
-0.457649 -0.714530 -0.529155    12.365348
 0.879044 -0.274205 -0.389991   -16.856821
>../../../../class2/ser2//data/domains/Catalytic_domain/structures/SerRS-A_AF_Arch_Unclassified_Thermoplasmata_protein1635512986.pdb
-0.459880 -0.852741  0.247677     9.564154
-0.864337  0.365933 -0.344986    12.934722
 0.203550 -0.372728 -0.905340   -16.820099
>../../../../class2/ser2//data/domains/Catalytic_domain/structures/SerRS-A_PDB_Arch_M_barkeri_2cim.pdb
 0.261415 -0.956375 -0.130421     4.934344
 0.683191  0.087884  0.724932   -80.734696
-0.681845 -0.278611  0.676361   -40.033482
>../../../../class2/ser2//data/domains/Catalytic_domain/structures/SerRS-A_PDB_Arch_M_barkeri_2cjb.pdb
 0.269293 -0.950863 -0.152776     6.288237
 0.662069  0.067581  0.746390   -82.028221
-0.699390 -0.302146  0.647736   -37.165115
