>structures/Pro_Arch_1nj8_M_janacshii.pdb
 0.039661  0.658395  0.751627   -40.284509
 0.999207 -0.023379 -0.032246  -108.818105
-0.003658  0.752310 -0.658799     9.626324
>structures/Pro_Bact_2J3M_E_faecalis.pdb
 1.000000  0.000000  0.000000     0.000000
 0.000000  1.000000  0.000000     0.000000
 0.000000  0.000000  1.000000     0.000000
>structures/Pro_Bact_5znj_S_aureus.pdb
 0.979145 -0.036399 -0.199874    30.115399
 0.178175  0.626546  0.758745   -27.923222
 0.097613 -0.778534  0.619965    -0.808730
>structures/Prolyl.A.Candidatus_Thermoplasmatota.NC_005877.1.pdb
 0.990773 -0.135520 -0.001760    25.590546
 0.085276  0.633437 -0.769081   -13.624990
 0.105341  0.761835  0.639148    17.408260
>structures/Prolyl.A.Crenarchaeota.NC_007181.1.pdb
 0.088065 -0.299030  0.950171    25.259411
-0.962196 -0.272335  0.003472   -15.474281
 0.257727 -0.914557 -0.311708    17.000893
>structures/Prolyl.A.Euryarchaeota.NC_022084.1.pdb
 0.852090 -0.463355 -0.243403    26.367209
 0.284860  0.800692 -0.527017   -15.056338
 0.439087  0.379730  0.814253    16.820273
>structures/Prolyl.A.Thaumarchaeota.NC_018656.1.pdb
 0.038976 -0.174400  0.983903    25.820188
-0.939699 -0.341212 -0.023256   -15.699209
 0.339776 -0.923666 -0.177182    15.733416
>structures/Prolyl.B.Actinobacteria.NC_012590.1.pdb
 0.907143 -0.229057  0.353022    28.343473
-0.145566  0.616303  0.773939   -14.189868
-0.394845 -0.753461  0.525732    10.630483
>structures/Prolyl.B.Bacteroidota.NC_010729.1.pdb
 0.867573 -0.420556 -0.265422    26.349727
 0.228491  0.811138 -0.538374   -14.518203
 0.441711  0.406432  0.799815    15.317427
>structures/Prolyl.B.Chlamydiae.NC_002620.2.pdb
-0.780465  0.532537  0.327535    28.751049
 0.455919  0.126314  0.881012   -14.735687
 0.427799  0.836929 -0.341377     9.869249
>structures/Prolyl.B.Cyanobacteria.NC_005042.1.pdb
 0.734951 -0.511329 -0.445410    29.462447
 0.604839  0.791289  0.089619   -11.642948
 0.306623 -0.335267  0.890830    10.828187
>structures/Prolyl.B.Firmicutes.NC_015875.1.pdb
 0.057840  0.226362 -0.972324    28.213176
 0.927215 -0.373183 -0.031722   -14.124711
-0.370036 -0.899719 -0.231472    12.144220
>structures/Prolyl.B.Fusobacteria.NC_013515.1.pdb
 0.998663  0.048011 -0.019179    27.535669
-0.051182  0.865674 -0.497985   -10.826938
-0.007306  0.498301  0.866973    12.616957
>structures/Prolyl.B.Proteobacteria.NC_006526.2.pdb
 0.659995  0.622327 -0.420852    21.717127
 0.147756 -0.656772 -0.739472   -12.344164
-0.736597  0.425864 -0.525418    19.455229
>structures/Prolyl.B.Spirochaetes.NC_014330.1.pdb
 0.690894 -0.449888 -0.565920    28.275092
 0.670420  0.691644  0.268637   -11.518683
 0.270559 -0.565003  0.779467    12.379460
>structures/Prolyl.E.Apicomplexa.NC_036186.2.pdb
 0.981318 -0.131965 -0.140004    27.701366
-0.081241  0.375410 -0.923292   -19.557388
 0.174401  0.917416  0.357675    12.524063
>structures/Prolyl.E.Ascomycota.NC_032095.1.pdb
-0.729372  0.653239  0.203213    23.901125
-0.400097 -0.648257  0.647831   -15.612753
 0.554923  0.391205  0.734179    13.852921
>structures/Prolyl.E.Evosea.NC_007090.3.pdb
 0.998165 -0.056869  0.020780    31.327732
 0.035376  0.269256 -0.962419   -19.165640
 0.049137  0.961388  0.270773    14.301352
>structures/Prolyl.E.Rhodophyta.NC_010136.1.pdb
 0.976851  0.213605  0.011658    30.026316
-0.015442  0.124765 -0.992066   -18.243221
-0.213365  0.968920  0.125175    12.498399
