>structures/Pro_Bact_2J3M_E_faecalis.pdb
 1.000000  0.000000  0.000000     0.000000
 0.000000  1.000000  0.000000     0.000000
 0.000000  0.000000  1.000000     0.000000
>structures/Pro_Bact_5znj_S_aureus.pdb
 0.883845  0.075335 -0.461674    32.888062
 0.263506  0.735277  0.624446   -26.366117
 0.386501 -0.673567  0.630019    -4.772628
>structures/Prolyl.B.Actinobacteria.NC_012590.1.pdb
 0.862909 -0.403692  0.304009    32.245154
 0.055782  0.673980  0.736641   -15.611824
-0.502272 -0.618696  0.604101    13.504682
>structures/Prolyl.B.Chlamydiae.NC_002620.2.pdb
-0.844697  0.498568  0.194721    27.758729
 0.257035  0.058741  0.964615   -14.964594
 0.469488  0.864858 -0.177767     9.977255
>structures/Prolyl.B.Cyanobacteria.NC_005042.1.pdb
 0.665993 -0.606316 -0.434551    29.650367
 0.676554  0.736332  0.009504   -12.912750
 0.314211 -0.300327  0.900597    11.733210
>structures/Prolyl.B.Firmicutes.NC_015875.1.pdb
-0.078913  0.260023 -0.962372    29.179191
 0.918212 -0.356927 -0.171729   -13.955498
-0.388150 -0.897213 -0.210590    12.883318
>structures/Prolyl.B.Fusobacteria.NC_013515.1.pdb
 0.996789 -0.047781 -0.064249    26.820164
 0.007992  0.857789 -0.513939   -10.132735
 0.079669  0.511776  0.855417    11.771503
>structures/Prolyl.B.Spirochaetes.NC_014330.1.pdb
 0.578519 -0.528672 -0.621146    27.985778
 0.762953  0.620056  0.182850   -13.290726
 0.288478 -0.579687  0.762065    12.009701
