>structures/Lys_Bact_3E9H_G_stearothermophilus.pdb
-0.351226  0.127850 -0.927521    60.855170
 0.925326  0.198564 -0.323025   -33.266897
 0.142873 -0.971713 -0.188044   -84.667372
>structures/Lysyl.A.Candidatus_Thermoplasmatota.NC_013926.1.pdb
 0.854289  0.385762 -0.348394     0.173157
-0.516473  0.554249 -0.652735    -4.687700
-0.058703  0.737561  0.672724     3.287869
>structures/Lysyl.A.Crenarchaeota.NC_017275.1.pdb
 0.981999 -0.082432 -0.169950     2.844873
 0.116325  0.972804  0.200302    -4.187865
 0.148816 -0.216466  0.964881     2.452442
>structures/Lysyl.A.Euryarchaeota.NC_018227.2.pdb
 0.744659 -0.441350 -0.500692     1.760669
 0.663119  0.403950  0.630156    -5.506340
-0.075865 -0.801271  0.593473     1.569280
>structures/Lysyl.B.Bacteroidota.NC_010729.1.pdb
 0.897938  0.337816 -0.282113    -4.699348
-0.433393  0.567013 -0.700476    -7.961694
-0.076670  0.751250  0.655550     0.198205
>structures/Lysyl.B.Cyanobacteria.NC_005042.1.pdb
 0.973198 -0.190248 -0.129194    -0.040239
 0.220149  0.933138  0.284233    -1.828885
 0.066481 -0.305057  0.950011     0.447841
>structures/Lysyl.B.Fusobacteria.NC_013515.1.pdb
 1.000000  0.000000  0.000000     0.000000
 0.000000  1.000000  0.000000     0.000000
 0.000000  0.000000  1.000000     0.000000
>structures/Lysyl.B.Spirochaetes.NC_014330.1.pdb
 0.908854 -0.369461 -0.193603     5.985183
 0.412400  0.865508  0.284291    -3.716097
 0.062531 -0.338221  0.938987     5.752148
>structures/Lysyl.B.Tenericutes.NC_021283.1.pdb
 0.986469 -0.134191 -0.094194     0.434937
 0.148780  0.974069  0.170452    -3.077338
 0.068879 -0.182160  0.980853     0.209870
>structures/Lysyl.E.Ascomycota.NC_012866.1.pdb
 0.954364 -0.258974 -0.148735     7.564515
 0.295025  0.894872  0.334910    -5.658597
 0.046366 -0.363507  0.930437     4.443508
>structures/Lysyl.E.Basidiomycota.NC_026481.1.pdb
 0.482785 -0.523126 -0.702323     3.392742
 0.844618  0.066249  0.531255    -0.043870
-0.231385 -0.849677  0.473825     5.599903
>structures/Lysyl.E.Chlorophyta.NC_014436.2.pdb
 0.967623  0.243256 -0.067323     6.548691
-0.252373  0.936381 -0.243923    -9.493370
 0.003704  0.253016  0.967455     4.848786
>structures/Lysyl.E.Rhodophyta.NC_010139.1.pdb
 0.993379 -0.095386 -0.064028     6.073770
 0.091402  0.993850 -0.062509    -5.423851
 0.069597  0.056243  0.995988     5.457893
