>../../../../class2/phe1//data/domains/Catalytic_domain/structures/PheRS-Bα_AF_Bact_Brachyspira_pilosicoli_95_1000_gene56440383.pdb
 0.542917  0.818286  0.188808    -2.113150
-0.399931  0.449630 -0.798679     2.956234
-0.738442  0.358107  0.571370    -0.068548
>../../../../class2/phe1//data/domains/Catalytic_domain/structures/PheRS-Bα_AF_Bact_Chlamydia_psittaci_6BC_gene12243227.pdb
 1.000000  0.000000  0.000000     0.000000
 0.000000  1.000000  0.000000     0.000000
 0.000000  0.000000  1.000000     0.000000
>../../../../class2/phe1//data/domains/Catalytic_domain/structures/PheRS-Bα_AF_Bact_Ferrimonas_balearica_DSM_9799_gene67181906.pdb
-0.836069  0.384888  0.390960     2.708613
 0.346582 -0.181876  0.920219     0.294238
 0.425287  0.904866  0.018666     1.259364
>../../../../class2/phe1//data/domains/Catalytic_domain/structures/PheRS-Bα_AF_Bact_Mycobacterium_intracellulare_ATCC_13950_gene11909689.pdb
-0.295737 -0.257465  0.919919     8.515544
-0.556475 -0.736297 -0.384970    -1.717122
 0.776450 -0.625762  0.074478     5.378920
>../../../../class2/phe1//data/domains/Catalytic_domain/structures/PheRS-Bα_AF_Bact_Mycoplasma_capricolum_subsp_capricolum_ATCC_27343_gene23778662.pdb
-0.882332  0.286070  0.373705     1.162917
 0.444569  0.246064  0.861284     2.858207
 0.154432  0.926076 -0.344288    -0.693758
>../../../../class2/phe1//data/domains/Catalytic_domain/structures/PheRS-Bα_AF_Bact_Porphyromonas_gingivalis_ATCC_33277_gene29256875.pdb
 0.855234  0.323686  0.404724    -3.354349
-0.019450  0.800454 -0.599078     1.402954
-0.517876  0.504480  0.690872     2.846618
>../../../../class2/phe1//data/domains/Catalytic_domain/structures/PheRS-Bα_AF_Bact_Prochlorococcus_marinus_subsp_marinus_str_CCMP1375_gene54200681.pdb
-0.739358 -0.390808  0.548287     8.856237
-0.567774  0.799581 -0.195711    -2.497650
-0.361914 -0.456004 -0.813067     1.932091
>../../../../class2/phe1//data/domains/Catalytic_domain/structures/PheRS-Bα_AF_Bact_Staphylococcus_argenteus_gene66839332.pdb
-0.883436 -0.241472  0.401538     2.637100
-0.086238  0.926131  0.367211    -2.423624
-0.460548  0.289779 -0.839002    -2.575585
>../../../../class2/phe1//data/domains/Catalytic_domain/structures/PheRS-Bα_PDB_Bact.A_E_coli_3PCO.pdb
-0.886079  0.367308  0.282751   -39.594582
 0.027891  0.651133 -0.758451    47.007259
-0.462694 -0.664162 -0.587200    25.014581
>../../../../class2/phe1//data/domains/Catalytic_domain/structures/PheRS-Bα_PDB_Bact.A_T_thermophilus_1PYS.pdb
-0.147071 -0.329747 -0.932543    30.280595
-0.973443 -0.118968  0.195588    21.193274
-0.175437  0.936543 -0.303493   -40.757642
>../../../../class2/phe2//data/domains/Catalytic_domain/structures/PheRS-Bβ_AF_Bact_Brachyspira_pilosicoli_95_1000_gene56440382.pdb
 0.924650  0.027065  0.379856    -9.882119
-0.065072 -0.971573  0.227624     3.349258
 0.375218 -0.235190 -0.896603   -23.637660
>../../../../class2/phe2//data/domains/Catalytic_domain/structures/PheRS-Bβ_AF_Bact_Chlamydia_psittaci_6BC_gene12242429.pdb
-0.434600  0.624403 -0.649033   -10.174288
 0.304952  0.780103  0.546299    -0.889373
 0.847424  0.039497 -0.529446   -25.399274
>../../../../class2/phe2//data/domains/Catalytic_domain/structures/PheRS-Bβ_AF_Bact_Ferrimonas_balearica_DSM_9799_gene67181907.pdb
-0.103205 -0.859131 -0.501241    -6.836344
-0.789740  0.377140 -0.483814     2.014583
 0.604698  0.345918 -0.717413   -26.548363
>../../../../class2/phe2//data/domains/Catalytic_domain/structures/PheRS-Bβ_AF_Bact_Lacticaseibacillus_paracasei_gene61269867.pdb
 0.920102  0.298267  0.253869   -15.171171
 0.204043 -0.918267  0.339342     2.316283
 0.334334 -0.260429 -0.905758   -25.517080
>../../../../class2/phe2//data/domains/Catalytic_domain/structures/PheRS-Bβ_AF_Bact_Mycobacterium_intracellulare_ATCC_13950_gene11909688.pdb
-0.578213 -0.276437 -0.767628    -7.773458
-0.327287  0.940422 -0.092136     1.286651
 0.747364  0.197960 -0.634238   -26.554120
>../../../../class2/phe2//data/domains/Catalytic_domain/structures/PheRS-Bβ_AF_Bact_Mycoplasma_hyopneumoniae_168-L_gene57101148.pdb
 0.507087  0.850199  0.141505   -10.736101
 0.635845 -0.479854  0.604517     8.985474
 0.581862 -0.216568 -0.783923   -31.066073
>../../../../class2/phe2//data/domains/Catalytic_domain/structures/PheRS-Bβ_AF_Bact_Porphyromonas_gingivalis_ATCC_33277_gene29257179.pdb
-0.611455 -0.676767 -0.410011    -7.657642
 0.723463 -0.688027  0.056749     4.504532
-0.320505 -0.261928  0.910313   -22.913413
>../../../../class2/phe2//data/domains/Catalytic_domain/structures/PheRS-Bβ_AF_Bact_Prochlorococcus_marinus_subsp_marinus_str_CCMP1375_gene54200309.pdb
-0.320563  0.625643 -0.711203    -7.479678
 0.363505  0.774592  0.517563    -0.014589
 0.874702 -0.092615 -0.475730   -26.514044
>../../../../class2/phe2//data/domains/Catalytic_domain/structures/PheRS-Bβ_PDB_Bact.B_E_coli_3PCO.pdb
-0.607371 -0.457157  0.649698   -53.502855
 0.749602 -0.600607  0.278151    -1.372782
 0.263055  0.655956  0.707477   -45.699637
>../../../../class2/phe2//data/domains/Catalytic_domain/structures/PheRS-Bβ_PDB_Bact.B_T_thermophilus_1PYS.pdb
 0.594820  0.142005 -0.791217    -6.101717
 0.739750  0.288484  0.607904   -37.547632
 0.314578 -0.946896  0.066548    32.564205
