>../../../../class1/ile//data/domains/Catalytic_domain/structures/IleRS_AF_Arch_Candidatus_Korarchaeum_cryptofilum_OPF8_gene6094904.pdb
-0.851595  0.464848  0.242286     1.727186
 0.489358  0.539282  0.685349     4.484676
 0.187923  0.702204 -0.686727    -0.289269
>../../../../class1/ile//data/domains/Catalytic_domain/structures/IleRS_AF_Arch_Candidatus_Nitrosopumilus_sediminis_gene13697091.pdb
 0.400725 -0.842740 -0.359457     3.395246
 0.658635 -0.007751  0.752423     5.591363
-0.636883 -0.538265  0.551952     4.549670
>../../../../class1/ile//data/domains/Catalytic_domain/structures/IleRS_AF_Arch_Pyrobaculum_aerophilum_str_IM2_gene1465853.pdb
 1.000000  0.000000  0.000000     0.000000
 0.000000  1.000000  0.000000     0.000000
 0.000000  0.000000  1.000000     0.000000
>../../../../class1/ile//data/domains/Catalytic_domain/structures/IleRS_AF_Arch_Thermoplasma_acidophilum_DSM_1728_gene1456418.pdb
-0.818104 -0.339849 -0.463905     3.010738
-0.145656  0.902845 -0.404544     5.163297
 0.556318 -0.263389 -0.788122     0.430413
>../../../../class1/ile//data/domains/Catalytic_domain/structures/IleRS_AF_Bact_Chlamydia_muridarum_str_Nigg_gene1246458.pdb
 0.152655 -0.042192  0.987379    -0.463671
 0.018984 -0.998779 -0.045614     7.186197
 0.988097  0.025708 -0.151667     0.886600
>../../../../class1/ile//data/domains/Catalytic_domain/structures/IleRS_AF_Bact_Lactobacillus_acidophilus_La-14_gene56942445.pdb
 0.878231  0.462818 -0.120456    -1.234331
-0.477873  0.839464 -0.258723     3.618862
-0.018623  0.284781  0.958412    -0.181384
>../../../../class1/ile//data/domains/Catalytic_domain/structures/IleRS_AF_Bact_Mycoplasma_hyopneumoniae_168-L_gene57100872.pdb
 0.862922  0.472366 -0.179545     0.254544
-0.505328  0.804415 -0.312345     3.124448
-0.003113  0.360258  0.932848    -2.520861
>../../../../class1/ile//data/domains/Catalytic_domain/structures/IleRS_AF_Bact_Orientia_tsutsugamushi_str_Ikeda_gene66653313.pdb
-0.232605  0.381952 -0.894431     2.637379
-0.133094 -0.923505 -0.359755     5.038205
-0.963421  0.035363  0.265648    -0.330125
>../../../../class1/ile//data/domains/Catalytic_domain/structures/IleRS_AF_Bact_Porphyromonas_gingivalis_ATCC_33277_gene29255747.pdb
-0.189535  0.390806 -0.900748     4.690117
-0.217161 -0.911343 -0.349707     4.574552
-0.957558  0.129326  0.257600    -2.572957
>../../../../class1/ile//data/domains/Catalytic_domain/structures/IleRS_AF_Bact_Streptobacillus_moniliformis_DSM_12112_gene29674186.pdb
 0.849581  0.523066 -0.067927     2.451045
-0.518850  0.805588 -0.286046    -1.352085
-0.094900  0.278264  0.955805    -0.090050
>../../../../class1/ile//data/domains/Catalytic_domain/structures/IleRS_AF_Bact_Thermus_thermophilus_HB8_gene3168241.pdb
 0.159439  0.132522  0.978272     1.742034
 0.185234 -0.977365  0.102209     7.404196
 0.969674  0.164913 -0.180378    -1.196833
>../../../../class1/ile//data/domains/Catalytic_domain/structures/IleRS_AF_Bact_Treponema_pallidum_subsp_pertenue_str_SamoaD_gene57878975.pdb
-0.290960  0.783942  0.548432     0.992828
 0.821270 -0.089396  0.563493     5.954482
 0.490774  0.614365 -0.617817    -0.418300
>../../../../class1/ile//data/domains/Catalytic_domain/structures/IleRS_AF_Euk_Cyanidioschyzon_merolae_strain_10D_gene16992835.pdb
-0.113233 -0.824928  0.553780     0.625670
-0.478396 -0.443236 -0.758076     4.562027
 0.870813 -0.350766 -0.344454    -0.716415
>../../../../class1/ile//data/domains/Catalytic_domain/structures/IleRS_AF_Euk_Ostreococcus_lucimarinus_CCE9901_gene5000489.pdb
-0.541659  0.761991  0.354931    -2.259971
 0.789183  0.315569  0.526884     5.199108
 0.289475  0.565497 -0.772281     1.056548
>../../../../class1/ile//data/domains/Catalytic_domain/structures/IleRS_AF_Euk_Trypanosoma_brucei_brucei_TREU927_gene3663037.pdb
-0.744081  0.639224  0.194261    -0.766909
 0.654057  0.637695  0.406884     4.324151
 0.136211  0.429813 -0.892585     0.457720
>../../../../class1/ile//data/domains/Catalytic_domain/structures/IleRS_AF_Euk_Ustilago_maydis_521_gene23568123.pdb
 0.597535  0.658063 -0.458154    -0.158899
-0.776990  0.334038 -0.533578     4.373300
-0.198087  0.674813  0.710907    -3.296326
>../../../../class1/ile//data/domains/Catalytic_domain/structures/IleRS_AF_Mito_Drosophila_melanogaster_gene39762.pdb
 0.008014 -0.150464 -0.988583     3.899202
 0.311465 -0.939060  0.145452     3.527273
-0.950224 -0.309074  0.039338    -3.775670
>../../../../class1/ile//data/domains/Catalytic_domain/structures/IleRS_AF_Mito_Homo_sapiens_gene55699.pdb
 0.872368  0.455159 -0.178337    -0.131444
-0.487355  0.838270 -0.244517     3.437138
 0.038200  0.300222  0.953104    -1.709685
>../../../../class1/ile//data/domains/Catalytic_domain/structures/IleRS_AF_Vir_Megavirus_chiliensis_gene11256744.pdb
-0.092129  0.641385 -0.761668     2.743422
-0.365279 -0.733363 -0.573367     5.479402
-0.926328  0.225398  0.301848    -0.633923
>../../../../class1/ile//data/domains/Catalytic_domain/structures/IleRS_PDB_Bact_S_aureus_1QU2.pdb
 0.817855 -0.303991 -0.488573    48.399492
-0.050970  0.807456 -0.587722   -16.470077
 0.573163  0.505574  0.644887  -109.979842
>../../../../class1/ile//data/domains/Catalytic_domain/structures/IleRS_PDB_Bact_T_therm_1ILE.pdb
 0.301077  0.580192  0.756789    32.401115
 0.345604 -0.806048  0.480463    28.364401
 0.888769  0.116893 -0.443199     8.430770
>../../../../class1/ile//data/domains/Catalytic_domain/structures/IleRS_PDB_Euk_S_cere_7D5C.pdb
 0.655919 -0.518851 -0.548237    23.606899
-0.698152 -0.693136 -0.179297    18.456755
-0.286974  0.500357 -0.816878    28.076874
>../../../../class1/lys//data/domains/Catalytic_domain/structures/LysRS-I_AF_Arch_Candidatus_Bathyarchaeota_archaeon_proteinRJS75864.1.pdb
 0.650055 -0.710954  0.268277     1.065663
 0.632743  0.701934  0.326994    -5.637537
-0.420790 -0.042814  0.906147     2.985533
>../../../../class1/lys//data/domains/Catalytic_domain/structures/LysRS-I_AF_Arch_Candidatus_Nitrosopumilus_koreensis_AR1_gene13726042.pdb
-0.515725  0.690909 -0.506628     0.003388
-0.216459 -0.677226 -0.703214    -1.507499
-0.828959 -0.253000  0.498816     1.460915
>../../../../class1/lys//data/domains/Catalytic_domain/structures/LysRS-I_AF_Arch_Ferroplasma_acidarmanus_Fer1_gene16025146.pdb
 0.536952 -0.787076  0.303636     4.511021
 0.669739  0.616567  0.413878    -2.212398
-0.512965 -0.018876  0.858202     3.575996
>../../../../class1/lys//data/domains/Catalytic_domain/structures/LysRS-I_AF_Arch_Halorubrum_lacusprofundi_ATCC_49239_gene7400505.pdb
 0.177764 -0.969254  0.170137     3.046197
-0.832132 -0.240346 -0.499790    -7.498533
 0.525315 -0.052732 -0.849272     4.031863
>../../../../class1/lys//data/domains/Catalytic_domain/structures/LysRS-I_AF_Bact_Cereibacter_sphaeroides_KD131_gene67447319.pdb
-0.615823 -0.451048 -0.646001    -0.108447
-0.536865  0.840333 -0.074948    -2.074508
 0.576660  0.300661 -0.759648     5.771620
>../../../../class1/lys//data/domains/Catalytic_domain/structures/LysRS-I_AF_Bact_Cyanobacteria_bacterium_J007_proteinRMH73500.1.pdb
 0.820055 -0.246226  0.516607     1.205988
 0.324150  0.943789 -0.064720    -7.237001
-0.471633  0.220532  0.853773     1.819688
>../../../../class1/lys//data/domains/Catalytic_domain/structures/LysRS-I_AF_Bact_Streptomyces_albidoflavus_gene15147364.pdb
-0.393699  0.690162 -0.607188    -1.059935
-0.052246 -0.676265 -0.734803    -5.418910
-0.917753 -0.257568  0.302303     3.701892
>../../../../class1/lys//data/domains/Catalytic_domain/structures/LysRS-I_AF_Bact_Treponema_denticola_ATCC_35405_gene2739918.pdb
-0.356808  0.666535 -0.654537    -1.053508
-0.042365 -0.711480 -0.701428    -5.497808
-0.933216 -0.222546  0.282100     3.497230
>../../../../class1/lys//data/domains/Catalytic_domain/structures/LysRS-I_PDB_Arch_P_hori_1IRX.pdb
 0.875870 -0.441325 -0.195151    -8.772287
-0.383736 -0.882220  0.272828    25.948072
-0.292571 -0.164075 -0.942062    89.438595
