>structures/GlyRS-E_AF_Arch_Methanosalsum_zhilinae_DSM_4017_gene10821854.pdb
 0.933755 -0.287748 -0.212846     0.883646
 0.339714  0.899748  0.273949     1.269477
 0.112679 -0.328108  0.937896    -0.090031
>structures/GlyRS-E_AF_Euk_Cryptococcus_neoformans_var_neoformans_JEC21_gene3258293.pdb
 0.083440 -0.358365  0.929845    -0.141591
-0.359152 -0.881204 -0.307390     0.888393
 0.929542 -0.308307 -0.202235    -0.464587
>structures/GlyRS-E_AF_Euk_Girardinichthys_multiradiatus_gene124858359.pdb
 0.904831 -0.339848 -0.256484     1.079664
 0.420148  0.810274  0.408573    -1.272571
 0.068970 -0.477450  0.875948    -0.644494
>structures/GlyRS-E_AF_Euk_Plasmodium_yoelii_gene3801472.pdb
 1.000000  0.000000  0.000000     0.000000
 0.000000  1.000000  0.000000     0.000000
 0.000000  0.000000  1.000000     0.000000
>structures/GlyRS-E_AF_Euk_Schizosaccharomyces_pombe_gene2543181.pdb
 0.768532 -0.469076 -0.435117     1.508593
 0.638345  0.608180  0.471840     0.398092
 0.043300 -0.640379  0.766838    -1.619934
>structures/GlyRS-E_AF_Mito_Fusarium_poae_gene68345711.pdb
 0.811953 -0.391131 -0.433301     2.269675
 0.572113  0.680552  0.457750    -0.371252
 0.115844 -0.619568  0.776347    -0.296447
>structures/GlyRS-E_PDB_Euk_H_sapiens_2q5h.pdb
-0.270969  0.210918 -0.939196  -101.330349
 0.425283 -0.849075 -0.313378   -69.714176
-0.863545 -0.484340  0.140373    89.648268
