>structures/ProRS-B_AF_Bact_Acinetobacter_baylyi_ADP1_gene45233245.pdb
 0.858824 -0.379752 -0.343817     1.495651
 0.512205  0.647388  0.564389     0.211477
 0.008255 -0.660815  0.750503    -0.745153
>structures/ProRS-B_AF_Bact_Brachyspira_pilosicoli_95_1000_gene56438966.pdb
 0.184718 -0.335339 -0.923811     0.328288
 0.696716 -0.618286  0.363744    -0.801669
-0.693157 -0.710824  0.119427    -1.231953
>structures/ProRS-B_AF_Bact_Chlamydia_psittaci_6BC_gene12242703.pdb
-0.882459 -0.392555  0.259166     3.991455
-0.463658  0.818779 -0.338560    -4.348640
-0.079296 -0.418929 -0.904550     2.086883
>structures/ProRS-B_AF_Bact_Clostridium_acetobutylicum_DSM_1731_gene44999665.pdb
 0.767826 -0.476433 -0.428316     0.650308
 0.639876  0.537278  0.549446    -0.014337
-0.031650 -0.695948  0.717394    -0.536593
>structures/ProRS-B_AF_Bact_Corynebacterium_ulcerans_809_gene75260584.pdb
-0.979101 -0.202482 -0.019018     1.530715
-0.181199  0.826067  0.533649    -3.569597
-0.092344  0.525942 -0.845492    -1.584712
>structures/ProRS-B_AF_Bact_Prochlorococcus_marinus_subsp_marinus_str_CCMP1375_gene54199876.pdb
 0.841626 -0.462443 -0.278950     0.671416
 0.535664  0.649022  0.540217    -2.282179
-0.068775 -0.604084  0.793948    -2.407619
>structures/ProRS-B_AF_Bact_Streptobacillus_moniliformis_DSM_12112_gene29673723.pdb
 1.000000  0.000000  0.000000     0.000000
 0.000000  1.000000  0.000000     0.000000
 0.000000  0.000000  1.000000     0.000000
>structures/ProRS-B_AF_Euk_Candida_albicans_SC5314_gene3640100.pdb
 0.789371 -0.404852 -0.461506     1.578310
 0.525150  0.834656  0.166034    -0.582092
 0.317979 -0.373422  0.871462     4.202404
>structures/ProRS-B_AF_Mito_Drosophila_melanogaster_gene38331.pdb
-0.009072 -0.265039  0.964195    -3.866194
-0.747142 -0.639063 -0.182696    -0.828137
 0.664602 -0.722048 -0.192224     6.926440
>structures/ProRS-B_AF_Mito_Mauremys_reevesii_gene120369760.pdb
 0.654606  0.622976 -0.428242    -1.499330
-0.316385 -0.288717 -0.903628    -4.834151
-0.686579  0.727010  0.008104     2.545921
>structures/ProRS-B_AF_Mito_Schizosaccharomyces_pombe_gene2540642.pdb
 0.563336 -0.466270 -0.682089    -2.702704
 0.672986  0.737866  0.051419     0.397646
 0.479315 -0.488002  0.729459     7.967607
>structures/ProRS-B_PDB_Bact_S_aureus_5znj.pdb
 0.977940 -0.178025 -0.109277    -0.827899
 0.152195  0.248930  0.956488   -20.247878
-0.143077 -0.952019  0.270534    -7.447796
>structures/ProRS_PDB_Bact_E_faecalis_2J3M.pdb
 0.990487 -0.029700  0.134360   -31.533041
-0.018003  0.940066  0.340518     8.761098
-0.136421 -0.339697  0.930589   -11.748764
