>../../../../class1/glu2//data/domains/Catalytic_domain/structures/GlxRS_AF_Arch_Candidatus_Korarchaeum_cryptofilum_OPF8_gene6094352.pdb
-0.584281  0.728743 -0.357139    -0.844269
 0.802496  0.584364 -0.120490    52.037438
 0.120893 -0.357003 -0.926247    25.533026
>../../../../class1/glu2//data/domains/Catalytic_domain/structures/GlxRS_AF_Arch_Methanothrix_soehngenii_GP6_gene10459943.pdb
 0.561692 -0.706539  0.430471     1.506519
 0.054439 -0.487614 -0.871361    50.583424
 0.825554  0.512870 -0.235425    23.745408
>../../../../class1/glu2//data/domains/Catalytic_domain/structures/GlxRS_AF_Arch_Nitrosopumilus_maritimus_SCM1_gene5773999.pdb
-0.591832  0.724738 -0.352832     1.147963
-0.788285 -0.611807  0.065564    49.578548
-0.168348  0.316935  0.933387    25.491597
>../../../../class1/glu2//data/domains/Catalytic_domain/structures/GlxRS_AF_Arch_Sulfolobus_islandicus_LAL14_1_gene15298417.pdb
-0.009729 -0.996076 -0.087961     0.876969
-0.124348 -0.086077  0.988498    53.712170
-0.992191  0.020555 -0.123022    20.562017
>../../../../class1/glu2//data/domains/Catalytic_domain/structures/GlxRS_AF_Euk_Cyathus_striatus_proteinKAF9013924.1.pdb
 0.098456 -0.992364 -0.074300     1.406694
-0.010439  0.073629 -0.997231    50.214046
 0.995087  0.098959 -0.003110    33.594004
>../../../../class1/glu2//data/domains/Catalytic_domain/structures/GlxRS_AF_Euk_Lichtheimia_hyalospora_proteinKAI7879902.1.pdb
-0.548411 -0.305806 -0.778286     5.348522
 0.360852  0.753063 -0.550165    57.515629
 0.754342 -0.582562 -0.302637    25.017530
>../../../../class1/glu2//data/domains/Catalytic_domain/structures/GlxRS_AF_Euk_Medicago_truncatula_gene11407510.pdb
-0.318403 -0.848449 -0.422793    -4.905155
 0.166953  0.388843 -0.906050    55.185821
 0.933138 -0.359076  0.017842    30.682464
>../../../../class1/glu2//data/domains/Catalytic_domain/structures/GlxRS_AF_Euk_Xylariaceae_sp_FL0804_proteinKAI0483267.1.pdb
 0.473848 -0.735335  0.484511     9.133227
-0.310718  0.375200  0.873315    56.439895
-0.823967 -0.564365 -0.050694    22.804504
>../../../../class1/glu2//data/domains/Catalytic_domain/structures/GlxRS_PDB_Arch_M_thermau_3AII.pdb
 0.501237 -0.086535 -0.860972    58.170835
 0.621266 -0.656596  0.427680    51.165264
-0.602320 -0.749262 -0.275349    70.574771
>../../../../class1/tyr//data/domains/Catalytic_domain/structures/TyrRS_AF_Arch_Candidatus_Korarchaeum_cryptofilum_OPF8_gene6094625.pdb
-0.536527  0.225832 -0.813104     2.251257
 0.368919  0.929346  0.014685    46.896626
 0.758971 -0.292091 -0.581933    20.949513
>../../../../class1/tyr//data/domains/Catalytic_domain/structures/TyrRS_AF_Arch_Desulfurococcus_amylolyticus_1221n_gene7171652.pdb
-0.237344  0.843850 -0.481233     2.524899
 0.927997  0.343422  0.144507    46.738888
 0.287208 -0.412286 -0.864599    19.553420
>../../../../class1/tyr//data/domains/Catalytic_domain/structures/TyrRS_AF_Arch_Methanothermococcus_okinawensis_IH1_gene10772133.pdb
 0.827996 -0.540530  0.149163     3.332991
-0.189877 -0.520574 -0.832436    48.996972
 0.527608  0.660931 -0.533667    16.926768
>../../../../class1/tyr//data/domains/Catalytic_domain/structures/TyrRS_AF_Arch_Thermoplasma_acidophilum_DSM_1728_gene1456112.pdb
-0.080505  0.832768  0.547738     0.208938
-0.992174 -0.119570  0.035964    42.071053
 0.095443 -0.540556  0.835877    22.161727
>../../../../class1/tyr//data/domains/Catalytic_domain/structures/TyrRS_AF_Bact_Bifidobacterium_animalis_subsp_lactis_BLC1_gene66533077.pdb
-0.400108  0.914050 -0.066522     0.061960
 0.890156  0.404864  0.209064    50.940828
 0.218027  0.024433 -0.975637    24.040354
>../../../../class1/tyr//data/domains/Catalytic_domain/structures/TyrRS_AF_Bact_Brachyspira_pilosicoli_95_1000_gene56440491.pdb
 0.294397  0.602524  0.741819     4.478770
-0.896019  0.443987 -0.005025    43.264045
-0.332386 -0.663205  0.670582    22.508517
>../../../../class1/tyr//data/domains/Catalytic_domain/structures/TyrRS_AF_Bact_Chlamydia_psittaci_6BC_gene12242888.pdb
-0.212786  0.976897 -0.019839     1.468639
 0.959613  0.212760  0.184053    46.421983
 0.184022  0.020126 -0.982716    21.514925
>../../../../class1/tyr//data/domains/Catalytic_domain/structures/TyrRS_AF_Bact_Lactococcus_lactis_subsp_cremoris_KW2_gene61108704.pdb
-0.215612  0.976463 -0.005669     1.548425
 0.948706  0.210851  0.235582    50.441145
 0.231233  0.045416 -0.971838    24.613884
>../../../../class1/tyr//data/domains/Catalytic_domain/structures/TyrRS_AF_Bact_Porphyromonas_gingivalis_ATCC_33277_gene29255602.pdb
 0.150831  0.903680  0.400765     0.387846
-0.930805  0.266364 -0.250306    44.824441
-0.332946 -0.335280  0.881325    25.583506
>../../../../class1/tyr//data/domains/Catalytic_domain/structures/TyrRS_AF_Bact_Prochlorococcus_marinus_subsp_marinus_str_CCMP1375_gene54200747.pdb
 0.674423  0.151044  0.722730     0.865897
 0.631186 -0.625819 -0.458208    47.409034
 0.383089  0.765204 -0.517403    20.683308
>../../../../class1/tyr//data/domains/Catalytic_domain/structures/TyrRS_AF_Bact_Serratia_plymuthica_AS9_gene57666950.pdb
 0.748152  0.340427  0.569541    -0.844301
 0.456541 -0.886980 -0.069546    51.421239
 0.481496  0.312050 -0.819015    24.426228
>../../../../class1/tyr//data/domains/Catalytic_domain/structures/TyrRS_AF_Bact_Streptobacillus_moniliformis_DSM_12112_gene29673957.pdb
 0.612111  0.638351  0.466720     5.251320
 0.686072 -0.722195  0.087979    53.655140
 0.393224  0.266350 -0.880018    19.367211
>../../../../class1/tyr//data/domains/Catalytic_domain/structures/TyrRS_AF_Euk_Cryptococcus_neoformans_var_neoformans_JEC21_gene3254328.pdb
 0.038609  0.965474  0.257624     0.074037
 0.993193 -0.065431  0.096364    50.362794
 0.109893  0.252150 -0.961428    23.186640
>../../../../class1/tyr//data/domains/Catalytic_domain/structures/TyrRS_AF_Euk_Drosophila_melanogaster_gene39829.pdb
 0.637996  0.063439  0.767422     5.450391
-0.672875 -0.438671  0.595657    40.731769
 0.374434 -0.896406 -0.237184    26.614897
>../../../../class1/tyr//data/domains/Catalytic_domain/structures/TyrRS_AF_Euk_Plasmodium_falciparum_3D7_gene2655248.pdb
-0.088797  0.453249 -0.886950     0.638354
 0.808005  0.553485  0.201948    47.392367
 0.582446 -0.698728 -0.415375    18.160213
>../../../../class1/tyr//data/domains/Catalytic_domain/structures/TyrRS_AF_Euk_Seriola_dumerili_gene111223086.pdb
 0.527760 -0.779175  0.338163     7.153367
-0.723564 -0.620937 -0.301484    39.316324
 0.444887 -0.085571 -0.891489    26.005996
>../../../../class1/tyr//data/domains/Catalytic_domain/structures/TyrRS_AF_Mito_Aspergillus_fumigatus_Af293_gene3509181.pdb
-0.741998 -0.667032  0.067138    -4.931877
-0.498669  0.616083  0.609731    45.528981
-0.448072  0.418939 -0.789760    12.247907
>../../../../class1/tyr//data/domains/Catalytic_domain/structures/TyrRS_AF_Mito_Cyanidioschyzon_merolae_strain_10D_gene16996209.pdb
-0.077144  0.932439  0.352997     0.019777
 0.988624  0.025688  0.148198    50.632498
 0.129118  0.360413 -0.923813    21.700711
>../../../../class1/tyr//data/domains/Catalytic_domain/structures/TyrRS_AF_Vir_Megavirus_chiliensis_gene11257765.pdb
 0.500965 -0.861777  0.079841     0.475624
-0.612397 -0.418154 -0.670907    47.124379
 0.611558  0.287207 -0.737231    13.844774
>../../../../class1/tyr//data/domains/Catalytic_domain/structures/TyrRS_PDB_Arch_M_jannashii_1U7D.pdb
 1.000000  0.000000  0.000000     0.000000
 0.000000  1.000000  0.000000     0.000000
 0.000000  0.000000  1.000000     0.000000
>../../../../class1/tyr//data/domains/Catalytic_domain/structures/TyrRS_PDB_E_coli_Bact_1WQ4.pdb
-0.983207 -0.015765  0.181813    19.183807
 0.173991  0.219612  0.959947   -12.896048
-0.055061  0.975460 -0.213181    20.802418
>../../../../class1/tyr//data/domains/Catalytic_domain/structures/TyrRS_PDB_Vir_Acanthamoeba_polyphaga_mimivirus_2J5B.pdb
-0.143211  0.897861  0.416336   -75.850850
 0.481801 -0.304209  0.821781     3.475320
 0.864499  0.318279 -0.389024   -30.872573
