>../../../../class1/leu1//data/domains/Catalytic_domain/structures/LeuRS-B_AF_Bact_Bifidobacterium_longum_subsp_longum_JCM_1217_gene69578373.pdb
 0.302828  0.359360  0.882698    -5.840655
 0.014971 -0.927866  0.372613    -3.507156
 0.952928 -0.099623 -0.286363    12.720589
>../../../../class1/leu1//data/domains/Catalytic_domain/structures/LeuRS-B_AF_Bact_Brachyspira_pilosicoli_95_1000_gene56439070.pdb
-0.329816  0.846952  0.417006    -4.379589
 0.627936 -0.133021  0.766812    -2.636487
 0.704924  0.514760 -0.487960     9.468241
>../../../../class1/leu1//data/domains/Catalytic_domain/structures/LeuRS-B_AF_Bact_Chlamydia_psittaci_6BC_gene12243068.pdb
 0.531907  0.845633  0.044485    -4.609472
-0.547591  0.383558 -0.743658    -1.604864
-0.645924  0.371197  0.667079    10.185282
>../../../../class1/leu1//data/domains/Catalytic_domain/structures/LeuRS-B_AF_Bact_Clostridium_botulinum_A_str_ATCC_3502_gene5187707.pdb
 0.019651 -0.671014 -0.741185    -2.003529
 0.830447 -0.401860  0.385832    -3.293502
-0.556751 -0.623096  0.549344    13.170780
>../../../../class1/leu1//data/domains/Catalytic_domain/structures/LeuRS-B_AF_Bact_Mycoplasma_hyopneumoniae_168-L_gene57101518.pdb
-0.872392 -0.450103 -0.190627    -4.606176
-0.470239  0.879268  0.075915    -3.915569
 0.133443  0.155868 -0.978723    11.972104
>../../../../class1/leu1//data/domains/Catalytic_domain/structures/LeuRS-B_AF_Bact_Orientia_tsutsugamushi_str_Ikeda_gene66652454.pdb
 0.677803  0.703993  0.212075    -4.665645
-0.456293  0.628942 -0.629467    -1.337791
-0.576523  0.329887  0.747526    11.362449
>../../../../class1/leu1//data/domains/Catalytic_domain/structures/LeuRS-B_AF_Bact_Porphyromonas_gingivalis_ATCC_33277_gene29256038.pdb
-0.152319  0.826293  0.542253    -5.546948
 0.423471 -0.441176  0.791224    -1.748622
 0.893012  0.350147 -0.282712    10.629303
>../../../../class1/leu1//data/domains/Catalytic_domain/structures/LeuRS-B_AF_Bact_Thermus_thermophilus_HB8_gene3168656.pdb
 0.138131 -0.678889 -0.721131    -3.185874
 0.844212 -0.300035  0.444168     3.561219
-0.517905 -0.670141  0.531682    12.108479
>../../../../class1/leu1//data/domains/Catalytic_domain/structures/LeuRS-B_AF_Euk_Bathycoccus_prasinos_gene19015540.pdb
 0.582413  0.796857 -0.160669    -5.498491
-0.587036  0.275575 -0.761214    -2.608142
-0.562302  0.537659  0.628282    11.578652
>../../../../class1/leu1//data/domains/Catalytic_domain/structures/LeuRS-B_AF_Euk_Plasmodium_falciparum_3D7_gene2655460.pdb
 0.290331  0.155721  0.944171    -1.476890
 0.003587 -0.986841  0.161655     1.675654
 0.956920 -0.043547 -0.287069    12.803979
>../../../../class1/leu1//data/domains/Catalytic_domain/structures/LeuRS-B_AF_Euk_Thalassiosira_pseudonana_CCMP1335_gene7441753.pdb
-0.304021  0.773897  0.555567    -5.502571
 0.568009 -0.320926  0.757874     2.188710
 0.764812  0.545976 -0.342012    13.329417
>../../../../class1/leu1//data/domains/Catalytic_domain/structures/LeuRS-B_AF_Mito_Homo_sapiens_gene23395.pdb
 0.551701  0.834025 -0.005235    -3.898844
-0.460924  0.299654 -0.835318    -3.905132
-0.695108  0.463259  0.549742     9.865488
>../../../../class1/leu1//data/domains/Catalytic_domain/structures/LeuRS-B_AF_Mito_Treponema_denticola_ATCC_35405_gene2739434.pdb
-0.232722 -0.953605  0.190990    -4.313407
-0.861228  0.110842 -0.495984    -1.813662
 0.451803 -0.279912 -0.847067    11.375229
>../../../../class1/leu1//data/domains/Catalytic_domain/structures/LeuRS-B_PDB_Bact_T_therm_2V0C.pdb
 0.274464 -0.909680 -0.311691   -35.243395
-0.124971  0.287646 -0.949548    30.426240
 0.953442  0.299569 -0.034735     2.830424
>../../../../class1/met//data/domains/Catalytic_domain/structures/MetRS_AF_Arch_Aciduliprofundum_boonei_T469_gene8827030.pdb
-0.629888 -0.769995  0.101735    -2.611420
-0.756982  0.579301 -0.302304     4.845456
 0.173837 -0.267429 -0.947767     3.173825
>../../../../class1/met//data/domains/Catalytic_domain/structures/MetRS_AF_Arch_Candidatus_Korarchaeum_cryptofilum_OPF8_gene6093355.pdb
-0.042797  0.535644  0.843359    -3.936543
 0.327894 -0.789845  0.518295     2.782540
 0.943745  0.298714 -0.141832     0.034317
>../../../../class1/met//data/domains/Catalytic_domain/structures/MetRS_AF_Arch_Candidatus_Nitrosopumilus_sediminis_gene13696902.pdb
 0.827958  0.560773 -0.004382    -1.075965
-0.477198  0.700417 -0.530753     1.554774
-0.294563  0.441532  0.847515     1.402548
>../../../../class1/met//data/domains/Catalytic_domain/structures/MetRS_AF_Arch_Halalkalicoccus_jeotgali_B3_gene9420443.pdb
-0.731140 -0.681492 -0.031674    -1.993390
-0.638449  0.699848 -0.320306     1.189016
 0.240453 -0.213966 -0.946785     3.267757
>../../../../class1/met//data/domains/Catalytic_domain/structures/MetRS_AF_Bact_Bacillus_anthracis_str_Ames_Ancestor_gene45024892.pdb
 0.428616 -0.573706 -0.697961    -2.556363
 0.591461 -0.405805  0.696776     1.382461
-0.682981 -0.711466  0.165390     2.296474
>../../../../class1/met//data/domains/Catalytic_domain/structures/MetRS_AF_Bact_Brucella_suis_1330_gene45052047.pdb
-0.141581  0.560692  0.815830    -1.008268
 0.429101 -0.707922  0.560998     0.475808
 0.892091  0.429500 -0.140366    -0.537932
>../../../../class1/met//data/domains/Catalytic_domain/structures/MetRS_AF_Bact_Chlamydia_psittaci_6BC_gene12243105.pdb
-0.986789 -0.099588  0.127784     0.677873
-0.090945  0.993265  0.071790    -3.101774
-0.134073  0.059220 -0.989200     1.716998
>../../../../class1/met//data/domains/Catalytic_domain/structures/MetRS_AF_Bact_Mycoplasma_hyopneumoniae_168-L_gene57101263.pdb
-0.918841 -0.394621  0.002406     0.637756
-0.384131  0.895780  0.223655    -0.184406
-0.090415  0.204579 -0.974665     2.028812
>../../../../class1/met//data/domains/Catalytic_domain/structures/MetRS_AF_Bact_Nocardia_farcinica_IFM_10152_gene61135500.pdb
-0.545819  0.679260  0.490598    -0.083551
 0.670487  0.002919  0.741915    -0.550175
 0.502522  0.733892 -0.457029    -1.625846
>../../../../class1/met//data/domains/Catalytic_domain/structures/MetRS_AF_Bact_Prochlorococcus_marinus_subsp_marinus_str_CCMP1375_gene54200313.pdb
 1.000000  0.000000  0.000000     0.000000
 0.000000  1.000000  0.000000     0.000000
 0.000000  0.000000  1.000000     0.000000
>../../../../class1/met//data/domains/Catalytic_domain/structures/MetRS_AF_Bact_Streptobacillus_moniliformis_DSM_12112_gene29673607.pdb
 0.312536  0.395053 -0.863860     0.657046
 0.235679 -0.913230 -0.332364     3.163999
-0.920205 -0.099718 -0.378523     1.363911
>../../../../class1/met//data/domains/Catalytic_domain/structures/MetRS_AF_Bact_Treponema_denticola_ATCC_35405_gene2740824.pdb
 0.987214  0.130163 -0.092013    -2.451311
-0.158662  0.857931 -0.488651     1.075305
 0.015337  0.497003  0.867614    -1.117739
>../../../../class1/met//data/domains/Catalytic_domain/structures/MetRS_AF_Euk_Drosophila_melanogaster_gene37177.pdb
-0.613958 -0.631895  0.473038     4.571059
-0.781765  0.403958 -0.475039    -5.425894
 0.109088 -0.661458 -0.742006     3.670092
>../../../../class1/met//data/domains/Catalytic_domain/structures/MetRS_AF_Euk_Oryza_sativa_Japonica_Group_gene4341140.pdb
-0.254641 -0.758291  0.600128     2.075657
-0.809896 -0.171879 -0.560826    -1.439039
 0.528418 -0.628850 -0.570369     6.171697
>../../../../class1/met//data/domains/Catalytic_domain/structures/MetRS_AF_Euk_Scheffersomyces_stipitis_CBS_6054_gene4836672.pdb
 0.699014  0.714932 -0.015880     4.200045
-0.547298  0.520555 -0.655352     1.710106
-0.460266  0.466792  0.755156    -5.518481
>../../../../class1/met//data/domains/Catalytic_domain/structures/MetRS_AF_Euk_Trypanosoma_brucei_brucei_TREU927_gene3662741.pdb
 0.131113  0.278454 -0.951458     2.208363
 0.110914 -0.957838 -0.265037     0.433614
-0.985143 -0.070780 -0.156469    -1.490166
>../../../../class1/met//data/domains/Catalytic_domain/structures/MetRS_AF_Mito_Arvicanthis_niloticus_gene117706247.pdb
 0.277218  0.836714 -0.472292     2.287658
-0.405787 -0.343608 -0.846918     1.476702
-0.870912  0.426431  0.244274     0.386651
>../../../../class1/met//data/domains/Catalytic_domain/structures/MetRS_AF_Mito_Brachypodium_distachyon_gene100843706.pdb
-0.717114 -0.692542  0.078314     0.564903
-0.696859  0.710598 -0.097152     1.370058
 0.011632 -0.124243 -0.992184     1.620777
>../../../../class1/met//data/domains/Catalytic_domain/structures/MetRS_AF_Vir_Megavirus_chiliensis_gene11256705.pdb
 0.796712  0.603801 -0.025991    -2.520263
-0.489427  0.619371 -0.613874     1.533591
-0.354559  0.501801  0.788976     2.287015
>../../../../class1/met//data/domains/Catalytic_domain/structures/MetRS_PDB_Arch_P_abyssi_1RQG.pdb
 0.286129  0.125419 -0.949948    79.479966
 0.267135 -0.962531 -0.046618    25.620666
-0.920201 -0.240425 -0.308912    53.651764
>../../../../class1/met//data/domains/Catalytic_domain/structures/MetRS_PDB_Bact_E_coli_1PFV.pdb
-0.356966  0.551045  0.754271   -26.748714
 0.890904 -0.041919  0.452253   -19.932283
 0.280830  0.833422 -0.475965     7.319544
>../../../../class1/met//data/domains/Catalytic_domain/structures/MetRS_PDB_Bact_T_therm_1WOY.pdb
 0.256244  0.940968 -0.221175    46.864371
 0.378220  0.112967  0.918797  -112.946790
 0.889544 -0.319089 -0.326945    34.496806
