>../../../../class1/leu1//data/domains/Catalytic_domain/structures/LeuRS-B_AF_Bact_Bifidobacterium_longum_subsp_longum_JCM_1217_gene69578373.pdb
 0.999604 -0.026811  0.008588     0.380964
 0.026758  0.999623  0.006231     0.150966
-0.008752 -0.005998  0.999944    -0.082013
>../../../../class1/leu1//data/domains/Catalytic_domain/structures/LeuRS-B_AF_Bact_Brachyspira_pilosicoli_95_1000_gene56439070.pdb
 0.616607  0.740497 -0.267320    -2.099535
-0.741226  0.431631 -0.514079     0.492997
-0.265290  0.515130  0.815023     2.067655
>../../../../class1/leu1//data/domains/Catalytic_domain/structures/LeuRS-B_AF_Bact_Chlamydia_psittaci_6BC_gene12243068.pdb
-0.474776  0.648515  0.594993    -1.456150
 0.757753 -0.042658  0.651146    -0.686723
 0.447659  0.760006 -0.471161     1.928224
>../../../../class1/leu1//data/domains/Catalytic_domain/structures/LeuRS-B_AF_Bact_Clostridium_botulinum_A_str_ATCC_3502_gene5187707.pdb
-0.468956 -0.821205  0.325120     2.022879
-0.733297  0.156835 -0.661572     1.404661
 0.492296 -0.548658 -0.675736     2.891559
>../../../../class1/leu1//data/domains/Catalytic_domain/structures/LeuRS-B_AF_Bact_Mycoplasma_hyopneumoniae_168-L_gene57101518.pdb
-0.196682  0.065427 -0.978282    -0.078128
 0.084925 -0.992884 -0.083478     1.122950
-0.976782 -0.099499  0.189726     0.246119
>../../../../class1/leu1//data/domains/Catalytic_domain/structures/LeuRS-B_AF_Bact_Orientia_tsutsugamushi_str_Ikeda_gene66652454.pdb
-0.362872  0.598018  0.714632    -0.092327
 0.705941 -0.324170  0.629731    -1.006888
 0.608253  0.733000 -0.304533     1.487564
>../../../../class1/leu1//data/domains/Catalytic_domain/structures/LeuRS-B_AF_Bact_Porphyromonas_gingivalis_ATCC_33277_gene29256038.pdb
 0.830371  0.557024 -0.014424    -0.873586
-0.485203  0.710094 -0.510240    -0.890205
-0.273974  0.430687  0.859911     0.743489
>../../../../class1/leu1//data/domains/Catalytic_domain/structures/LeuRS-B_AF_Bact_Thermus_thermophilus_HB8_gene3168656.pdb
-0.412819 -0.845763  0.338031     0.743891
-0.697627  0.055007 -0.714346    -5.245396
 0.585574 -0.530715 -0.612735     4.979928
>../../../../class1/leu1//data/domains/Catalytic_domain/structures/LeuRS-B_AF_Euk_Bathycoccus_prasinos_gene19015540.pdb
-0.394089  0.778189  0.488995    -0.525151
 0.792200  0.017876  0.610000    -0.426215
 0.465954  0.627776 -0.623526     0.245899
>../../../../class1/leu1//data/domains/Catalytic_domain/structures/LeuRS-B_AF_Euk_Thalassiosira_pseudonana_CCMP1335_gene7441753.pdb
 0.683244  0.724528 -0.090751     1.459956
-0.668417  0.570565 -0.477152    -4.588509
-0.293931  0.386671  0.874123     1.686585
>../../../../class1/leu1//data/domains/Catalytic_domain/structures/LeuRS-B_AF_Mito_Homo_sapiens_gene23395.pdb
-0.515989  0.694683  0.501169    -1.674636
 0.690382 -0.009083  0.723388     1.433861
 0.507077  0.719259 -0.474910     2.105990
>../../../../class1/leu1//data/domains/Catalytic_domain/structures/LeuRS-B_AF_Mito_Treponema_denticola_ATCC_35405_gene2739434.pdb
 0.306952 -0.553392 -0.774298    -0.313138
 0.668772 -0.453434  0.589188    -0.655370
-0.677145 -0.698681  0.230910     1.899004
>../../../../class1/leu1//data/domains/Catalytic_domain/structures/LeuRS-B_PDB_Bact_T_therm_2V0C.pdb
 0.983898  0.051119 -0.171264   -15.748791
 0.163819 -0.641089  0.749778   -41.845679
-0.071467 -0.765762 -0.639141    -9.787947
>../../../../class1/met//data/domains/Catalytic_domain/structures/MetRS_AF_Arch_Aciduliprofundum_boonei_T469_gene8827030.pdb
-0.055664 -0.473400 -0.879087    -7.444946
 0.444402 -0.800178  0.402767    -5.611144
-0.894096 -0.368248  0.254921     8.594239
>../../../../class1/met//data/domains/Catalytic_domain/structures/MetRS_AF_Arch_Candidatus_Korarchaeum_cryptofilum_OPF8_gene6093355.pdb
 0.899102  0.412666  0.146023   -10.826500
-0.391238  0.907181 -0.154774    -4.012161
-0.196339  0.082028  0.977099     7.486126
>../../../../class1/met//data/domains/Catalytic_domain/structures/MetRS_AF_Arch_Candidatus_Nitrosopumilus_sediminis_gene13696902.pdb
-0.048777  0.629006  0.775869    -8.540743
 0.765612 -0.475323  0.433482    -2.121622
 0.641450  0.615159 -0.458390     8.979037
>../../../../class1/met//data/domains/Catalytic_domain/structures/MetRS_AF_Arch_Halalkalicoccus_jeotgali_B3_gene9420443.pdb
-0.032034 -0.394454 -0.918357    -7.127180
 0.303362 -0.879321  0.367105    -2.059648
-0.952337 -0.266834  0.147831     7.421224
>../../../../class1/met//data/domains/Catalytic_domain/structures/MetRS_AF_Bact_Bacillus_anthracis_str_Ames_Ancestor_gene45024892.pdb
-0.500408 -0.865291 -0.029390    -8.353454
-0.316517  0.214431 -0.924033    -2.267508
 0.805859 -0.453091 -0.381182     7.551866
>../../../../class1/met//data/domains/Catalytic_domain/structures/MetRS_AF_Bact_Brucella_suis_1330_gene45052047.pdb
 0.828146  0.541577  0.144461   -10.580428
-0.510877  0.835345 -0.202987    -0.562252
-0.230608  0.094301  0.968466     9.451022
>../../../../class1/met//data/domains/Catalytic_domain/structures/MetRS_AF_Bact_Chlamydia_psittaci_6BC_gene12243105.pdb
-0.433881  0.053085 -0.899405    -8.041294
-0.276538 -0.957924  0.076866     3.350857
-0.857481  0.282070  0.430305     8.845007
>../../../../class1/met//data/domains/Catalytic_domain/structures/MetRS_AF_Bact_Mycoplasma_hyopneumoniae_168-L_gene57101263.pdb
-0.380083  0.112207 -0.918121    -7.713447
 0.020626 -0.991340 -0.129694     0.505901
-0.924722 -0.068232  0.374477     9.742480
>../../../../class1/met//data/domains/Catalytic_domain/structures/MetRS_AF_Bact_Nocardia_farcinica_IFM_10152_gene61135500.pdb
 0.349476  0.904943 -0.242784   -11.338977
-0.857617  0.204612 -0.471834     0.696174
-0.377306  0.373110  0.847602    10.119838
>../../../../class1/met//data/domains/Catalytic_domain/structures/MetRS_AF_Bact_Prochlorococcus_marinus_subsp_marinus_str_CCMP1375_gene54200313.pdb
 0.306860  0.050712  0.950403    -9.755071
 0.374189 -0.924594 -0.071481     0.155291
 0.875111  0.377565 -0.302696     9.958473
>../../../../class1/met//data/domains/Catalytic_domain/structures/MetRS_AF_Bact_Streptobacillus_moniliformis_DSM_12112_gene29673607.pdb
-0.767871 -0.023630 -0.640168    -8.058844
-0.037524  0.999263  0.008124    -2.594672
 0.639504  0.030260 -0.768192    11.320379
>../../../../class1/met//data/domains/Catalytic_domain/structures/MetRS_AF_Bact_Treponema_denticola_ATCC_35405_gene2740824.pdb
 0.300207  0.549569  0.779647   -11.672617
 0.529329 -0.775933  0.343131    -1.425135
 0.793528  0.309679 -0.523843     8.596432
>../../../../class1/met//data/domains/Catalytic_domain/structures/MetRS_AF_Euk_Drosophila_melanogaster_gene37177.pdb
-0.109081 -0.805157 -0.582943    -5.215990
 0.474921 -0.557394  0.681001     6.755729
-0.873242 -0.202568  0.443187    10.845433
>../../../../class1/met//data/domains/Catalytic_domain/structures/MetRS_AF_Euk_Oryza_sativa_Japonica_Group_gene4341140.pdb
 0.386899 -0.835374 -0.390461    -3.233209
 0.611812 -0.084261  0.786502     1.800417
-0.689924 -0.543186  0.478492     9.537185
>../../../../class1/met//data/domains/Catalytic_domain/structures/MetRS_AF_Euk_Scheffersomyces_stipitis_CBS_6054_gene4836672.pdb
-0.274171  0.673797  0.686169   -14.013532
 0.808200 -0.225255  0.544125     0.900621
 0.521193  0.703745 -0.482805    15.843403
>../../../../class1/met//data/domains/Catalytic_domain/structures/MetRS_AF_Euk_Trypanosoma_brucei_brucei_TREU927_gene3662741.pdb
-0.891297 -0.039006 -0.451739   -10.595716
 0.009646  0.994436 -0.104897     0.782783
 0.453317 -0.097852 -0.885962    12.453128
>../../../../class1/met//data/domains/Catalytic_domain/structures/MetRS_AF_Mito_Arvicanthis_niloticus_gene117706247.pdb
-0.768966  0.638204  0.037226    -8.717477
 0.532678  0.607446  0.589292    -0.332470
 0.353476  0.472975 -0.807062    12.440781
>../../../../class1/met//data/domains/Catalytic_domain/structures/MetRS_AF_Mito_Brachypodium_distachyon_gene100843706.pdb
-0.244027 -0.284343 -0.927146    -8.059385
 0.365984 -0.912355  0.183478    -0.957168
-0.898057 -0.294547  0.326704    10.456555
>../../../../class1/met//data/domains/Catalytic_domain/structures/MetRS_PDB_Arch_P_abyssi_1RQG.pdb
-0.770356 -0.228923 -0.595101    67.522186
-0.071482  0.958449 -0.276162     0.671058
 0.633594 -0.170204 -0.754711    72.433263
>../../../../class1/met//data/domains/Catalytic_domain/structures/MetRS_PDB_Bact_E_coli_1PFV.pdb
 0.203975  0.959877 -0.192433   -12.040359
-0.976403  0.185227 -0.111033     8.081949
-0.070934  0.210540  0.975008   -23.126288
>../../../../class1/met//data/domains/Catalytic_domain/structures/MetRS_PDB_Bact_T_therm_1WOY.pdb
 0.934663  0.016172 -0.355168    35.136307
-0.346997  0.259111 -0.901363   118.438478
 0.077451  0.965712  0.247793    -1.416166
