>structures/GlyRS-Bα_AF_Bact_Brachyspira_pilosicoli_95_1000_gene56440230.pdb
-0.578738  0.298667  0.758855     1.126013
-0.789836  0.026384 -0.612750   -21.811350
-0.203030 -0.953993  0.220628     2.762925
>structures/GlyRS-Bα_AF_Bact_Chlamydia_pneumoniae_TW-183_gene45051002.pdb
 0.953968 -0.006040 -0.299847     1.465909
 0.096945  0.952333  0.289246    -0.027095
 0.283808 -0.305000  0.909081     0.977205
>structures/GlyRS-Bα_AF_Bact_Lacticaseibacillus_paracasei_gene61269714.pdb
 0.701691 -0.475758 -0.530362     1.694808
-0.555739  0.100346 -0.825279   -22.188084
 0.445853  0.873834 -0.193985     4.494011
>structures/GlyRS-Bα_AF_Bact_Prochlorococcus_marinus_subsp_marinus_str_CCMP1375_gene54200602.pdb
 0.856572  0.108127 -0.504572     1.417213
-0.396665 -0.487456 -0.777846   -22.420935
-0.330063  0.866427 -0.374651     4.735323
>structures/GlyRS-Bα_AF_Bact_Salmonella_enterica_subsp_enterica_serovar_Typhimurium_str_LT2_gene1255180.pdb
 0.925662  0.162748 -0.341561     1.123496
 0.206743 -0.973637  0.096372   -20.828590
-0.316872 -0.159823 -0.934906     5.515651
>structures/GlyRS-Bα_AF_Bact_Streptobacillus_moniliformis_DSM_12112_gene29673275.pdb
 0.844749  0.052242 -0.532607     1.315187
-0.513718 -0.199752 -0.834382   -21.981778
-0.149979  0.978453 -0.141903     4.511920
>structures/GlyRS-Bα_AF_Euk_Ostreococcus_tauri_gene9837276.pdb
 0.526783 -0.328353 -0.784018     1.914619
 0.839744  0.058186  0.539856    -1.823820
-0.131645 -0.942761  0.306384     0.421478
>structures/GlyRS-Bα_AF_Euk_Vulpes_lagopus_gene121489478.pdb
 0.524580 -0.752542 -0.398117     0.058039
 0.776960  0.231988  0.585247   -25.595674
-0.348064 -0.616330  0.706391     4.472569
>structures/GlyRS-Bα_AF_Mito_Nymphaea_colorata_gene116265348.pdb
 1.000000 -0.000000  0.000000     0.000000
 0.000000  1.000000  0.000000     0.000000
-0.000000  0.000000  1.000000     0.000000
>structures/GlyRS-Bα_PDB_Bact_A_aeolicus_5f5w.pdb
-0.178864 -0.367454 -0.912680    -4.876989
 0.073952  0.919994 -0.384892   -29.703087
 0.981091 -0.136338 -0.137380    53.410595
>structures/GlyRS-Bα_PDB_Bact_C_jejuni_3ufg.pdb
 0.795396  0.523772 -0.304974   -33.566221
 0.315905  0.071161  0.946119   -31.591922
 0.517252 -0.848881 -0.108861    15.652711
>structures/GlyRS-Bα_PDB_Bact_T_maritima_1j5w.pdb
 0.971326 -0.005336  0.237691   -39.725968
 0.166658 -0.697722 -0.696713    17.562212
 0.169560  0.716349 -0.676826   -38.438819
