>../../../../class1/cys//data/domains/Catalytic_domain/structures/CysRS_AF_Arch_Aciduliprofundum_boonei_T469_gene8827372.pdb
 0.716365 -0.662451 -0.219042     6.207769
 0.671541  0.569426  0.474116     3.244216
-0.189350 -0.486736  0.852780     0.760542
>../../../../class1/cys//data/domains/Catalytic_domain/structures/CysRS_AF_Arch_Candidatus_Nitrosopumilus_sediminis_gene13696907.pdb
 0.819199 -0.573350 -0.013531     2.206057
 0.567302  0.806643  0.165821    -3.776360
-0.084158 -0.143516  0.986063     1.324005
>../../../../class1/cys//data/domains/Catalytic_domain/structures/CysRS_AF_Arch_Methanospirillum_hungatei_JF-1_gene3922979.pdb
 0.226975  0.944590 -0.237132     4.053511
-0.637604 -0.039924 -0.769329     2.546433
-0.736168  0.325815  0.593213    -4.309269
>../../../../class1/cys//data/domains/Catalytic_domain/structures/CysRS_AF_Arch_Pyrobaculum_ferrireducens_gene11593896.pdb
 0.034399  0.857671 -0.513047     0.915295
-0.361566 -0.467898 -0.806438    -0.502986
-0.931712  0.213241  0.294010     0.215681
>../../../../class1/cys//data/domains/Catalytic_domain/structures/CysRS_AF_Bact_Bordetella_avium_197N_gene41394405.pdb
 0.471732  0.853432  0.221639     2.271654
-0.389964  0.427377 -0.815645    -0.944885
-0.790820  0.298335  0.534415    -0.555261
>../../../../class1/cys//data/domains/Catalytic_domain/structures/CysRS_AF_Bact_Lactobacillus_amylovorus_GRL1118_gene66523130.pdb
 0.251205  0.946973 -0.200345     1.625233
-0.549205 -0.030991 -0.835113     0.665841
-0.797038  0.319815  0.512297    -0.650457
>../../../../class1/cys//data/domains/Catalytic_domain/structures/CysRS_AF_Bact_Mycobacterium_canettii_CIPT_140010059_gene45427568.pdb
-0.904883 -0.241090 -0.350804     3.506515
-0.347666  0.894107  0.282314    -0.031172
 0.245593  0.377424 -0.892880    -0.546866
>../../../../class1/cys//data/domains/Catalytic_domain/structures/CysRS_AF_Bact_Mycoplasma_hyopneumoniae_168-L_gene57101512.pdb
 0.067173  0.946631 -0.315241     3.234734
-0.430654 -0.257498 -0.865004    -0.274558
-0.900014  0.193865  0.390374    -2.420543
>../../../../class1/cys//data/domains/Catalytic_domain/structures/CysRS_AF_Bact_Porphyromonas_gingivalis_ATCC_33277_gene29256960.pdb
 0.898260 -0.433199  0.073940     7.563463
 0.397467  0.872615  0.283838    -0.340413
-0.187480 -0.225571  0.956017     0.729695
>../../../../class1/cys//data/domains/Catalytic_domain/structures/CysRS_AF_Bact_Prochlorococcus_marinus_subsp_marinus_str_CCMP1375_gene54200571.pdb
-0.258892  0.488113 -0.833499     3.933024
 0.102772 -0.844101 -0.526243     0.560479
-0.960423 -0.221900  0.168367    -1.733147
>../../../../class1/cys//data/domains/Catalytic_domain/structures/CysRS_AF_Bact_Streptobacillus_moniliformis_DSM_12112_gene29673427.pdb
 0.444406 -0.787107 -0.427745     4.939958
 0.801483  0.136060  0.582334     5.984922
-0.400161 -0.601623  0.691319    -0.064902
>../../../../class1/cys//data/domains/Catalytic_domain/structures/CysRS_AF_Bact_Treponema_pallidum_subsp_pertenue_str_SamoaD_gene57878631.pdb
 0.857884 -0.509646 -0.065541     7.467131
 0.505363  0.813756  0.287070     1.564474
-0.092969 -0.279395  0.955665    -1.120688
>../../../../class1/cys//data/domains/Catalytic_domain/structures/CysRS_AF_Euk_Arabidopsis_thaliana_gene833874.pdb
 0.070246  0.980544 -0.183298     1.276593
-0.394665 -0.141440 -0.907874    -1.380985
-0.916136  0.136116  0.377051     2.642036
>../../../../class1/cys//data/domains/Catalytic_domain/structures/CysRS_AF_Euk_Cyanidioschyzon_merolae_strain_10D_gene16993418.pdb
-0.193542  0.351635 -0.915912    -3.259026
 0.323319 -0.858552 -0.397935    -2.897556
-0.926286 -0.373149  0.052475     6.631529
>../../../../class1/cys//data/domains/Catalytic_domain/structures/CysRS_AF_Euk_Drosophila_melanogaster_gene36784.pdb
-0.122909 -0.230551 -0.965267     3.567524
 0.557062 -0.820986  0.125158    -4.161796
-0.821325 -0.522330  0.229337     4.008550
>../../../../class1/cys//data/domains/Catalytic_domain/structures/CysRS_AF_Euk_Micromonas_commoda_gene8246535.pdb
-0.601522 -0.758760 -0.249911     1.276939
-0.604574  0.636866 -0.478427    -2.400980
 0.522171 -0.136694 -0.841815     2.838742
>../../../../class1/cys//data/domains/Catalytic_domain/structures/CysRS_AF_Mito_Morone_saxatilis_gene118339815.pdb
 0.961015 -0.211410  0.178199    -0.272050
 0.153800  0.944317  0.290878     1.554888
-0.229772 -0.252131  0.940018    -1.248940
>../../../../class1/cys//data/domains/Catalytic_domain/structures/CysRS_AF_Mito_Saccharomyces_cerevisiae_S288C_gene855474.pdb
 0.780745 -0.619075  0.084756     3.569625
 0.360906  0.557509  0.747617    -2.948287
-0.510083 -0.553109  0.658700     3.494140
>../../../../class1/cys//data/domains/Catalytic_domain/structures/CysRS_AF_Vir_Megavirus_chiliensis_gene11257271.pdb
-0.183989 -0.935074  0.302959     4.025340
-0.805573 -0.033157 -0.591568    -5.248535
 0.563205 -0.352898 -0.747170     0.662229
>../../../../class1/cys//data/domains/Catalytic_domain/structures/CysRS_PDB_Bact_E_coli_1LI5.pdb
 0.191101 -0.176312 -0.965606    56.667573
-0.979635  0.027486 -0.198896    88.804212
 0.061608  0.983950 -0.167469   -86.211944
>../../../../class1/cys//data/domains/Catalytic_domain/structures/CysRS_PDB_Bact_M_smegmatis_3C8Z.pdb
-0.143917  0.909180  0.390743    16.326161
-0.208984 -0.413872  0.886023    41.476363
 0.967271  0.045855  0.249567   -28.170142
>../../../../class1/met//data/domains/Catalytic_domain/structures/MetRS_AF_Arch_Aciduliprofundum_boonei_T469_gene8827030.pdb
-0.076116  0.107937 -0.991240     5.331138
 0.256608 -0.958518 -0.124078    -2.458602
-0.963514 -0.263804  0.045261     0.666728
>../../../../class1/met//data/domains/Catalytic_domain/structures/MetRS_AF_Arch_Candidatus_Korarchaeum_cryptofilum_OPF8_gene6093355.pdb
 0.989152 -0.143664 -0.030631     1.823503
 0.144959  0.988397  0.045362    -3.059798
 0.023759 -0.049310  0.998501    -1.125483
>../../../../class1/met//data/domains/Catalytic_domain/structures/MetRS_AF_Arch_Candidatus_Nitrosopumilus_sediminis_gene13696902.pdb
-0.568275  0.622320  0.538314     2.328108
 0.684809 -0.005002  0.728706    -0.047227
 0.456181  0.782747 -0.423327     0.273641
>../../../../class1/met//data/domains/Catalytic_domain/structures/MetRS_AF_Arch_Halalkalicoccus_jeotgali_B3_gene9420443.pdb
 0.042020  0.198336 -0.979233     3.922938
 0.148400 -0.970466 -0.190192     0.484120
-0.988034 -0.137326 -0.070212    -0.950576
>../../../../class1/met//data/domains/Catalytic_domain/structures/MetRS_AF_Bact_Bacillus_anthracis_str_Ames_Ancestor_gene45024892.pdb
-0.426901 -0.728352  0.535965     3.192614
-0.465348 -0.331251 -0.820807    -0.292274
 0.775376 -0.599813 -0.197526    -1.155646
>../../../../class1/met//data/domains/Catalytic_domain/structures/MetRS_AF_Bact_Brucella_suis_1330_gene45052047.pdb
 1.000000  0.000000  0.000000     0.000000
 0.000000  1.000000  0.000000     0.000000
 0.000000  0.000000  1.000000     0.000000
>../../../../class1/met//data/domains/Catalytic_domain/structures/MetRS_AF_Bact_Chlamydia_psittaci_6BC_gene12243105.pdb
-0.031954  0.479691 -0.876855     0.350758
-0.546155 -0.743123 -0.386629     4.460773
-0.837074  0.466545  0.285732    -1.010735
>../../../../class1/met//data/domains/Catalytic_domain/structures/MetRS_AF_Bact_Mycoplasma_hyopneumoniae_168-L_gene57101263.pdb
-0.116403  0.616745 -0.778509     1.871279
-0.279041 -0.772574 -0.570321     2.412899
-0.953198  0.150849  0.262027     0.481778
>../../../../class1/met//data/domains/Catalytic_domain/structures/MetRS_AF_Bact_Nocardia_farcinica_IFM_10152_gene61135500.pdb
 0.819864  0.549705 -0.160147    -1.682821
-0.556835  0.700426 -0.446474     0.744803
-0.133258  0.455223  0.880349     0.313209
>../../../../class1/met//data/domains/Catalytic_domain/structures/MetRS_AF_Bact_Prochlorococcus_marinus_subsp_marinus_str_CCMP1375_gene54200313.pdb
-0.142677  0.429442  0.891753     0.118392
 0.561028 -0.707163  0.430312     1.144045
 0.815409  0.561693 -0.140034     0.482650
>../../../../class1/met//data/domains/Catalytic_domain/structures/MetRS_AF_Bact_Streptobacillus_moniliformis_DSM_12112_gene29673607.pdb
-0.763798 -0.534559 -0.361745     2.689723
-0.384813  0.827084 -0.409697    -0.203931
 0.518201 -0.173722 -0.837430     2.584753
>../../../../class1/met//data/domains/Catalytic_domain/structures/MetRS_AF_Bact_Treponema_denticola_ATCC_35405_gene2740824.pdb
-0.178067  0.788600  0.588560     0.011881
 0.674916 -0.337384  0.656248    -1.541087
 0.716087  0.514084 -0.472161    -0.705204
>../../../../class1/met//data/domains/Catalytic_domain/structures/MetRS_AF_Euk_Drosophila_melanogaster_gene37177.pdb
-0.158078 -0.355227 -0.921317     0.805706
 0.267521 -0.913560  0.306335     9.108551
-0.950497 -0.198047  0.239444     0.880820
>../../../../class1/met//data/domains/Catalytic_domain/structures/MetRS_AF_Euk_Oryza_sativa_Japonica_Group_gene4341140.pdb
 0.162245 -0.547601 -0.820859     4.970855
 0.660757 -0.557542  0.502541     5.807102
-0.732855 -0.623923  0.271372     0.749878
>../../../../class1/met//data/domains/Catalytic_domain/structures/MetRS_AF_Euk_Scheffersomyces_stipitis_CBS_6054_gene4836672.pdb
-0.737301  0.542112  0.403115    -4.585373
 0.587663  0.220340  0.778526    -0.207107
 0.333226  0.810904 -0.481036     5.724262
>../../../../class1/met//data/domains/Catalytic_domain/structures/MetRS_AF_Euk_Trypanosoma_brucei_brucei_TREU927_gene3662741.pdb
-0.844890 -0.521193 -0.120492    -1.179313
-0.433042  0.798616 -0.417956     1.431891
 0.314063 -0.300948 -0.900441     2.745099
>../../../../class1/met//data/domains/Catalytic_domain/structures/MetRS_AF_Mito_Arvicanthis_niloticus_gene117706247.pdb
-0.990573  0.107093 -0.085412     0.834381
 0.059522  0.898096  0.435753     1.526956
 0.123375  0.426562 -0.896004     3.129266
>../../../../class1/met//data/domains/Catalytic_domain/structures/MetRS_AF_Mito_Brachypodium_distachyon_gene100843706.pdb
-0.191341  0.295595 -0.935955     2.190168
 0.091089 -0.944111 -0.316792     1.165581
-0.977288 -0.145870  0.153722     1.419674
>../../../../class1/met//data/domains/Catalytic_domain/structures/MetRS_AF_Vir_Megavirus_chiliensis_gene11256705.pdb
-0.618099  0.638900  0.457995     3.354454
 0.653223  0.093321  0.751392    -0.458106
 0.437324  0.763608 -0.475026    -0.890117
>../../../../class1/met//data/domains/Catalytic_domain/structures/MetRS_PDB_Arch_P_abyssi_1RQG.pdb
-0.746839 -0.639061 -0.183938    49.903619
-0.410093  0.660331 -0.629116    49.662517
 0.523503 -0.394417 -0.755235    71.484345
>../../../../class1/met//data/domains/Catalytic_domain/structures/MetRS_PDB_Bact_E_coli_1PFV.pdb
 0.679602  0.654446 -0.331424     1.796643
-0.714500  0.692893 -0.096898     3.243019
 0.166227  0.302654  0.938493   -33.482261
>../../../../class1/met//data/domains/Catalytic_domain/structures/MetRS_PDB_Bact_T_therm_1WOY.pdb
 0.924819 -0.360337  0.121929   -22.406287
 0.243480  0.314434 -0.917523   122.532468
 0.292279  0.878230  0.378529   -29.121236
