>../../../../class1/cys//data/domains/Catalytic_domain/structures/CysRS_AF_Arch_Aciduliprofundum_boonei_T469_gene8827372.pdb
-0.926452  0.283263  0.247890    -3.347316
 0.361935  0.489470  0.793361     2.547482
 0.103395  0.824731 -0.555994    -1.247065
>../../../../class1/cys//data/domains/Catalytic_domain/structures/CysRS_AF_Arch_Candidatus_Nitrosopumilus_sediminis_gene13696907.pdb
-0.956749  0.219391  0.191045     2.747911
 0.287929  0.807949  0.514116    -2.671255
-0.041562  0.546887 -0.836174    -2.325002
>../../../../class1/cys//data/domains/Catalytic_domain/structures/CysRS_AF_Arch_Methanospirillum_hungatei_JF-1_gene3922979.pdb
-0.176711 -0.766688  0.617222    -2.317823
-0.896943 -0.132786 -0.421737     0.441468
 0.405299 -0.628138 -0.664210     3.973944
>../../../../class1/cys//data/domains/Catalytic_domain/structures/CysRS_AF_Arch_Pyrobaculum_ferrireducens_gene11593896.pdb
-0.111541 -0.575351  0.810265     2.295251
-0.676357 -0.553417 -0.486077     0.251874
 0.728080 -0.602246 -0.327414    -0.136320
>../../../../class1/cys//data/domains/Catalytic_domain/structures/CysRS_AF_Bact_Bordetella_avium_197N_gene41394405.pdb
-0.476398 -0.850973  0.221112     1.456162
-0.762164  0.274316 -0.586392    -0.566384
 0.438349 -0.447880 -0.779265     0.419234
>../../../../class1/cys//data/domains/Catalytic_domain/structures/CysRS_AF_Bact_Lactobacillus_amylovorus_GRL1118_gene66523130.pdb
-0.217106 -0.781648  0.584715     0.997654
-0.849619 -0.143625 -0.507464     0.934781
 0.480638 -0.606958 -0.632921     0.755146
>../../../../class1/cys//data/domains/Catalytic_domain/structures/CysRS_AF_Bact_Mycobacterium_canettii_CIPT_140010059_gene45427568.pdb
 1.000000  0.000000  0.000000     0.000000
 0.000000  1.000000  0.000000     0.000000
 0.000000  0.000000  1.000000     0.000000
>../../../../class1/cys//data/domains/Catalytic_domain/structures/CysRS_AF_Bact_Mycoplasma_hyopneumoniae_168-L_gene57101512.pdb
-0.134957 -0.717371  0.683495    -0.015906
-0.737500 -0.387951 -0.552799    -1.066993
 0.661725 -0.578682 -0.476704     1.734636
>../../../../class1/cys//data/domains/Catalytic_domain/structures/CysRS_AF_Bact_Porphyromonas_gingivalis_ATCC_33277_gene29256960.pdb
-0.997475  0.036463  0.060938    -3.393793
 0.065769  0.797988  0.599074    -0.754776
-0.026784  0.601569 -0.798371    -2.436282
>../../../../class1/cys//data/domains/Catalytic_domain/structures/CysRS_AF_Bact_Prochlorococcus_marinus_subsp_marinus_str_CCMP1375_gene54200571.pdb
-0.033138 -0.203133  0.978590    -0.919962
-0.205834 -0.956752 -0.205570     0.037754
 0.978026 -0.208239 -0.010106     1.161669
>../../../../class1/cys//data/domains/Catalytic_domain/structures/CysRS_AF_Bact_Streptobacillus_moniliformis_DSM_12112_gene29673427.pdb
-0.769905  0.531526  0.353167    -3.381219
 0.470417  0.098741  0.876903     4.840694
 0.431225  0.841267 -0.326060     0.528001
>../../../../class1/cys//data/domains/Catalytic_domain/structures/CysRS_AF_Bact_Treponema_pallidum_subsp_pertenue_str_SamoaD_gene57878631.pdb
-0.976996  0.112359  0.181257    -4.377956
 0.203032  0.750096  0.629391     0.046278
-0.065242  0.651714 -0.755654    -0.377316
>../../../../class1/cys//data/domains/Catalytic_domain/structures/CysRS_AF_Euk_Arabidopsis_thaliana_gene833874.pdb
-0.139216 -0.809643  0.570173     2.964029
-0.717439 -0.314410 -0.621633     0.597229
 0.682569 -0.495606 -0.537099    -2.424704
>../../../../class1/cys//data/domains/Catalytic_domain/structures/CysRS_AF_Euk_Cyanidioschyzon_merolae_strain_10D_gene16993418.pdb
-0.143325 -0.118979  0.982498     8.507235
 0.002857 -0.992793 -0.119809     1.266253
 0.989672 -0.014365  0.142632    -4.999757
>../../../../class1/cys//data/domains/Catalytic_domain/structures/CysRS_AF_Euk_Drosophila_melanogaster_gene36784.pdb
-0.265617  0.356060  0.895918     2.132861
 0.234778 -0.877433  0.418320    -2.573819
 0.935054  0.321455  0.149466    -5.168757
>../../../../class1/cys//data/domains/Catalytic_domain/structures/CysRS_AF_Euk_Micromonas_commoda_gene8246535.pdb
 0.880754  0.428360  0.201943     3.342710
-0.182943  0.701073 -0.689223    -0.032002
-0.436812  0.570092  0.695838    -2.839398
>../../../../class1/cys//data/domains/Catalytic_domain/structures/CysRS_AF_Mito_Morone_saxatilis_gene118339815.pdb
-0.981226 -0.189968 -0.033267     2.616806
-0.176748  0.816754  0.549248     1.445600
-0.077169  0.544817 -0.834997     2.300515
>../../../../class1/cys//data/domains/Catalytic_domain/structures/CysRS_AF_Mito_Saccharomyces_cerevisiae_S288C_gene855474.pdb
-0.953270  0.249733 -0.170029     1.591626
-0.039289  0.455536  0.889350    -1.792504
 0.299554  0.854471 -0.424437    -4.346820
>../../../../class1/cys//data/domains/Catalytic_domain/structures/CysRS_AF_Vir_Megavirus_chiliensis_gene11257271.pdb
 0.566366  0.777516 -0.273312     1.431118
-0.482836  0.044277 -0.874591    -4.816933
-0.667907  0.627303  0.400489    -2.582203
>../../../../class1/cys//data/domains/Catalytic_domain/structures/CysRS_PDB_Bact_E_coli_1LI5.pdb
 0.175316  0.376059  0.909859   -98.694971
-0.899041  0.437797 -0.007717    34.278679
-0.401235 -0.816648  0.414845    84.729014
>../../../../class1/cys//data/domains/Catalytic_domain/structures/CysRS_PDB_Bact_M_smegmatis_3C8Z.pdb
 0.438307 -0.667996 -0.601389   -32.719736
 0.215825 -0.571291  0.791863    23.289607
-0.872529 -0.476874 -0.106230    32.109789
>../../../../class1/met//data/domains/Catalytic_domain/structures/MetRS_AF_Arch_Aciduliprofundum_boonei_T469_gene8827030.pdb
-0.245643  0.162960  0.955564    -0.741983
-0.103901 -0.984515  0.141188    -2.569365
 0.963776 -0.064602  0.258771    -2.499388
>../../../../class1/met//data/domains/Catalytic_domain/structures/MetRS_AF_Arch_Candidatus_Korarchaeum_cryptofilum_OPF8_gene6093355.pdb
-0.942951 -0.230256  0.240471     2.258236
-0.112463  0.900116  0.420883    -2.730524
-0.313363  0.369828 -0.874661     0.190911
>../../../../class1/met//data/domains/Catalytic_domain/structures/MetRS_AF_Arch_Candidatus_Nitrosopumilus_sediminis_gene13696902.pdb
 0.398684 -0.370582 -0.838880     1.291740
 0.917007  0.148925  0.370026     0.340505
-0.012194 -0.916782  0.399201    -0.297323
>../../../../class1/met//data/domains/Catalytic_domain/structures/MetRS_AF_Arch_Halalkalicoccus_jeotgali_B3_gene9420443.pdb
-0.324882  0.123085  0.937711    -0.677296
-0.253580 -0.966528  0.039011     0.035299
 0.911125 -0.225111  0.345219     0.399306
>../../../../class1/met//data/domains/Catalytic_domain/structures/MetRS_AF_Bact_Bacillus_anthracis_str_Ames_Ancestor_gene45024892.pdb
 0.731481  0.634502 -0.249686     0.101759
-0.035823 -0.329916 -0.943330    -0.814873
-0.680920  0.698972 -0.218598     0.345435
>../../../../class1/met//data/domains/Catalytic_domain/structures/MetRS_AF_Bact_Brucella_suis_1330_gene45052047.pdb
-0.903858 -0.349332  0.246997     3.326057
-0.241857  0.893428  0.378540     1.113726
-0.352910  0.282408 -0.892020     0.781403
>../../../../class1/met//data/domains/Catalytic_domain/structures/MetRS_AF_Bact_Chlamydia_psittaci_6BC_gene12243105.pdb
 0.014433 -0.066520  0.997681     1.122256
-0.791194 -0.610864 -0.029283     4.217948
 0.611395 -0.788936 -0.061446     2.668751
>../../../../class1/met//data/domains/Catalytic_domain/structures/MetRS_AF_Bact_Mycoplasma_hyopneumoniae_168-L_gene57101263.pdb
-0.020740 -0.261438  0.964997     0.641208
-0.574459 -0.786853 -0.225521     2.940167
 0.818271 -0.559028 -0.133866     0.155459
>../../../../class1/met//data/domains/Catalytic_domain/structures/MetRS_AF_Bact_Nocardia_farcinica_IFM_10152_gene61135500.pdb
-0.576262 -0.639771  0.508542     4.354516
-0.755039  0.654914 -0.031671     2.212371
-0.312789 -0.402220 -0.860454     1.099454
>../../../../class1/met//data/domains/Catalytic_domain/structures/MetRS_AF_Bact_Prochlorococcus_marinus_subsp_marinus_str_CCMP1375_gene54200313.pdb
 0.131746 -0.000697 -0.991283     2.839394
 0.839850 -0.531140  0.111993     2.012900
-0.526588 -0.847284 -0.069390     0.488305
>../../../../class1/met//data/domains/Catalytic_domain/structures/MetRS_AF_Bact_Streptobacillus_moniliformis_DSM_12112_gene29673607.pdb
 0.949288  0.164780  0.267769     1.430533
 0.029852  0.800575 -0.598489     1.179505
-0.312988  0.576132  0.755057    -2.639398
>../../../../class1/met//data/domains/Catalytic_domain/structures/MetRS_AF_Bact_Treponema_denticola_ATCC_35405_gene2740824.pdb
 0.105643 -0.481955 -0.869804     3.598137
 0.919860 -0.284916  0.269593    -0.927868
-0.377753 -0.828578  0.413232     1.006873
>../../../../class1/met//data/domains/Catalytic_domain/structures/MetRS_AF_Euk_Drosophila_melanogaster_gene37177.pdb
-0.184714  0.579202  0.793981    -0.221764
-0.082695 -0.814177  0.574697     9.002057
 0.979307  0.040496  0.198287     2.354826
>../../../../class1/met//data/domains/Catalytic_domain/structures/MetRS_AF_Euk_Oryza_sativa_Japonica_Group_gene4341140.pdb
-0.550874  0.540015  0.636334    -3.129934
 0.279354 -0.599165  0.750308     4.944497
 0.786447  0.591088  0.179209    -0.152355
>../../../../class1/met//data/domains/Catalytic_domain/structures/MetRS_AF_Euk_Scheffersomyces_stipitis_CBS_6054_gene4836672.pdb
 0.547740 -0.367197 -0.751763     8.920133
 0.826466  0.377235  0.417909     3.850897
 0.130136 -0.850211  0.510103    -2.671040
>../../../../class1/met//data/domains/Catalytic_domain/structures/MetRS_AF_Euk_Trypanosoma_brucei_brucei_TREU927_gene3662741.pdb
 0.993062  0.115443  0.022377     4.947278
-0.068673  0.723821 -0.686561     3.812317
-0.095455  0.680261  0.726727    -0.776113
>../../../../class1/met//data/domains/Catalytic_domain/structures/MetRS_AF_Mito_Arvicanthis_niloticus_gene117706247.pdb
 0.904883 -0.307643 -0.294182     2.731666
 0.344560  0.935189  0.081860     3.322946
 0.249932 -0.175437  0.952237    -2.046871
>../../../../class1/met//data/domains/Catalytic_domain/structures/MetRS_AF_Mito_Brachypodium_distachyon_gene100843706.pdb
-0.113208  0.012717  0.993490     1.439670
-0.247884 -0.968660 -0.015847     1.996599
 0.962153 -0.248064  0.112812    -0.932097
>../../../../class1/met//data/domains/Catalytic_domain/structures/MetRS_AF_Vir_Megavirus_chiliensis_gene11256705.pdb
 0.458453 -0.426099 -0.779911     0.177262
 0.888442  0.241636  0.390234    -0.634472
 0.022176 -0.871809  0.489343     0.413027
>../../../../class1/met//data/domains/Catalytic_domain/structures/MetRS_PDB_Arch_P_abyssi_1RQG.pdb
 0.947289  0.252832  0.196771   -41.269225
 0.010006  0.590533 -0.806951    60.757577
-0.320223  0.766385  0.556876   -66.235927
>../../../../class1/met//data/domains/Catalytic_domain/structures/MetRS_PDB_Bact_E_coli_1PFV.pdb
-0.327546 -0.761024  0.559961    -7.603010
-0.742901  0.573625  0.345039    -9.188821
-0.583791 -0.302979 -0.753254    30.875722
>../../../../class1/met//data/domains/Catalytic_domain/structures/MetRS_PDB_Bact_T_therm_1WOY.pdb
-0.851029  0.430507  0.300687   -26.193560
 0.102309  0.697568 -0.709176   105.317638
-0.515055 -0.572767 -0.637696    68.786048
