>../../../../class1/cys//data/domains/Catalytic_domain/structures/CysRS_AF_Arch_Aciduliprofundum_boonei_T469_gene8827372.pdb
 0.247628  0.724476 -0.643284    -2.238473
-0.831491 -0.181887 -0.524920     3.005854
-0.497297  0.664869  0.557355    -6.605696
>../../../../class1/cys//data/domains/Catalytic_domain/structures/CysRS_AF_Arch_Candidatus_Nitrosopumilus_sediminis_gene13696907.pdb
 0.111097  0.438851 -0.891665    -4.172285
-0.796728 -0.496974 -0.343864    10.744471
-0.594039  0.748616  0.294433    -5.113750
>../../../../class1/cys//data/domains/Catalytic_domain/structures/CysRS_AF_Arch_Methanospirillum_hungatei_JF-1_gene3922979.pdb
 0.493957 -0.465729 -0.734237     2.637198
 0.650009 -0.363066  0.667586     5.518933
-0.577491 -0.807019  0.123388    -6.033632
>../../../../class1/cys//data/domains/Catalytic_domain/structures/CysRS_AF_Arch_Pyrobaculum_ferrireducens_gene11593896.pdb
 0.784509 -0.456882 -0.419291    -1.975526
 0.507220  0.083781  0.857735     8.428328
-0.356755 -0.885573  0.297467    -3.164318
>../../../../class1/cys//data/domains/Catalytic_domain/structures/CysRS_AF_Bact_Bordetella_avium_197N_gene41394405.pdb
 0.572179 -0.298976 -0.763691    -1.442906
 0.346343 -0.755990  0.555451     8.511687
-0.743410 -0.582317 -0.329013    -4.531030
>../../../../class1/cys//data/domains/Catalytic_domain/structures/CysRS_AF_Bact_Lactobacillus_amylovorus_GRL1118_gene66523130.pdb
 0.569194 -0.456746 -0.683667    -0.989390
 0.579400 -0.367145  0.727668     7.184595
-0.583364 -0.810301  0.055662    -3.615268
>../../../../class1/cys//data/domains/Catalytic_domain/structures/CysRS_AF_Bact_Mycobacterium_canettii_CIPT_140010059_gene45427568.pdb
-0.184714 -0.082695  0.979307    -1.602634
 0.579202 -0.814177  0.040496     7.362356
 0.793981  0.574697  0.198287    -5.464310
>../../../../class1/cys//data/domains/Catalytic_domain/structures/CysRS_AF_Bact_Mycoplasma_hyopneumoniae_168-L_gene57101512.pdb
 0.731239 -0.400797 -0.551952     0.130853
 0.553438 -0.124408  0.823546     7.953797
-0.398742 -0.907681  0.130844    -5.757266
>../../../../class1/cys//data/domains/Catalytic_domain/structures/CysRS_AF_Bact_Porphyromonas_gingivalis_ATCC_33277_gene29256960.pdb
 0.139711  0.517404 -0.844259    -3.437859
-0.634761 -0.607589 -0.477403     5.877036
-0.759973  0.602602  0.243541    -8.872253
>../../../../class1/cys//data/domains/Catalytic_domain/structures/CysRS_AF_Bact_Prochlorococcus_marinus_subsp_marinus_str_CCMP1375_gene54200571.pdb
 0.983183 -0.090290 -0.158743    -0.399291
 0.178732  0.654237  0.734866     6.861418
 0.037505 -0.750880  0.659372    -5.864821
>../../../../class1/cys//data/domains/Catalytic_domain/structures/CysRS_AF_Bact_Streptobacillus_moniliformis_DSM_12112_gene29673427.pdb
 0.522534  0.726971 -0.445501    -0.727464
-0.811046  0.262639 -0.522710     1.234101
-0.262989  0.634456  0.726845    -4.977642
>../../../../class1/cys//data/domains/Catalytic_domain/structures/CysRS_AF_Bact_Treponema_pallidum_subsp_pertenue_str_SamoaD_gene57878631.pdb
 0.083327  0.563456 -0.821933    -1.111603
-0.737511 -0.519821 -0.431119     4.591805
-0.670175  0.642108  0.372240    -8.754428
>../../../../class1/cys//data/domains/Catalytic_domain/structures/CysRS_AF_Euk_Arabidopsis_thaliana_gene833874.pdb
 0.757890 -0.312567 -0.572630    -4.629321
 0.521028 -0.238217  0.819623     8.759419
-0.392597 -0.919540 -0.017686    -3.250255
>../../../../class1/cys//data/domains/Catalytic_domain/structures/CysRS_AF_Euk_Cyanidioschyzon_merolae_strain_10D_gene16993418.pdb
 0.996670  0.080485 -0.013091    -8.122377
-0.050645  0.736810  0.674200    10.970270
 0.063909 -0.671292  0.738433     1.426361
>../../../../class1/cys//data/domains/Catalytic_domain/structures/CysRS_AF_Euk_Drosophila_melanogaster_gene36784.pdb
 0.947751  0.316252 -0.041872    -7.035401
-0.304741  0.936338  0.174366    10.113740
 0.094350 -0.152496  0.983790    -5.863324
>../../../../class1/cys//data/domains/Catalytic_domain/structures/CysRS_AF_Euk_Micromonas_commoda_gene8246535.pdb
-0.557977  0.416835  0.717573    -4.974381
 0.661845 -0.298112  0.687816     9.614629
 0.500623  0.858707 -0.109540    -3.401687
>../../../../class1/cys//data/domains/Catalytic_domain/structures/CysRS_AF_Mito_Morone_saxatilis_gene118339815.pdb
 0.114060  0.520617 -0.846137     0.026708
-0.427937 -0.742885 -0.514773     7.331453
-0.896583  0.420809  0.138057    -1.823750
>../../../../class1/cys//data/domains/Catalytic_domain/structures/CysRS_AF_Mito_Saccharomyces_cerevisiae_S288C_gene855474.pdb
 0.463107  0.765688 -0.446378    -6.293167
-0.496437 -0.193126 -0.846317     9.248488
-0.734222  0.613534  0.290678    -5.616106
>../../../../class1/cys//data/domains/Catalytic_domain/structures/CysRS_PDB_Bact_E_coli_1LI5.pdb
-0.349824 -0.900686  0.257657    95.238123
 0.821729 -0.162939  0.546089   -75.181426
-0.449872  0.402759  0.797120   -48.815170
>../../../../class1/cys//data/domains/Catalytic_domain/structures/CysRS_PDB_Bact_M_smegmatis_3C8Z.pdb
-0.951211 -0.303489 -0.055610    34.066184
 0.041918  0.051450 -0.997795   -29.547340
 0.305681 -0.951445 -0.036218   -11.556976
>../../../../class1/met//data/domains/Catalytic_domain/structures/MetRS_AF_Arch_Aciduliprofundum_boonei_T469_gene8827030.pdb
 0.997843 -0.011486  0.064641    -3.650353
-0.017027  0.905611  0.423768     9.154254
-0.063407 -0.423954  0.903461    -8.134813
>../../../../class1/met//data/domains/Catalytic_domain/structures/MetRS_AF_Arch_Candidatus_Korarchaeum_cryptofilum_OPF8_gene6093355.pdb
-0.109391  0.318581 -0.941563    -1.555400
-0.466834 -0.852745 -0.234292    11.206235
-0.877553  0.413924  0.242007    -5.632824
>../../../../class1/met//data/domains/Catalytic_domain/structures/MetRS_AF_Arch_Candidatus_Nitrosopumilus_sediminis_gene13696902.pdb
-0.180329 -0.837393  0.515998    -2.123424
-0.519725 -0.364266 -0.772785     8.041182
 0.835085 -0.407532 -0.369527    -4.754287
>../../../../class1/met//data/domains/Catalytic_domain/structures/MetRS_AF_Arch_Halalkalicoccus_jeotgali_B3_gene9420443.pdb
 0.977272 -0.148830  0.150963    -1.012106
 0.051614  0.857737  0.511492     7.194129
-0.205612 -0.492074  0.845923    -6.247704
>../../../../class1/met//data/domains/Catalytic_domain/structures/MetRS_AF_Bact_Bacillus_anthracis_str_Ames_Ancestor_gene45024892.pdb
-0.790234  0.603675 -0.105390    -1.046018
 0.415753  0.654485  0.631505     8.304459
 0.450200  0.455220 -0.768176    -5.672166
>../../../../class1/met//data/domains/Catalytic_domain/structures/MetRS_AF_Bact_Brucella_suis_1330_gene45052047.pdb
-0.150324  0.268076 -0.951598    -1.498983
-0.354495 -0.913145 -0.201244     8.806093
-0.922896  0.307084  0.232299    -2.285369
>../../../../class1/met//data/domains/Catalytic_domain/structures/MetRS_AF_Bact_Chlamydia_psittaci_6BC_gene12243105.pdb
 0.661047 -0.716289 -0.223487     0.595156
 0.676425  0.439969  0.590657     4.756683
-0.324754 -0.541625  0.775356    -1.160765
>../../../../class1/met//data/domains/Catalytic_domain/structures/MetRS_AF_Bact_Mycoplasma_hyopneumoniae_168-L_gene57101263.pdb
 0.850979 -0.444593 -0.279593    -1.645572
 0.483797  0.456405  0.746750     5.729218
-0.204392 -0.770734  0.603484    -2.851424
>../../../../class1/met//data/domains/Catalytic_domain/structures/MetRS_AF_Bact_Nocardia_farcinica_IFM_10152_gene61135500.pdb
-0.138706 -0.327381 -0.934656    -1.388750
 0.259734 -0.922768  0.284671     8.473896
-0.955667 -0.203277  0.213025    -0.663609
>../../../../class1/met//data/domains/Catalytic_domain/structures/MetRS_AF_Bact_Prochlorococcus_marinus_subsp_marinus_str_CCMP1375_gene54200313.pdb
-0.609820 -0.784788  0.110576    -1.788541
-0.628333  0.393709 -0.670963     7.537684
 0.483029 -0.478645 -0.733200    -2.063456
>../../../../class1/met//data/domains/Catalytic_domain/structures/MetRS_AF_Bact_Streptobacillus_moniliformis_DSM_12112_gene29673607.pdb
-0.482064  0.467120  0.741224    -4.445882
 0.520062 -0.528286  0.671155     7.416160
 0.705088  0.709022  0.011736    -4.209366
>../../../../class1/met//data/domains/Catalytic_domain/structures/MetRS_AF_Bact_Treponema_denticola_ATCC_35405_gene2740824.pdb
-0.470801 -0.701885  0.534513    -1.173219
-0.694206 -0.079163 -0.715410    10.336536
 0.544449 -0.707878 -0.449983    -2.685784
>../../../../class1/met//data/domains/Catalytic_domain/structures/MetRS_AF_Euk_Drosophila_melanogaster_gene37177.pdb
 1.000000  0.000000  0.000000     0.000000
 0.000000  1.000000  0.000000     0.000000
 0.000000  0.000000  1.000000     0.000000
>../../../../class1/met//data/domains/Catalytic_domain/structures/MetRS_AF_Euk_Oryza_sativa_Japonica_Group_gene4341140.pdb
 0.853621  0.520881 -0.003712    -1.381024
-0.509394  0.833264 -0.214916     1.425911
-0.108853  0.185348  0.976625    -5.195583
>../../../../class1/met//data/domains/Catalytic_domain/structures/MetRS_AF_Euk_Scheffersomyces_stipitis_CBS_6054_gene4836672.pdb
-0.028930 -0.797451  0.602690    -6.029710
-0.326165 -0.562409 -0.759810     9.517407
 0.944870 -0.218558 -0.243830     3.778206
>../../../../class1/met//data/domains/Catalytic_domain/structures/MetRS_AF_Euk_Trypanosoma_brucei_brucei_TREU927_gene3662741.pdb
-0.279330  0.571170  0.771841    -3.768354
 0.630466 -0.497185  0.596088     7.277500
 0.724215  0.653125 -0.221225     0.009909
>../../../../class1/met//data/domains/Catalytic_domain/structures/MetRS_AF_Mito_Arvicanthis_niloticus_gene117706247.pdb
 0.047115 -0.189126  0.980822    -4.249799
 0.263236 -0.944852 -0.194835     6.542678
 0.963580  0.267367  0.005268    -1.839647
>../../../../class1/met//data/domains/Catalytic_domain/structures/MetRS_AF_Mito_Brachypodium_distachyon_gene100843706.pdb
 0.984396 -0.159969 -0.073313    -2.935948
 0.172002  0.786760  0.592810     6.685812
-0.037151 -0.596170  0.801998    -3.424318
>../../../../class1/met//data/domains/Catalytic_domain/structures/MetRS_PDB_Arch_P_abyssi_1RQG.pdb
-0.501230  0.637393  0.585233   -64.054680
 0.532839 -0.305542  0.789130   -68.060690
 0.681800  0.707371 -0.186481   -17.952902
>../../../../class1/met//data/domains/Catalytic_domain/structures/MetRS_PDB_Bact_E_coli_1PFV.pdb
-0.420610 -0.186487 -0.887868    31.062289
 0.387782 -0.921698  0.009888    11.995276
-0.820190 -0.340141  0.459992    -9.981794
>../../../../class1/met//data/domains/Catalytic_domain/structures/MetRS_PDB_Bact_T_therm_1WOY.pdb
-0.340752 -0.703837 -0.623299    62.023703
-0.596790 -0.350344  0.721873   -90.198671
-0.726450  0.617958 -0.300662    48.231707
