>structures/PheRS-Aβ_AF_Arch_Candidatus_Nitrosopumilus_koreensis_AR1_gene13724457.pdb
 1.000000  0.000000  0.000000     0.000000
 0.000000  1.000000  0.000000     0.000000
 0.000000  0.000000  1.000000     0.000000
>structures/PheRS-Aβ_AF_Arch_Halalkalicoccus_jeotgali_B3_gene9420006.pdb
-0.072154  0.159999 -0.984477     3.134295
-0.401916 -0.908027 -0.118117     0.722238
-0.912829  0.387154  0.129824    -1.150584
>structures/PheRS-Aβ_AF_Arch_Sulfolobus_islandicus_YG5714_gene7807969.pdb
 0.967753  0.084915 -0.237159     1.978886
-0.095608  0.994840 -0.033935    -2.330352
 0.233053  0.055515  0.970878    -0.436526
>structures/PheRS-Aβ_AF_Arch_Thermoplasma_volcanium_GSS1_gene1441711.pdb
-0.281474 -0.470490  0.836308     3.925563
-0.540313 -0.642538 -0.543330     2.206246
 0.792991 -0.604801 -0.073354     3.628939
>structures/PheRS-Aβ_AF_Euk_Astyanax_mexicanus_gene103044481.pdb
-0.947391 -0.318499  0.031756     0.592676
-0.268913  0.738215 -0.618647    -2.975247
 0.173596 -0.594641 -0.785027     1.524793
>structures/PheRS-Aβ_AF_Euk_Drosophila_melanogaster_gene42888.pdb
 0.619807  0.497031 -0.607289     2.046192
-0.722293  0.058766 -0.689085    -4.467246
-0.306809  0.865741  0.395425     1.977788
>structures/PheRS-Aβ_AF_Euk_Plasmodium_falciparum_3D7_gene810604.pdb
 0.984211  0.037017 -0.173085     3.187875
 0.027437  0.934158  0.355802    -6.731027
 0.174860 -0.354934  0.918393    -0.657948
>structures/PheRS-Aβ_AF_Euk_Saccharomyces_cerevisiae_S288C_gene850749.pdb
 0.251092 -0.571707 -0.781091     5.444506
 0.386689 -0.680511  0.622395    -2.302012
-0.887370 -0.458318  0.050202     1.169017
>structures/PheRS-Aβ_PDB_Euk.B_H_sapiens_3L4G.pdb
-0.090341  0.367730 -0.925534   -13.809532
 0.926663  0.371521  0.057161   -83.736173
 0.364875 -0.852494 -0.374325    66.847303
