>structures/PheRS-Aβ_AF_Arch_Candidatus_Nitrosopumilus_koreensis_AR1_gene13724457.pdb
-0.090341  0.926663  0.364875    51.956747
 0.367730  0.371521 -0.852494    93.174888
-0.925534  0.057161 -0.374325    17.027875
>structures/PheRS-Aβ_AF_Arch_Halalkalicoccus_jeotgali_B3_gene9420006.pdb
-0.697404 -0.716376  0.020815    52.033372
 0.606025 -0.604982 -0.516460    95.582805
 0.382573 -0.347567  0.856058    14.593320
>structures/PheRS-Aβ_AF_Arch_Sulfolobus_islandicus_YG5714_gene7807969.pdb
-0.083799  0.935538  0.343142    49.605407
 0.128331  0.351618 -0.927306    93.542181
-0.988185 -0.033672 -0.149524    15.371074
>structures/PheRS-Aβ_AF_Arch_Thermoplasma_volcanium_GSS1_gene1441711.pdb
-0.190206 -0.774577 -0.603202    55.097883
-0.978767  0.101802  0.177907    92.543231
-0.076395  0.624233 -0.777494    12.263102
>structures/PheRS-Aβ_AF_Euk_Astyanax_mexicanus_gene103044481.pdb
-0.107396  0.498145 -0.860417    49.896374
-0.591412  0.663648  0.458043    90.948364
 0.799186  0.558053  0.223336    15.640862
>structures/PheRS-Aβ_AF_Euk_Drosophila_melanogaster_gene42888.pdb
-0.833883  0.323384 -0.447283    48.551354
 0.226491 -0.538520 -0.811602    90.581113
-0.503330 -0.778087  0.375820    14.066289
>structures/PheRS-Aβ_PDB_Euk.B_H_sapiens_3L4G.pdb
 1.000000  0.000000  0.000000     0.000000
 0.000000  1.000000  0.000000     0.000000
 0.000000  0.000000  1.000000     0.000000
