>structures/AsnRS_AF_Arch_Candidatus_Korarchaeum_cryptofilum_OPF8_gene6094562.pdb
 0.048586  0.510006  0.858797    -6.235366
 0.338430 -0.817359  0.466251     1.789159
 0.939736  0.267989 -0.212314    -1.436916
>structures/AsnRS_AF_Arch_Candidatus_Nitrososphaera_gargensis_Ga92_gene13796664.pdb
 0.587735  0.723973 -0.361152    -6.819577
-0.667054  0.181018 -0.722683     1.155981
-0.457828  0.665654  0.589320    -1.979254
>structures/AsnRS_AF_Arch_Ferroplasma_acidarmanus_Fer1_gene16025664.pdb
 0.901258 -0.432388  0.027834     1.383975
 0.421996  0.890535  0.169905     1.067786
-0.098252 -0.141383  0.985067     3.359422
>structures/AsnRS_AF_Arch_Pyrococcus_sp_ST04_gene13021535.pdb
 0.932435 -0.361268  0.007062     0.619783
 0.352903  0.914694  0.196964     0.437323
-0.077617 -0.181164  0.980385     2.171016
>structures/AsnRS_AF_Bact_Clostridium_acetobutylicum_DSM_1731_gene44999755.pdb
 0.522464  0.687693 -0.504093    -8.208664
-0.749225  0.088029 -0.656439     3.957942
-0.407054  0.720645  0.561229    -5.040757
>structures/AsnRS_AF_Bact_Mycoplasma_hyopneumoniae_168-L_gene57101291.pdb
 0.999798 -0.020080  0.000472    -0.118401
 0.020063  0.999506  0.024197    -0.134059
-0.000958 -0.024183  0.999707    -0.256666
>structures/AsnRS_AF_Bact_Porphyromonas_gingivalis_ATCC_33277_gene29256423.pdb
 0.983084 -0.174217 -0.056513    -1.564442
 0.182771  0.953104  0.241222     1.481226
 0.011838 -0.247470  0.968823    -1.555310
>structures/AsnRS_AF_Bact_Streptobacillus_moniliformis_DSM_12112_gene29673200.pdb
 0.443183  0.740954 -0.504554    -7.870292
-0.742159 -0.012408 -0.670109     3.762231
-0.502780  0.671441  0.544407    -4.291253
>structures/AsnRS_AF_Bact_Thermus_thermophilus_HB8_gene3168522.pdb
 0.987263  0.006941  0.158943     0.925070
 0.014317  0.991118 -0.132215    -2.029113
-0.158449  0.132806  0.978395     1.697344
>structures/AsnRS_AF_Bact_Treponema_pallidum_subsp_pertenue_str_SamoaD_gene57879132.pdb
 0.629143  0.630330 -0.454822    -8.676772
-0.691922  0.187557 -0.697185     2.318115
-0.354151  0.753330  0.554139    -6.236119
>structures/AsnRS_AF_Bact_unclassified_Blastocatellia_proteinRPI49177.1.pdb
 0.949079  0.284836  0.134601    -0.527807
-0.225046  0.911964 -0.343041    -2.809485
-0.220461  0.295282  0.929627     1.013182
>structures/AsnRS_AF_Euk_Candida_albicans_SC5314_gene3646227.pdb
 0.966008 -0.257951 -0.017013    -2.391329
 0.258508  0.963560  0.068740    -1.011854
-0.001339 -0.070802  0.997490     4.688756
>structures/AsnRS_AF_Euk_Cryptococcus_gattii_WM276_gene10190222.pdb
 0.967925 -0.220857 -0.119760    -5.643644
 0.215493  0.974887 -0.056190    -2.474224
 0.129162  0.028580  0.991212     5.330750
>structures/AsnRS_AF_Euk_Encephalitozoon_intestinalis_ATCC_50506_gene9698489.pdb
 0.958904 -0.267810 -0.093702    -0.011793
 0.283623  0.913791  0.290764     2.711532
 0.007754 -0.305391  0.952196     1.196776
>structures/AsnRS_AF_Euk_Vitis_vinifera_gene100257593.pdb
 0.448699  0.844017 -0.293775    -9.110744
-0.653246  0.085426 -0.752311     4.856078
-0.609867  0.529469  0.589682    -7.748304
>structures/AsnRS_AF_Mito_Homo_sapiens_gene79731.pdb
 0.074792 -0.212545  0.974285    -5.989903
-0.007784 -0.977116 -0.212565     1.759657
 0.997169  0.008314 -0.074735    -2.211167
>structures/AsnRS_AF_Mito_Zeugodacus_cucurbitae_gene105213230.pdb
-0.969682 -0.243630  0.019025    -9.375039
-0.244283  0.964282 -0.102406    -0.331829
 0.006604 -0.103948 -0.994561    -5.942810
>structures/AsnRS_PDB_Arch_P_horikoshii_1X54.pdb
 0.560411 -0.404778  0.722560   -22.020979
-0.806163 -0.466579  0.363876   -13.422088
 0.189842 -0.786422 -0.587793    20.646211
>structures/AsnRS_PDB_Bact_E_anophelis_6pqh.pdb
 0.167223  0.100543 -0.980779   -59.818446
-0.514948 -0.839408 -0.173849   -14.211956
-0.840753  0.534122 -0.088594   -19.247335
>structures/AsnRS_PDB_Euk_S_cerevisiae_1asz.pdb
-0.424659  0.901797  0.080171   -25.534249
-0.670704 -0.372841  0.641206    88.788148
 0.608128  0.218523  0.763169   -54.026161
