>../../../../class1/glu2//data/domains/Catalytic_domain/structures/GlxRS_AF_Arch_Candidatus_Korarchaeum_cryptofilum_OPF8_gene6094352.pdb
 0.710598  0.337615 -0.617306    10.213341
-0.363472  0.927364  0.088788    -4.739082
 0.602444  0.161281  0.781697    -1.076999
>../../../../class1/glu2//data/domains/Catalytic_domain/structures/GlxRS_AF_Arch_Methanothrix_soehngenii_GP6_gene10459943.pdb
 0.523478 -0.176434 -0.833571     8.521930
 0.128326 -0.950840  0.281843    -2.155347
-0.842320 -0.254507 -0.475103    -1.799285
>../../../../class1/glu2//data/domains/Catalytic_domain/structures/GlxRS_AF_Arch_Nitrosopumilus_maritimus_SCM1_gene5773999.pdb
-0.786839 -0.306607  0.535608     8.473961
-0.615035  0.317632 -0.721694    -3.606623
 0.051150 -0.897275 -0.438499    -3.358157
>../../../../class1/glu2//data/domains/Catalytic_domain/structures/GlxRS_AF_Arch_Sulfolobus_islandicus_LAL14_1_gene15298417.pdb
-0.646067 -0.126527  0.752721     9.309821
 0.418190 -0.883656  0.210400    -0.607457
 0.638525  0.450713  0.623813     2.452498
>../../../../class1/glu2//data/domains/Catalytic_domain/structures/GlxRS_AF_Euk_Cyathus_striatus_proteinKAF9013924.1.pdb
 0.521754  0.117787 -0.844925    14.087369
-0.415801 -0.829702 -0.372429    -7.285018
-0.744904  0.545638 -0.383925    -8.903399
>../../../../class1/glu2//data/domains/Catalytic_domain/structures/GlxRS_AF_Euk_Lichtheimia_hyalospora_proteinKAI7879902.1.pdb
 0.682966  0.295052 -0.668208    15.111266
-0.727927  0.198946 -0.656158     1.989731
-0.060664  0.934540  0.350650    -1.419378
>../../../../class1/glu2//data/domains/Catalytic_domain/structures/GlxRS_AF_Euk_Medicago_truncatula_gene11407510.pdb
 0.640554  0.055410 -0.765911    15.550763
-0.663795 -0.461516 -0.588540    -9.852708
-0.386092  0.885400 -0.258845    -0.644940
>../../../../class1/glu2//data/domains/Catalytic_domain/structures/GlxRS_AF_Euk_Xylariaceae_sp_FL0804_proteinKAI0483267.1.pdb
-0.669443 -0.028303  0.742324    13.191055
 0.719093 -0.275455  0.637989     6.052797
 0.186420  0.960897  0.204754    -2.350483
>../../../../class1/glu2//data/domains/Catalytic_domain/structures/GlxRS_PDB_Arch_M_thermau_3AII.pdb
 0.232390 -0.956933  0.173994    36.143537
 0.842333  0.108573 -0.527908    26.492185
 0.486281  0.269242  0.831288   -63.304553
>../../../../class1/trp1//data/domains/Catalytic_domain/structures/TrpRS-A_AF_Arch_Natrialba_magadii_ATCC_43099_gene8824932.pdb
 0.943240 -0.204869 -0.261395     0.130574
 0.271951  0.928233  0.253825     0.215994
 0.190634 -0.310504  0.931260     0.557525
>../../../../class1/trp1//data/domains/Catalytic_domain/structures/TrpRS-A_AF_Arch_Nitrosopumilus_maritimus_SCM1_gene5773245.pdb
 0.976416 -0.106646 -0.187717     1.288459
 0.127762  0.986315  0.104209     0.789108
 0.174034 -0.125734  0.976680    -1.189292
>../../../../class1/trp1//data/domains/Catalytic_domain/structures/TrpRS-A_AF_Arch_Sulfolobus_islandicus_M1627_gene7814138.pdb
-0.943208 -0.195551  0.268550    -1.687673
-0.057190  0.891903  0.448597    -1.141474
-0.327244  0.407762 -0.852433    -2.596513
>../../../../class1/trp1//data/domains/Catalytic_domain/structures/TrpRS-A_AF_Arch_Thermoplasma_acidophilum_DSM_1728_gene1456706.pdb
 0.174478  0.344172 -0.922553    -3.097094
-0.772512 -0.533113 -0.344987     3.157883
-0.610560  0.772875  0.172861     2.354176
>../../../../class1/trp1//data/domains/Catalytic_domain/structures/TrpRS-A_AF_Euk_Cryptococcus_neoformans_var_neoformans_JEC21_gene3254069.pdb
 0.014931  0.760079 -0.649659     1.029706
-0.323145 -0.611198 -0.722506    -0.229710
-0.946232  0.220721  0.236490     0.793554
>../../../../class1/trp1//data/domains/Catalytic_domain/structures/TrpRS-A_AF_Euk_Cyanidioschyzon_merolae_strain_10D_gene16993299.pdb
 0.909822  0.404725 -0.091771     1.728705
-0.401144  0.801013 -0.444367     0.050206
-0.106336  0.441108  0.891132    -0.486712
>../../../../class1/trp1//data/domains/Catalytic_domain/structures/TrpRS-A_AF_Euk_Drosophila_melanogaster_gene45399.pdb
 0.978094  0.097846 -0.183736     5.299024
-0.158092  0.923369 -0.349852    -3.014071
 0.135425  0.371236  0.918610     2.827536
>../../../../class1/trp1//data/domains/Catalytic_domain/structures/TrpRS-A_AF_Euk_Saccharomyces_cerevisiae_S288C_gene854056.pdb
 0.088191 -0.243135 -0.965975     1.028200
 0.627120 -0.739889  0.243484    -0.092808
-0.773914 -0.627256  0.087224     1.462970
>../../../../class1/trp1//data/domains/Catalytic_domain/structures/TrpRS-A_AF_Vir_Megavirus_chiliensis_gene11257301.pdb
 1.000000  0.000000  0.000000     0.000000
 0.000000  1.000000  0.000000     0.000000
 0.000000  0.000000  1.000000     0.000000
>../../../../class1/trp1//data/domains/Catalytic_domain/structures/TrpRS-A_PDB_Arch_P_hori_3JXE.pdb
-0.901799  0.408286 -0.141639   -46.467626
 0.292202  0.334595 -0.895915     9.155013
-0.318398 -0.849323 -0.421039    14.704039
>../../../../class1/trp1//data/domains/Catalytic_domain/structures/TrpRS-A_PDB_Euk_S_Cerevisiae_3KT3.pdb
 0.247689  0.956874  0.151799    15.017836
-0.965453  0.230685  0.121183  -153.757693
 0.080939 -0.176570  0.980955    40.193646
