>../../../../class2/asn//data/domains/Catalytic_domain/structures/AsnRS_AF_Arch_Candidatus_Korarchaeum_cryptofilum_OPF8_gene6094562.pdb
 0.189413  0.209768  0.959229    -1.675001
 0.247554 -0.955558  0.160082     6.297048
 0.950179  0.207140 -0.232924    -5.568626
>../../../../class2/asn//data/domains/Catalytic_domain/structures/AsnRS_AF_Arch_Candidatus_Nitrososphaera_gargensis_Ga92_gene13796664.pdb
 0.380541  0.739508 -0.555262    -3.176877
-0.769923 -0.079245 -0.633197     4.272252
-0.512256  0.668467  0.539208    -6.548399
>../../../../class2/asn//data/domains/Catalytic_domain/structures/AsnRS_AF_Arch_Ferroplasma_acidarmanus_Fer1_gene16025664.pdb
 0.978000 -0.185933  0.094573     4.197903
 0.168168  0.970998  0.169947     2.257455
-0.123429 -0.150304  0.980905    -1.812458
>../../../../class2/asn//data/domains/Catalytic_domain/structures/AsnRS_AF_Arch_Pyrococcus_sp_ST04_gene13021535.pdb
 0.991587 -0.104645  0.076191     3.671974
 0.092163  0.984059  0.152097     1.568992
-0.090892 -0.143795  0.985425    -2.450828
>../../../../class2/asn//data/domains/Catalytic_domain/structures/AsnRS_AF_Bact_Clostridium_acetobutylicum_DSM_1731_gene44999755.pdb
 0.281272  0.791380 -0.542773    -3.874247
-0.785869 -0.134641 -0.603558     5.791182
-0.550724  0.596313  0.584050    -5.604376
>../../../../class2/asn//data/domains/Catalytic_domain/structures/AsnRS_AF_Bact_Mycoplasma_hyopneumoniae_168-L_gene57101291.pdb
 0.967652  0.232931  0.096917     3.571785
-0.225289  0.970697 -0.083620     0.288728
-0.113554  0.059080  0.991774    -3.368854
>../../../../class2/asn//data/domains/Catalytic_domain/structures/AsnRS_AF_Bact_Porphyromonas_gingivalis_ATCC_33277_gene29256423.pdb
 0.990152  0.016466  0.139027     2.680385
-0.036659  0.988904  0.143965     2.083492
-0.135114 -0.147644  0.979768    -3.754904
>../../../../class2/asn//data/domains/Catalytic_domain/structures/AsnRS_AF_Bact_Streptobacillus_moniliformis_DSM_12112_gene29673200.pdb
 0.208139  0.800556 -0.561951    -3.642770
-0.761462 -0.227969 -0.606800     5.633872
-0.613884  0.554203  0.562143    -5.878297
>../../../../class2/asn//data/domains/Catalytic_domain/structures/AsnRS_AF_Bact_Thermus_thermophilus_HB8_gene3168522.pdb
 0.945246  0.307840  0.108371     3.304628
-0.279903  0.935449 -0.215846    -0.487296
-0.167821  0.173695  0.970395    -3.113504
>../../../../class2/asn//data/domains/Catalytic_domain/structures/AsnRS_AF_Bact_Treponema_pallidum_subsp_pertenue_str_SamoaD_gene57879132.pdb
 0.373443  0.782125 -0.498819    -4.075807
-0.775646 -0.031685 -0.630372     5.097083
-0.508835  0.622316  0.594820    -6.378543
>../../../../class2/asn//data/domains/Catalytic_domain/structures/AsnRS_AF_Bact_unclassified_Blastocatellia_proteinRPI49177.1.pdb
 0.848157  0.529134  0.025453     1.634279
-0.479120  0.786713 -0.389265    -0.852489
-0.225997  0.317962  0.920774    -4.142330
>../../../../class2/asn//data/domains/Catalytic_domain/structures/AsnRS_AF_Euk_Candida_albicans_SC5314_gene3646227.pdb
 0.999988  0.004812  0.000058     0.116676
-0.004812  0.999988 -0.000668    -0.205159
-0.000061  0.000668  1.000000     0.048781
>../../../../class2/asn//data/domains/Catalytic_domain/structures/AsnRS_AF_Euk_Cryptococcus_gattii_WM276_gene10190222.pdb
 0.992012  0.047398 -0.116897    -3.333481
-0.054773  0.996652 -0.060704    -0.426380
 0.113628  0.066622  0.991287     0.465011
>../../../../class2/asn//data/domains/Catalytic_domain/structures/AsnRS_AF_Euk_Encephalitozoon_intestinalis_ATCC_50506_gene9698489.pdb
 0.989809 -0.099705  0.101675     4.141231
 0.067632  0.957464  0.280516     3.006304
-0.125319 -0.270780  0.954449    -2.784659
>../../../../class2/asn//data/domains/Catalytic_domain/structures/AsnRS_AF_Euk_Vitis_vinifera_gene100257593.pdb
 0.225014  0.908774 -0.351422    -5.206940
-0.676758 -0.113708 -0.727371     7.141849
-0.700976  0.401497  0.589435    -8.572739
>../../../../class2/asn//data/domains/Catalytic_domain/structures/AsnRS_AF_Mito_Solanum_lycopersicum_gene543755.pdb
 0.663434  0.744347  0.076176    -5.968317
-0.512192  0.526000 -0.678958     5.498393
-0.545449  0.411427  0.730215    -9.261868
>../../../../class2/asn//data/domains/Catalytic_domain/structures/AsnRS_AF_Mito_Zeugodacus_cucurbitae_gene105213230.pdb
-0.989110 -0.025578 -0.144938    -5.963883
-0.030223  0.999095  0.029935     2.280993
 0.144041  0.033990 -0.988988    -6.805216
>../../../../class2/asn//data/domains/Catalytic_domain/structures/AsnRS_PDB_Arch_P_horikoshii_1X54.pdb
 0.333235 -0.518045  0.787771   -21.775372
-0.931077 -0.312402  0.188416    -6.886050
 0.148493 -0.796263 -0.586443    15.834725
>../../../../class2/asn//data/domains/Catalytic_domain/structures/AsnRS_PDB_Bact_E_anophelis_6pqh.pdb
-0.039717 -0.042380 -0.998312   -59.413330
-0.427038 -0.902541  0.055303     1.388955
-0.903361  0.428514  0.017748   -15.953802
>../../../../class2/asn//data/domains/Catalytic_domain/structures/AsnRS_PDB_Euk_S_cerevisiae_1asz.pdb
-0.550301  0.827966  0.107894    -9.114153
-0.666303 -0.513334  0.540859    95.325456
 0.503198  0.225745  0.834165   -49.741180
>../../../../class2/his//data/domains/Catalytic_domain/structures/HisRS_AF_Arch_Candidatus_Methanomassiliicoccus_intestinalis_Issoire-Mx1_gene16154026.pdb
-0.882761  0.469811  0.003210     0.434265
 0.466939  0.876570  0.116587     7.232803
 0.051960  0.104418 -0.993175    -8.722555
>../../../../class2/his//data/domains/Catalytic_domain/structures/HisRS_AF_Arch_Candidatus_Nitrosopumilus_koreensis_AR1_gene13725657.pdb
 0.761990  0.637588 -0.113372     3.076135
-0.647535  0.752434 -0.120590     4.696098
 0.008418  0.165300  0.986207    -9.567416
>../../../../class2/his//data/domains/Catalytic_domain/structures/HisRS_AF_Arch_Desulfurococcus_amylolyticus_1221n_gene7171287.pdb
 0.571376 -0.670629 -0.473061     5.764524
 0.485764 -0.188243  0.853579     5.850707
-0.661485 -0.717511  0.218210    -9.581041
>../../../../class2/his//data/domains/Catalytic_domain/structures/HisRS_AF_Arch_Methanoregula_formicica_SMSP_gene14310605.pdb
-0.645667  0.712153  0.275594     1.548120
 0.759025  0.558999  0.333769     9.138267
 0.083638  0.424686 -0.901469   -10.265652
>../../../../class2/his//data/domains/Catalytic_domain/structures/HisRS_AF_Bact_Chlamydia_muridarum_str_Nigg_gene1246198.pdb
 0.413198  0.886073 -0.210099     3.686833
-0.736028  0.189105 -0.650001     5.724030
-0.536218  0.423218  0.730313    -7.245419
>../../../../class2/his//data/domains/Catalytic_domain/structures/HisRS_AF_Bact_Lacticaseibacillus_paracasei_gene61269730.pdb
 0.996137 -0.006343  0.087580     8.376422
-0.036132  0.879432  0.474652     6.406552
-0.080031 -0.475983  0.875806    -6.271000
>../../../../class2/his//data/domains/Catalytic_domain/structures/HisRS_AF_Bact_Paracoccus_denitrificans_PD1222_gene75501415.pdb
 0.435135 -0.496253 -0.751259     3.207223
 0.521536 -0.541233  0.659596     4.857090
-0.733933 -0.678822  0.023304    -9.592390
>../../../../class2/his//data/domains/Catalytic_domain/structures/HisRS_AF_Bact_Prochlorococcus_marinus_subsp_marinus_str_CCMP1375_gene54200127.pdb
 0.273524 -0.712535 -0.646126     5.084172
 0.397828 -0.527789  0.750447    11.911873
-0.875738 -0.462313  0.139103   -11.736707
>../../../../class2/his//data/domains/Catalytic_domain/structures/HisRS_AF_Bact_Streptobacillus_moniliformis_DSM_12112_gene29674169.pdb
 0.994452  0.027124  0.101633     8.969609
-0.062510  0.929463  0.363580     4.495939
-0.084603 -0.367916  0.926002    -7.322799
>../../../../class2/his//data/domains/Catalytic_domain/structures/HisRS_AF_Bact_Streptomyces_albidoflavus_gene15149169.pdb
 0.910249  0.292627  0.292943     3.438962
-0.392032  0.836758  0.382290     7.014062
-0.133255 -0.462823  0.876378    -8.481365
>../../../../class2/his//data/domains/Catalytic_domain/structures/HisRS_AF_Bact_Thermus_thermophilus_HB8_gene3168691.pdb
 0.980596 -0.191890 -0.040115     7.265834
 0.182924  0.822055  0.539226     6.762629
-0.070495 -0.536101  0.841205    -5.855344
>../../../../class2/his//data/domains/Catalytic_domain/structures/HisRS_AF_Bact_Treponema_denticola_ATCC_35405_gene2741405.pdb
-0.103027  0.513334 -0.851982     3.138503
-0.791124 -0.561474 -0.242630     8.104408
-0.602916  0.649026  0.463958    -7.981512
>../../../../class2/his//data/domains/Catalytic_domain/structures/HisRS_AF_Euk_Arabidopsis_thaliana_gene823753.pdb
 0.923943  0.310068  0.224024     4.000258
-0.380004  0.811172  0.444519     6.171116
-0.043891 -0.495840  0.867304    -8.935488
>../../../../class2/his//data/domains/Catalytic_domain/structures/HisRS_AF_Euk_Cryptococcus_gattii_WM276_gene10186972.pdb
 0.001684 -0.873874  0.486149     4.988738
-0.341047 -0.457505 -0.821204     6.241259
 0.940045 -0.164416 -0.298803    -9.365791
>../../../../class2/his//data/domains/Catalytic_domain/structures/HisRS_AF_Euk_Plasmodium_falciparum_3D7_gene812010.pdb
 0.730862  0.230333 -0.642486   -10.449429
-0.277694  0.960251  0.028360     2.214387
 0.623480  0.157687  0.765773   -12.101815
>../../../../class2/his//data/domains/Catalytic_domain/structures/HisRS_AF_Euk_Platysiphonia_delicata_gene33353157.pdb
 0.994197  0.013806  0.106687    10.579299
-0.059409  0.897245  0.437517     5.624007
-0.089684 -0.441317  0.892859    -6.684410
>../../../../class2/his//data/domains/Catalytic_domain/structures/HisRS_AF_Mito_Fusarium_fujikuroi_IMI_58289_gene35396474.pdb
 0.540690  0.832024 -0.124060     5.066727
-0.828332  0.500865 -0.251000     0.079080
-0.146701  0.238476  0.960004    -7.869409
>../../../../class2/his//data/domains/Catalytic_domain/structures/HisRS_AF_Mito_Rattus_rattus_gene116884285.pdb
-0.786698  0.600035 -0.145132     6.465780
 0.527043  0.775223  0.348218     4.802933
 0.321453  0.197452 -0.926111   -10.726897
>../../../../class2/his//data/domains/Catalytic_domain/structures/HisRS_PDB_Arch_T_acidophilum_1WU7.pdb
 0.172495 -0.818485 -0.548021    79.970818
-0.487342  0.412579 -0.769595    45.733947
 0.856004  0.399825 -0.327714   -13.170637
>../../../../class2/his//data/domains/Catalytic_domain/structures/HisRS_PDB_Bact_B_thailandensis_4e51.pdb
-0.740757 -0.283541  0.609002   -19.712293
-0.300188  0.950726  0.077510     4.087268
-0.600971 -0.125399 -0.789372    30.295110
>../../../../class2/his//data/domains/Catalytic_domain/structures/HisRS_PDB_Bact_E_coli_1HTT.pdb
-0.582554  0.810943  0.054790   -18.567990
-0.790258 -0.549352 -0.271486    10.609451
-0.190061 -0.201453  0.960882   -31.457668
