>structures/AlaRS_AF_Arch_Candidatus_Korarchaeum_cryptofilum_OPF8_gene6094822.pdb
-0.326154  0.393873 -0.859353   -14.626325
 0.943680  0.189121 -0.271478     3.171648
 0.055594 -0.899498 -0.433373   -17.870084
>structures/AlaRS_AF_Arch_Candidatus_Nitrosopumilus_koreensis_AR1_gene13725795.pdb
-0.221447 -0.329689  0.917751   -15.840659
 0.132391 -0.942567 -0.306659    20.991208
 0.966144  0.053593  0.252377   -13.628003
>structures/AlaRS_AF_Arch_Sulfolobus_islandicus_YG5714_gene7807284.pdb
-0.047313  0.244250 -0.968557    -9.943038
-0.146671 -0.960832 -0.235137   -37.471452
-0.988053  0.130935  0.081284   -32.593441
>structures/AlaRS_AF_Arch_Thermoplasma_acidophilum_DSM_1728_gene1456391.pdb
 0.055096 -0.993313  0.101462     7.627170
 0.300585 -0.080402 -0.950360   -51.173306
 0.952162  0.082859  0.294145     7.763318
>structures/AlaRS_AF_Bact_Brucella_melitensis_bv_1_str_16M_gene29593597.pdb
-0.264606  0.081707  0.960889     4.046068
-0.530460 -0.844450 -0.074270    19.746083
 0.805355 -0.529365  0.266789    -2.391657
>structures/AlaRS_AF_Bact_Chlamydia_psittaci_6BC_gene12242512.pdb
 0.725300  0.335952  0.600896   -20.468290
-0.310097  0.938713 -0.150524   -29.024166
-0.614638 -0.077161  0.785026   -36.722092
>structures/AlaRS_AF_Bact_Lactobacillus_acidophilus_La-14_gene56942022.pdb
 0.375836  0.923290 -0.079262   -19.530571
-0.640996  0.197246 -0.741767    -6.082852
-0.669232  0.329589  0.665957   -29.595944
>structures/AlaRS_AF_Bact_Nocardia_farcinica_IFM_10152_gene61134339.pdb
 0.745256  0.410216  0.525658   -19.712683
 0.022638  0.772333 -0.634814    19.720133
-0.666394  0.484999  0.566299   -10.195245
>structures/AlaRS_AF_Bact_Porphyromonas_gingivalis_ATCC_33277_gene29256567.pdb
 0.893663 -0.105508  0.436159   -17.125487
 0.150142  0.986250 -0.069056     5.894096
-0.422876  0.127198  0.897216   -20.990026
>structures/AlaRS_AF_Bact_Prochlorococcus_marinus_subsp_marinus_str_CCMP1375_gene54199407.pdb
-0.132672 -0.991105  0.010418   -27.577669
-0.806043  0.114004  0.580773    20.140320
-0.576795  0.068655 -0.813999   -14.994673
>structures/AlaRS_AF_Bact_Streptobacillus_moniliformis_DSM_12112_gene29672963.pdb
 0.999934  0.001096  0.011394    -0.022159
-0.001104  0.999999  0.000714    -0.126973
-0.011393 -0.000727  0.999935    -0.705772
>structures/AlaRS_AF_Euk_Cyanidioschyzon_merolae_strain_10D_gene16993235.pdb
-0.257199 -0.241629 -0.935662   -16.926581
 0.493103 -0.865512  0.087967     4.055120
-0.831083 -0.438753  0.341757   -29.518410
>structures/AlaRS_AF_Euk_Marasmius_oreades_gene66078979.pdb
 0.416725  0.888698  0.191198   -32.679943
-0.713688  0.189584  0.674320    22.945490
 0.563018 -0.417462  0.713257    10.664278
>structures/AlaRS_AF_Euk_Saccharomyces_cerevisiae_S288C_gene854513.pdb
 0.013794 -0.599699  0.800107   -12.452550
 0.045452 -0.798980 -0.599638    -0.225024
 0.998871  0.044638  0.016237   -14.398346
