>structures/LeuRS-A_AF_Arch_Aciduliprofundum_boonei_T469_gene8828435.pdb
-0.483143  0.028814 -0.875067     7.283887
 0.603140 -0.713532 -0.356502   -11.869307
-0.634661 -0.700029  0.327359    -1.411860
>structures/LeuRS-A_AF_Arch_Candidatus_Korarchaeum_cryptofilum_OPF8_gene6093520.pdb
-0.870423  0.483969 -0.090206     1.444719
 0.198103  0.512071  0.835786   -11.000267
 0.450687  0.709617 -0.541595    -2.424923
>structures/LeuRS-A_AF_Arch_Candidatus_Nitrosopumilus_koreensis_AR1_gene13725794.pdb
 0.991949  0.050243  0.116244     3.399405
-0.011874  0.950783 -0.309629    -4.505658
-0.126079  0.305756  0.943725     2.555021
>structures/LeuRS-A_AF_Arch_Methanobrevibacter_smithii_ATCC_35061_gene5216355.pdb
 0.998681 -0.043575  0.027156    -1.780192
 0.047145  0.987730 -0.148886    -4.202513
-0.020335  0.149970  0.988481     1.978785
>structures/LeuRS-A_AF_Euk_Arabidopsis_thaliana_gene837489.pdb
-0.237035 -0.942277  0.236491    -0.506627
-0.846493  0.080869 -0.526222     3.945999
 0.476722 -0.324921 -0.816800     0.324995
>structures/LeuRS-A_AF_Euk_Drosophila_melanogaster_gene326262.pdb
 0.995655  0.090439  0.022174    -2.449107
-0.089428  0.995065 -0.042996     2.035604
-0.025953  0.040826  0.998829     0.467882
>structures/LeuRS-A_AF_Euk_Leishmania_major_strain_Friedlin_gene5650139.pdb
 0.982390  0.170254  0.076962     0.792404
-0.149636  0.963589 -0.221599     1.761434
-0.111887  0.206180  0.972096    -0.703154
>structures/LeuRS-A_AF_Euk_Neurospora_crassa_OR74A_gene3879366.pdb
 1.000000  0.000000  0.000000     0.000000
 0.000000  1.000000  0.000000     0.000000
 0.000000  0.000000  1.000000     0.000000
>structures/LeuRS-A_PDB_Arch_P_hori_1WKB.pdb
 0.268479  0.800728  0.535494   -59.652273
-0.812554  0.486823 -0.320562    75.156002
-0.517374 -0.349053  0.781336    68.955039
