>structures/LeuRS-A_AF_Arch_Aciduliprofundum_boonei_T469_gene8828435.pdb
-0.458724 -0.002769 -0.888574     9.628443
 0.519960 -0.811751 -0.265899    -8.435278
-0.720565 -0.583997  0.373809    -1.949062
>structures/LeuRS-A_AF_Arch_Candidatus_Korarchaeum_cryptofilum_OPF8_gene6093520.pdb
-0.867862  0.495129 -0.040766     3.017180
 0.305050  0.595857  0.742899    -7.193949
 0.392122  0.632299 -0.668161    -3.040637
>structures/LeuRS-A_AF_Arch_Candidatus_Nitrosopumilus_koreensis_AR1_gene13725794.pdb
 0.991717  0.091118  0.090527     5.455881
-0.075586  0.983852 -0.162243    -0.149946
-0.103848  0.154057  0.982590     0.907416
>structures/LeuRS-A_AF_Arch_Methanobrevibacter_smithii_ATCC_35061_gene5216355.pdb
 1.000000  0.000000  0.000000     0.000000
 0.000000  1.000000  0.000000     0.000000
 0.000000  0.000000  1.000000     0.000000
>structures/LeuRS-A_AF_Euk_Arabidopsis_thaliana_gene837489.pdb
-0.290661 -0.928714  0.230230     1.587783
-0.752805  0.073446 -0.654134     7.817795
 0.590594 -0.363449 -0.720488    -2.838378
>structures/LeuRS-A_AF_Euk_Drosophila_melanogaster_gene326262.pdb
 0.990276  0.138964 -0.006452    -0.531202
-0.137494  0.984755  0.106554     6.008417
 0.021161 -0.104631  0.994286    -2.472527
>structures/LeuRS-A_AF_Euk_Leishmania_major_strain_Friedlin_gene5650139.pdb
 0.974919  0.218960  0.039870     2.726120
-0.215647  0.973658 -0.074069     5.541609
-0.055038  0.063614  0.996456    -3.472726
>structures/LeuRS-A_AF_Euk_Neurospora_crassa_OR74A_gene3879366.pdb
 0.998726  0.046199 -0.020293     2.036915
-0.042654  0.987821  0.149631     3.748680
 0.026959 -0.148575  0.988534    -2.530476
>structures/LeuRS-A_PDB_Arch_P_hori_1WKB.pdb
 0.239527  0.834792  0.495731   -55.871382
-0.894850  0.387906 -0.220846    91.720491
-0.376658 -0.390706  0.839927    51.820821
