>structures/GlyRS-A_AF_Arch_Candidatus_Nitrosopumilus_sediminis_gene13697160.pdb
-0.884409  0.465134 -0.038367    25.433091
-0.221377 -0.345712  0.911853    34.419974
 0.410869  0.814944  0.408721    32.018749
>structures/GlyRS-A_AF_Arch_Candidatus_Woesearchaeota_archaeon_proteinMBT4248212.1.pdb
-0.071237 -0.861810  0.502203    27.312342
-0.859154  0.308796  0.408043    34.862680
-0.506734 -0.402402 -0.762426    33.370548
>structures/GlyRS-A_AF_Arch_Methanosalsum_zhilinae_DSM_4017_gene10821854.pdb
-0.948105 -0.132881 -0.288860    23.622952
-0.307999  0.158229  0.938136    33.157776
-0.078954  0.978420 -0.190945    33.936847
>structures/GlyRS-A_AF_Arch_Sulfolobus_islandicus_YN1551_gene7810979.pdb
-0.117238  0.166028 -0.979127    24.357398
 0.948353 -0.273911 -0.159999    36.130070
-0.294758 -0.947316 -0.125340    32.325228
>structures/GlyRS-A_AF_Arch_Thermoplasma_acidophilum_DSM_1728_gene1455843.pdb
-0.740933  0.662083  0.112536    25.662002
-0.250811 -0.428245  0.868159    34.669421
 0.622987  0.615022  0.483358    32.114664
>structures/GlyRS-A_AF_Bact_Capnocytophaga_ochracea_DSM_7271_gene29675716.pdb
-0.351115 -0.073953 -0.933407    26.630782
 0.929317  0.094281 -0.357046    35.085003
 0.114407 -0.992795  0.035623    31.701346
>structures/GlyRS-A_AF_Bact_Corynebacterium_ulcerans_809_gene75260805.pdb
 0.459430  0.396522  0.794792    24.767452
-0.734477 -0.333580  0.590988    38.169347
 0.499467 -0.855275  0.137980    35.062222
>structures/GlyRS-A_AF_Bact_Treponema_denticola_ATCC_35405_gene2741635.pdb
 0.152272  0.979914 -0.128767    27.124705
 0.412788 -0.181434 -0.892574    37.320587
-0.898009  0.082760 -0.432124    34.557298
>structures/GlyRS-A_PDB_Bact_T_thermophilus_1ati.pdb
 0.999970 -0.007594  0.001695     0.150837
 0.007570  0.999872  0.014075    -0.751405
-0.001801 -0.014061  0.999900     0.416586
