>../../../../class2//phe2/data/domains/tRNA_binding_domain_F//structures/PheRS-Bβ_AF_Bact_Brachyspira_pilosicoli_95_1000_gene56440382.pdb
 0.962996 -0.260565  0.068874     4.136009
 0.252459  0.961569  0.107937    -1.694404
-0.094352 -0.086555  0.991769    -0.865555
>../../../../class2//phe2/data/domains/tRNA_binding_domain_F//structures/PheRS-Bβ_AF_Bact_Chlamydia_psittaci_6BC_gene12242429.pdb
-0.083885  0.707737 -0.701478     2.816348
-0.611331 -0.592467 -0.524649     6.344434
-0.786916  0.384826  0.482361    -0.669612
>../../../../class2//phe2/data/domains/tRNA_binding_domain_F//structures/PheRS-Bβ_AF_Bact_Ferrimonas_balearica_DSM_9799_gene67181907.pdb
-0.091600 -0.568624 -0.817482     7.629592
 0.679997 -0.635444  0.365807    -7.572597
-0.727470 -0.522378  0.444869     1.181890
>../../../../class2//phe2/data/domains/tRNA_binding_domain_F//structures/PheRS-Bβ_AF_Bact_Lacticaseibacillus_paracasei_gene61269867.pdb
 1.000000  0.000000  0.000000     0.000000
 0.000000  1.000000  0.000000     0.000000
 0.000000  0.000000  1.000000     0.000000
>../../../../class2//phe2/data/domains/tRNA_binding_domain_F//structures/PheRS-Bβ_AF_Bact_Mycobacterium_intracellulare_ATCC_13950_gene11909688.pdb
-0.350200  0.059261 -0.934798     6.987527
-0.015370 -0.998226 -0.057525    -1.375274
-0.936549 -0.005778  0.350490     2.304551
>../../../../class2//phe2/data/domains/tRNA_binding_domain_F//structures/PheRS-Bβ_AF_Bact_Mycoplasma_hyopneumoniae_168-L_gene57101148.pdb
 0.819950  0.572261 -0.014099     3.005630
-0.509886  0.718940 -0.472379   -17.001064
-0.260188  0.394516  0.881283     5.840796
>../../../../class2//phe2/data/domains/tRNA_binding_domain_F//structures/PheRS-Bβ_AF_Bact_Porphyromonas_gingivalis_ATCC_33277_gene29257179.pdb
-0.577273 -0.809597 -0.106342    10.933753
-0.715830  0.564415 -0.411124     2.001836
 0.392866 -0.161208 -0.905355     1.242485
>../../../../class2//phe2/data/domains/tRNA_binding_domain_F//structures/PheRS-Bβ_AF_Bact_Prochlorococcus_marinus_subsp_marinus_str_CCMP1375_gene54200309.pdb
 0.123040  0.722367 -0.680476     5.084682
-0.624164 -0.476758 -0.618967     2.971185
-0.771544  0.500887  0.392215     1.869689
>../../../../class2//phe2/data/domains/tRNA_binding_domain_F//structures/PheRS-Bβ_AF_Euk_Didymosphenia_geminata_gene19740299.pdb
 0.486880  0.869876 -0.079142     9.281312
-0.775768  0.389004 -0.496850    11.929840
-0.401411  0.303302  0.864221     0.131123
>../../../../class2//phe2/data/domains/tRNA_binding_domain_F//structures/PheRS-Bβ_AF_Euk_Gracilariopsis_tenuifrons_gene68635617.pdb
-0.657961  0.743507  0.119519     7.922973
 0.274254  0.088772  0.957551    -7.888265
 0.701336  0.662810 -0.262318    -0.892213
>../../../../class2//phe2/data/domains/tRNA_binding_domain_F//structures/PheRS-Bβ_PDB_Bact.B_E_coli_3PCO.pdb
-0.246158 -0.369236  0.896142   -41.520061
-0.927550  0.357966 -0.107293   -17.498111
-0.281172 -0.857627 -0.430601     6.355189
>../../../../class2//phe2/data/domains/tRNA_binding_domain_F//structures/PheRS-Bβ_PDB_Bact.B_T_thermophilus_1PYS.pdb
 0.872658 -0.049706 -0.485795    16.150601
-0.487436 -0.148872 -0.860374    25.658783
-0.029555  0.987606 -0.154143   -59.137267
>../../../../class2//phe5/data/domains/tRNA_binding_domain_F//structures/PheRS-M_AF_Mito_Arabidopsis_thaliana_gene824983.pdb
 0.853750  0.304399  0.422437    41.763562
-0.130729  0.910638 -0.391980    -9.797189
-0.504005  0.279428  0.817251   -36.826582
>../../../../class2//phe5/data/domains/tRNA_binding_domain_F//structures/PheRS-M_AF_Mito_Babesia_bovis_T2Bo_gene5478469.pdb
 0.274012  0.603326  0.748943    49.782594
-0.812225  0.562179 -0.155710    15.771373
-0.514984 -0.565644  0.644080   -18.388045
>../../../../class2//phe5/data/domains/tRNA_binding_domain_F//structures/PheRS-M_AF_Mito_Candida_albicans_SC5314_gene3638806.pdb
 0.221178  0.249754  0.942711    39.357961
-0.928884  0.348412  0.125629    -9.944360
-0.297076 -0.903456  0.309054   -31.742093
>../../../../class2//phe5/data/domains/tRNA_binding_domain_F//structures/PheRS-M_AF_Mito_Crassostrea_gigas_gene105329377.pdb
-0.678076  0.726169 -0.113540    30.710945
 0.366995  0.468354  0.803716    -3.636019
 0.636810  0.503312 -0.584080   -33.733159
>../../../../class2//phe5/data/domains/tRNA_binding_domain_F//structures/PheRS-M_AF_Mito_Drosophila_melanogaster_gene36547.pdb
-0.729288  0.625260 -0.277830    41.186052
 0.661599  0.747955 -0.053380    29.580021
 0.174428 -0.222741 -0.959146   -32.116280
>../../../../class2//phe5/data/domains/tRNA_binding_domain_F//structures/PheRS-M_AF_Mito_Syngnathus_acus_gene119139175.pdb
-0.412126 -0.841488 -0.349357    35.777081
-0.794955  0.519449 -0.313400    -6.249868
 0.445195  0.148563 -0.883023   -33.510706
>../../../../class2//phe5/data/domains/tRNA_binding_domain_F//structures/PheRS-M_PDB_Mito.H_sapiens_3CMQ.pdb
-0.878469  0.375296  0.295711    24.538195
-0.230435  0.209389 -0.950293     2.832665
-0.418559 -0.902945 -0.097461    -9.283247
