>../../../../class2/his//data/domains/Catalytic_domain/structures/HisRS_AF_Arch_Candidatus_Methanomassiliicoccus_intestinalis_Issoire-Mx1_gene16154026.pdb
-0.994178  0.057771  0.090958    -2.693162
 0.099004  0.822936  0.559441    -0.661612
-0.042533  0.565189 -0.823864    -1.075677
>../../../../class2/his//data/domains/Catalytic_domain/structures/HisRS_AF_Arch_Candidatus_Nitrosopumilus_koreensis_AR1_gene13725657.pdb
 0.941138  0.272699 -0.199735     0.638053
-0.338009  0.753931 -0.563328    -1.586950
-0.003033  0.597682  0.801728    -1.705263
>../../../../class2/his//data/domains/Catalytic_domain/structures/HisRS_AF_Arch_Desulfurococcus_amylolyticus_1221n_gene7171287.pdb
 0.406650 -0.445825 -0.797418     2.705964
 0.881999 -0.035943  0.469878     0.277614
-0.238145 -0.894398  0.378601    -0.672383
>../../../../class2/his//data/domains/Catalytic_domain/structures/HisRS_AF_Arch_Methanoregula_formicica_SMSP_gene14310605.pdb
-0.892777  0.375844  0.248376    -2.251104
 0.418806  0.489292  0.764980     2.064708
 0.165985  0.786978 -0.594235    -1.257945
>../../../../class2/his//data/domains/Catalytic_domain/structures/HisRS_AF_Bact_Chlamydia_muridarum_str_Nigg_gene1246198.pdb
 0.734793  0.677932 -0.022080     0.676408
-0.241534  0.231097 -0.942473    -1.726446
-0.633830  0.697856  0.333553     0.675495
>../../../../class2/his//data/domains/Catalytic_domain/structures/HisRS_AF_Bact_Lacticaseibacillus_paracasei_gene61269730.pdb
 0.936431 -0.274659 -0.218308     4.326772
 0.287865  0.957184  0.030535     0.030185
 0.200574 -0.091437  0.975402     3.251198
>../../../../class2/his//data/domains/Catalytic_domain/structures/HisRS_AF_Bact_Paracoccus_denitrificans_PD1222_gene75501415.pdb
 0.297198 -0.162506 -0.940885     0.721049
 0.895810 -0.293583  0.333667    -1.381513
-0.330451 -0.942020  0.058322    -1.566262
>../../../../class2/his//data/domains/Catalytic_domain/structures/HisRS_AF_Bact_Prochlorococcus_marinus_subsp_marinus_str_CCMP1375_gene54200127.pdb
 0.216215 -0.379845 -0.899427    -0.105237
 0.814482 -0.437824  0.380696     6.128811
-0.538397 -0.814879  0.214713    -0.544042
>../../../../class2/his//data/domains/Catalytic_domain/structures/HisRS_AF_Bact_Streptobacillus_moniliformis_DSM_12112_gene29674169.pdb
 0.944704 -0.278100 -0.173766     5.725486
 0.267346  0.960021 -0.082982    -1.010052
 0.189896  0.031938  0.981285     1.725482
>../../../../class2/his//data/domains/Catalytic_domain/structures/HisRS_AF_Bact_Streptomyces_albidoflavus_gene15149169.pdb
 1.000000  0.000000  0.000000     0.000000
 0.000000  1.000000  0.000000     0.000000
 0.000000  0.000000  1.000000     0.000000
>../../../../class2/his//data/domains/Catalytic_domain/structures/HisRS_AF_Bact_Thermus_thermophilus_HB8_gene3168691.pdb
 0.831297 -0.427322 -0.355444     3.267993
 0.474178  0.878869  0.052393    -0.311525
 0.290000 -0.212098  0.933228     3.339350
>../../../../class2/his//data/domains/Catalytic_domain/structures/HisRS_AF_Bact_Treponema_denticola_ATCC_35405_gene2741405.pdb
 0.303019  0.584448 -0.752728    -0.911754
-0.436437 -0.617057 -0.654800     0.623541
-0.847173  0.526936  0.068095     0.921610
>../../../../class2/his//data/domains/Catalytic_domain/structures/HisRS_AF_Euk_Arabidopsis_thaliana_gene823753.pdb
 0.996138  0.031181 -0.082083     0.921413
-0.028257  0.998933  0.036538    -0.395804
 0.083134 -0.034077  0.995956    -0.495490
>../../../../class2/his//data/domains/Catalytic_domain/structures/HisRS_AF_Euk_Cryptococcus_gattii_WM276_gene10186972.pdb
 0.000303 -0.601739  0.798693     1.768073
-0.703495 -0.567759 -0.427485     0.289225
 0.710700 -0.561747 -0.423493    -0.428271
>../../../../class2/his//data/domains/Catalytic_domain/structures/HisRS_AF_Euk_Plasmodium_falciparum_3D7_gene812010.pdb
 0.692509 -0.182114 -0.698044   -10.369696
-0.292459  0.813662 -0.502417    -6.461719
 0.659469  0.552077  0.510207    -8.635652
>../../../../class2/his//data/domains/Catalytic_domain/structures/HisRS_AF_Euk_Platysiphonia_delicata_gene33353157.pdb
 0.943652 -0.269593 -0.191938     6.651546
 0.273832  0.961766 -0.004602     0.165651
 0.185840 -0.048216  0.981396     3.246765
>../../../../class2/his//data/domains/Catalytic_domain/structures/HisRS_AF_Mito_Fusarium_fujikuroi_IMI_58289_gene35396474.pdb
 0.828551  0.539752 -0.148901     3.979545
-0.486889  0.563228 -0.667618    -5.633339
-0.276483  0.625654  0.729462    -1.306820
>../../../../class2/his//data/domains/Catalytic_domain/structures/HisRS_AF_Mito_Rattus_rattus_gene116884285.pdb
-0.964041  0.224162 -0.142749     3.809562
 0.078312  0.752913  0.653444     0.047155
 0.253955  0.618767 -0.743393    -1.695801
>../../../../class2/his//data/domains/Catalytic_domain/structures/HisRS_PDB_Arch_T_acidophilum_1WU7.pdb
 0.215301 -0.965846 -0.144176    54.871717
-0.739492 -0.064824 -0.670037    57.277388
 0.637807  0.250877 -0.728192    32.947142
>../../../../class2/his//data/domains/Catalytic_domain/structures/HisRS_PDB_Bact_B_thailandensis_4e51.pdb
-0.485596 -0.607985  0.628133   -25.045271
-0.197381  0.776237  0.598747   -26.699750
-0.851609  0.166767 -0.496942    26.766346
>../../../../class2/his//data/domains/Catalytic_domain/structures/HisRS_PDB_Bact_E_coli_1HTT.pdb
-0.186005  0.982238  0.024697   -18.195956
-0.753429 -0.126452 -0.645256     6.709114
-0.630672 -0.138628  0.763567   -25.379638
>../../../../class2/lys//data/domains/Catalytic_domain/structures/LysRS-II_AF_Arch_Aciduliprofundum_boonei_T469_gene8827564.pdb
 0.804781  0.480034 -0.349134    -7.493103
-0.458619  0.129462 -0.879152    -4.641871
-0.376823  0.867644  0.324341    -1.274230
>../../../../class2/lys//data/domains/Catalytic_domain/structures/LysRS-II_AF_Arch_Archaeoglobus_sulfaticallidus_PM70-1_gene15393615.pdb
 0.950170 -0.256152 -0.177662    -2.002602
 0.206117  0.943792 -0.258404    -7.178853
 0.233866  0.208908  0.949560     2.661545
>../../../../class2/lys//data/domains/Catalytic_domain/structures/LysRS-II_AF_Arch_Candidatus_Woesearchaeota_archaeon_proteinMBS3172198.1.pdb
 0.512824 -0.646022 -0.565392    -4.237457
 0.830681  0.539679  0.136806    -6.883264
 0.216750 -0.539818  0.813398     0.255032
>../../../../class2/lys//data/domains/Catalytic_domain/structures/LysRS-II_AF_Arch_Thermogladius_calderae_1633_gene13013549.pdb
 0.481874  0.634352 -0.604479    -6.225412
-0.352422 -0.491291 -0.796512    -3.042756
-0.802244  0.596851 -0.013181    -1.082690
>../../../../class2/lys//data/domains/Catalytic_domain/structures/LysRS-II_AF_Bact_Chlamydia_muridarum_str_Nigg_gene1245697.pdb
 0.441255  0.634742 -0.634347    -7.754925
-0.393844 -0.498189 -0.772460    -3.404272
-0.806338  0.590686  0.030161    -0.035985
>../../../../class2/lys//data/domains/Catalytic_domain/structures/LysRS-II_AF_Bact_Cupriavidus_taiwanensis_LMG_19424_gene29762375.pdb
 0.925064 -0.292325 -0.242494     0.086279
 0.247011  0.948032 -0.200553    -6.438907
 0.288519  0.125626  0.949197     3.341486
>../../../../class2/lys//data/domains/Catalytic_domain/structures/LysRS-II_AF_Bact_Leuconostoc_gelidum_JB7_gene61037106.pdb
 0.969425 -0.141245 -0.200661    -3.879844
 0.123707  0.987521 -0.097463    -3.739248
 0.211923  0.069660  0.974801    -0.413680
>../../../../class2/lys//data/domains/Catalytic_domain/structures/LysRS-II_AF_Bact_Mycobacterium_intracellulare_ATCC_13950_gene11907187.pdb
 0.972019 -0.157366 -0.174399    -0.336444
 0.094910  0.942235 -0.321224    -7.208550
 0.214874  0.295683  0.930806     2.529039
>../../../../class2/lys//data/domains/Catalytic_domain/structures/LysRS-II_AF_Bact_Mycoplasma_hyopneumoniae_168-L_gene57101062.pdb
 0.956817 -0.133249 -0.258354    -5.033502
 0.104597  0.987040 -0.121698    -3.672023
 0.271222  0.089420  0.958354    -2.080498
>../../../../class2/lys//data/domains/Catalytic_domain/structures/LysRS-II_AF_Bact_Porphyromonas_gingivalis_ATCC_33277_gene29256363.pdb
 0.812144  0.569251 -0.127968    -8.441718
-0.298409  0.216785 -0.929493    -5.312218
-0.501373  0.793068  0.345930    -2.545184
>../../../../class2/lys//data/domains/Catalytic_domain/structures/LysRS-II_AF_Bact_Prochlorococcus_marinus_subsp_marinus_str_CCMP1375_gene54201108.pdb
 0.996058  0.024301 -0.085314    -5.184140
-0.049783  0.949148 -0.310870    -3.103393
 0.073421  0.313891  0.946616    -0.536214
>../../../../class2/lys//data/domains/Catalytic_domain/structures/LysRS-II_AF_Bact_Streptobacillus_moniliformis_DSM_12112_gene29673899.pdb
 0.993707  0.077940 -0.080449    -0.308880
-0.109534  0.826374 -0.552366    -8.136878
 0.023429  0.557701  0.829711     0.799952
>../../../../class2/lys//data/domains/Catalytic_domain/structures/LysRS-II_AF_Euk_Ostreococcus_tauri_gene9837657.pdb
 0.903582 -0.341098 -0.259215    -1.203299
 0.292621  0.933310 -0.208100    -7.519436
 0.312910  0.112184  0.943134     3.412844
>../../../../class2/lys//data/domains/Catalytic_domain/structures/LysRS-II_AF_Euk_Solanum_lycopersicum_gene778357.pdb
-0.214460 -0.420566  0.881551    -3.485784
-0.938591 -0.161019 -0.305154    -3.735390
 0.270284 -0.892859 -0.360207     1.746808
>../../../../class2/lys//data/domains/Catalytic_domain/structures/LysRS-II_AF_Euk_Theileria_annulata_gene3864794.pdb
-0.514001 -0.616805  0.596116     0.339842
-0.848490  0.467644 -0.247737    -4.701044
-0.125964 -0.633135 -0.763723     1.335630
>../../../../class2/lys//data/domains/Catalytic_domain/structures/LysRS-II_AF_Euk_Zootoca_vivipara_gene118086243.pdb
 0.321977 -0.402994 -0.856695    -4.516209
 0.944184  0.070142  0.321863    -0.751408
-0.069618 -0.912511  0.403085     1.400706
>../../../../class2/lys//data/domains/Catalytic_domain/structures/LysRS-II_AF_Mito_Malus_domestica_gene103446975.pdb
 0.880193 -0.412074 -0.235491    -0.446373
 0.402923  0.910985 -0.088083    -6.013388
 0.250825 -0.017354  0.967877     4.018189
>../../../../class2/lys//data/domains/Catalytic_domain/structures/LysRS-II_AF_Mito_Scheffersomyces_stipitis_CBS_6054_gene4837999.pdb
 0.913464 -0.283553 -0.291860    -0.256154
 0.291523  0.956417 -0.016786    -5.351923
 0.283899 -0.069750  0.956314     4.338386
>../../../../class2/lys//data/domains/Catalytic_domain/structures/LysRS-II_PDB_Bact_G_stearothermophilus_3E9H.pdb
-0.197692  0.216860 -0.955976    54.146885
 0.765353  0.643493 -0.012297     2.379644
 0.612497 -0.734090 -0.293188   -92.834392
