>../../../../class1/glu1//data/domains/Catalytic_domain/structures/GluRS_AF_Bact_Bifidobacterium_animalis_subsp_lactis_BLC1_gene66532600.pdb
-0.414111 -0.072850 -0.907307    -0.591572
 0.152005 -0.988329  0.009977     5.157344
-0.897445 -0.133784  0.420351    -7.793970
>../../../../class1/glu1//data/domains/Catalytic_domain/structures/GluRS_AF_Bact_Chlamydia_psittaci_6BC_gene12242467.pdb
-0.387789  0.578527 -0.717584     3.085362
 0.281283 -0.667094 -0.689830    10.147059
-0.877781 -0.469352  0.095962    -0.881124
>../../../../class1/glu1//data/domains/Catalytic_domain/structures/GluRS_AF_Bact_[Eubacterium]_eligens_ATCC_27750_gene41357084.pdb
-0.547829  0.552580 -0.628123    -0.389196
-0.230130 -0.821385 -0.521887     3.241248
-0.804316 -0.141355  0.577144    -5.826134
>../../../../class1/glu1//data/domains/Catalytic_domain/structures/GluRS_AF_Bact_Mycoplasma_hyopneumoniae_168-L_gene57101016.pdb
-0.666536  0.435395 -0.605113     0.205169
-0.154120 -0.874662 -0.459579     5.289157
-0.729368 -0.213066  0.650097    -6.132483
>../../../../class1/glu1//data/domains/Catalytic_domain/structures/GluRS_AF_Bact_Paracoccus_denitrificans_PD1222_gene75500422.pdb
-0.675350  0.527524 -0.515384     0.172135
-0.242386 -0.818774 -0.520441     3.330011
-0.696528 -0.226558  0.680823    -5.851837
>../../../../class1/glu1//data/domains/Catalytic_domain/structures/GluRS_AF_Bact_Porphyromonas_gingivalis_ATCC_33277_gene29255772.pdb
-0.676494 -0.373384 -0.634776     0.701499
-0.431834  0.899327 -0.068783     5.199986
 0.596553  0.227586 -0.769629    -6.892809
>../../../../class1/glu1//data/domains/Catalytic_domain/structures/GluRS_AF_Bact_Prochlorococcus_marinus_subsp_marinus_str_CCMP1375_gene54199839.pdb
-0.460310  0.885028 -0.069572    -0.406225
 0.551310  0.346405  0.758987     4.463183
 0.695825  0.311013 -0.647378    -6.752374
>../../../../class1/glu1//data/domains/Catalytic_domain/structures/GluRS_AF_Bact_Treponema_pallidum_subsp_pertenue_str_SamoaD_gene57879197.pdb
-0.602704  0.301441 -0.738838     1.048373
 0.034835 -0.915081 -0.401763     5.681319
-0.797204 -0.267882  0.541022    -8.778332
>../../../../class1/glu1//data/domains/Catalytic_domain/structures/GluRS_AF_Euk_Arabidopsis_thaliana_gene836526.pdb
 0.551449  0.265576  0.790805     3.246314
 0.255677 -0.956155  0.142816     9.073392
 0.794061  0.123435 -0.595173    -7.562584
>../../../../class1/glu1//data/domains/Catalytic_domain/structures/GluRS_AF_Euk_Cryptococcus_neoformans_var_grubii_H99_gene23890400.pdb
-0.825856 -0.061843 -0.560480     0.432580
-0.194619  0.964150  0.180384     3.921293
 0.529231  0.258051 -0.808285    -9.974358
>../../../../class1/glu1//data/domains/Catalytic_domain/structures/GluRS_AF_Euk_Ostreococcus_tauri_proteinOUS48355.1.pdb
 0.505001 -0.534309  0.677855     5.193302
-0.365961 -0.843817 -0.392486     5.149570
 0.781695 -0.049863 -0.621665    -6.148494
>../../../../class1/glu1//data/domains/Catalytic_domain/structures/GluRS_AF_Euk_Plasmodium_knowlesi_strain_H_gene7321821.pdb
-0.581395  0.237841 -0.778082     1.046638
 0.131384 -0.916324 -0.378270     6.168998
-0.802944 -0.322152  0.501498    -6.632041
>../../../../class1/glu1//data/domains/Catalytic_domain/structures/GluRS_AF_Mito_Cyanidioschyzon_merolae_strain_10D_gene16997617.pdb
 0.541224 -0.537343  0.646791     3.068906
-0.332358 -0.843253 -0.422448     4.462297
 0.772408  0.013672 -0.634980    -8.244086
>../../../../class1/glu1//data/domains/Catalytic_domain/structures/GluRS_AF_Mito_Drosophila_melanogaster_gene39828.pdb
 0.674180  0.231870  0.701226    -2.164693
 0.172582 -0.972614  0.155682     7.801330
 0.718120  0.016061 -0.695733    -6.902253
>../../../../class1/glu1//data/domains/Catalytic_domain/structures/GluRS_PDB_Bact_T_therm_1J09.pdb
-0.890040 -0.075703 -0.449553    40.981250
-0.242676  0.913465  0.326634   -13.809048
 0.385924  0.399812 -0.831392   -30.295367
>../../../../class1/tyr//data/domains/Catalytic_domain/structures/TyrRS_AF_Arch_Candidatus_Korarchaeum_cryptofilum_OPF8_gene6094625.pdb
-0.110427 -0.148833 -0.982677     1.553937
 0.602605 -0.796285  0.052886     4.318413
-0.790362 -0.586327  0.177619    -0.613887
>../../../../class1/tyr//data/domains/Catalytic_domain/structures/TyrRS_AF_Arch_Desulfurococcus_amylolyticus_1221n_gene7171652.pdb
-0.220185  0.407877 -0.886090     1.069565
-0.156677 -0.911377 -0.380584     3.275585
-0.962793  0.055031  0.264576     0.367667
>../../../../class1/tyr//data/domains/Catalytic_domain/structures/TyrRS_AF_Arch_Methanothermococcus_okinawensis_IH1_gene10772133.pdb
 1.000000  0.000000  0.000000     0.000000
 0.000000  1.000000  0.000000     0.000000
 0.000000  0.000000  1.000000     0.000000
>../../../../class1/tyr//data/domains/Catalytic_domain/structures/TyrRS_AF_Arch_Thermoplasma_acidophilum_DSM_1728_gene1456112.pdb
 0.175392  0.421598  0.889659     1.496061
 0.616343 -0.751688  0.234706     8.696614
 0.767697  0.507169 -0.391689     2.595038
>../../../../class1/tyr//data/domains/Catalytic_domain/structures/TyrRS_AF_Bact_Bifidobacterium_animalis_subsp_lactis_BLC1_gene66533077.pdb
-0.377448  0.694928 -0.612052     0.886889
-0.101687 -0.688048 -0.718505     5.415458
-0.920431 -0.208961  0.330368    -5.774116
>../../../../class1/tyr//data/domains/Catalytic_domain/structures/TyrRS_AF_Bact_Brachyspira_pilosicoli_95_1000_gene56440491.pdb
 0.240474  0.051340  0.969297     4.948208
 0.086993 -0.995722  0.031157     5.833250
 0.966749  0.076830 -0.243912     2.153247
>../../../../class1/tyr//data/domains/Catalytic_domain/structures/TyrRS_AF_Bact_Chlamydia_psittaci_6BC_gene12242888.pdb
-0.254006  0.783531 -0.567063     1.405582
-0.263026 -0.620154 -0.739071     5.396580
-0.930751 -0.038577  0.363612    -0.513619
>../../../../class1/tyr//data/domains/Catalytic_domain/structures/TyrRS_AF_Bact_Lactococcus_lactis_subsp_cremoris_KW2_gene61108704.pdb
-0.231692  0.792301 -0.564428     2.401071
-0.228005 -0.608283 -0.760267     5.231279
-0.945691 -0.047456  0.321583    -5.417470
>../../../../class1/tyr//data/domains/Catalytic_domain/structures/TyrRS_AF_Bact_Porphyromonas_gingivalis_ATCC_33277_gene29255602.pdb
 0.120896  0.504875  0.854684     3.155639
 0.181411 -0.857737  0.481017     9.249405
 0.975948  0.096896 -0.195287    -1.406914
>../../../../class1/tyr//data/domains/Catalytic_domain/structures/TyrRS_AF_Bact_Prochlorococcus_marinus_subsp_marinus_str_CCMP1375_gene54200747.pdb
 0.645957  0.642326  0.412500     0.263697
-0.437800  0.754384 -0.489117     4.632987
-0.625357  0.135356  0.768510    -0.888230
>../../../../class1/tyr//data/domains/Catalytic_domain/structures/TyrRS_AF_Bact_Serratia_plymuthica_AS9_gene57666950.pdb
 0.787381  0.614199  0.052825     0.073230
-0.325189  0.486618 -0.810836     5.824655
-0.523721  0.621259  0.582884    -6.661868
>../../../../class1/tyr//data/domains/Catalytic_domain/structures/TyrRS_AF_Bact_Streptobacillus_moniliformis_DSM_12112_gene29673957.pdb
 0.584228  0.806144 -0.093857     1.953342
-0.430181  0.209527 -0.878090    -1.873477
-0.688202  0.553381  0.469199    -4.744639
>../../../../class1/tyr//data/domains/Catalytic_domain/structures/TyrRS_AF_Euk_Cryptococcus_neoformans_var_neoformans_JEC21_gene3254328.pdb
-0.091420  0.947224 -0.307261     0.378064
-0.467457 -0.313265 -0.826649     5.179992
-0.879276  0.068059  0.471425    -4.827793
>../../../../class1/tyr//data/domains/Catalytic_domain/structures/TyrRS_AF_Euk_Drosophila_melanogaster_gene39829.pdb
 0.852382 -0.323254  0.411037     8.199529
 0.269175 -0.402672 -0.874872     9.741338
 0.448319  0.856366 -0.256219     1.837125
>../../../../class1/tyr//data/domains/Catalytic_domain/structures/TyrRS_AF_Euk_Plasmodium_falciparum_3D7_gene2655248.pdb
 0.081373 -0.113106 -0.990245    -1.305392
 0.020948 -0.993126  0.115157     3.064626
-0.996464 -0.030115 -0.078445     0.280056
>../../../../class1/tyr//data/domains/Catalytic_domain/structures/TyrRS_AF_Euk_Seriola_dumerili_gene111223086.pdb
 0.805340 -0.581298 -0.116276     9.596893
 0.401400  0.679050 -0.614629     9.174950
 0.436240  0.448312  0.780199     3.577117
>../../../../class1/tyr//data/domains/Catalytic_domain/structures/TyrRS_AF_Mito_Aspergillus_fumigatus_Af293_gene3509181.pdb
-0.762574 -0.448727 -0.465966    -8.650271
 0.353631  0.313991 -0.881110     3.087804
 0.541687 -0.836692 -0.080758     4.273954
>../../../../class1/tyr//data/domains/Catalytic_domain/structures/TyrRS_AF_Mito_Cyanidioschyzon_merolae_strain_10D_gene16996209.pdb
-0.176584  0.957153 -0.229512    -0.354232
-0.387367 -0.281938 -0.877757     3.995714
-0.904856 -0.066093  0.420555    -4.337430
>../../../../class1/tyr//data/domains/Catalytic_domain/structures/TyrRS_AF_Vir_Megavirus_chiliensis_gene11257765.pdb
 0.861323 -0.467411 -0.199121    -3.752942
 0.436915  0.881471 -0.179206     0.415750
 0.259282  0.067355  0.963450     2.811237
>../../../../class1/tyr//data/domains/Catalytic_domain/structures/TyrRS_PDB_Arch_M_jannashii_1U7D.pdb
 0.828033 -0.189628  0.527638    -2.392479
-0.540416 -0.520638  0.660974    16.122843
 0.149369 -0.832452 -0.533584    49.322252
>../../../../class1/tyr//data/domains/Catalytic_domain/structures/TyrRS_PDB_E_coli_Bact_1WQ4.pdb
-0.880426  0.454598 -0.134875    26.680561
 0.394657  0.544824 -0.739873    26.515467
-0.262861 -0.704633 -0.659088    51.820425
>../../../../class1/tyr//data/domains/Catalytic_domain/structures/TyrRS_PDB_Vir_Acanthamoeba_polyphaga_mimivirus_2J5B.pdb
 0.263667  0.962863 -0.058091   -80.661797
 0.407801 -0.165841 -0.897884    37.003265
-0.874173  0.213052 -0.436383    52.497831
