>../../../../class2/phe3//data/domains/Catalytic_domain/structures/Phe_Euk_3CMQ.H_sapiens.pdb
-0.918209 -0.061409 -0.391306    48.768094
-0.323457 -0.453956  0.830240     5.659931
-0.228620  0.888905  0.396964   -59.160930
>../../../../class2/phe3//data/domains/Catalytic_domain/structures/Phe_Euk_3TEG.H_sapiens.pdb
-0.920210 -0.065429 -0.385917    48.810975
-0.315745 -0.458628  0.830642     5.703946
-0.231340  0.886217  0.401375   -59.254238
>../../../../class2/pyl//data/domains/Catalytic_domain/structures/Pyl_Arch_2Q7E_M_mazei.pdb
 0.016485 -0.547667 -0.836534    90.668251
 0.396525  0.771624 -0.497357   -14.410403
 0.917876 -0.323508  0.229883   -41.378360
>../../../../class2/pyl//data/domains/Catalytic_domain/structures/Pyl_Arch_2ZNJ_D_hafniense.pdb
 1.000000 -0.000000  0.000000     0.000000
 0.000000  1.000000  0.000000     0.000000
-0.000000  0.000000  1.000000     0.000000
>../../../../class2/pyl//data/domains/Catalytic_domain/structures/Pyl_Arch_6jp2_M_alvus.pdb
 0.551231 -0.067578 -0.831611    37.751311
-0.657011  0.579196 -0.482564    25.287657
 0.514277  0.812382  0.274872   -72.473922
>../../../../class2/pyl//data/domains/Catalytic_domain/structures/Pyrrolysyl.A.Euryarchaeota.NC_007955.1.pdb
 0.362889 -0.250437  0.897548    49.623370
 0.589287  0.807821 -0.012854     7.513118
-0.721839  0.533578  0.440729   -36.357291
