>../../../../class1/gln//data/domains/Catalytic_domain/structures/GlnRS_AF_Bact_Anaerostipes_hadrus_gene15230984.pdb
 0.143288  0.618768 -0.772396     0.622048
-0.299186 -0.716850 -0.629772     1.336996
-0.943375  0.321329  0.082411     3.820560
>../../../../class1/gln//data/domains/Catalytic_domain/structures/GlnRS_AF_Bact_Cutibacterium_avidum_44067_gene29843447.pdb
 0.376927  0.867976 -0.323332     0.723531
-0.502130 -0.101849 -0.858774     2.215443
-0.778326  0.486050  0.397446     4.308392
>../../../../class1/gln//data/domains/Catalytic_domain/structures/GlnRS_AF_Bact_Pasteurella_multocida_subsp_multocida_str_Pm70_gene1243875.pdb
 0.182263  0.831349 -0.525013    -0.447500
-0.762100 -0.217942 -0.609677     3.063959
-0.621276  0.511234  0.593848     3.446185
>../../../../class1/gln//data/domains/Catalytic_domain/structures/GlnRS_AF_Bact_Porphyromonas_gingivalis_ATCC_33277_gene29257033.pdb
 0.025793  0.336519 -0.941323     1.843131
-0.124088 -0.933276 -0.337042     1.981418
-0.991936  0.125500  0.017686     3.490220
>../../../../class1/gln//data/domains/Catalytic_domain/structures/GlnRS_AF_Bact_Thermus_thermophilus_HB8_gene3168786.pdb
-0.179881 -0.723510  0.666465     3.094658
-0.331106 -0.593450 -0.733612     1.477488
 0.926289 -0.352634 -0.132807     3.676991
>../../../../class1/gln//data/domains/Catalytic_domain/structures/GlnRS_AF_Euk_Candida_dubliniensis_CD36_gene8049124.pdb
-0.095569  0.773423 -0.626644     4.220424
-0.368487 -0.612292 -0.699512     4.181673
-0.924708  0.164058  0.343512     2.685535
>../../../../class1/gln//data/domains/Catalytic_domain/structures/GlnRS_AF_Euk_Dictyostelium_discoideum_AX4_gene8627167.pdb
-0.100063  0.203550  0.973938     5.270917
 0.103588 -0.971400  0.213662     4.625890
 0.989574  0.122268  0.076116    -0.242139
>../../../../class1/gln//data/domains/Catalytic_domain/structures/GlnRS_AF_Euk_Encephalitozoon_romaleae_SJ-2008_gene20564565.pdb
 0.158983 -0.251437  0.954727     2.959785
 0.090855 -0.959197 -0.267744     3.606613
 0.983092  0.129308 -0.129651     2.094371
>../../../../class1/gln//data/domains/Catalytic_domain/structures/GlnRS_AF_Euk_Myodes_glareolus_gene125393344.pdb
 0.893200 -0.422435  0.154085    -3.879589
 0.385198  0.895615  0.222477     2.060928
-0.231982 -0.139363  0.962685    -1.671884
>../../../../class1/gln//data/domains/Catalytic_domain/structures/GlnRS_AF_Mito_Cyanidioschyzon_merolae_strain_10D_gene16997184.pdb
-0.106960 -0.533599  0.838946     5.201786
-0.297935 -0.787812 -0.539061     4.818888
 0.948575 -0.307610 -0.074713     4.448804
>../../../../class1/gln//data/domains/Catalytic_domain/structures/GlnRS_Bact_D_radio_2HZ7.pdb
 0.327831  0.742259 -0.584447     0.285316
 0.695817  0.228749  0.680818   -75.327947
 0.639035 -0.629862 -0.441485    46.249241
>../../../../class1/gln//data/domains/Catalytic_domain/structures/GlnRS_Bact_E_coli_1QTQ.pdb
 0.372901  0.479614  0.794302   -32.958328
-0.918844  0.309994  0.244191    29.958795
-0.129111 -0.820899  0.556288    14.373914
>../../../../class1/gln//data/domains/Catalytic_domain/structures/GlnRS_PDB_Euk_T_gondii_4P2B.pdb
 0.472898  0.820393  0.321440  -102.126162
-0.014601 -0.357463  0.933813   -27.905894
 0.880996 -0.446292 -0.157065   -43.439283
>../../../../class1/glu1//data/domains/Catalytic_domain/structures/GluRS_AF_Bact_Bifidobacterium_animalis_subsp_lactis_BLC1_gene66532600.pdb
-0.905125 -0.253001 -0.341670    -0.000096
-0.198010  0.962037 -0.187820     2.995499
 0.376218 -0.102347 -0.920861     1.561357
>../../../../class1/glu1//data/domains/Catalytic_domain/structures/GluRS_AF_Bact_Chlamydia_psittaci_6BC_gene12242467.pdb
-0.842041 -0.029137 -0.538627     8.489096
-0.360122  0.773784  0.521125    -1.286674
 0.401596  0.632780 -0.662050    -0.197386
>../../../../class1/glu1//data/domains/Catalytic_domain/structures/GluRS_AF_Bact_[Eubacterium]_eligens_ATCC_27750_gene41357084.pdb
-0.985190  0.152089 -0.079179     1.240864
 0.106375  0.904301  0.413430     4.453705
 0.134480  0.398885 -0.907087     0.098841
>../../../../class1/glu1//data/domains/Catalytic_domain/structures/GluRS_AF_Bact_Mycoplasma_hyopneumoniae_168-L_gene57101016.pdb
-0.999708  0.023178 -0.006854     1.731525
 0.019631  0.944058  0.329193     2.997670
 0.014101  0.328963 -0.944238     0.891861
>../../../../class1/glu1//data/domains/Catalytic_domain/structures/GluRS_AF_Bact_Paracoccus_denitrificans_PD1222_gene75500422.pdb
-0.985616  0.157847  0.060376     1.979875
 0.168281  0.883761  0.436632     4.491230
 0.015563  0.440512 -0.897612     0.222576
>../../../../class1/glu1//data/domains/Catalytic_domain/structures/GluRS_AF_Bact_Porphyromonas_gingivalis_ATCC_33277_gene29255772.pdb
-0.103891  0.045014 -0.993570     1.640256
 0.291584 -0.953702 -0.073697     2.956747
-0.950887 -0.297365  0.085955     1.611533
>../../../../class1/glu1//data/domains/Catalytic_domain/structures/GluRS_AF_Bact_Prochlorococcus_marinus_subsp_marinus_str_CCMP1375_gene54199839.pdb
 0.221631  0.878264 -0.423713     0.800401
-0.633756 -0.200503 -0.747095     3.780553
-0.741103  0.434110  0.512167     0.737538
>../../../../class1/glu1//data/domains/Catalytic_domain/structures/GluRS_AF_Bact_Treponema_pallidum_subsp_pertenue_str_SamoaD_gene57879197.pdb
-0.972779 -0.153268 -0.173808     0.433960
-0.190093  0.956743  0.220246     2.836420
 0.132533  0.247290 -0.959835     3.344240
>../../../../class1/glu1//data/domains/Catalytic_domain/structures/GluRS_AF_Euk_Arabidopsis_thaliana_gene836526.pdb
 0.983364  0.135128  0.121388     3.054450
-0.140037  0.989602  0.032819     0.002079
-0.115691 -0.049272  0.992062     4.657873
>../../../../class1/glu1//data/domains/Catalytic_domain/structures/GluRS_AF_Euk_Cryptococcus_neoformans_var_grubii_H99_gene23890400.pdb
-0.198415  0.279059 -0.939552    -1.350882
 0.030844 -0.956358 -0.290565     4.176994
-0.979633 -0.086632  0.181149     3.332668
>../../../../class1/glu1//data/domains/Catalytic_domain/structures/GluRS_AF_Euk_Ostreococcus_tauri_proteinOUS48355.1.pdb
 0.865452 -0.499050 -0.044070     4.745587
 0.445831  0.727050  0.522143     4.113176
-0.228534 -0.471537  0.851719     4.562992
>../../../../class1/glu1//data/domains/Catalytic_domain/structures/GluRS_AF_Euk_Plasmodium_knowlesi_strain_H_gene7321821.pdb
-0.956836 -0.193609 -0.216750     1.846476
-0.238928  0.948633  0.207384     2.359841
 0.165464  0.250220 -0.953945     1.919293
>../../../../class1/glu1//data/domains/Catalytic_domain/structures/GluRS_AF_Mito_Cyanidioschyzon_merolae_strain_10D_gene16997617.pdb
 0.881687 -0.467287 -0.065352     1.997281
 0.423342  0.722285  0.546887     4.345588
-0.208350 -0.509849  0.834652     4.391622
>../../../../class1/glu1//data/domains/Catalytic_domain/structures/GluRS_AF_Mito_Drosophila_melanogaster_gene39828.pdb
 1.000000  0.000000  0.000000     0.000000
 0.000000  1.000000  0.000000     0.000000
 0.000000  0.000000  1.000000     0.000000
>../../../../class1/glu1//data/domains/Catalytic_domain/structures/GluRS_PDB_Bact_T_therm_1J09.pdb
-0.353438  0.357254 -0.864553     8.986888
 0.051824 -0.915305 -0.399412    30.522012
-0.934021 -0.185972  0.304989    43.264148
