>../../../../class1/gln//data/domains/Catalytic_domain/structures/GlnRS_AF_Bact_Anaerostipes_hadrus_gene15230984.pdb
-0.189424 -0.695795  0.692812     1.070036
-0.639176 -0.448240 -0.624928    -1.820922
 0.745368 -0.561205 -0.359828    -4.906042
>../../../../class1/gln//data/domains/Catalytic_domain/structures/GlnRS_AF_Bact_Cutibacterium_avidum_44067_gene29843447.pdb
-0.439640 -0.869666  0.224496     1.041909
-0.731171  0.201372 -0.651796    -0.728133
 0.521637 -0.450700 -0.724406    -4.944998
>../../../../class1/gln//data/domains/Catalytic_domain/structures/GlnRS_AF_Bact_Pasteurella_multocida_subsp_multocida_str_Pm70_gene1243875.pdb
-0.287673 -0.843335  0.453906     2.482118
-0.922288  0.116202 -0.368623    -0.473770
 0.258128 -0.524675 -0.811225    -3.846898
>../../../../class1/gln//data/domains/Catalytic_domain/structures/GlnRS_AF_Bact_Porphyromonas_gingivalis_ATCC_33277_gene29257033.pdb
-0.056826 -0.446405  0.893025     0.063554
-0.514562 -0.753423 -0.409364    -1.214672
 0.855568 -0.482779 -0.186889    -4.234602
>../../../../class1/gln//data/domains/Catalytic_domain/structures/GlnRS_AF_Bact_Thermus_thermophilus_HB8_gene3168786.pdb
 0.148243  0.646559 -0.748321    -1.323715
 0.053159 -0.760798 -0.646808    -1.537897
-0.987521  0.056105 -0.147153    -4.602840
>../../../../class1/gln//data/domains/Catalytic_domain/structures/GlnRS_AF_Euk_Candida_dubliniensis_CD36_gene8049124.pdb
 0.028860 -0.843861  0.535785    -1.997051
-0.724225 -0.387094 -0.570663     0.744835
 0.688960 -0.371559 -0.622317    -2.503080
>../../../../class1/gln//data/domains/Catalytic_domain/structures/GlnRS_AF_Euk_Dictyostelium_discoideum_AX4_gene8627167.pdb
 0.120609 -0.314033 -0.941720    -3.185490
 0.486031 -0.808486  0.331851    -0.020397
-0.865579 -0.497729  0.055118     0.360774
>../../../../class1/gln//data/domains/Catalytic_domain/structures/GlnRS_AF_Euk_Encephalitozoon_romaleae_SJ-2008_gene20564565.pdb
-0.137493  0.127848 -0.982217    -0.974455
 0.501262 -0.846298 -0.180324    -0.173646
-0.854302 -0.517141  0.052274    -2.320937
>../../../../class1/gln//data/domains/Catalytic_domain/structures/GlnRS_AF_Euk_Myodes_glareolus_gene125393344.pdb
-0.832125  0.541623 -0.119217     5.377274
 0.365074  0.696784  0.617424    -3.988860
 0.417480  0.470251 -0.777544     0.167657
>../../../../class1/gln//data/domains/Catalytic_domain/structures/GlnRS_AF_Mito_Cyanidioschyzon_merolae_strain_10D_gene16997184.pdb
 0.084812  0.436511 -0.895693    -3.023467
 0.112609 -0.897371 -0.426666     2.260334
-0.990013 -0.064677 -0.125263    -3.782097
>../../../../class1/gln//data/domains/Catalytic_domain/structures/GlnRS_Bact_D_radio_2HZ7.pdb
-0.222816 -0.714607  0.663092    -7.981743
 0.934107  0.038109  0.354954   -53.118369
-0.278923  0.698488  0.659027   -75.209422
>../../../../class1/gln//data/domains/Catalytic_domain/structures/GlnRS_Bact_E_coli_1QTQ.pdb
-0.494425 -0.444949 -0.746703    38.375782
-0.832748 -0.003758  0.553639    24.277006
-0.249147  0.895548 -0.368672    -3.967583
>../../../../class1/gln//data/domains/Catalytic_domain/structures/GlnRS_PDB_Euk_T_gondii_4P2B.pdb
-0.464493 -0.864082 -0.193929    98.315566
 0.404310 -0.401748  0.821664   -60.523735
-0.787896  0.303250  0.535966    21.380855
>../../../../class1/glu1//data/domains/Catalytic_domain/structures/GluRS_AF_Bact_Bifidobacterium_animalis_subsp_lactis_BLC1_gene66532600.pdb
 0.880736  0.379377  0.283509     1.989088
-0.142702  0.783370 -0.604952    -1.138123
-0.451598  0.492346  0.744080    -1.885971
>../../../../class1/glu1//data/domains/Catalytic_domain/structures/GluRS_AF_Bact_Chlamydia_psittaci_6BC_gene12242467.pdb
 0.780933  0.166227  0.602089    -7.272140
-0.273610  0.957573  0.090512    -4.328369
-0.561499 -0.235421  0.793282    -1.789166
>../../../../class1/glu1//data/domains/Catalytic_domain/structures/GluRS_AF_Bact_[Eubacterium]_eligens_ATCC_27750_gene41357084.pdb
 0.992511  0.011937  0.121569     0.889273
-0.005273  0.998473 -0.054989    -0.181168
-0.122040  0.053936  0.991059     0.159632
>../../../../class1/glu1//data/domains/Catalytic_domain/structures/GluRS_AF_Bact_Mycoplasma_hyopneumoniae_168-L_gene57101016.pdb
 0.990004  0.133174  0.046442     0.099539
-0.127099  0.985138 -0.115534    -1.102771
-0.061138  0.108476  0.992217    -1.295910
>../../../../class1/glu1//data/domains/Catalytic_domain/structures/GluRS_AF_Bact_Paracoccus_denitrificans_PD1222_gene75500422.pdb
 1.000000  0.000000  0.000000     0.000000
 0.000000  1.000000  0.000000     0.000000
 0.000000  0.000000  1.000000     0.000000
>../../../../class1/glu1//data/domains/Catalytic_domain/structures/GluRS_AF_Bact_Porphyromonas_gingivalis_ATCC_33277_gene29255772.pdb
 0.133503 -0.198225  0.971022     0.194775
-0.172056 -0.969550 -0.174269    -0.773394
 0.975999 -0.143805 -0.163543    -1.977846
>../../../../class1/glu1//data/domains/Catalytic_domain/structures/GluRS_AF_Bact_Prochlorococcus_marinus_subsp_marinus_str_CCMP1375_gene54199839.pdb
-0.339093 -0.891685  0.299855     1.070237
-0.852498  0.156467 -0.498763    -0.597110
 0.397822 -0.424753 -0.813217    -0.812602
>../../../../class1/glu1//data/domains/Catalytic_domain/structures/GluRS_AF_Bact_Treponema_pallidum_subsp_pertenue_str_SamoaD_gene57879197.pdb
 0.930433  0.310074  0.195316     1.317075
-0.258969  0.933444 -0.248228    -0.343390
-0.259286  0.180379  0.948807    -3.640702
>../../../../class1/glu1//data/domains/Catalytic_domain/structures/GluRS_AF_Euk_Arabidopsis_thaliana_gene836526.pdb
-0.994518  0.032316 -0.099443    -1.728858
-0.019935  0.874998  0.483716    -1.822552
 0.102645  0.483046 -0.869557    -5.865363
>../../../../class1/glu1//data/domains/Catalytic_domain/structures/GluRS_AF_Euk_Cryptococcus_neoformans_var_grubii_H99_gene23890400.pdb
 0.174369 -0.430137  0.885764     3.431865
-0.430049 -0.842486 -0.324463     0.516375
 0.885807 -0.324345 -0.331883    -3.085700
>../../../../class1/glu1//data/domains/Catalytic_domain/structures/GluRS_AF_Euk_Ostreococcus_tauri_proteinOUS48355.1.pdb
-0.783093  0.604262  0.147082    -2.674699
 0.430154  0.355472  0.829824     2.068981
 0.449147  0.713097 -0.538293    -3.894272
>../../../../class1/glu1//data/domains/Catalytic_domain/structures/GluRS_AF_Euk_Plasmodium_knowlesi_strain_H_gene7321821.pdb
 0.906247  0.354301  0.230624    -0.178370
-0.289554  0.917696 -0.272017    -1.117137
-0.308019  0.179736  0.934248    -2.460808
>../../../../class1/glu1//data/domains/Catalytic_domain/structures/GluRS_AF_Mito_Cyanidioschyzon_merolae_strain_10D_gene16997617.pdb
-0.801912  0.572680  0.170222     0.068262
 0.421166  0.339794  0.840928     1.772741
 0.423742  0.746041 -0.513678    -3.781263
>../../../../class1/glu1//data/domains/Catalytic_domain/structures/GluRS_AF_Mito_Drosophila_melanogaster_gene39828.pdb
-0.985616  0.168281  0.015563     1.192142
 0.157847  0.883761  0.440512    -4.379739
 0.060376  0.436632 -0.897612    -1.880765
>../../../../class1/glu1//data/domains/Catalytic_domain/structures/GluRS_PDB_Bact_T_therm_1J09.pdb
 0.344553 -0.494104  0.798213    -2.342716
-0.399789 -0.846551 -0.351455    42.461542
 0.849383 -0.198022 -0.489219   -27.784785
