>../../../../class2/gly2//data/domains/Catalytic_domain/structures/GlyT_Bact_1j5w_T_maritima.pdb
 1.000000  0.000000  0.000000     0.000000
 0.000000  1.000000  0.000000     0.000000
 0.000000  0.000000  1.000000     0.000000
>../../../../class2/gly2//data/domains/Catalytic_domain/structures/GlyT_Bact_3ufg_C_jejuni.pdb
 0.915958  0.368622 -0.158553     7.111054
 0.139122 -0.662338 -0.736175    73.215496
-0.376386  0.652247 -0.657957    -1.051274
>../../../../class2/gly2//data/domains/Catalytic_domain/structures/GlyT_Bact_5f5w_A_aeolicus.pdb
 0.006560 -0.227011 -0.973870    41.605425
 0.654454 -0.735374  0.175825    98.640697
-0.756073 -0.638507  0.143744   -20.838604
>../../../../class2/phe4//data/domains/Catalytic_domain/structures/Phe_Euk_3L4G.B_H_sapiens_d.pdb
-0.548802 -0.807789 -0.215157   154.579741
 0.656672 -0.257311 -0.708924    71.795019
 0.517299 -0.530346  0.671665    52.350242
>../../../../class2/phe4//data/domains/Catalytic_domain/structures/Phe_Euk_3L4G.B_H_sapiens.pdb
-0.548802 -0.807789 -0.215157   154.579741
 0.656672 -0.257311 -0.708924    71.795019
 0.517299 -0.530346  0.671665    52.350242
>../../../../class2/phe4//data/domains/Catalytic_domain/structures/Phenylalanyl.A.Crenarchaeota.NC_012588.1.pdb
 0.139112 -0.899026  0.415212    50.345341
 0.585350  0.412850  0.697796    68.569555
-0.798757  0.145973  0.583677    38.465789
>../../../../class2/phe4//data/domains/Catalytic_domain/structures/Phenylalanyl.A.Thaumarchaeota.NC_018655.1.pdb
-0.059065 -0.982486  0.176727    47.529328
 0.550897  0.115556  0.826535    71.803493
-0.832481  0.146178  0.534423    39.255366
