>../../../../class2/gly2//data/domains/Catalytic_domain/structures/GlyRS-Bα_AF_Bact_Brachyspira_pilosicoli_95_1000_gene56440230.pdb
-0.730277  0.130822  0.670508    40.086226
 0.409105 -0.702292  0.582597    56.775025
 0.547109  0.699765  0.459348     9.292760
>../../../../class2/gly2//data/domains/Catalytic_domain/structures/GlyRS-Bα_AF_Bact_Chlamydia_pneumoniae_TW-183_gene45051002.pdb
 0.991015  0.103071 -0.085239    43.799826
 0.130541 -0.884147  0.448601    40.276159
-0.029126 -0.455697 -0.889658    -4.496294
>../../../../class2/gly2//data/domains/Catalytic_domain/structures/GlyRS-Bα_AF_Bact_Lacticaseibacillus_paracasei_gene61269714.pdb
 0.660937 -0.294534 -0.690226    40.868280
 0.706489  0.554359  0.439953    58.310077
 0.253052 -0.778419  0.574481     8.541704
>../../../../class2/gly2//data/domains/Catalytic_domain/structures/GlyRS-Bα_AF_Bact_Prochlorococcus_marinus_subsp_marinus_str_CCMP1375_gene54200602.pdb
 0.709820  0.172061 -0.683045    40.631321
 0.034878  0.959932  0.278055    58.591873
 0.703519 -0.221192  0.675377     8.419253
>../../../../class2/gly2//data/domains/Catalytic_domain/structures/GlyRS-Bα_AF_Bact_Salmonella_enterica_subsp_enterica_serovar_Typhimurium_str_LT2_gene1255180.pdb
 0.879143 -0.034313 -0.475322    40.723888
-0.375374  0.564632 -0.735041    58.058601
 0.293603  0.824630  0.483512     6.733773
>../../../../class2/gly2//data/domains/Catalytic_domain/structures/GlyRS-Bα_AF_Bact_Streptobacillus_moniliformis_DSM_12112_gene29673275.pdb
 0.705114  0.184644 -0.684631    40.535005
 0.250069  0.838719  0.483752    58.168671
 0.663536 -0.512305  0.545219     8.288542
>../../../../class2/gly2//data/domains/Catalytic_domain/structures/GlyRS-Bα_AF_Euk_Ostreococcus_tauri_gene9837276.pdb
 0.630116 -0.467710 -0.619839    43.827856
-0.682404 -0.714432 -0.154632    41.146274
-0.370510  0.520417 -0.769343    -2.883947
>../../../../class2/gly2//data/domains/Catalytic_domain/structures/GlyRS-Bα_AF_Euk_Vulpes_lagopus_gene121489478.pdb
 0.571897 -0.801564 -0.174439    38.739839
-0.800866 -0.591603  0.092843    60.647483
-0.177619  0.086606 -0.980281    10.599134
>../../../../class2/gly2//data/domains/Catalytic_domain/structures/GlyRS-Bα_AF_Mito_Nymphaea_colorata_gene116265348.pdb
 0.971301  0.166748  0.169614    42.182510
-0.005311 -0.697722  0.716349    39.577619
 0.237793 -0.696691 -0.676813    -4.336607
>../../../../class2/gly2//data/domains/Catalytic_domain/structures/GlyRS-Bα_PDB_Bact_A_aeolicus_5f5w.pdb
 0.007081 -0.231279 -0.972862    41.694267
 0.654430 -0.734535  0.179385    98.626564
-0.756089 -0.637940  0.146155   -20.826887
>../../../../class2/gly2//data/domains/Catalytic_domain/structures/GlyRS-Bα_PDB_Bact_C_jejuni_3ufg.pdb
 0.914950  0.373169 -0.153663     7.002991
 0.144441 -0.658339 -0.738733    73.040870
-0.376834  0.653708 -0.656248    -1.065715
>../../../../class2/gly2//data/domains/Catalytic_domain/structures/GlyRS-Bα_PDB_Bact_T_maritima_1j5w.pdb
 1.000000  0.000000  0.000000     0.000000
 0.000000  1.000000  0.000000     0.000000
 0.000000  0.000000  1.000000     0.000000
>../../../../class2/phe4//data/domains/Catalytic_domain/structures/PheRS-Aβ_AF_Arch_Candidatus_Nitrosopumilus_koreensis_AR1_gene13724457.pdb
 0.217016 -0.871905  0.438960    46.952658
 0.432927  0.489001  0.757266    71.165355
-0.874916  0.025699  0.483593    39.515644
>../../../../class2/phe4//data/domains/Catalytic_domain/structures/PheRS-Aβ_AF_Arch_Halalkalicoccus_jeotgali_B3_gene9420006.pdb
-0.160834  0.981986  0.099172    44.904429
-0.907018 -0.107436 -0.407157    72.179081
-0.389168 -0.155435  0.907958    38.015744
>../../../../class2/phe4//data/domains/Catalytic_domain/structures/PheRS-Aβ_AF_Arch_Sulfolobus_islandicus_YG5714_gene7807969.pdb
 0.267902 -0.800663  0.535879    50.108079
 0.551012  0.583596  0.596491    68.265362
-0.790325  0.135475  0.597522    38.335228
>../../../../class2/phe4//data/domains/Catalytic_domain/structures/PheRS-Aβ_AF_Arch_Thermoplasma_volcanium_GSS1_gene1441711.pdb
 0.852901  0.182963  0.488963    46.292541
 0.183017 -0.981928  0.048186    72.309268
 0.488943  0.048391 -0.870972    39.925920
>../../../../class2/phe4//data/domains/Catalytic_domain/structures/PheRS-Aβ_AF_Euk_Astyanax_mexicanus_gene103044481.pdb
 0.368456 -0.929042  0.033477    49.474678
-0.550349 -0.247007 -0.797561    64.039608
 0.749237  0.275442 -0.602309    40.313609
>../../../../class2/phe4//data/domains/Catalytic_domain/structures/PheRS-Aβ_AF_Euk_Didymosphenia_geminata_gene19740299.pdb
 0.697481  0.037293  0.715632    41.829049
-0.290081  0.927859  0.234372    74.887516
-0.655265 -0.371061  0.657982    30.750905
>../../../../class2/phe4//data/domains/Catalytic_domain/structures/PheRS-Aβ_AF_Euk_Drosophila_melanogaster_gene42888.pdb
 0.242210  0.606392  0.757379    49.045185
-0.320987  0.786747 -0.527254    64.763620
-0.915588 -0.115403  0.385202    37.273319
>../../../../class2/phe4//data/domains/Catalytic_domain/structures/PheRS-Aβ_AF_Euk_Gracilariopsis_tenuifrons_gene68635617.pdb
-0.302934  0.245306 -0.920900    53.403325
 0.269106  0.948999  0.164267    76.472597
 0.914228 -0.198057 -0.353497    29.595010
>../../../../class2/phe4//data/domains/Catalytic_domain/structures/PheRS-Aβ_PDB_Euk.B_H_sapiens_3L4G.pdb
-0.549448 -0.811949 -0.197094   155.139882
 0.653373 -0.270507 -0.707057    73.522744
 0.520779 -0.517267  0.679135    50.635544
