>../../../../class1/cys//data/domains/Catalytic_domain/structures/CysRS_AF_Arch_Aciduliprofundum_boonei_T469_gene8827372.pdb
 0.824744  0.262800 -0.500734    -6.274067
 0.315143  0.521635  0.792832    10.585019
 0.469556 -0.811685  0.347396     1.542229
>../../../../class1/cys//data/domains/Catalytic_domain/structures/CysRS_AF_Arch_Candidatus_Nitrosopumilus_sediminis_gene13696907.pdb
 0.761031  0.161577 -0.628271   -12.102085
 0.231817  0.836801  0.496008     5.514978
 0.605882 -0.523122  0.599376    -1.353881
>../../../../class1/cys//data/domains/Catalytic_domain/structures/CysRS_AF_Arch_Methanospirillum_hungatei_JF-1_gene3922979.pdb
 0.341642  0.250208 -0.905912    -4.360291
-0.896556 -0.202356 -0.394003     8.649109
-0.281900  0.946809  0.155192    -3.461636
>../../../../class1/cys//data/domains/Catalytic_domain/structures/CysRS_AF_Arch_Pyrobaculum_ferrireducens_gene11593896.pdb
 0.503061  0.093680 -0.859159   -10.363082
-0.659855 -0.600370 -0.451825     8.408814
-0.558140  0.794216 -0.240207    -3.014990
>../../../../class1/cys//data/domains/Catalytic_domain/structures/CysRS_AF_Bact_Bordetella_avium_197N_gene41394405.pdb
 0.627281  0.432712 -0.647517    -9.462260
-0.769629  0.217258 -0.600391     7.538333
-0.119118  0.874962  0.469310    -2.671351
>../../../../class1/cys//data/domains/Catalytic_domain/structures/CysRS_AF_Bact_Lactobacillus_amylovorus_GRL1118_gene66523130.pdb
 0.434638  0.273716 -0.858003    -8.990140
-0.841732 -0.215338 -0.495092     8.948378
-0.320276  0.937395  0.136801    -2.799435
>../../../../class1/cys//data/domains/Catalytic_domain/structures/CysRS_AF_Bact_Mycobacterium_canettii_CIPT_140010059_gene45427568.pdb
-0.818884  0.020698  0.573586    -8.491767
 0.038138  0.999103  0.018395     8.034442
-0.572691  0.036939 -0.818939    -1.632032
>../../../../class1/cys//data/domains/Catalytic_domain/structures/CysRS_AF_Bact_Mycoplasma_hyopneumoniae_168-L_gene57101512.pdb
 0.437547  0.274351 -0.856320    -7.663321
-0.739197 -0.432500 -0.516267     7.025754
-0.511997  0.858880  0.013561    -2.926375
>../../../../class1/cys//data/domains/Catalytic_domain/structures/CysRS_AF_Bact_Porphyromonas_gingivalis_ATCC_33277_gene29256960.pdb
 0.795499  0.353204 -0.492370    -7.076152
 0.004643  0.808976  0.587823     7.228334
 0.605937 -0.469899  0.641900     2.323958
>../../../../class1/cys//data/domains/Catalytic_domain/structures/CysRS_AF_Bact_Prochlorococcus_marinus_subsp_marinus_str_CCMP1375_gene54200571.pdb
 0.598066  0.010444 -0.801379    -7.060814
-0.166128 -0.976582 -0.136708     7.910121
-0.784040  0.214891 -0.582326    -1.932634
>../../../../class1/cys//data/domains/Catalytic_domain/structures/CysRS_AF_Bact_Streptobacillus_moniliformis_DSM_12112_gene29673427.pdb
 0.888723  0.063878 -0.453972    -5.219103
 0.441276  0.149263  0.884871    12.970240
 0.124284 -0.986732  0.104466     0.018067
>../../../../class1/cys//data/domains/Catalytic_domain/structures/CysRS_AF_Bact_Treponema_pallidum_subsp_pertenue_str_SamoaD_gene57878631.pdb
 0.754554  0.316001 -0.575145    -5.067009
 0.160009  0.761382  0.628247     8.208626
 0.636431 -0.566075  0.523941     1.096338
>../../../../class1/cys//data/domains/Catalytic_domain/structures/CysRS_AF_Euk_Arabidopsis_thaliana_gene833874.pdb
 0.495830  0.363406 -0.788726   -12.501401
-0.694517 -0.379306 -0.611370     8.388391
-0.521344  0.850919  0.064321    -1.338679
>../../../../class1/cys//data/domains/Catalytic_domain/structures/CysRS_AF_Euk_Cyanidioschyzon_merolae_strain_10D_gene16993418.pdb
 0.685276  0.049816 -0.726578   -18.217960
 0.024837 -0.998676 -0.045048     9.904918
-0.727860  0.012824 -0.685606    -2.216714
>../../../../class1/cys//data/domains/Catalytic_domain/structures/CysRS_AF_Euk_Drosophila_melanogaster_gene36784.pdb
 0.760894 -0.144748 -0.632525   -13.188048
 0.239411 -0.843397  0.481003     5.848384
-0.603094 -0.517426 -0.607081     1.505833
>../../../../class1/cys//data/domains/Catalytic_domain/structures/CysRS_AF_Euk_Micromonas_commoda_gene8246535.pdb
-0.972148 -0.002622  0.234354   -12.996133
-0.160431  0.736392 -0.657258     7.699712
-0.170853 -0.676550 -0.716303    -1.377066
>../../../../class1/cys//data/domains/Catalytic_domain/structures/CysRS_AF_Mito_Morone_saxatilis_gene118339815.pdb
 0.757413  0.495115 -0.425661    -9.208923
-0.242404  0.818551  0.520783    10.053782
 0.606272 -0.291266  0.739999    -4.627313
>../../../../class1/cys//data/domains/Catalytic_domain/structures/CysRS_AF_Mito_Saccharomyces_cerevisiae_S288C_gene855474.pdb
 0.949732  0.305890 -0.066631   -12.283850
-0.099083  0.495593  0.862885     6.597317
 0.296970 -0.812908  0.500989     1.098960
>../../../../class1/cys//data/domains/Catalytic_domain/structures/CysRS_PDB_Bact_E_coli_1LI5.pdb
-0.395718 -0.771973 -0.497458   121.664729
-0.902434  0.427340  0.054706    39.932582
 0.170352  0.470572 -0.865761   -11.182157
>../../../../class1/cys//data/domains/Catalytic_domain/structures/CysRS_PDB_Bact_M_smegmatis_3C8Z.pdb
-0.856878  0.266420  0.441339    37.158272
 0.206249 -0.607435  0.767127    31.094897
 0.472463  0.748360  0.465549    -8.355211
>../../../../class1/trp//data/domains/Catalytic_domain/structures/TrpRS_AF_Arch_Natrialba_magadii_ATCC_43099_gene8824932.pdb
-0.913142  0.407457 -0.012285    -4.453850
 0.313336  0.720850  0.618220     6.329210
 0.260754  0.560673 -0.785909    -0.110632
>../../../../class1/trp//data/domains/Catalytic_domain/structures/TrpRS_AF_Arch_Nitrosopumilus_maritimus_SCM1_gene5773245.pdb
-0.958008  0.267175 -0.104105    -4.934862
 0.180863  0.844765  0.503647     6.027580
 0.222506  0.463669 -0.857614     2.074996
>../../../../class1/trp//data/domains/Catalytic_domain/structures/TrpRS_AF_Arch_Sulfolobus_islandicus_M1627_gene7814138.pdb
 0.981798  0.178172  0.065781    -1.955409
-0.181584  0.982097  0.050126     3.677106
-0.055672 -0.061158  0.996574     1.563142
>../../../../class1/trp//data/domains/Catalytic_domain/structures/TrpRS_AF_Arch_Thermoplasma_acidophilum_DSM_1728_gene1456706.pdb
-0.081427 -0.627225  0.774570    -1.541994
-0.957373 -0.166875 -0.235775     9.736610
 0.277140 -0.760750 -0.586900    -1.473281
>../../../../class1/trp//data/domains/Catalytic_domain/structures/TrpRS_AF_Bact_Anoxybacillus_flavithermus_WK1_gene7038388.pdb
 0.976503 -0.189224 -0.103128     0.172893
 0.210327  0.941079  0.264824     1.056052
 0.046941 -0.280292  0.958766     0.244661
>../../../../class1/trp//data/domains/Catalytic_domain/structures/TrpRS_AF_Bact_Brachyspira_pilosicoli_95_1000_gene56440833.pdb
-0.027682 -0.281774  0.959081    -4.395515
-0.011758 -0.959291 -0.282175     2.716321
 0.999548 -0.019088  0.023242    -2.990593
>../../../../class1/trp//data/domains/Catalytic_domain/structures/TrpRS_AF_Bact_Helicobacter_cinaedi_PAGU611_gene66538868.pdb
 1.000000  0.000000  0.000000     0.000000
 0.000000  1.000000  0.000000     0.000000
 0.000000  0.000000  1.000000     0.000000
>../../../../class1/trp//data/domains/Catalytic_domain/structures/TrpRS_AF_Bact_Mycoplasma_hyopneumoniae_168-L_gene57101461.pdb
 0.975802  0.215843 -0.034968    -1.900928
-0.218441  0.969401 -0.112003    -1.061190
 0.009722  0.116931  0.993092    -0.555756
>../../../../class1/trp//data/domains/Catalytic_domain/structures/TrpRS_AF_Bact_Porphyromonas_gingivalis_ATCC_33277_gene29255389.pdb
-0.111249  0.662397 -0.740847    -5.200242
-0.240431 -0.741268 -0.626670     2.346885
-0.964270  0.108406  0.241726    -1.935033
>../../../../class1/trp//data/domains/Catalytic_domain/structures/TrpRS_AF_Bact_Prochlorococcus_marinus_subsp_marinus_str_CCMP1375_gene54200405.pdb
-0.995846  0.078403  0.046309    -9.355960
 0.089596  0.934447  0.344647     1.484387
-0.016252  0.347364 -0.937590    -5.749256
>../../../../class1/trp//data/domains/Catalytic_domain/structures/TrpRS_AF_Bact_Streptomyces_albidoflavus_gene15147734.pdb
 0.128606  0.880383 -0.456493    -3.653520
-0.582579 -0.305442 -0.753198     2.418225
-0.802535  0.362809  0.473611    -2.544701
>../../../../class1/trp//data/domains/Catalytic_domain/structures/TrpRS_AF_Bact_Thermus_thermophilus_HB8_gene3168998.pdb
-0.884360 -0.456388 -0.098064    -4.351200
-0.448853  0.889073 -0.089891     2.822028
 0.128212 -0.035480 -0.991112    -2.250489
>../../../../class1/trp//data/domains/Catalytic_domain/structures/TrpRS_AF_Euk_Cryptococcus_neoformans_var_neoformans_JEC21_gene3254069.pdb
 0.234575 -0.864942  0.443678    -5.476611
-0.688551 -0.470018 -0.552250     5.919720
 0.686201 -0.175951 -0.705812    -0.065326
>../../../../class1/trp//data/domains/Catalytic_domain/structures/TrpRS_AF_Euk_Cyanidioschyzon_merolae_strain_10D_gene16993299.pdb
-0.876722 -0.412581 -0.247256    -5.717984
-0.417593  0.907983 -0.034392     5.646846
 0.238694  0.073100 -0.968340     1.341233
>../../../../class1/trp//data/domains/Catalytic_domain/structures/TrpRS_AF_Euk_Drosophila_melanogaster_gene45399.pdb
-0.983710 -0.084886 -0.158456   -10.476212
-0.096001  0.993331  0.063851     4.193233
 0.151979  0.078023 -0.985299    -1.483503
>../../../../class1/trp//data/domains/Catalytic_domain/structures/TrpRS_AF_Euk_Saccharomyces_cerevisiae_S288C_gene854056.pdb
 0.237077  0.323147  0.916172    -5.636122
 0.250503 -0.931501  0.263731     6.308981
 0.938639  0.166979 -0.301787    -0.629448
>../../../../class1/trp//data/domains/Catalytic_domain/structures/TrpRS_AF_Mito_Bufo_gargarizans_gene122922343.pdb
-0.455662 -0.869165  0.192160    -5.355691
-0.753340  0.261540 -0.603387     2.800792
 0.474185 -0.419702 -0.773950    -1.958319
>../../../../class1/trp//data/domains/Catalytic_domain/structures/TrpRS_AF_Mito_Cyanidioschyzon_merolae_strain_10D_gene16992222.pdb
 0.012920 -0.245879  0.969214    -1.228100
-0.221788 -0.945856 -0.236997     3.214287
 0.975009 -0.211898 -0.066754     2.548541
>../../../../class1/trp//data/domains/Catalytic_domain/structures/TrpRS_PDB_Arch_P_hori_3JXE.pdb
 0.986600 -0.086683  0.138227    36.634690
 0.134391 -0.048654 -0.989733    20.369700
 0.092518  0.995047 -0.036353   -24.029628
>../../../../class1/trp//data/domains/Catalytic_domain/structures/TrpRS_PDB_Bact_G_stearo_1I6M.pdb
-0.515900  0.206013  0.831508   -13.594977
 0.665630  0.707409  0.237717   -58.141120
-0.539243  0.676115 -0.502081    34.116268
>../../../../class1/trp//data/domains/Catalytic_domain/structures/TrpRS_PDB_Euk_S_Cerevisiae_3KT3.pdb
-0.390060 -0.815482 -0.427601   -51.643886
-0.847698  0.136705  0.512562  -117.894434
-0.359530  0.562406 -0.744606   -88.670736
