>../../../../class2/gly3//data/domains/Catalytic_domain/structures/GlyRS-E_AF_Arch_Methanosalsum_zhilinae_DSM_4017_gene10821854.pdb
 1.000000  0.000000  0.000000     0.000000
 0.000000  1.000000  0.000000     0.000000
 0.000000  0.000000  1.000000     0.000000
>../../../../class2/gly3//data/domains/Catalytic_domain/structures/GlyRS-E_AF_Euk_Cryptococcus_neoformans_var_neoformans_JEC21_gene3258293.pdb
-0.006733 -0.661892  0.749569    -0.722608
-0.627862 -0.580615 -0.518340    -0.746841
 0.778296 -0.474116 -0.411668    -0.135754
>../../../../class2/gly3//data/domains/Catalytic_domain/structures/GlyRS-E_AF_Euk_Girardinichthys_multiradiatus_gene124858359.pdb
 0.997893 -0.055732 -0.033223    -0.261207
 0.060617  0.983400  0.171029    -1.676866
 0.023140 -0.172683  0.984706    -1.465819
>../../../../class2/gly3//data/domains/Catalytic_domain/structures/GlyRS-E_AF_Euk_Plasmodium_yoelii_gene3801472.pdb
 0.923761  0.382964  0.001830     0.720991
-0.357076  0.863024 -0.357333    -0.400449
-0.138425  0.329437  0.933975     1.771178
>../../../../class2/gly3//data/domains/Catalytic_domain/structures/GlyRS-E_AF_Euk_Schizosaccharomyces_pombe_gene2543181.pdb
 0.953387 -0.211197 -0.215521     0.329931
 0.267839  0.921255  0.282049    -0.689027
 0.138982 -0.326627  0.934879    -1.857032
>../../../../class2/gly3//data/domains/Catalytic_domain/structures/GlyRS-E_AF_Mito_Fusarium_poae_gene68345711.pdb
 0.961192 -0.201914 -0.187989     0.071687
 0.246320  0.934987  0.255197    -1.034384
 0.124240 -0.291599  0.948438    -1.459905
>../../../../class2/gly3//data/domains/Catalytic_domain/structures/GlyRS-E_PDB_Euk_H_sapiens_2q5h.pdb
-0.087853 -0.226076 -0.970140  -116.775863
 0.789658 -0.609481  0.070521   -52.285182
-0.607225 -0.759883  0.232068    84.260445
>../../../../class2/his//data/domains/Catalytic_domain/structures/HisRS_AF_Arch_Candidatus_Methanomassiliicoccus_intestinalis_Issoire-Mx1_gene16154026.pdb
-0.653488  0.630590  0.418701    -2.305456
 0.755585  0.510391  0.410599     3.081475
 0.045219  0.584686 -0.809999    -0.809329
>../../../../class2/his//data/domains/Catalytic_domain/structures/HisRS_AF_Arch_Candidatus_Nitrosopumilus_koreensis_AR1_gene13725657.pdb
 0.444139  0.749993 -0.490154    -0.401055
-0.891279  0.314003 -0.327146     0.390548
-0.091447  0.582162  0.807914    -1.747263
>../../../../class2/his//data/domains/Catalytic_domain/structures/HisRS_AF_Arch_Desulfurococcus_amylolyticus_1221n_gene7171287.pdb
 0.886888 -0.391734 -0.244897     2.222927
 0.400134  0.386381  0.831025    -0.030705
-0.230918 -0.835017  0.499423    -1.013568
>../../../../class2/his//data/domains/Catalytic_domain/structures/HisRS_AF_Arch_Methanoregula_formicica_SMSP_gene14310605.pdb
-0.372253  0.652086  0.660463    -0.004995
 0.888928  0.045856  0.455746     4.604560
 0.266899  0.756757 -0.596728    -0.943537
>../../../../class2/his//data/domains/Catalytic_domain/structures/HisRS_AF_Bact_Chlamydia_muridarum_str_Nigg_gene1246198.pdb
 0.294521  0.699184 -0.651459    -0.335795
-0.605011 -0.391265 -0.693450     0.034305
-0.739742  0.598376  0.307778     0.842714
>../../../../class2/his//data/domains/Catalytic_domain/structures/HisRS_AF_Bact_Lacticaseibacillus_paracasei_gene61269730.pdb
 0.894718  0.442586 -0.059981     3.794310
-0.441462  0.896724  0.031567    -1.651114
 0.067758 -0.001764  0.997700     2.571974
>../../../../class2/his//data/domains/Catalytic_domain/structures/HisRS_AF_Bact_Paracoccus_denitrificans_PD1222_gene75501415.pdb
 0.792655 -0.389918 -0.468681    -0.105204
 0.499586 -0.025210  0.865897     0.108949
-0.349444 -0.920505  0.174815    -1.528452
>../../../../class2/his//data/domains/Catalytic_domain/structures/HisRS_AF_Bact_Prochlorococcus_marinus_subsp_marinus_str_CCMP1375_gene54200127.pdb
 0.659507 -0.659287 -0.361098     4.475126
 0.511412  0.041464  0.858335     6.306857
-0.550916 -0.750748  0.364513    -0.088333
>../../../../class2/his//data/domains/Catalytic_domain/structures/HisRS_AF_Bact_Streptobacillus_moniliformis_DSM_12112_gene29674169.pdb
 0.887825  0.451042 -0.091260     3.965933
-0.457066  0.887338 -0.061006    -3.288231
 0.053462  0.095874  0.993957     0.889372
>../../../../class2/his//data/domains/Catalytic_domain/structures/HisRS_AF_Bact_Streptomyces_albidoflavus_gene15149169.pdb
 0.727430  0.682392  0.072019     0.268083
-0.674183  0.730305 -0.110147     1.732442
-0.127759  0.031570  0.991303     0.170663
>../../../../class2/his//data/domains/Catalytic_domain/structures/HisRS_AF_Bact_Thermus_thermophilus_HB8_gene3168691.pdb
 0.951014  0.278110 -0.135009     2.752926
-0.252777  0.950950  0.178318    -0.954985
 0.177979 -0.135456  0.974667     3.050848
>../../../../class2/his//data/domains/Catalytic_domain/structures/HisRS_AF_Bact_Treponema_denticola_ATCC_35405_gene2741405.pdb
-0.136756  0.041666 -0.989728     0.211955
-0.443884 -0.895773  0.023623     2.457481
-0.885587  0.442555  0.140997     1.294253
>../../../../class2/his//data/domains/Catalytic_domain/structures/HisRS_AF_Euk_Arabidopsis_thaliana_gene823753.pdb
 0.703655  0.710158  0.023345     0.519975
-0.710013  0.704019 -0.015461     0.982683
-0.027415 -0.005696  0.999608    -0.508101
>../../../../class2/his//data/domains/Catalytic_domain/structures/HisRS_AF_Euk_Cryptococcus_gattii_WM276_gene10186972.pdb
-0.410671 -0.877856  0.246410     1.909641
-0.574874  0.039524 -0.817287     0.654465
 0.707721 -0.477291 -0.520888    -0.494594
>../../../../class2/his//data/domains/Catalytic_domain/structures/HisRS_AF_Euk_Plasmodium_falciparum_3D7_gene812010.pdb
 0.335674  0.479400 -0.810863   -12.239938
-0.743210  0.663674  0.084711     4.864456
 0.578759  0.574206  0.579073    -7.368779
>../../../../class2/his//data/domains/Catalytic_domain/structures/HisRS_AF_Euk_Platysiphonia_delicata_gene33353157.pdb
 0.890220  0.452720 -0.050537     5.515138
-0.452441  0.891623  0.017475    -3.089515
 0.052971  0.007308  0.998569     2.322783
>../../../../class2/his//data/domains/Catalytic_domain/structures/HisRS_AF_Mito_Fusarium_fujikuroi_IMI_58289_gene35396474.pdb
 0.262983  0.820499 -0.507564    -0.616596
-0.896650  0.013639 -0.442531    -5.247198
-0.356173  0.571485  0.739287    -1.647093
>../../../../class2/his//data/domains/Catalytic_domain/structures/HisRS_AF_Mito_Rattus_rattus_gene116884285.pdb
-0.616133  0.733749  0.286343     3.077672
 0.690676  0.328561  0.644216    -0.608272
 0.378612  0.594693 -0.709220    -2.074478
>../../../../class2/his//data/domains/Catalytic_domain/structures/HisRS_PDB_Arch_T_acidophilum_1WU7.pdb
-0.308823 -0.734030 -0.604837    81.287846
-0.742873  0.583264 -0.328547     3.395246
 0.593943  0.347855 -0.725416    28.664016
>../../../../class2/his//data/domains/Catalytic_domain/structures/HisRS_PDB_Bact_B_thailandensis_4e51.pdb
-0.561579  0.115505  0.819321   -33.584330
 0.284810  0.956683  0.060344    -3.586811
-0.776861  0.267239 -0.570150    29.742023
>../../../../class2/his//data/domains/Catalytic_domain/structures/HisRS_PDB_Bact_E_coli_1HTT.pdb
-0.702702  0.612219 -0.362489   -10.360767
-0.330782 -0.732190 -0.595383    22.288029
-0.629915 -0.298473  0.717022   -21.643641
