>structures/ThrRS_AF_Arch_Candidatus_Methanomethylophilus_alvus_Mx1201_gene15140074.pdb
 1.000000  0.000000  0.000000     0.000000
 0.000000  1.000000  0.000000     0.000000
 0.000000  0.000000  1.000000     0.000000
>structures/ThrRS_AF_Arch_Candidatus_Nitrosopumilus_koreensis_AR1_gene13725077.pdb
 0.570088  0.569377  0.592292    40.739742
 0.583628  0.226744 -0.779721   -43.751599
-0.578254  0.790188 -0.203040   -47.872021
>structures/ThrRS_AF_Arch_Sulfolobus_islandicus_M164_gene7940156.pdb
 0.068261  0.600467 -0.796730    -2.179337
 0.619178 -0.651681 -0.438100    -5.614755
-0.782278 -0.463412 -0.416281     5.486641
>structures/ThrRS_AF_Bact_Bifidobacterium_longum_subsp_longum_JCM_1217_gene69578309.pdb
-0.338977 -0.306983 -0.889301     1.499225
-0.352917 -0.834744  0.422672    -3.493429
-0.872092  0.457125  0.174619    -0.599269
>structures/ThrRS_AF_Bact_Brachyspira_pilosicoli_95_1000_gene56439092.pdb
-0.139906  0.432303 -0.890809     1.307261
 0.468519 -0.763668 -0.444186     0.790752
-0.872305 -0.479505 -0.095701    -1.838313
>structures/ThrRS_AF_Bact_Brucella_abortus_2308_gene3787745.pdb
 0.124213 -0.177221  0.976301     1.258305
 0.021047 -0.983229 -0.181157     1.951172
 0.992032  0.043050 -0.118399    -1.198295
>structures/ThrRS_AF_Bact_Lactobacillus_acidophilus_La-14_gene56943112.pdb
-0.947506  0.096538 -0.304817     3.763272
 0.012774  0.963999  0.265600    -2.188041
 0.319483  0.247764 -0.914628     0.233086
>structures/ThrRS_AF_Bact_Mycoplasma_hyopneumoniae_168-L_gene57101460.pdb
 0.752336 -0.567232  0.335019     3.984452
 0.637928  0.754218 -0.155572    -3.174144
-0.164432  0.330761  0.929279     4.705002
>structures/ThrRS_AF_Bact_Porphyromonas_gingivalis_ATCC_33277_gene29256174.pdb
-0.115813 -0.168053 -0.978951     0.771519
 0.933805 -0.354321 -0.049647    -6.282636
-0.338520 -0.919899  0.197964    -2.502553
>structures/ThrRS_AF_Bact_Prochlorococcus_marinus_subsp_marinus_str_CCMP1375_gene54200406.pdb
 0.060273  0.991652 -0.113992    -0.780764
-0.867384  0.108547  0.485657    -1.183411
 0.493976  0.069603  0.866685    -3.003061
>structures/ThrRS_AF_Bact_Streptobacillus_moniliformis_DSM_12112_gene29674242.pdb
-0.896323  0.068367 -0.438100     0.497064
-0.330276  0.556291  0.762534    -2.592042
 0.295843  0.828171 -0.476036    -1.502073
>structures/ThrRS_AF_Euk_Arabidopsis_thaliana_gene832741.pdb
-0.260966 -0.665547 -0.699245     3.118506
-0.432284 -0.567092  0.701097    -8.650869
-0.863149  0.485235 -0.139714    -3.245826
>structures/ThrRS_AF_Euk_Cercospora_beticola_gene35433465.pdb
 0.393856 -0.878990  0.268801     3.132808
-0.806866 -0.190544  0.559161    -4.008143
-0.440278 -0.437115 -0.784274    -1.376269
>structures/ThrRS_AF_Euk_Cryptococcus_gattii_WM276_gene10188143.pdb
-0.544666 -0.187710 -0.817376     2.511714
-0.625491 -0.558315  0.545018    -4.599573
-0.558659  0.808114  0.186685    -3.276439
>structures/ThrRS_AF_Euk_Cyanidioschyzon_merolae_strain_10D_gene16997242.pdb
 0.007988  0.623904  0.781460     1.968754
-0.070927 -0.779163  0.622795    -2.344266
 0.997450 -0.060402  0.038027    -3.721577
>structures/ThrRS_AF_Mito_Cyanidioschyzon_merolae_strain_10D_gene16995590.pdb
-0.619062  0.580263 -0.529204    -0.275199
-0.648695  0.002010  0.761046    -4.127796
 0.442670  0.814427  0.375170    -1.460423
>structures/ThrRS_AF_Mito_Oryza_sativa_Japonica_Group_gene4345200.pdb
-0.579642 -0.535282 -0.614400     0.748024
 0.328951  0.536111 -0.777416    -5.656427
 0.745524 -0.652731 -0.134671    -5.207080
>structures/ThrRS_PDB_Bact_S_aureus_1nyr.pdb
-0.215621 -0.933647  0.286027    40.898169
 0.952077 -0.135940  0.273988   -23.886435
-0.216926  0.331397  0.918215   -57.520920
