>structures/ThrRS_AF_Arch_Candidatus_Methanomethylophilus_alvus_Mx1201_gene15140074.pdb
 0.756052  0.631817 -0.170857    -0.452924
-0.564012  0.761368  0.319703     2.898820
 0.332079 -0.145346  0.931986    -5.993230
>structures/ThrRS_AF_Bact_Bifidobacterium_longum_subsp_longum_JCM_1217_gene69578309.pdb
-0.332085 -0.839350 -0.430361    -1.296228
-0.356963 -0.310490  0.881007    -0.746563
-0.873096  0.446192 -0.196508    -5.603835
>structures/ThrRS_AF_Bact_Brachyspira_pilosicoli_95_1000_gene56439092.pdb
 0.343146 -0.078749 -0.935975     1.498733
 0.153812 -0.978317  0.138702     2.238727
-0.926603 -0.191559 -0.323593    -7.461213
>structures/ThrRS_AF_Bact_Brucella_abortus_2308_gene3787745.pdb
-0.061775 -0.762083  0.644525     1.923090
 0.264545 -0.635165 -0.725660     3.300011
 0.962393  0.125678  0.240842    -7.002301
>structures/ThrRS_AF_Bact_Lactobacillus_acidophilus_La-14_gene56943112.pdb
-0.755258  0.648580  0.094497     1.263699
 0.655066  0.751744  0.075960    -0.673179
-0.021771  0.119272 -0.992623    -4.348882
>structures/ThrRS_AF_Bact_Mycoplasma_hyopneumoniae_168-L_gene57101460.pdb
 0.999982 -0.003218 -0.005001    -0.087871
 0.003196  0.999985 -0.004518    -0.071283
 0.005015  0.004502  0.999977     0.036835
>structures/ThrRS_AF_Bact_Porphyromonas_gingivalis_ATCC_33277_gene29256174.pdb
 0.563820 -0.195610 -0.802399    -3.264138
 0.663190 -0.471802  0.581019    -2.985398
-0.492226 -0.859732 -0.136285    -7.280136
>structures/ThrRS_AF_Bact_Prochlorococcus_marinus_subsp_marinus_str_CCMP1375_gene54200406.pdb
-0.587766  0.805753  0.072753    -1.241474
-0.535859 -0.455100  0.711153     1.508238
 0.606124  0.379007  0.699263    -8.873448
>structures/ThrRS_AF_Bact_Streptobacillus_moniliformis_DSM_12112_gene29674242.pdb
-0.935738  0.263685  0.234233    -1.360290
 0.351742  0.648838  0.674750     0.212306
 0.025942  0.713778 -0.699891    -6.857905
>structures/ThrRS_AF_Euk_Arabidopsis_thaliana_gene832741.pdb
-0.323880 -0.943976 -0.063340    -3.022253
-0.454363  0.096471  0.885577    -6.533011
-0.829853  0.315600 -0.460153    -6.610924
>structures/ThrRS_AF_Euk_Cryptococcus_gattii_WM276_gene10188143.pdb
-0.713090 -0.634806 -0.297530    -0.738897
-0.344160 -0.052765  0.937427    -2.929496
-0.610783  0.770868 -0.180849    -7.679406
>structures/ThrRS_AF_Euk_Cyanidioschyzon_merolae_strain_10D_gene16997242.pdb
-0.205219 -0.017214  0.978565     0.441090
 0.262328 -0.964228  0.038052    -1.085815
 0.942905  0.264514  0.202394    -8.518563
>structures/ThrRS_AF_Euk_Zymoseptoria_tritici_IPO323_gene13396560.pdb
-0.805329 -0.373837 -0.460099    -5.847058
 0.179264  0.586210 -0.790077   -16.638741
 0.565074 -0.718752 -0.405077    -6.988024
>structures/ThrRS_AF_Mito_Cyanidioschyzon_merolae_strain_10D_gene16995590.pdb
-0.952826  0.302765  0.021351    -2.859368
 0.000973 -0.067299  0.997732    -0.477281
 0.303515  0.950686  0.063830    -6.771770
>structures/ThrRS_AF_Mito_Oryza_sativa_Japonica_Group_gene4345200.pdb
-0.352520  0.047464 -0.934600    -2.387969
 0.815938  0.504623 -0.282135    -3.464889
 0.458230 -0.862034 -0.216618    -9.678475
>structures/ThrRS_PDB_Bact_S_aureus_1nyr.pdb
 0.478784 -0.846686  0.232140    25.123672
 0.774813  0.531846  0.341768   -56.856246
-0.412833  0.016232  0.910662   -42.480261
