>structures/ThrRS_AF_Arch_Candidatus_Methanomethylophilus_alvus_Mx1201_gene15140074.pdb
-0.579642  0.328951  0.745524     6.176277
-0.535282  0.536111 -0.652731     0.034055
-0.614400 -0.777416 -0.134671    -4.639055
>structures/ThrRS_AF_Bact_Bifidobacterium_longum_subsp_longum_JCM_1217_gene69578309.pdb
-0.570932  0.236429  0.786218     3.818731
 0.560424 -0.587589  0.583664    -2.356118
 0.599968  0.773848  0.202973    -2.500769
>structures/ThrRS_AF_Bact_Brachyspira_pilosicoli_95_1000_gene56439092.pdb
-0.416160 -0.861225  0.291722     4.345030
 0.895375 -0.332214  0.296543     1.075878
-0.158476  0.384610  0.909373    -5.498606
>structures/ThrRS_AF_Bact_Brucella_abortus_2308_gene3787745.pdb
 0.670293 -0.193015 -0.716556     5.324184
-0.705782 -0.464167 -0.535183     0.989040
-0.229303  0.864462 -0.447355    -6.636606
>structures/ThrRS_AF_Bact_Lactobacillus_acidophilus_La-14_gene56943112.pdb
 0.791899  0.443919 -0.419324     3.432178
 0.305038  0.307305  0.901396    -3.240106
 0.529007 -0.841724  0.107943    -5.279109
>structures/ThrRS_AF_Bact_Mycoplasma_hyopneumoniae_168-L_gene57101460.pdb
-0.344549  0.822037  0.453366     6.380464
 0.049752  0.498248 -0.865606    -6.687084
-0.937449 -0.275688 -0.212569    -5.115522
>structures/ThrRS_AF_Bact_Porphyromonas_gingivalis_ATCC_33277_gene29256174.pdb
 0.121958 -0.708711  0.694877     1.789481
 0.786406  0.496134  0.367989    -2.022427
-0.605551  0.501576  0.617843     0.224093
>structures/ThrRS_AF_Bact_Prochlorococcus_marinus_subsp_marinus_str_CCMP1375_gene54200406.pdb
 0.041964 -0.486554  0.872642     4.123609
-0.823161 -0.511847 -0.245804     1.678972
 0.566256 -0.708010 -0.421991    -2.604777
>structures/ThrRS_AF_Bact_Streptobacillus_moniliformis_DSM_12112_gene29674242.pdb
 0.630076  0.761440  0.152360     3.939503
 0.104237 -0.277363  0.955094    -0.716250
 0.769506 -0.585900 -0.254130    -2.614413
>structures/ThrRS_AF_Euk_Arabidopsis_thaliana_gene832741.pdb
-0.636103  0.559355  0.531503    -0.883629
 0.470059 -0.265337  0.841808    -4.131219
 0.611897  0.785314 -0.094148     0.680040
>structures/ThrRS_AF_Euk_Cercospora_beticola_gene35433465.pdb
-0.823080  0.110256 -0.557121     2.038306
-0.363365  0.651675  0.665797    -2.679564
 0.436470  0.750442 -0.496318    -3.035140
>structures/ThrRS_AF_Euk_Cryptococcus_gattii_WM276_gene10188143.pdb
-0.317498  0.531851  0.785067     0.743124
 0.315136 -0.721668  0.616348    -1.298661
 0.894363  0.443092  0.061523    -1.901654
>structures/ThrRS_AF_Euk_Cyanidioschyzon_merolae_strain_10D_gene16997242.pdb
 0.717877 -0.662348 -0.214353     1.476760
-0.691017 -0.715340 -0.103853     0.279857
-0.084548  0.222675 -0.971220    -3.331932
>structures/ThrRS_AF_Mito_Cyanidioschyzon_merolae_strain_10D_gene16995590.pdb
 0.471469  0.272197  0.838824     3.971072
-0.311660 -0.838369  0.447220    -1.112942
 0.824976 -0.472278 -0.310432    -0.879961
>structures/ThrRS_AF_Mito_Oryza_sativa_Japonica_Group_gene4345200.pdb
 1.000000  0.000000  0.000000     0.000000
 0.000000  1.000000  0.000000     0.000000
 0.000000  0.000000  1.000000     0.000000
>structures/ThrRS_PDB_Bact_S_aureus_1nyr.pdb
 0.279410  0.740614  0.611081   -68.233909
 0.771866  0.205287 -0.601730     2.936851
-0.571097  0.639803 -0.514296    -3.527171
