>structures/TrpRS-B_AF_Bact_Anoxybacillus_flavithermus_WK1_gene7038388.pdb
 1.000000  0.000000  0.000000     0.000000
 0.000000  1.000000  0.000000     0.000000
 0.000000  0.000000  1.000000     0.000000
>structures/TrpRS-B_AF_Bact_Brachyspira_pilosicoli_95_1000_gene56440833.pdb
-0.004371 -0.461842  0.886951    -4.130642
-0.308441 -0.843091 -0.440524     3.111833
 0.951233 -0.275498 -0.138766    -2.251767
>structures/TrpRS-B_AF_Bact_Helicobacter_cinaedi_PAGU611_gene66538868.pdb
 0.972336  0.230049  0.040509    -0.489494
-0.208671  0.933390 -0.291958    -1.243286
-0.104975  0.275428  0.955573    -0.810158
>structures/TrpRS-B_AF_Bact_Mycoplasma_hyopneumoniae_168-L_gene57101461.pdb
 0.900429  0.433322 -0.038205    -2.921939
-0.416979  0.834767 -0.359573    -1.526903
-0.123919  0.339701  0.932334    -0.941916
>structures/TrpRS-B_AF_Bact_Porphyromonas_gingivalis_ATCC_33277_gene29255389.pdb
-0.211978  0.533559 -0.818767    -4.708189
 0.088706 -0.823844 -0.559833     2.600068
-0.973240 -0.191302  0.127307    -1.348867
>structures/TrpRS-B_AF_Bact_Prochlorococcus_marinus_subsp_marinus_str_CCMP1375_gene54200405.pdb
-0.959134  0.275071  0.066311    -9.294150
 0.261485  0.772147  0.579150     3.639205
 0.108106  0.572822 -0.812520    -4.810257
>structures/TrpRS-B_AF_Bact_Streptomyces_albidoflavus_gene15147734.pdb
-0.001134  0.820509 -0.571633    -3.446115
-0.356995 -0.534298 -0.766211     2.879536
-0.934106  0.203201  0.293523    -1.901810
>structures/TrpRS-B_AF_Bact_Thermus_thermophilus_HB8_gene3168998.pdb
-0.941348 -0.284594 -0.181303    -3.984525
-0.319311  0.925010  0.205904     2.908985
 0.109108  0.251720 -0.961630    -1.406306
>structures/TrpRS-B_AF_Mito_Bufo_gargarizans_gene122922343.pdb
-0.578945 -0.812490  0.068433    -5.194721
-0.765634  0.512851 -0.388316     3.210916
 0.280407 -0.277208 -0.918982    -0.940522
>structures/TrpRS-B_AF_Mito_Cyanidioschyzon_merolae_strain_10D_gene16992222.pdb
-0.003896 -0.443866  0.896085    -0.856875
-0.471177 -0.789571 -0.393154     1.557079
 0.882030 -0.423746 -0.206064     3.047889
>structures/TrpRS-B_PDB_Bact_G_stearo_1I6M.pdb
-0.375819  0.317301  0.870678   -25.314932
 0.876984  0.425366  0.223525   -63.235679
-0.299433  0.847575 -0.438128    16.189545
>structures/TrpRS-B_PDB_Bact_Y_pestis_3N9I.pdb
-0.418581 -0.736261  0.531704    54.767705
-0.434046 -0.352085 -0.829241    56.128134
 0.797743 -0.577889 -0.172195    15.790042
