>../../../../class2/phe4//data/domains/Catalytic_domain/structures/PheRS-Aβ_AF_Arch_Candidatus_Nitrosopumilus_koreensis_AR1_gene13724457.pdb
-0.272756  0.961985  0.013746     8.772098
-0.690575 -0.205710  0.693390    39.742712
 0.669859  0.179633  0.720431    10.048008
>../../../../class2/phe4//data/domains/Catalytic_domain/structures/PheRS-Aβ_AF_Arch_Halalkalicoccus_jeotgali_B3_gene9420006.pdb
-0.285045 -0.958118  0.027546    11.146937
-0.523100  0.179578  0.833138    37.806061
-0.803191  0.223073 -0.552379    11.109408
>../../../../class2/phe4//data/domains/Catalytic_domain/structures/PheRS-Aβ_AF_Arch_Sulfolobus_islandicus_YG5714_gene7807969.pdb
-0.278175  0.957113 -0.080954     6.005646
-0.569943 -0.096631  0.815982    39.225690
 0.773164  0.273126  0.572381     8.695051
>../../../../class2/phe4//data/domains/Catalytic_domain/structures/PheRS-Aβ_AF_Arch_Thermoplasma_volcanium_GSS1_gene1441711.pdb
-0.552403 -0.520604 -0.651017    10.361062
 0.759084  0.008549 -0.650937    40.023607
 0.344446 -0.853756  0.390459    12.133473
>../../../../class2/phe4//data/domains/Catalytic_domain/structures/PheRS-Aβ_AF_Euk_Astyanax_mexicanus_gene103044481.pdb
-0.283033  0.827129 -0.485540     5.914438
 0.774371 -0.101624 -0.624518    40.351091
-0.565900 -0.552747 -0.611742     5.017225
>../../../../class2/phe4//data/domains/Catalytic_domain/structures/PheRS-Aβ_AF_Euk_Didymosphenia_geminata_gene19740299.pdb
-0.902945  0.209016 -0.375504    12.399394
-0.415994 -0.205735  0.885789    30.293745
 0.107890  0.956026  0.272717    13.779928
>../../../../class2/phe4//data/domains/Catalytic_domain/structures/PheRS-Aβ_AF_Euk_Drosophila_melanogaster_gene42888.pdb
-0.609313 -0.299558 -0.734168     5.676473
-0.792430  0.197167  0.577217    37.433964
-0.028156  0.933483 -0.357515     5.785823
>../../../../class2/phe4//data/domains/Catalytic_domain/structures/PheRS-Aβ_AF_Euk_Gracilariopsis_tenuifrons_gene68635617.pdb
 0.621816  0.078834  0.779185     2.741582
 0.777461  0.057704 -0.626278    33.395472
-0.094334  0.995216 -0.025409    18.224370
>../../../../class2/phe4//data/domains/Catalytic_domain/structures/PheRS-Aβ_PDB_Euk.B_H_sapiens_3L4G.pdb
 0.875610  0.455997  0.159293   -80.023491
 0.335220 -0.811120  0.479283    90.903125
 0.347758 -0.366267 -0.863083    40.460547
>../../../../class2/ser1//data/domains/Catalytic_domain/structures/SerRS_AF_Arch_Candidatus_Methanomassiliicoccus_intestinalis_Issoire-Mx1_gene16154337.pdb
-0.129467  0.541855 -0.830441    -0.543256
-0.534574 -0.743503 -0.401788     4.636288
-0.835146  0.391914  0.385921    -0.012216
>../../../../class2/ser1//data/domains/Catalytic_domain/structures/SerRS_AF_Arch_Methanospirillum_hungatei_JF-1_gene3924775.pdb
 0.980661 -0.189818  0.047668     1.838392
 0.179382  0.969168  0.168926     0.066512
-0.078264 -0.157108  0.984475     0.693955
>../../../../class2/ser1//data/domains/Catalytic_domain/structures/SerRS_AF_Arch_Nitrosopumilus_maritimus_SCM1_gene5773574.pdb
-0.993306  0.074525 -0.088259    -3.514668
 0.052301  0.971398  0.231625     0.569150
 0.102996  0.225458 -0.968793    -1.757319
>../../../../class2/ser1//data/domains/Catalytic_domain/structures/SerRS_AF_Arch_Thermoproteus_uzoniensis_768-20_gene10361450.pdb
-0.863841  0.494067  0.098368    -5.085637
 0.472732  0.727547  0.497192     2.660177
 0.174079  0.475997 -0.862046    -0.924441
>../../../../class2/ser1//data/domains/Catalytic_domain/structures/SerRS_AF_Bact_Bifidobacterium_longum_subsp_longum_JCM_1217_gene69578844.pdb
-0.024070 -0.664986 -0.746468     2.391409
 0.566948 -0.624079  0.537676     3.128630
-0.823402 -0.410267  0.392034     2.245121
>../../../../class2/ser1//data/domains/Catalytic_domain/structures/SerRS_AF_Bact_Brucella_suis_1330_gene45051948.pdb
-0.592077  0.784576  0.184080     0.025989
 0.726964  0.421393  0.542173     0.694021
 0.347806  0.454827 -0.819856    -1.342376
>../../../../class2/ser1//data/domains/Catalytic_domain/structures/SerRS_AF_Bact_Chlamydia_psittaci_6BC_gene12242544.pdb
 0.834279  0.548526 -0.055659    -1.128609
-0.507383  0.724337 -0.466795     1.677500
-0.215734  0.417678  0.882612    -0.255501
>../../../../class2/ser1//data/domains/Catalytic_domain/structures/SerRS_AF_Bact_Clostridium_acetobutylicum_DSM_1731_gene44996495.pdb
-0.970318  0.239107 -0.036202     2.018321
 0.232657  0.963829  0.130017    -0.954757
 0.065980  0.117736 -0.990851     0.114312
>../../../../class2/ser1//data/domains/Catalytic_domain/structures/SerRS_AF_Bact_Mycoplasma_hyopneumoniae_168-L_gene57101125.pdb
 0.934997  0.307925  0.175962     0.982151
-0.307826  0.951014 -0.028556     3.095130
-0.176135 -0.027466  0.983983    -0.680604
>../../../../class2/ser1//data/domains/Catalytic_domain/structures/SerRS_AF_Bact_Prochlorococcus_marinus_subsp_marinus_str_CCMP1375_gene54200639.pdb
-0.556022  0.681062  0.476438    -1.209611
 0.703182  0.079838  0.706514     6.961920
 0.443142  0.727860 -0.523302    -0.417033
>../../../../class2/ser1//data/domains/Catalytic_domain/structures/SerRS_AF_Bact_Streptobacillus_moniliformis_DSM_12112_gene29673293.pdb
-0.693116  0.706252  0.144215     0.157906
 0.658625  0.539199  0.524860    -0.089804
 0.292923  0.458772 -0.838883    -0.855056
>../../../../class2/ser1//data/domains/Catalytic_domain/structures/SerRS_AF_Bact_Treponema_pallidum_subsp_pertenue_str_SamoaD_gene57879171.pdb
 0.999951  0.004120  0.009019     0.002911
-0.004089  0.999986 -0.003441     0.044807
-0.009033  0.003404  0.999953     0.090321
>../../../../class2/ser1//data/domains/Catalytic_domain/structures/SerRS_AF_Euk_Cyanidioschyzon_merolae_strain_10D_gene16995416.pdb
 0.707357 -0.677493 -0.201617     1.979328
 0.654910  0.520825  0.547571     0.251331
-0.265968 -0.519369  0.812106     1.744855
>../../../../class2/ser1//data/domains/Catalytic_domain/structures/SerRS_AF_Euk_Thunnus_albacares_gene122982782.pdb
 0.025822 -0.691382 -0.722028     3.601831
 0.653586 -0.534839  0.535511     3.145180
-0.756411 -0.485736  0.438067     0.403198
>../../../../class2/ser1//data/domains/Catalytic_domain/structures/SerRS_AF_Euk_Trichomonas_vaginalis_G3_gene4762654.pdb
 0.874475  0.219420  0.432606     0.991686
-0.148691  0.970163 -0.191504     2.219263
-0.461719  0.103141  0.881010     0.779602
>../../../../class2/ser1//data/domains/Catalytic_domain/structures/SerRS_AF_Euk_Vitis_vinifera_gene100261399.pdb
 0.277533 -0.805277 -0.523932     2.574581
 0.735312 -0.172930  0.655295     1.797292
-0.618298 -0.567119  0.544136     1.847925
>../../../../class2/ser1//data/domains/Catalytic_domain/structures/SerRS_AF_Mito_Cervus_elaphus_gene122688911.pdb
-0.449362  0.738266  0.503027    -1.345739
 0.748943  0.004376  0.662620     8.626387
 0.486989  0.674495 -0.554886    -0.495370
>../../../../class2/ser1//data/domains/Catalytic_domain/structures/SerRS_AF_Mito_Drechmeria_coniospora_gene63718051.pdb
 0.797079  0.569154  0.201814     1.668211
-0.504391  0.811249 -0.295745     3.896047
-0.332046  0.133939  0.933705    -0.821914
>../../../../class2/ser1//data/domains/Catalytic_domain/structures/SerRS_PDB_Bact_K_pneumoniae_6h9x.pdb
-0.278722  0.496333 -0.822172     6.422991
-0.906125  0.147741  0.396372     0.707410
 0.318201  0.855468  0.408561    34.579614
>../../../../class2/ser1//data/domains/Catalytic_domain/structures/SerRS_PDB_Bact_T_thermophilus_1ser.pdb
 0.772548 -0.524398  0.358018   -82.077310
-0.634939 -0.633782  0.441784    99.271379
-0.004765 -0.568618 -0.822588    73.078670
>../../../../class2/ser1//data/domains/Catalytic_domain/structures/SerRS_PDB_Euk_B_taurus_1wle.pdb
 0.060012  0.066580  0.995975   -77.283145
-0.993092  0.104768  0.052834    67.067507
-0.100828 -0.992265  0.072407    38.371363
