>../../../../class2/his//data/domains/Catalytic_domain/structures/HisRS_AF_Arch_Candidatus_Methanomassiliicoccus_intestinalis_Issoire-Mx1_gene16154026.pdb
-0.089917 -0.190175 -0.977624     0.326097
 0.559926 -0.821435  0.108293     3.456566
-0.823649 -0.537660  0.180345    -2.934078
>../../../../class2/his//data/domains/Catalytic_domain/structures/HisRS_AF_Arch_Candidatus_Nitrosopumilus_koreensis_AR1_gene13725657.pdb
 0.209511 -0.097261  0.972957     0.374279
-0.385959 -0.922471 -0.009104     2.381007
 0.898410 -0.373614 -0.230806     0.722048
>../../../../class2/his//data/domains/Catalytic_domain/structures/HisRS_AF_Arch_Desulfurococcus_amylolyticus_1221n_gene7171287.pdb
-0.785983 -0.613421 -0.077107    -0.112845
-0.615006  0.788512 -0.003970    -0.450653
 0.063235  0.044301 -0.997015     0.899700
>../../../../class2/his//data/domains/Catalytic_domain/structures/HisRS_AF_Arch_Methanoregula_formicica_SMSP_gene14310605.pdb
-0.168364  0.224428 -0.959836    -1.860745
 0.211179 -0.942916 -0.257514     1.856423
-0.962838 -0.246054  0.111359    -3.671571
>../../../../class2/his//data/domains/Catalytic_domain/structures/HisRS_AF_Bact_Chlamydia_muridarum_str_Nigg_gene1246198.pdb
-0.276659  0.335483  0.900506     2.217476
 0.049658 -0.930839  0.362040     1.006480
 0.959684  0.144879  0.240865    -0.479106
>../../../../class2/his//data/domains/Catalytic_domain/structures/HisRS_AF_Bact_Lacticaseibacillus_paracasei_gene61269730.pdb
-0.057074 -0.733823  0.676939     2.841068
-0.845314 -0.325255 -0.423856    -3.528326
 0.531213 -0.596416 -0.601747     0.715089
>../../../../class2/his//data/domains/Catalytic_domain/structures/HisRS_AF_Bact_Paracoccus_denitrificans_PD1222_gene75501415.pdb
-0.864974 -0.463819 -0.191551     0.273348
-0.501737  0.792519  0.346661     2.170091
-0.008980  0.395961 -0.918223     0.533421
>../../../../class2/his//data/domains/Catalytic_domain/structures/HisRS_AF_Bact_Prochlorococcus_marinus_subsp_marinus_str_CCMP1375_gene54200127.pdb
-0.954170 -0.278317 -0.109997    -4.057223
-0.295811  0.932821  0.205767    -2.270817
 0.045339  0.228875 -0.972399    -3.825813
>../../../../class2/his//data/domains/Catalytic_domain/structures/HisRS_AF_Bact_Streptobacillus_moniliformis_DSM_12112_gene29674169.pdb
-0.055283 -0.648704  0.759030     2.472624
-0.831689 -0.390719 -0.394503    -2.993745
 0.552483 -0.653086 -0.517920     2.947033
>../../../../class2/his//data/domains/Catalytic_domain/structures/HisRS_AF_Bact_Streptomyces_albidoflavus_gene15149169.pdb
 0.003755 -0.703653  0.710534     0.542993
-0.602828 -0.568509 -0.559818     0.890355
 0.797862 -0.426228 -0.426316    -1.417855
>../../../../class2/his//data/domains/Catalytic_domain/structures/HisRS_AF_Bact_Thermus_thermophilus_HB8_gene3168691.pdb
-0.123008 -0.770805  0.625083     3.166359
-0.934274 -0.122463 -0.334865    -2.763359
 0.334665 -0.625190 -0.705079    -0.149008
>../../../../class2/his//data/domains/Catalytic_domain/structures/HisRS_AF_Bact_Treponema_denticola_ATCC_35405_gene2741405.pdb
-0.292077  0.801866  0.521250     0.710698
 0.547296 -0.306821  0.778670     0.521137
 0.784320  0.512710 -0.349243    -2.779643
>../../../../class2/his//data/domains/Catalytic_domain/structures/HisRS_AF_Euk_Arabidopsis_thaliana_gene823753.pdb
 0.084072 -0.743181  0.663788     0.469952
-0.626163 -0.557597 -0.544982     0.863232
 0.775146 -0.369822 -0.512231    -0.330651
>../../../../class2/his//data/domains/Catalytic_domain/structures/HisRS_AF_Euk_Cryptococcus_gattii_WM276_gene10186972.pdb
 0.999925 -0.009564 -0.007676     0.026925
 0.009560  0.999954 -0.000586    -0.172963
 0.007681  0.000513  0.999970     0.168605
>../../../../class2/his//data/domains/Catalytic_domain/structures/HisRS_AF_Euk_Plasmodium_falciparum_3D7_gene812010.pdb
 0.680975 -0.171182  0.712018    -1.169228
-0.614949 -0.661615  0.429073    15.685458
 0.397632 -0.730043 -0.555811    -3.129559
>../../../../class2/his//data/domains/Catalytic_domain/structures/HisRS_AF_Euk_Platysiphonia_delicata_gene33353157.pdb
-0.060165 -0.706272  0.705379     2.748703
-0.833207 -0.353607 -0.425122    -5.036524
 0.549679 -0.613304 -0.567196     2.536710
>../../../../class2/his//data/domains/Catalytic_domain/structures/HisRS_AF_Mito_Fusarium_fujikuroi_IMI_58289_gene35396474.pdb
 0.128460  0.046493  0.990624     3.521749
-0.073385 -0.995716  0.056248     2.446180
 0.988996 -0.079922 -0.124497     4.973929
>../../../../class2/his//data/domains/Catalytic_domain/structures/HisRS_AF_Mito_Rattus_rattus_gene116884285.pdb
 0.140738 -0.079940 -0.986814    -0.758400
 0.400394 -0.906992  0.130577    -0.537713
-0.905471 -0.413491 -0.095640     2.564551
>../../../../class2/his//data/domains/Catalytic_domain/structures/HisRS_PDB_Arch_T_acidophilum_1WU7.pdb
 0.968949  0.241671 -0.052275   -16.718859
-0.069595  0.469429  0.880223   -83.082201
 0.237263 -0.849253  0.471672     4.159927
>../../../../class2/his//data/domains/Catalytic_domain/structures/HisRS_PDB_Bact_B_thailandensis_4e51.pdb
-0.477872 -0.423552 -0.769573    38.157210
 0.876267 -0.168412 -0.451435    16.723805
 0.061601 -0.890079  0.451624   -21.103250
>../../../../class2/his//data/domains/Catalytic_domain/structures/HisRS_PDB_Bact_E_coli_1HTT.pdb
 0.076122 -0.009870  0.997050   -22.347568
 0.899401 -0.430998 -0.072933    22.026653
 0.430446  0.902299 -0.023932    -8.520997
>../../../../class2/phe1//data/domains/Catalytic_domain/structures/PheRS-Bα_AF_Bact_Brachyspira_pilosicoli_95_1000_gene56440383.pdb
 0.218020  0.971175  0.096368     0.022959
-0.288576  0.158479 -0.944250     6.983995
-0.932304  0.178056  0.314810    -5.868432
>../../../../class2/phe1//data/domains/Catalytic_domain/structures/PheRS-Bα_AF_Bact_Chlamydia_psittaci_6BC_gene12243227.pdb
 0.933002  0.263216  0.245408     1.070245
-0.198334  0.945113 -0.259664     3.834464
-0.300286  0.193594  0.933997    -7.099440
>../../../../class2/phe1//data/domains/Catalytic_domain/structures/PheRS-Bα_AF_Bact_Ferrimonas_balearica_DSM_9799_gene67181906.pdb
-0.579657  0.536654  0.613189     4.104764
 0.384270 -0.483554  0.786456     3.278439
 0.718564  0.691505  0.074075    -6.700722
>../../../../class2/phe1//data/domains/Catalytic_domain/structures/PheRS-Bα_AF_Bact_Mycobacterium_intracellulare_ATCC_13950_gene11909689.pdb
-0.234782 -0.591150  0.771634     9.939505
-0.669584 -0.477100 -0.569239    -1.002818
 0.704652 -0.650321 -0.283810    -4.967637
>../../../../class2/phe1//data/domains/Catalytic_domain/structures/PheRS-Bα_AF_Bact_Mycoplasma_capricolum_subsp_capricolum_ATCC_27343_gene23778662.pdb
-0.659235  0.558208  0.503799     2.941244
 0.557273 -0.087130  0.825745     6.457628
 0.504834  0.825114 -0.253634    -7.384232
>../../../../class2/phe1//data/domains/Catalytic_domain/structures/PheRS-Bα_AF_Bact_Porphyromonas_gingivalis_ATCC_33277_gene29256875.pdb
 0.664492  0.644979  0.377430    -0.823986
-0.054068  0.545232 -0.836540     4.987287
-0.745337  0.535467  0.397174    -3.068371
>../../../../class2/phe1//data/domains/Catalytic_domain/structures/PheRS-Bα_AF_Bact_Prochlorococcus_marinus_subsp_marinus_str_CCMP1375_gene54200681.pdb
-0.928991 -0.268011  0.255235     9.214344
-0.297714  0.950850 -0.085157    -0.760523
-0.219867 -0.155097 -0.963122    -8.509933
>../../../../class2/phe1//data/domains/Catalytic_domain/structures/PheRS-Bα_AF_Bact_Staphylococcus_argenteus_gene66839332.pdb
-0.957265  0.103546  0.270039     2.333597
 0.229992  0.838656  0.493720     1.658307
-0.175347  0.534728 -0.826631   -10.708708
>../../../../class2/phe1//data/domains/Catalytic_domain/structures/PheRS-Bα_PDB_Bact.A_E_coli_3PCO.pdb
-0.927831  0.363364 -0.084240   -16.724140
 0.334832  0.711845 -0.617385    49.674969
-0.164369 -0.601035 -0.782138    37.400303
>../../../../class2/phe1//data/domains/Catalytic_domain/structures/PheRS-Bα_PDB_Bact.A_T_thermophilus_1PYS.pdb
-0.452665 -0.111837 -0.884639    25.320182
-0.839029 -0.282443  0.465033    27.602486
-0.301868  0.952743  0.034018   -50.286848
