>structures/ArgRS_AF_Arch_Candidatus_Korarchaeum_cryptofilum_OPF8_gene6093502.pdb
-0.158108 -0.682119  0.713943    -6.261100
-0.647317 -0.474393 -0.596600     3.278525
 0.745642 -0.556475 -0.366542    -1.084424
>structures/ArgRS_AF_Arch_Candidatus_Nitrosopumilus_sediminis_gene13697696.pdb
-0.302113 -0.871715  0.385800    -5.610413
-0.849517  0.062583 -0.523836     2.145062
 0.432491 -0.486001 -0.759443    -2.965031
>structures/ArgRS_AF_Arch_Desulfurococcus_mucosus_DSM_2162_gene10153309.pdb
-0.383086 -0.769783  0.510567   -12.626426
-0.581304 -0.228652 -0.780900     2.236856
 0.717866 -0.595946 -0.359884    -2.375284
>structures/ArgRS_AF_Arch_Methanothermococcus_okinawensis_IH1_gene10773248.pdb
-0.228619 -0.242331  0.942873    -5.615323
-0.326003 -0.893547 -0.308700     2.220543
 0.917309 -0.377954  0.125281    -2.994381
>structures/ArgRS_AF_Bact_Anoxybacillus_flavithermus_WK1_gene7039015.pdb
-0.762609 -0.598770  0.244748    -3.163296
-0.646790  0.711396 -0.274916     2.539704
-0.009501 -0.367954 -0.929795    -1.591730
>structures/ArgRS_AF_Bact_Brachyspira_pilosicoli_95_1000_gene56439668.pdb
 0.131887 -0.294396  0.946539    -4.804142
-0.062270 -0.955455 -0.288492     4.198193
 0.989307 -0.020893 -0.144345    -5.575175
>structures/ArgRS_AF_Bact_Chlamydia_psittaci_6BC_gene12242456.pdb
 0.152272 -0.657922  0.737531    -4.787739
-0.465613 -0.705988 -0.533652     3.700178
 0.871790 -0.262144 -0.413839    -3.011624
>structures/ArgRS_AF_Bact_Corynebacterium_ulcerans_809_gene75260071.pdb
 0.125737 -0.423274  0.897234    -5.128612
-0.216639 -0.894300 -0.391530     3.293266
 0.968121 -0.145146 -0.204144    -4.952661
>structures/ArgRS_AF_Bact_Cupriavidus_taiwanensis_LMG_19424_gene29762022.pdb
-0.049072 -0.571983  0.818796    -6.023293
-0.471451 -0.709446 -0.523850     1.654043
 0.880526 -0.411729 -0.234848    -4.091332
>structures/ArgRS_AF_Bact_Mycoplasma_hyopneumoniae_168-L_gene57100855.pdb
-0.008466 -0.666585  0.745381    -7.959162
-0.602701 -0.591398 -0.535724     2.423994
 0.797922 -0.453777 -0.396745    -1.530696
>structures/ArgRS_AF_Bact_Prochlorococcus_marinus_subsp_marinus_str_CCMP1375_gene54199571.pdb
-0.934353 -0.350793 -0.062682    -7.618446
-0.353856  0.934120  0.046957    -0.562683
 0.042080  0.066055 -0.996928    -5.168752
>structures/ArgRS_AF_Bact_Streptobacillus_moniliformis_DSM_12112_gene29674021.pdb
 0.989777 -0.134071 -0.048650    -4.698759
 0.142515  0.943065  0.300530     2.239679
 0.005588 -0.304391  0.952531    -4.451462
>structures/ArgRS_AF_Euk_Micromonas_commoda_gene8250062.pdb
 0.005565 -0.688585 -0.725134    -2.918868
 0.733392 -0.490138  0.471063     3.954064
-0.679783 -0.534429  0.502276    -1.380189
>structures/ArgRS_AF_Euk_Paulinella_chromatophora_gene6481434.pdb
-0.990914 -0.065583 -0.117427    -9.471403
-0.095027  0.959233  0.266160     1.789512
 0.095185  0.274900 -0.956750    -5.167931
>structures/ArgRS_AF_Euk_Polyodon_spathula_gene121324634.pdb
-0.113618  0.307893  0.944613    -1.717516
 0.046897 -0.948048  0.314653     6.889681
 0.992417  0.080050  0.093276     1.937745
>structures/ArgRS_AF_Euk_Thalassiosira_pseudonana_CCMP1335_gene7449555.pdb
 1.000000  0.000000  0.000000     0.000000
 0.000000  1.000000  0.000000     0.000000
 0.000000  0.000000  1.000000     0.000000
>structures/ArgRS_AF_Mito_Caenorhabditis_elegans_gene174023.pdb
-0.935179  0.335020  0.114901    -9.742676
 0.336187  0.737591  0.585609    -1.005353
 0.111441  0.586277 -0.802409     0.690052
>structures/ArgRS_AF_Mito_Saccharomyces_cerevisiae_S288C_gene851942.pdb
 0.230880  0.785212 -0.574575    -2.671931
-0.265907 -0.517129 -0.813555     3.087597
-0.935942  0.340617  0.089398    -3.961520
>structures/ArgRS_AF_Vir_Megavirus_chiliensis_gene11257368.pdb
 0.820254  0.571596 -0.021506    -1.619680
-0.438787  0.604661 -0.664719    -0.731276
-0.366947  0.554675  0.746784    -4.981048
>structures/ArgRS_PDB_Arch_2ZUF.pdb
-0.946441  0.135997  0.292838     6.249261
-0.071899 -0.972964  0.219479    -4.266138
 0.314770  0.186670  0.930631   -37.099573
>structures/ArgRS_PDB_Bact_1IQ0.pdb
 0.301348  0.166615  0.938844   -19.661033
 0.244070  0.938334 -0.244866   -65.138680
-0.921748  0.302933  0.242100   -15.417122
>structures/ArgRS_PDB_Euk_S_cerevisiae_1BS2.pdb
-0.767127 -0.251462  0.590155    58.090503
 0.171802  0.805827  0.566680   -55.111869
-0.618062  0.536106 -0.574970   -29.161537
