>../../../../class2/ala//data/domains/Catalytic_domain/structures/AlaRS_AF_Arch_Candidatus_Korarchaeum_cryptofilum_OPF8_gene6094822.pdb
-0.834324 -0.204127  0.512090    -4.220621
 0.256935 -0.965844  0.033612    28.498132
 0.487738  0.159617  0.858274     7.147163
>../../../../class2/ala//data/domains/Catalytic_domain/structures/AlaRS_AF_Arch_Candidatus_Nitrosopumilus_koreensis_AR1_gene13725795.pdb
-0.185183  0.708644  0.680831    -4.088876
 0.532167  0.654750 -0.536751    24.877839
-0.826139  0.262919 -0.498365     2.369908
>../../../../class2/ala//data/domains/Catalytic_domain/structures/AlaRS_AF_Arch_Sulfolobus_islandicus_YG5714_gene7807284.pdb
-0.339300  0.701610  0.626594    -3.943297
-0.692211 -0.637266  0.338728    25.027565
 0.636961 -0.318804  0.701886     8.700420
>../../../../class2/ala//data/domains/Catalytic_domain/structures/AlaRS_AF_Arch_Thermoplasma_acidophilum_DSM_1728_gene1456391.pdb
-0.208260  0.703541  0.679454    -4.812072
 0.534596  0.663614 -0.523281    26.006664
-0.819045  0.254255 -0.514315     3.610032
>../../../../class2/ala//data/domains/Catalytic_domain/structures/AlaRS_AF_Bact_Brucella_melitensis_bv_1_str_16M_gene29593597.pdb
-0.499108  0.803744  0.323862    -5.624072
 0.100002  0.424670 -0.899808    30.077925
-0.860750 -0.416715 -0.292333    -4.997333
>../../../../class2/ala//data/domains/Catalytic_domain/structures/AlaRS_AF_Bact_Chlamydia_psittaci_6BC_gene12242512.pdb
-0.342337 -0.910567 -0.231675    -2.933843
-0.695912  0.080062  0.713650    29.287342
-0.631278  0.405534 -0.661083     0.353078
>../../../../class2/ala//data/domains/Catalytic_domain/structures/AlaRS_AF_Bact_Lactobacillus_acidophilus_La-14_gene56942022.pdb
 0.443563 -0.307023  0.842015     5.089835
-0.878433  0.037432  0.476397    28.221808
-0.177783 -0.950966 -0.253096     2.366894
>../../../../class2/ala//data/domains/Catalytic_domain/structures/AlaRS_AF_Bact_Nocardia_farcinica_IFM_10152_gene61134339.pdb
 0.184939 -0.905837  0.381125    -0.973629
-0.859429  0.039016  0.509764    29.984305
-0.476633 -0.421825 -0.771288     0.284667
>../../../../class2/ala//data/domains/Catalytic_domain/structures/AlaRS_AF_Bact_Porphyromonas_gingivalis_ATCC_33277_gene29256567.pdb
-0.213951 -0.971983 -0.097336    -2.214602
-0.721375  0.090024  0.686669    28.325349
-0.658668  0.217130 -0.720425     2.404063
>../../../../class2/ala//data/domains/Catalytic_domain/structures/AlaRS_AF_Bact_Prochlorococcus_marinus_subsp_marinus_str_CCMP1375_gene54199407.pdb
 0.996101  0.067558 -0.056725    -1.257050
-0.055479 -0.020185 -0.998256    31.750550
-0.068585  0.997511 -0.016358     1.510974
>../../../../class2/ala//data/domains/Catalytic_domain/structures/AlaRS_AF_Bact_Streptobacillus_moniliformis_DSM_12112_gene29672963.pdb
-0.515524 -0.814785 -0.265256     0.975690
-0.631041  0.151588  0.760794    31.647480
-0.579674  0.559595 -0.592310     1.978653
>../../../../class2/ala//data/domains/Catalytic_domain/structures/AlaRS_AF_Bact_Treponema_pallidum_subsp_pertenue_str_SamoaD_gene57879528.pdb
-0.648558  0.758320  0.065755     0.253049
-0.357072 -0.379401  0.853554    16.655262
 0.672215  0.530099  0.516839     5.227431
>../../../../class2/ala//data/domains/Catalytic_domain/structures/AlaRS_AF_Euk_Cyanidioschyzon_merolae_strain_10D_gene16993235.pdb
-0.430383  0.877444  0.211807    -1.444904
-0.638289 -0.461757  0.615928    32.511082
 0.638246  0.129891  0.758795     8.352986
>../../../../class2/ala//data/domains/Catalytic_domain/structures/AlaRS_AF_Euk_Marasmius_oreades_gene66078979.pdb
-0.338789  0.669633  0.660919    -0.202384
 0.377477  0.740186 -0.556449    30.851060
-0.861820  0.060963 -0.503538     4.966247
>../../../../class2/ala//data/domains/Catalytic_domain/structures/AlaRS_AF_Euk_Plasmodium_berghei_ANKA_gene55150801.pdb
-0.005706 -0.883152  0.469053     1.408320
-0.652187  0.358858  0.667737    28.620760
-0.758037 -0.302100 -0.578028    -0.382361
>../../../../class2/ala//data/domains/Catalytic_domain/structures/AlaRS_AF_Euk_Saccharomyces_cerevisiae_S288C_gene854513.pdb
 0.056849  0.790639  0.609638    -5.090447
 0.745900  0.372249 -0.552325    28.435121
-0.663627  0.486129 -0.568575     5.880749
>../../../../class2/ala//data/domains/Catalytic_domain/structures/AlaRS_AF_Mito_Caenorhabditis_elegans_gene174749.pdb
-0.665127 -0.630584 -0.399963    -2.967785
-0.454834 -0.082679  0.886730    26.155804
-0.592226  0.771705 -0.231819     3.916224
>../../../../class2/ala//data/domains/Catalytic_domain/structures/AlaRS_AF_Mito_Gadus_morhua_gene115539928.pdb
 0.013220  0.325533 -0.945438    -4.713902
 0.982151  0.173195  0.073368    27.046503
 0.187629 -0.929533 -0.317433     3.234896
>../../../../class2/ala//data/domains/Catalytic_domain/structures/AlaRS_PDB_Bact_E_coli_3HXV.pdb
-0.015420 -0.656939  0.753786     8.665330
 0.012719 -0.753943 -0.656816    55.460015
 0.999800 -0.000540  0.019982   -16.062499
>../../../../class2/lys//data/domains/Catalytic_domain/structures/LysRS-II_AF_Arch_Aciduliprofundum_boonei_T469_gene8827564.pdb
-0.010505 -0.449963  0.892986     4.288938
-0.501500 -0.770231 -0.394008     6.681561
 0.865094 -0.451971 -0.217565    -2.218494
>../../../../class2/lys//data/domains/Catalytic_domain/structures/LysRS-II_AF_Arch_Archaeoglobus_sulfaticallidus_PM70-1_gene15393615.pdb
-0.681539 -0.683189  0.262216     3.829257
-0.681489  0.462007 -0.567558     0.014364
 0.266603 -0.565511 -0.780462    -1.618746
>../../../../class2/lys//data/domains/Catalytic_domain/structures/LysRS-II_AF_Arch_Candidatus_Woesearchaeota_archaeon_proteinMBS3172198.1.pdb
-0.993703 -0.048307  0.101099     4.131972
-0.057340  0.994429 -0.088446     2.471814
-0.096263 -0.093686 -0.990937    -0.870881
>../../../../class2/lys//data/domains/Catalytic_domain/structures/LysRS-II_AF_Arch_Thermogladius_calderae_1633_gene13013549.pdb
 0.123449 -0.007310  0.992324     2.238185
 0.032309 -0.999413 -0.011382     6.336893
 0.991825  0.033466 -0.123140    -2.075961
>../../../../class2/lys//data/domains/Catalytic_domain/structures/LysRS-II_AF_Bact_Chlamydia_muridarum_str_Nigg_gene1245697.pdb
 0.166018  0.029840  0.985671     3.249290
 0.019842 -0.999441  0.026915     6.744351
 0.985923  0.015089 -0.166517    -3.581430
>../../../../class2/lys//data/domains/Catalytic_domain/structures/LysRS-II_AF_Bact_Cupriavidus_taiwanensis_LMG_19424_gene29762375.pdb
-0.728080 -0.655770  0.199664     1.273886
-0.642202  0.550656 -0.533249    -1.846785
 0.239743 -0.516473 -0.822058    -1.056743
>../../../../class2/lys//data/domains/Catalytic_domain/structures/LysRS-II_AF_Bact_Leuconostoc_gelidum_JB7_gene61037106.pdb
-0.629379 -0.772049  0.088447     1.460089
-0.685820  0.498321 -0.530403     4.383861
 0.365422 -0.394483 -0.843119    -1.212160
>../../../../class2/lys//data/domains/Catalytic_domain/structures/LysRS-II_AF_Bact_Mycobacterium_intracellulare_ATCC_13950_gene11907187.pdb
-0.621119 -0.732985  0.277386     2.321175
-0.688696  0.341559 -0.639559    -1.436071
 0.374044 -0.588277 -0.716953    -0.297007
>../../../../class2/lys//data/domains/Catalytic_domain/structures/LysRS-II_AF_Bact_Mycoplasma_hyopneumoniae_168-L_gene57101062.pdb
-0.628793 -0.766170  0.132677     2.446479
-0.718327  0.507037 -0.476360     6.234968
 0.297700 -0.394837 -0.869182    -0.735077
>../../../../class2/lys//data/domains/Catalytic_domain/structures/LysRS-II_AF_Bact_Porphyromonas_gingivalis_ATCC_33277_gene29256363.pdb
-0.109797 -0.566702  0.816574     5.376892
-0.337451 -0.751492 -0.566909     7.705569
 0.934918 -0.337799 -0.108723    -2.015241
>../../../../class2/lys//data/domains/Catalytic_domain/structures/LysRS-II_AF_Bact_Prochlorococcus_marinus_subsp_marinus_str_CCMP1375_gene54201108.pdb
-0.505327 -0.832071  0.228697     1.671269
-0.695736  0.236070 -0.678397     5.445048
 0.510486 -0.501925 -0.698194    -1.832520
>../../../../class2/lys//data/domains/Catalytic_domain/structures/LysRS-II_AF_Bact_Streptobacillus_moniliformis_DSM_12112_gene29673899.pdb
-0.438182 -0.786967  0.434372     3.161079
-0.692056 -0.013027 -0.721727    -0.726966
 0.573634 -0.616857 -0.538917     1.257632
>../../../../class2/lys//data/domains/Catalytic_domain/structures/LysRS-II_AF_Euk_Ostreococcus_tauri_gene9837657.pdb
-0.745725 -0.635346  0.200573     3.010601
-0.626753  0.566850 -0.534661    -1.460012
 0.226000 -0.524420 -0.820919    -1.680280
>../../../../class2/lys//data/domains/Catalytic_domain/structures/LysRS-II_AF_Euk_Solanum_lycopersicum_gene778357.pdb
 0.876829  0.444182 -0.184046     1.002385
-0.476055  0.748394 -0.461820     2.758430
-0.067393  0.492553  0.867669    -2.596054
>../../../../class2/lys//data/domains/Catalytic_domain/structures/LysRS-II_AF_Euk_Theileria_annulata_gene3864794.pdb
 1.000000  0.000000  0.000000     0.000000
 0.000000  1.000000  0.000000     0.000000
 0.000000  0.000000  1.000000     0.000000
>../../../../class2/lys//data/domains/Catalytic_domain/structures/LysRS-II_AF_Euk_Zootoca_vivipara_gene118086243.pdb
-0.958410  0.248710  0.139980    -0.925923
 0.284904  0.862566  0.418102     4.904431
-0.016756  0.440594 -0.897550    -3.766534
>../../../../class2/lys//data/domains/Catalytic_domain/structures/LysRS-II_AF_Mito_Malus_domestica_gene103446975.pdb
-0.843405 -0.523349  0.121546     1.076247
-0.510389  0.709754 -0.485543    -1.738630
 0.167840 -0.471545 -0.865722    -1.711561
>../../../../class2/lys//data/domains/Catalytic_domain/structures/LysRS-II_AF_Mito_Scheffersomyces_stipitis_CBS_6054_gene4837999.pdb
-0.754185 -0.651944  0.078576     0.544329
-0.609691  0.650764 -0.452530    -1.696319
 0.243890 -0.389199 -0.888281    -2.232382
>../../../../class2/lys//data/domains/Catalytic_domain/structures/LysRS-II_PDB_Bact_G_stearothermophilus_3E9H.pdb
-0.608440 -0.580999  0.540594   -24.307438
 0.094259  0.623463  0.776151    28.748457
-0.787983  0.523197 -0.324575   102.036606
