>../../../../class2/ala//data/domains/Catalytic_domain/structures/AlaRS_AF_Arch_Candidatus_Korarchaeum_cryptofilum_OPF8_gene6094822.pdb
 0.014023  0.617231 -0.786657     2.025567
 0.992212  0.088791  0.087354     7.345017
 0.123766 -0.781756 -0.611179    -3.739378
>../../../../class2/ala//data/domains/Catalytic_domain/structures/AlaRS_AF_Arch_Candidatus_Nitrosopumilus_koreensis_AR1_gene13725795.pdb
 0.252258 -0.930025  0.267243     6.927432
-0.243066 -0.328220 -0.912793     3.008506
 0.936635  0.165301 -0.308854    -3.690933
>../../../../class2/ala//data/domains/Catalytic_domain/structures/AlaRS_AF_Arch_Sulfolobus_islandicus_YG5714_gene7807284.pdb
 0.248586  0.198594 -0.948032     3.114027
 0.518811 -0.853816 -0.042819     7.310350
-0.817949 -0.481205 -0.315280    -7.423953
>../../../../class2/ala//data/domains/Catalytic_domain/structures/AlaRS_AF_Arch_Thermoplasma_acidophilum_DSM_1728_gene1456391.pdb
 0.247410 -0.931980  0.264954     5.721280
-0.204932 -0.317604 -0.925814     5.006215
 0.946991  0.174758 -0.269571    -3.600213
>../../../../class2/ala//data/domains/Catalytic_domain/structures/AlaRS_AF_Bact_Brucella_melitensis_bv_1_str_16M_gene29593597.pdb
 0.688693 -0.437626  0.578088     8.264119
-0.046745 -0.822445 -0.566921     1.392870
 0.723545  0.363412 -0.586868     4.603434
>../../../../class2/ala//data/domains/Catalytic_domain/structures/AlaRS_AF_Bact_Chlamydia_psittaci_6BC_gene12242512.pdb
 0.981005  0.187302  0.050474     4.379591
-0.183979  0.980845 -0.063992     2.213310
-0.061493  0.053490  0.996673     0.144525
>../../../../class2/ala//data/domains/Catalytic_domain/structures/AlaRS_AF_Bact_Lactobacillus_acidophilus_La-14_gene56942022.pdb
 0.442464  0.691525 -0.570981    -0.201771
-0.583974 -0.261023 -0.768662    -4.144942
-0.680588  0.673543  0.288339    -3.972741
>../../../../class2/ala//data/domains/Catalytic_domain/structures/AlaRS_AF_Bact_Nocardia_farcinica_IFM_10152_gene61134339.pdb
 0.723781  0.685533 -0.078642     2.908121
-0.559757  0.516667 -0.647864     0.920138
-0.403501  0.512933  0.757685     0.088779
>../../../../class2/ala//data/domains/Catalytic_domain/structures/AlaRS_AF_Bact_Porphyromonas_gingivalis_ATCC_33277_gene29256567.pdb
 0.945088  0.323797  0.044332     3.805448
-0.306043  0.924423 -0.227552     2.181204
-0.114662  0.201489  0.972756    -1.791207
>../../../../class2/ala//data/domains/Catalytic_domain/structures/AlaRS_AF_Bact_Prochlorococcus_marinus_subsp_marinus_str_CCMP1375_gene54199407.pdb
-0.439867 -0.602321  0.666128     1.480125
-0.862747  0.489374 -0.127203     1.845335
-0.249368 -0.630652 -0.734910     1.041990
>../../../../class2/ala//data/domains/Catalytic_domain/structures/AlaRS_AF_Bact_Streptobacillus_moniliformis_DSM_12112_gene29672963.pdb
 1.000000  0.000000  0.000000     0.000000
 0.000000  1.000000  0.000000     0.000000
 0.000000  0.000000  1.000000     0.000000
>../../../../class2/ala//data/domains/Catalytic_domain/structures/AlaRS_AF_Bact_Treponema_pallidum_subsp_pertenue_str_SamoaD_gene57879528.pdb
 0.142034 -0.455016 -0.879083     7.969316
 0.859833 -0.383285  0.337313    -0.486234
-0.490422 -0.803774  0.336799   -12.985986
>../../../../class2/ala//data/domains/Catalytic_domain/structures/AlaRS_AF_Euk_Cyanidioschyzon_merolae_strain_10D_gene16993235.pdb
 0.267799 -0.225225 -0.936780    -3.316311
 0.589361 -0.730875  0.344202     6.198630
-0.762192 -0.644279 -0.062989    -2.996811
>../../../../class2/ala//data/domains/Catalytic_domain/structures/AlaRS_AF_Euk_Marasmius_oreades_gene66078979.pdb
 0.436296 -0.853133  0.286026    -0.508726
-0.148178 -0.381658 -0.912349     3.208158
 0.887519  0.355671 -0.292931    -2.199192
>../../../../class2/ala//data/domains/Catalytic_domain/structures/AlaRS_AF_Euk_Plasmodium_berghei_ANKA_gene55150801.pdb
 0.850181  0.411068 -0.328961     3.083213
-0.524638  0.609086 -0.594785    -1.913469
-0.044131  0.678260  0.733495    -0.978454
>../../../../class2/ala//data/domains/Catalytic_domain/structures/AlaRS_AF_Euk_Saccharomyces_cerevisiae_S288C_gene854513.pdb
-0.111015 -0.929132  0.352689     3.150445
-0.306941 -0.305478 -0.901371     6.730813
 0.945232 -0.208321 -0.251276    -3.018096
>../../../../class2/ala//data/domains/Catalytic_domain/structures/AlaRS_AF_Mito_Caenorhabditis_elegans_gene174749.pdb
 0.975916 -0.058517 -0.210151     4.480381
 0.129025  0.931617  0.339768     3.935144
 0.175898 -0.358699  0.916730    -4.352258
>../../../../class2/ala//data/domains/Catalytic_domain/structures/AlaRS_AF_Mito_Gadus_morhua_gene115539928.pdb
-0.729513  0.247585  0.637583     5.071906
 0.254472 -0.767015  0.589009     4.843498
 0.634865  0.591937  0.496544    -2.961766
>../../../../class2/ala//data/domains/Catalytic_domain/structures/AlaRS_PDB_Bact_E_coli_3HXV.pdb
-0.571642  0.820275  0.019361    -9.100265
 0.574269  0.416833 -0.704603   -12.528842
-0.586039 -0.391662 -0.709337    26.389377
>../../../../class2/ser2//data/domains/Catalytic_domain/structures/SerRS-A_AF_Arch_Conexivisphaera_calida_protein1635512986.pdb
-0.110552 -0.917658 -0.381684    15.268724
-0.410716 -0.307529  0.858335    10.146683
-0.905036  0.251654 -0.342899   -16.638327
>../../../../class2/ser2//data/domains/Catalytic_domain/structures/SerRS-A_AF_Arch_Ignisphaera_aggregans_protein304378874.pdb
-0.633408 -0.190339 -0.750043    14.992025
-0.679823 -0.326131  0.656870    10.908614
-0.369640  0.925964  0.077177   -18.662481
>../../../../class2/ser2//data/domains/Catalytic_domain/structures/SerRS-A_AF_Arch_Methanosarcina_barkeri_protein805401349.pdb
 0.805985 -0.344576  0.481307    13.084661
-0.535117 -0.076532  0.841304    11.161666
-0.253058 -0.935634 -0.246072   -16.068229
>../../../../class2/ser2//data/domains/Catalytic_domain/structures/SerRS-A_AF_Arch_Unclassified_Thermoplasmata_protein1635512986.pdb
 0.131802 -0.956734 -0.259401    14.320838
-0.305660 -0.288158  0.907490    12.184357
-0.942974 -0.040321 -0.330415   -14.794511
>../../../../class2/ser2//data/domains/Catalytic_domain/structures/SerRS-A_PDB_Arch_M_barkeri_2cim.pdb
-0.500222 -0.865317  0.031679    34.171913
 0.596762 -0.371023 -0.711489    41.118512
 0.627417 -0.336998  0.701983  -105.150449
>../../../../class2/ser2//data/domains/Catalytic_domain/structures/SerRS-A_PDB_Arch_M_barkeri_2cjb.pdb
-0.490231 -0.871515 -0.011597    37.232325
 0.613302 -0.335470 -0.715067    40.951240
 0.619302 -0.357661  0.698959  -104.963761
