>../../../../class2/pyl//data/domains/Catalytic_domain/structures/PylRS_AF_Arch_Candidatus_Methanomassiliicoccus_intestinalis_Issoire-Mx1_gene16153983.pdb
-0.764227  0.075806  0.640477     1.601046
 0.637793 -0.058681  0.767969     8.682572
 0.095800  0.995394 -0.003503    -7.747406
>../../../../class2/pyl//data/domains/Catalytic_domain/structures/PylRS_AF_Arch_Methanosalsum_zhilinae_DSM_4017_gene10822650.pdb
-0.810881 -0.388647  0.437523    -1.586305
-0.512620  0.832368 -0.210678     4.090330
-0.282300 -0.395117 -0.874179    -8.996439
>../../../../class2/pyl//data/domains/Catalytic_domain/structures/PylRS_AF_Arch_Unclassified_Candidatus_Bathyarchaeota_proteinUCH69683.1.pdb
 0.350289  0.271246 -0.896506     2.870903
 0.136204 -0.961727 -0.237760     7.396566
-0.926685 -0.038823 -0.373828    -6.861298
>../../../../class2/pyl//data/domains/Catalytic_domain/structures/PylRS_AF_Bact_Unclassified_Actinobacteria_proteinMBU2601214.1.pdb
 0.360877  0.243261 -0.900329     3.501145
 0.151210 -0.967871 -0.200900     7.286731
-0.920274 -0.063639 -0.386066    -7.378085
>../../../../class2/pyl//data/domains/Catalytic_domain/structures/PylRS_AF_Bact_Unclassified_Aerophobetes_proteinMCD6471581.1.pdb
 0.316391  0.250896 -0.914848     3.191708
-0.050996 -0.958497 -0.280503     7.927389
-0.947257  0.135403 -0.290466    -7.246426
>../../../../class2/pyl//data/domains/Catalytic_domain/structures/PylRS_AF_Bact_unclassified_Desulfosarcina_proteinMBC2741817.pdb
 0.560836  0.349328 -0.750621    -3.111198
-0.182047 -0.832408 -0.523409     5.467980
-0.807664  0.430195 -0.403250    -4.929477
>../../../../class2/pyl//data/domains/Catalytic_domain/structures/PylRS_AF_Bact_unclassified_Lachnospiraceae_proteinHCE77498.1.pdb
-0.609192 -0.427242  0.668094     2.789042
-0.776933  0.152701 -0.610785     2.875004
 0.158934 -0.891149 -0.424962    -5.573395
>../../../../class2/pyl//data/domains/Catalytic_domain/structures/PylRS_PDB_Arch_M_mazei_2Q7E.pdb
 0.418287 -0.845263  0.332514    18.578672
 0.904471  0.421247 -0.066958   -21.279605
-0.083473  0.328757  0.940718   -47.115948
>../../../../class2/pyl//data/domains/Catalytic_domain/structures/PylRS_PDB_Bact_D_hafniense_2ZNJ.pdb
 0.188904 -0.649387  0.736622    22.249164
-0.167566  0.717810  0.675774    31.775106
-0.967593 -0.251090  0.026782    38.391334
>../../../../class2/ser1//data/domains/Catalytic_domain/structures/SerRS_AF_Arch_Candidatus_Methanomassiliicoccus_intestinalis_Issoire-Mx1_gene16154337.pdb
-0.290185 -0.750717  0.593478    -2.877182
-0.849185 -0.083932 -0.521384     4.129613
 0.441224 -0.655270 -0.613142     0.673587
>../../../../class2/ser1//data/domains/Catalytic_domain/structures/SerRS_AF_Arch_Methanospirillum_hungatei_JF-1_gene3924775.pdb
-0.775366  0.596824  0.206419    -6.925618
 0.577180  0.537093  0.615137     2.302440
 0.256262  0.596097 -0.760919    -1.991544
>../../../../class2/ser1//data/domains/Catalytic_domain/structures/SerRS_AF_Arch_Nitrosopumilus_maritimus_SCM1_gene5773574.pdb
 0.898900  0.437938  0.013718    -2.554915
-0.408920  0.849759 -0.332708    -1.075002
-0.157362  0.293462  0.942930    -0.071706
>../../../../class2/ser1//data/domains/Catalytic_domain/structures/SerRS_AF_Arch_Thermoproteus_uzoniensis_768-20_gene10361450.pdb
 1.000000  0.000000  0.000000    -0.000000
 0.000000  1.000000  0.000000     0.000000
 0.000000  0.000000  1.000000    -0.000000
>../../../../class2/ser1//data/domains/Catalytic_domain/structures/SerRS_AF_Bact_Bifidobacterium_longum_subsp_longum_JCM_1217_gene69578844.pdb
 0.142622  0.204890  0.968338    -5.676018
 0.008946 -0.978567  0.205737     5.567282
 0.989737 -0.020679 -0.141398    -1.783704
>../../../../class2/ser1//data/domains/Catalytic_domain/structures/SerRS_AF_Bact_Brucella_suis_1330_gene45051948.pdb
 0.915048 -0.400592 -0.047051    -5.421955
 0.403333  0.909684  0.098983     0.932375
 0.003150 -0.109552  0.993976    -0.068129
>../../../../class2/ser1//data/domains/Catalytic_domain/structures/SerRS_AF_Bact_Chlamydia_psittaci_6BC_gene12242544.pdb
-0.998225 -0.055974 -0.020332    -3.787015
-0.056965  0.997025  0.051933     1.574679
 0.017365  0.052999 -0.998444    -0.720190
>../../../../class2/ser1//data/domains/Catalytic_domain/structures/SerRS_AF_Bact_Clostridium_acetobutylicum_DSM_1731_gene44996495.pdb
 0.960186  0.267827 -0.079443    -7.694988
-0.276860  0.874332 -0.398612     1.325037
-0.037300  0.404736  0.913673    -1.980238
>../../../../class2/ser1//data/domains/Catalytic_domain/structures/SerRS_AF_Bact_Mycoplasma_hyopneumoniae_168-L_gene57101125.pdb
-0.983923  0.178470  0.006708    -4.995992
 0.154801  0.833497  0.530396     3.505387
 0.089068  0.522907 -0.847724     0.617545
>../../../../class2/ser1//data/domains/Catalytic_domain/structures/SerRS_AF_Bact_Prochlorococcus_marinus_subsp_marinus_str_CCMP1375_gene54200639.pdb
 0.891399 -0.419888 -0.170591    -1.261389
 0.445462  0.742369  0.500451     5.281672
-0.083491 -0.522093  0.848792     2.094178
>../../../../class2/ser1//data/domains/Catalytic_domain/structures/SerRS_AF_Bact_Streptobacillus_moniliformis_DSM_12112_gene29673293.pdb
 0.961206 -0.274631 -0.025699    -5.831304
 0.275684  0.959559  0.056969     0.665676
 0.009014 -0.061844  0.998045    -0.882734
>../../../../class2/ser1//data/domains/Catalytic_domain/structures/SerRS_AF_Bact_Treponema_pallidum_subsp_pertenue_str_SamoaD_gene57879171.pdb
-0.867599  0.469248  0.164553    -5.430756
 0.487046  0.735154  0.471525     1.152790
 0.100290  0.489239 -0.866364    -1.608172
>../../../../class2/ser1//data/domains/Catalytic_domain/structures/SerRS_AF_Euk_Cyanidioschyzon_merolae_strain_10D_gene16995416.pdb
-0.344086  0.744317  0.572360    -6.723812
 0.698134 -0.204815  0.686047     3.023682
 0.627865  0.635643 -0.449159    -2.731127
>../../../../class2/ser1//data/domains/Catalytic_domain/structures/SerRS_AF_Euk_Thunnus_albacares_gene122982782.pdb
 0.155714  0.261019  0.952692    -7.064575
 0.137925 -0.960754  0.240684     5.383581
 0.978126  0.093922 -0.185604    -0.087422
>../../../../class2/ser1//data/domains/Catalytic_domain/structures/SerRS_AF_Euk_Trichomonas_vaginalis_G3_gene4762654.pdb
-0.904948  0.290253 -0.311161    -5.169052
 0.105434  0.861391  0.496879     3.495299
 0.412252  0.416843 -0.810117    -1.103242
>../../../../class2/ser1//data/domains/Catalytic_domain/structures/SerRS_AF_Euk_Vitis_vinifera_gene100261399.pdb
 0.004035  0.514544  0.857455    -6.523236
 0.379916 -0.793958  0.474652     4.528147
 0.925012  0.323845 -0.198687    -2.033567
>../../../../class2/ser1//data/domains/Catalytic_domain/structures/SerRS_AF_Mito_Cervus_elaphus_gene122688911.pdb
 0.829071 -0.517772 -0.211078    -0.255459
 0.550745  0.691007  0.468177     6.404720
-0.096553 -0.504402  0.858054     3.002631
>../../../../class2/ser1//data/domains/Catalytic_domain/structures/SerRS_AF_Mito_Drechmeria_coniospora_gene63718051.pdb
-0.986367 -0.080981 -0.143254    -5.317439
-0.124760  0.935663  0.330107     4.304742
 0.107305  0.343479 -0.933010     1.221604
>../../../../class2/ser1//data/domains/Catalytic_domain/structures/SerRS_PDB_Bact_K_pneumoniae_6h9x.pdb
-0.131188 -0.212783  0.968253    -4.742727
-0.653490  0.753015  0.076941    20.952939
-0.745480 -0.622649 -0.237838   -30.577881
>../../../../class2/ser1//data/domains/Catalytic_domain/structures/SerRS_PDB_Bact_T_thermophilus_1ser.pdb
-0.968061  0.053675 -0.244903   125.100638
-0.081599 -0.991083  0.105333    67.418500
-0.237066  0.121953  0.963809   -23.092337
>../../../../class2/ser1//data/domains/Catalytic_domain/structures/SerRS_PDB_Euk_B_taurus_1wle.pdb
-0.545458 -0.177397 -0.819150    99.788542
-0.737384 -0.363026  0.569629    29.298790
-0.398423  0.914736  0.067206    -9.461082
