>../../../../class1/arg//data/domains/Catalytic_domain/structures/ArgRS_AF_Arch_Candidatus_Korarchaeum_cryptofilum_OPF8_gene6093502.pdb
 0.753810 -0.614937 -0.231566     4.488460
 0.655985  0.683809  0.319513     0.448925
-0.038134 -0.392756  0.918852    -2.798952
>../../../../class1/arg//data/domains/Catalytic_domain/structures/ArgRS_AF_Arch_Candidatus_Nitrosopumilus_sediminis_gene13697696.pdb
 0.364773 -0.572366 -0.734396     3.172245
 0.930878  0.207098  0.300959     1.378810
-0.020167 -0.793415  0.608347    -1.108020
>../../../../class1/arg//data/domains/Catalytic_domain/structures/ArgRS_AF_Arch_Desulfurococcus_mucosus_DSM_2162_gene10153309.pdb
 0.739072 -0.642541 -0.202273     2.728177
 0.629501  0.551897  0.546935     4.300353
-0.239795 -0.531555  0.812371    -8.050235
>../../../../class1/arg//data/domains/Catalytic_domain/structures/ArgRS_AF_Arch_Methanothermococcus_okinawensis_IH1_gene10773248.pdb
 0.884637 -0.401783  0.236617     2.740079
 0.402955  0.914082  0.045619     2.272286
-0.234616  0.054989  0.970532    -0.004096
>../../../../class1/arg//data/domains/Catalytic_domain/structures/ArgRS_AF_Bact_Anoxybacillus_flavithermus_WK1_gene7039015.pdb
-0.136066 -0.472301 -0.870872     4.488141
 0.811298 -0.557620  0.175656     1.362008
-0.568578 -0.682636  0.459050     1.675861
>../../../../class1/arg//data/domains/Catalytic_domain/structures/ArgRS_AF_Bact_Brachyspira_pilosicoli_95_1000_gene56439668.pdb
 1.000000  0.000000  0.000000     0.000000
 0.000000  1.000000  0.000000     0.000000
 0.000000  0.000000  1.000000     0.000000
>../../../../class1/arg//data/domains/Catalytic_domain/structures/ArgRS_AF_Bact_Chlamydia_psittaci_6BC_gene12242456.pdb
 0.871195 -0.410930 -0.268617     2.830470
 0.477981  0.834845  0.273071    -0.428402
 0.112041 -0.366292  0.923730    -1.321417
>../../../../class1/arg//data/domains/Catalytic_domain/structures/ArgRS_AF_Bact_Corynebacterium_ulcerans_809_gene75260071.pdb
 0.987112 -0.144201 -0.069396     0.561551
 0.148043  0.987516  0.053803     0.554667
 0.060772 -0.063383  0.996137    -0.705139
>../../../../class1/arg//data/domains/Catalytic_domain/structures/ArgRS_AF_Bact_Cupriavidus_taiwanensis_LMG_19424_gene29762022.pdb
 0.883247 -0.446851 -0.142124     1.517383
 0.467868  0.860008  0.203679     2.193571
 0.031214 -0.246394  0.968667    -0.792399
>../../../../class1/arg//data/domains/Catalytic_domain/structures/ArgRS_AF_Bact_Mycoplasma_hyopneumoniae_168-L_gene57100855.pdb
 0.803919 -0.539682 -0.249915     3.539892
 0.590221  0.775652  0.223614     2.435104
 0.073166 -0.327272  0.942093    -2.799690
>../../../../class1/arg//data/domains/Catalytic_domain/structures/ArgRS_AF_Bact_Prochlorococcus_marinus_subsp_marinus_str_CCMP1375_gene54199571.pdb
-0.124718  0.030335 -0.991728     0.062563
 0.607192 -0.788178 -0.100468     4.565671
-0.784706 -0.614700  0.079881    -2.385253
>../../../../class1/arg//data/domains/Catalytic_domain/structures/ArgRS_AF_Bact_Streptobacillus_moniliformis_DSM_12112_gene29674021.pdb
 0.145755 -0.309916  0.939525     1.419348
-0.399405 -0.887269 -0.230716     1.066688
 0.905114 -0.341623 -0.253106    -0.078809
>../../../../class1/arg//data/domains/Catalytic_domain/structures/ArgRS_AF_Euk_Micromonas_commoda_gene8250062.pdb
-0.654822 -0.654114  0.378606     4.966590
-0.749290  0.627391 -0.212004    -0.796809
-0.098859 -0.422510 -0.900951     0.397649
>../../../../class1/arg//data/domains/Catalytic_domain/structures/ArgRS_AF_Euk_Paulinella_chromatophora_gene6481434.pdb
-0.059948  0.314843 -0.947249    -0.047592
 0.403159 -0.860477 -0.311517     2.972337
-0.913164 -0.400566 -0.075348    -4.808216
>../../../../class1/arg//data/domains/Catalytic_domain/structures/ArgRS_AF_Euk_Polyodon_spathula_gene121324634.pdb
 0.958639  0.123278  0.256543     8.405884
 0.054557  0.805034 -0.590715    -4.316044
-0.279348  0.580279  0.765011    -0.061913
>../../../../class1/arg//data/domains/Catalytic_domain/structures/ArgRS_AF_Euk_Thalassiosira_pseudonana_CCMP1335_gene7449555.pdb
 0.164658  0.018030  0.986186     6.515772
-0.302373 -0.950770  0.067868     2.163087
 0.938860 -0.309371 -0.151100     4.075250
>../../../../class1/arg//data/domains/Catalytic_domain/structures/ArgRS_AF_Mito_Caenorhabditis_elegans_gene174023.pdb
 0.113437  0.523065 -0.844710     4.568641
-0.047033 -0.846417 -0.530439     5.389310
-0.992431  0.099901 -0.071414    -4.061612
>../../../../class1/arg//data/domains/Catalytic_domain/structures/ArgRS_AF_Mito_Saccharomyces_cerevisiae_S288C_gene851942.pdb
-0.905222  0.421748  0.051973     1.299665
 0.181962  0.274187  0.944305    -0.712919
 0.384008  0.864263 -0.324942     0.721896
>../../../../class1/arg//data/domains/Catalytic_domain/structures/ArgRS_PDB_Arch_2ZUF.pdb
 0.177892  0.229101  0.957009   -28.777099
 0.421628  0.860986 -0.284488     2.606608
-0.889148  0.454110  0.056567    16.914027
>../../../../class1/arg//data/domains/Catalytic_domain/structures/ArgRS_PDB_Bact_1IQ0.pdb
-0.859804  0.318372  0.399221   -11.119920
-0.376807 -0.923228 -0.075271    69.009482
 0.344608 -0.215147  0.913760    10.649573
>../../../../class1/arg//data/domains/Catalytic_domain/structures/ArgRS_PDB_Bact_3FNR.pdb
-0.373641  0.000069 -0.927573   132.592285
-0.756109  0.579231  0.304615   -22.273011
 0.537301  0.815163 -0.216372   -42.026145
>../../../../class1/tyr//data/domains/Catalytic_domain/structures/TyrRS_AF_Arch_Candidatus_Korarchaeum_cryptofilum_OPF8_gene6094625.pdb
-0.308999 -0.598984  0.738741     4.120990
 0.938328 -0.318686  0.134086     7.483330
 0.155111  0.734614  0.660517   -12.253574
>../../../../class1/tyr//data/domains/Catalytic_domain/structures/TyrRS_AF_Arch_Desulfurococcus_amylolyticus_1221n_gene7171652.pdb
-0.626544 -0.499873  0.597971     4.753289
 0.438177 -0.860420 -0.260152     6.026085
 0.644549  0.099021  0.758124   -11.742617
>../../../../class1/tyr//data/domains/Catalytic_domain/structures/TyrRS_AF_Arch_Methanothermococcus_okinawensis_IH1_gene10772133.pdb
-0.606795  0.326278  0.724805     3.828542
-0.179812  0.831881 -0.525015     3.958887
-0.774253 -0.448905 -0.446112    -9.276608
>../../../../class1/tyr//data/domains/Catalytic_domain/structures/TyrRS_AF_Arch_Thermoplasma_acidophilum_DSM_1728_gene1456112.pdb
 0.673529 -0.115281 -0.730116     7.924965
 0.070406 -0.973267  0.218621     9.392630
-0.735800 -0.198652 -0.647407   -15.817934
>../../../../class1/tyr//data/domains/Catalytic_domain/structures/TyrRS_AF_Bact_Bifidobacterium_animalis_subsp_lactis_BLC1_gene66533077.pdb
-0.459940 -0.795722  0.394058     0.855192
 0.470352 -0.594737 -0.651964    11.345282
 0.753143 -0.114519  0.647813    -9.285954
>../../../../class1/tyr//data/domains/Catalytic_domain/structures/TyrRS_AF_Bact_Brachyspira_pilosicoli_95_1000_gene56440491.pdb
 0.536417 -0.282598 -0.795233     3.927168
-0.498941 -0.866159 -0.028753     6.637181
-0.680672  0.412198 -0.605622   -15.978518
>../../../../class1/tyr//data/domains/Catalytic_domain/structures/TyrRS_AF_Bact_Chlamydia_psittaci_6BC_gene12242888.pdb
-0.587143 -0.710422  0.388026     4.339547
 0.325315 -0.646022 -0.690526     7.970384
 0.741238 -0.279206  0.610418   -11.896926
>../../../../class1/tyr//data/domains/Catalytic_domain/structures/TyrRS_AF_Bact_Lactococcus_lactis_subsp_cremoris_KW2_gene61108704.pdb
-0.600130 -0.725866  0.336098     0.368835
 0.360845 -0.620660 -0.696112    10.732229
 0.713887 -0.296479  0.634402   -10.581071
>../../../../class1/tyr//data/domains/Catalytic_domain/structures/TyrRS_AF_Bact_Porphyromonas_gingivalis_ATCC_33277_gene29255602.pdb
 0.685838 -0.514926 -0.514274     4.025273
-0.405555 -0.857186  0.317423    11.418892
-0.604278 -0.009135 -0.796721   -14.912304
>../../../../class1/tyr//data/domains/Catalytic_domain/structures/TyrRS_AF_Bact_Prochlorococcus_marinus_subsp_marinus_str_CCMP1375_gene54200747.pdb
-0.985990 -0.112823  0.122860     4.445319
-0.159551  0.423087 -0.891931     8.008307
 0.048650 -0.899037 -0.435161   -10.616274
>../../../../class1/tyr//data/domains/Catalytic_domain/structures/TyrRS_AF_Bact_Serratia_plymuthica_AS9_gene57666950.pdb
-0.970581  0.204461  0.127156     1.058855
-0.140451 -0.051822 -0.988731    12.132313
-0.195567 -0.977502  0.079014    -8.459346
>../../../../class1/tyr//data/domains/Catalytic_domain/structures/TyrRS_AF_Bact_Streptobacillus_moniliformis_DSM_12112_gene29673957.pdb
-0.990115 -0.075257  0.118357    -1.186867
-0.092568 -0.283345 -0.954540     4.481528
 0.105372 -0.956061  0.273577    -6.950285
>../../../../class1/tyr//data/domains/Catalytic_domain/structures/TyrRS_AF_Euk_Cryptococcus_neoformans_var_neoformans_JEC21_gene3254328.pdb
-0.726595 -0.627680  0.279423     1.738736
 0.089441 -0.489641 -0.867325    10.570468
 0.681219 -0.605202  0.411911    -9.330992
>../../../../class1/tyr//data/domains/Catalytic_domain/structures/TyrRS_AF_Euk_Drosophila_melanogaster_gene39829.pdb
-0.118665  0.702370 -0.701851     3.208089
-0.170269 -0.710769 -0.682507     9.499847
-0.978227  0.038514  0.203935   -20.564456
>../../../../class1/tyr//data/domains/Catalytic_domain/structures/TyrRS_AF_Euk_Plasmodium_falciparum_3D7_gene2655248.pdb
-0.769406 -0.252193  0.586868     5.857198
 0.513403 -0.790792  0.333265     6.380194
 0.380043  0.557716  0.737916    -9.629497
>../../../../class1/tyr//data/domains/Catalytic_domain/structures/TyrRS_AF_Euk_Seriola_dumerili_gene111223086.pdb
-0.062096  0.889761  0.452184     3.389073
-0.045673  0.450050 -0.891835     7.926365
-0.997025 -0.076032  0.012692   -22.147012
>../../../../class1/tyr//data/domains/Catalytic_domain/structures/TyrRS_AF_Mito_Aspergillus_fumigatus_Af293_gene3509181.pdb
 0.970016 -0.241630 -0.026154    13.545270
 0.180016  0.786598 -0.590641     5.985786
 0.163289  0.568224  0.806510    -5.666176
>../../../../class1/tyr//data/domains/Catalytic_domain/structures/TyrRS_AF_Mito_Cyanidioschyzon_merolae_strain_10D_gene16996209.pdb
-0.678537 -0.717659  0.156697     2.325495
 0.192972 -0.379976 -0.904643     9.603139
 0.708766 -0.583596  0.396316    -8.723864
>../../../../class1/tyr//data/domains/Catalytic_domain/structures/TyrRS_PDB_Arch_M_jannashii_1U7D.pdb
-0.559388 -0.656449 -0.506122    46.553870
-0.705700  0.056858  0.706225    -8.705617
-0.434824  0.752224 -0.495062   -36.426232
>../../../../class1/tyr//data/domains/Catalytic_domain/structures/TyrRS_PDB_E_coli_Bact_1WQ4.pdb
 0.508598 -0.617277 -0.600248    30.991173
 0.636864  0.738862 -0.220199    -7.836669
 0.579424 -0.270284  0.768905   -65.459531
>../../../../class1/tyr//data/domains/Catalytic_domain/structures/TyrRS_PDB_L_major_Euk_3P0I.pdb
-0.984619  0.003345 -0.174681    38.566850
-0.107961  0.774439  0.623369   -84.207011
 0.137365  0.632640 -0.762166    -7.265794
