>../../../../class1/arg//data/domains/Catalytic_domain/structures/ArgRS_AF_Arch_NC_002689.2.pdb
 0.618135  0.756345 -0.214128   -18.951615
 0.746512 -0.650155 -0.141487    -0.214293
-0.246229 -0.072392 -0.966504    -5.031569
>../../../../class1/arg//data/domains/Catalytic_domain/structures/ArgRS_AF_Arch_NC_013158.1.pdb
-0.046244 -0.080623  0.995671   -18.544411
-0.502200  0.863495  0.046595    -2.456165
-0.863514 -0.497872 -0.080420    -3.076747
>../../../../class1/arg//data/domains/Catalytic_domain/structures/ArgRS_AF_Arch_NC_018656.1.pdb
 0.399906  0.820056 -0.409369   -17.361355
 0.903848 -0.426960  0.027659    -0.390867
-0.152102 -0.381068 -0.911949    -4.528605
>../../../../class1/arg//data/domains/Catalytic_domain/structures/ArgRS_AF_Arch_NC_020247.1.pdb
 0.226013  0.739001 -0.634662   -14.228414
 0.896349  0.097330  0.432534     0.900419
 0.381414 -0.666637 -0.640405    -5.536213
>../../../../class1/arg//data/domains/Catalytic_domain/structures/ArgRS_AF_Bact_NC_002967.9.pdb
-0.683041 -0.683278  0.258045   -17.911478
 0.411845 -0.068534  0.908673     4.439532
-0.603191  0.726935  0.328215    -9.734741
>../../../../class1/arg//data/domains/Catalytic_domain/structures/ArgRS_AF_Bact_NC_005042.1.pdb
 0.957802  0.268175 -0.103432   -15.123651
 0.147145 -0.766603 -0.625035     0.095550
-0.246909  0.583440 -0.773714    -8.131073
>../../../../class1/arg//data/domains/Catalytic_domain/structures/ArgRS_AF_Bact_NC_008095.1.pdb
 0.117337  0.781447 -0.612840   -17.581293
 0.903969  0.171463  0.391714    -2.522355
 0.411183 -0.599951 -0.686285    -5.862387
>../../../../class1/arg//data/domains/Catalytic_domain/structures/ArgRS_AF_Bact_NC_010729.1.pdb
-0.455349 -0.683138  0.570947   -16.718314
 0.188213  0.552933  0.811690     0.893708
-0.870191  0.477062 -0.123202   -10.437785
>../../../../class1/arg//data/domains/Catalytic_domain/structures/ArgRS_AF_Bact_NC_013515.1.pdb
 0.186774  0.738894 -0.647419   -17.714344
 0.924299  0.091112  0.370636    -1.143145
 0.332848 -0.667634 -0.665941    -4.914185
>../../../../class1/arg//data/domains/Catalytic_domain/structures/ArgRS_AF_Bact_NC_015687.1.pdb
 0.176950  0.819864 -0.544528   -16.737384
 0.921160  0.056894  0.385002    -0.751053
 0.346630 -0.569724 -0.745159    -4.243159
>../../../../class1/arg//data/domains/Catalytic_domain/structures/ArgRS_AF_Bact_NC_017317.1.pdb
-0.012381  0.301170 -0.953490   -18.229644
 0.513569  0.820096  0.252367    -1.713124
 0.857959 -0.486558 -0.164825    -6.565092
>../../../../class1/arg//data/domains/Catalytic_domain/structures/ArgRS_AF_Bact_NC_021283.1.pdb
 0.187061  0.668055 -0.720216   -15.523884
 0.937320  0.098044  0.334392     0.287278
 0.294005 -0.737625 -0.607841    -4.275382
>../../../../class1/arg//data/domains/Catalytic_domain/structures/ArgRS_AF_Euk_NC_001140.6.pdb
 0.982208  0.117770 -0.146278   -14.822992
-0.029279 -0.673366 -0.738730    -1.969691
-0.185499  0.729869 -0.657937    -8.975455
>../../../../class1/arg//data/domains/Catalytic_domain/structures/ArgRS_AF_Euk_NC_009356.1.pdb
-0.589324 -0.728371  0.349531   -17.742090
 0.271902  0.228588  0.934782     0.771381
-0.760767  0.645928  0.063333    -9.180322
>../../../../class1/arg//data/domains/Catalytic_domain/structures/ArgRS_AF_Euk_NC_009411.2.pdb
-0.495185 -0.737281  0.459575   -15.872861
 0.590958  0.101910  0.800240     1.447125
-0.636837  0.667856  0.385237    -4.853893
>../../../../class1/arg//data/domains/Catalytic_domain/structures/ArgRS_PDB_Arch_2ZUF.pdb
 0.979056 -0.058264 -0.195075   -32.592011
 0.122999  0.932818  0.338707   -11.104506
 0.162235 -0.355607  0.920447   -36.324005
>../../../../class1/arg//data/domains/Catalytic_domain/structures/ArgRS_PDB_Bact_1IQ0.pdb
-0.467228 -0.198051 -0.861669     0.419082
-0.630908 -0.608080  0.481865    47.780303
-0.619398  0.768775  0.159160   -52.490430
>../../../../class1/arg//data/domains/Catalytic_domain/structures/ArgRS_PDB_Bact_3FNR.pdb
-0.798700 -0.504114  0.328553     9.173098
-0.599177  0.716532 -0.357169    39.925075
-0.055365 -0.482132 -0.874347   124.332074
>../../../../class1/arg//data/domains/Catalytic_domain/structures/ArgRS_PDB_Bact_4oby.pdb
-0.018268 -0.170352 -0.985214    14.398951
-0.532965  0.835369 -0.134560   -39.999859
 0.845940  0.522627 -0.106052   -58.681687
>../../../../class1/tyr//data/domains/Catalytic_domain/structures/Tyr_Arch_1U7D_M_jannashii.pdb
 0.128175 -0.662544  0.737974    10.093109
-0.991518 -0.069476  0.109837     4.472621
-0.021501 -0.745794 -0.665830    44.959860
>../../../../class1/tyr//data/domains/Catalytic_domain/structures/Tyr_Bact_1H3F_T_therm.pdb
-0.409352  0.901899 -0.137872   -45.178051
 0.911955  0.399873 -0.091866   -17.031124
-0.027723 -0.163339 -0.986180    29.235430
>../../../../class1/tyr//data/domains/Catalytic_domain/structures/Tyr_Bact_1JIL_S_aureus.pdb
 0.304386  0.289695 -0.907428    59.217742
-0.006712 -0.951956 -0.306161    39.654966
-0.952525  0.099281 -0.287818    55.846337
>../../../../class1/tyr//data/domains/Catalytic_domain/structures/Tyr_Bact_1WQ4_E_coli.pdb
-0.291458  0.591730 -0.751603    35.903663
 0.952076  0.103254 -0.287907   -10.420789
-0.092757 -0.799496 -0.593466    41.560375
>../../../../class1/tyr//data/domains/Catalytic_domain/structures/Tyr_Euk_3P0I_L_major.pdb
-0.114666 -0.287133  0.951003   -46.324342
-0.603022  0.780881  0.163060   -48.061191
-0.789440 -0.554778 -0.262688    69.931161
>../../../../class1/tyr//data/domains/Catalytic_domain/structures/Tyrosyl.A.Candidatus_Thermoplasmatota.NC_020913.1.pdb
-0.145588 -0.814456 -0.561663    -6.922240
 0.413948 -0.565777  0.713122     0.948032
-0.898583 -0.128678  0.419513    -3.250026
>../../../../class1/tyr//data/domains/Catalytic_domain/structures/Tyrosyl.A.Crenarchaeota.NC_017954.1.pdb
-0.596258  0.385285 -0.704295   -11.841752
-0.506326 -0.861294 -0.042514     0.272212
-0.622985  0.331254  0.708633    -4.582502
>../../../../class1/tyr//data/domains/Catalytic_domain/structures/Tyrosyl.A.Euryarchaeota.NC_023013.1.pdb
-0.211117 -0.917159 -0.338007    -6.984586
-0.403745  0.396747 -0.824368    -0.709478
 0.890180 -0.037570 -0.454058    -0.251764
>../../../../class1/tyr//data/domains/Catalytic_domain/structures/Tyrosyl.A.Thaumarchaeota.NC_018656.1.pdb
 0.713542 -0.580408  0.392407    -6.478467
 0.268846  0.744045  0.611653    -0.845837
-0.646977 -0.330943  0.686948    -1.917800
>../../../../class1/tyr//data/domains/Catalytic_domain/structures/Tyrosyl.B.Actinobacteria.NC_020990.1.pdb
-0.450096  0.066095 -0.890531    -4.672322
 0.144103 -0.978810 -0.145481     2.203988
-0.881276 -0.193809  0.431034    -8.523290
>../../../../class1/tyr//data/domains/Catalytic_domain/structures/Tyrosyl.B.Bacteroidota.NC_010729.1.pdb
 0.867793 -0.231829  0.439535    -4.402766
 0.011168  0.893383  0.449158     1.672734
-0.496801 -0.384867  0.777860    -8.598621
>../../../../class1/tyr//data/domains/Catalytic_domain/structures/Tyrosyl.B.Chlamydiae.NC_002620.2.pdb
 0.746836 -0.664500 -0.025985     0.709089
 0.551118  0.596592  0.583392     5.097898
-0.372162 -0.450019  0.811775    -4.235221
>../../../../class1/tyr//data/domains/Catalytic_domain/structures/Tyrosyl.B.Cyanobacteria.NC_005042.1.pdb
 0.048607 -0.904745 -0.423170    -5.483382
 0.596207 -0.313632  0.739034     5.958623
-0.801358 -0.288220  0.524171    -5.563415
>../../../../class1/tyr//data/domains/Catalytic_domain/structures/Tyrosyl.B.Firmicutes.NC_014334.2.pdb
 0.882601  0.381961  0.274084    -6.369272
-0.288377  0.900303 -0.326026     1.589493
-0.371288  0.208712  0.904757    -9.606970
>../../../../class1/tyr//data/domains/Catalytic_domain/structures/Tyrosyl.B.Fusobacteria.NC_013515.1.pdb
 0.076648  0.874496 -0.478938    -9.773099
-0.740551 -0.271705 -0.614623    -3.659955
-0.667615  0.401788  0.626783    -7.325757
>../../../../class1/tyr//data/domains/Catalytic_domain/structures/Tyrosyl.B.Proteobacteria.NC_018507.1.pdb
 1.000000  0.000000  0.000000    -0.000000
 0.000000  1.000000  0.000000     0.000000
 0.000000  0.000000  1.000000     0.000000
>../../../../class1/tyr//data/domains/Catalytic_domain/structures/Tyrosyl.B.Spirochaetes.NC_014330.1.pdb
 0.534823 -0.271341  0.800211    -1.097530
 0.092629 -0.922500 -0.374717     2.801254
 0.839871  0.274530 -0.468241    -2.855281
>../../../../class1/tyr//data/domains/Catalytic_domain/structures/Tyrosyl.E.Apicomplexa.NC_036167.2.pdb
-0.332698  0.555916 -0.761754    -4.031999
-0.177575 -0.830250 -0.528348     3.728023
-0.926164 -0.040512  0.374939    -7.118131
>../../../../class1/tyr//data/domains/Catalytic_domain/structures/Tyrosyl.E.Ascomycota.NC_001139.9.pdb
-0.351796 -0.568019 -0.744038    -7.092183
 0.309532 -0.820724  0.480210     1.119122
-0.883419 -0.061368  0.464548    -2.827401
>../../../../class1/tyr//data/domains/Catalytic_domain/structures/Tyrosyl.E.Evosea.NC_007089.4.pdb
 0.403672 -0.140696  0.904021     0.604279
 0.032551 -0.985271 -0.167876     4.977170
 0.914324  0.097193 -0.393147    -5.123051
>../../../../class1/tyr//data/domains/Catalytic_domain/structures/Tyrosyl.E.Rhodophyta.NC_010143.1.pdb
 0.902886 -0.316250  0.291176    -0.616251
 0.277143  0.946010  0.168099     3.055399
-0.328616 -0.071077  0.941785    -7.002901
