>../../../../class2/phe2//data/domains/Catalytic_domain/structures/Phe_Bact_1EIY.B_T_thermophilus.pdb
 0.966017 -0.174820 -0.190389    12.161905
-0.136923  0.278636 -0.950586     7.035777
 0.219231  0.944352  0.245230   -68.226268
>../../../../class2/phe2//data/domains/Catalytic_domain/structures/Phe_Bact_1PYS.B_T_thermophilus.pdb
 0.966014 -0.177074 -0.188313    12.159814
-0.132736  0.285315 -0.949198     6.729396
 0.221807  0.941934  0.252114   -68.692246
>../../../../class2/phe2//data/domains/Catalytic_domain/structures/Phe_Bact_3PCO.B_E_coli.pdb
 0.066099 -0.343957  0.936656   -38.110210
-0.980653 -0.195734 -0.002674   -17.335709
 0.184255 -0.918358 -0.350240    12.003445
>../../../../class2/phe2//data/domains/Catalytic_domain/structures/Phenylalanyl.B.Firmicutes.NC_014334.2.pdb
 1.000000  0.000000  0.000000     0.000000
 0.000000  1.000000  0.000000    -0.000000
 0.000000  0.000000  1.000000    -0.000000
>../../../../class2/phe2//data/domains/Catalytic_domain/structures/Phenylalanyl.E.Bacillariophyta.NC_025310.1.pdb
-0.921993  0.303836 -0.240027     5.108316
 0.184385  0.889611  0.417846     3.205514
 0.340487  0.340993 -0.876237    -2.614165
>../../../../class2/sep//data/domains/Catalytic_domain/structures/Sep_Arch_2DU4_A_fulgidus.pdb
 0.576775 -0.730980 -0.364691    54.972732
 0.234580 -0.279424  0.931072    26.217642
-0.782498 -0.622568  0.010308    51.853153
>../../../../class2/sep//data/domains/Catalytic_domain/structures/Sep_Arch_2DU6_A_fulgidus.pdb
 0.576958 -0.723801 -0.378460    54.099636
 0.246300 -0.287611  0.925536    26.188985
-0.778753 -0.627210  0.012333    51.632829
>../../../../class2/sep//data/domains/Catalytic_domain/structures/Sep_Arch_2ODR_M_maripadulis.pdb
 0.044780 -0.947433 -0.316805    48.296100
-0.992857 -0.007102 -0.119100    70.488502
 0.110589  0.319875 -0.940983     5.984067
