>../../../../class1/cys//data/domains/Catalytic_domain/structures/CysRS_AF_Arch_Aciduliprofundum_boonei_T469_gene8827372.pdb
 0.057490  0.696346 -0.715400    -2.749163
-0.185833 -0.696597 -0.692978    -1.379732
-0.980898  0.172784  0.089357    -2.870507
>../../../../class1/cys//data/domains/Catalytic_domain/structures/CysRS_AF_Arch_Candidatus_Nitrosopumilus_sediminis_gene13696907.pdb
-0.068995  0.363212 -0.929148    -2.957991
-0.078424 -0.930460 -0.357901     2.576604
-0.994530  0.048174  0.092681     4.155026
>../../../../class1/cys//data/domains/Catalytic_domain/structures/CysRS_AF_Arch_Methanospirillum_hungatei_JF-1_gene3922979.pdb
 0.585914 -0.555945 -0.589602     2.648684
 0.810239  0.415128  0.413740    -0.698825
 0.014744 -0.720134  0.693678    -1.508114
>../../../../class1/cys//data/domains/Catalytic_domain/structures/CysRS_AF_Arch_Pyrobaculum_ferrireducens_gene11593896.pdb
 0.852572 -0.460261 -0.247550    -1.329161
 0.522376  0.764709  0.377284    -0.566675
 0.015655 -0.450976  0.892399     3.159331
>../../../../class1/cys//data/domains/Catalytic_domain/structures/CysRS_AF_Bact_Bordetella_avium_197N_gene41394405.pdb
 0.603017 -0.464535 -0.648520    -0.721236
 0.732992  0.001854  0.680234     0.255271
-0.314790 -0.885553  0.341619     2.443234
>../../../../class1/cys//data/domains/Catalytic_domain/structures/CysRS_AF_Bact_Lactobacillus_amylovorus_GRL1118_gene66523130.pdb
 0.653202 -0.536896 -0.533919    -0.607643
 0.755839  0.420341  0.502017    -1.096652
-0.045103 -0.731475  0.680375     1.716751
>../../../../class1/cys//data/domains/Catalytic_domain/structures/CysRS_AF_Bact_Mycobacterium_canettii_CIPT_140010059_gene45427568.pdb
-0.033138 -0.205834  0.978026    -1.158857
-0.203133 -0.956752 -0.208239     0.091153
 0.978590 -0.205570 -0.010106     0.919767
>../../../../class1/cys//data/domains/Catalytic_domain/structures/CysRS_AF_Bact_Mycoplasma_hyopneumoniae_168-L_gene57101512.pdb
 0.800759 -0.460863 -0.382610     0.849656
 0.598841  0.630075  0.494364     0.757863
 0.013238 -0.624989  0.780522     1.073942
>../../../../class1/cys//data/domains/Catalytic_domain/structures/CysRS_AF_Bact_Porphyromonas_gingivalis_ATCC_33277_gene29256960.pdb
-0.007388  0.424854 -0.905232    -3.255567
 0.145159 -0.895212 -0.421336     1.971952
-0.989381 -0.134515 -0.055057    -2.207815
>../../../../class1/cys//data/domains/Catalytic_domain/structures/CysRS_AF_Bact_Prochlorococcus_marinus_subsp_marinus_str_CCMP1375_gene54200571.pdb
 1.000000  0.000000  0.000000     0.000000
 0.000000  1.000000  0.000000     0.000000
 0.000000  0.000000  1.000000     0.000000
>../../../../class1/cys//data/domains/Catalytic_domain/structures/CysRS_AF_Bact_Streptobacillus_moniliformis_DSM_12112_gene29673427.pdb
 0.350530  0.786434 -0.508577    -1.500026
-0.384051 -0.374572 -0.843920    -4.040238
-0.854186  0.491139  0.170732    -3.359602
>../../../../class1/cys//data/domains/Catalytic_domain/structures/CysRS_AF_Bact_Treponema_pallidum_subsp_pertenue_str_SamoaD_gene57878631.pdb
-0.064124  0.482366 -0.873619    -1.281018
 0.012631 -0.874959 -0.484033     0.979622
-0.997862 -0.042073  0.050013    -3.482393
>../../../../class1/cys//data/domains/Catalytic_domain/structures/CysRS_AF_Euk_Arabidopsis_thaliana_gene833874.pdb
 0.820660 -0.390537 -0.417131    -3.757209
 0.571411  0.564247  0.595915    -0.453444
 0.002638 -0.727397  0.686212     3.683969
>../../../../class1/cys//data/domains/Catalytic_domain/structures/CysRS_AF_Euk_Cyanidioschyzon_merolae_strain_10D_gene16993418.pdb
 0.972538  0.193418  0.129456    -6.586631
-0.179950  0.977640 -0.108804    -1.709449
-0.147606  0.082521  0.985598     8.967534
>../../../../class1/cys//data/domains/Catalytic_domain/structures/CysRS_AF_Euk_Drosophila_melanogaster_gene36784.pdb
 0.878378  0.477364  0.023992    -5.993221
-0.364304  0.701145 -0.612926     3.138309
-0.309411  0.529641  0.789776     3.489786
>../../../../class1/cys//data/domains/Catalytic_domain/structures/CysRS_AF_Euk_Micromonas_commoda_gene8246535.pdb
-0.418467  0.397437  0.816658    -3.989560
 0.094835 -0.875137  0.474491     0.165711
 0.903267  0.276006  0.328525     4.242365
>../../../../class1/cys//data/domains/Catalytic_domain/structures/CysRS_AF_Mito_Morone_saxatilis_gene118339815.pdb
 0.004947  0.375601 -0.926768     0.544449
 0.384507 -0.856243 -0.344966    -2.345374
-0.923109 -0.354642 -0.148657     2.984456
>../../../../class1/cys//data/domains/Catalytic_domain/structures/CysRS_AF_Mito_Saccharomyces_cerevisiae_S288C_gene855474.pdb
 0.335269  0.736036 -0.588086    -5.245403
 0.170912 -0.661374 -0.730324     2.264526
-0.926490  0.144344 -0.347535     2.805073
>../../../../class1/cys//data/domains/Catalytic_domain/structures/CysRS_AF_Vir_Megavirus_chiliensis_gene11257271.pdb
-0.579485  0.573058  0.579484    -2.871878
 0.483889 -0.330211  0.810439     4.873628
 0.655781  0.750043 -0.085944     3.277598
>../../../../class1/cys//data/domains/Catalytic_domain/structures/CysRS_PDB_Bact_E_coli_1LI5.pdb
-0.214118 -0.904725  0.368276    78.847181
 0.910292 -0.321559 -0.260709   -30.986180
 0.354292  0.279416  0.892415  -102.755805
>../../../../class1/cys//data/domains/Catalytic_domain/structures/CysRS_PDB_Bact_M_smegmatis_3C8Z.pdb
-0.914556 -0.322386 -0.244242    26.646909
-0.113616  0.784334 -0.609845   -22.151699
 0.388173 -0.529988 -0.753946   -36.191396
>../../../../class1/leu2//data/domains/Catalytic_domain/structures/LeuRS-A_AF_Arch_Aciduliprofundum_boonei_T469_gene8828435.pdb
-0.382896  0.094552 -0.918940     0.731854
 0.473079 -0.834342 -0.282966     2.269631
-0.793465 -0.543078  0.274736    -5.304674
>../../../../class1/leu2//data/domains/Catalytic_domain/structures/LeuRS-A_AF_Arch_Candidatus_Korarchaeum_cryptofilum_OPF8_gene6093520.pdb
-0.930452  0.315622 -0.186124    -0.582322
 0.076927  0.664906  0.742955    -1.705234
 0.358248  0.676965 -0.642943    -7.478789
>../../../../class1/leu2//data/domains/Catalytic_domain/structures/LeuRS-A_AF_Arch_Candidatus_Nitrosopumilus_koreensis_AR1_gene13725794.pdb
 0.947170 -0.317312  0.046714    -0.546506
 0.319706  0.922428 -0.216599    -1.188492
 0.025639  0.220091  0.975142    -5.746604
>../../../../class1/leu2//data/domains/Catalytic_domain/structures/LeuRS-A_AF_Arch_Methanobrevibacter_smithii_ATCC_35061_gene5216355.pdb
 0.920135 -0.391208 -0.017529    -1.649975
 0.386863  0.915033 -0.114241    -0.380743
 0.060732  0.098336  0.993298    -5.837255
>../../../../class1/leu2//data/domains/Catalytic_domain/structures/LeuRS-A_AF_Euk_Arabidopsis_thaliana_gene837489.pdb
 0.206605 -0.850272  0.484100    -2.277510
-0.890367 -0.368523 -0.267280     0.482406
 0.405662 -0.375805 -0.833192    -7.620109
>../../../../class1/leu2//data/domains/Catalytic_domain/structures/LeuRS-A_AF_Euk_Drosophila_melanogaster_gene326262.pdb
 0.937112 -0.344360  0.056904    -3.194960
 0.346743  0.937149 -0.039013     0.227945
-0.039893  0.056290  0.997617    -6.290974
>../../../../class1/leu2//data/domains/Catalytic_domain/structures/LeuRS-A_AF_Euk_Leishmania_major_strain_Friedlin_gene5650139.pdb
 0.939471 -0.307485  0.151153     0.533743
 0.330277  0.930099 -0.160728     1.667096
-0.091166  0.200922  0.975356    -7.681300
>../../../../class1/leu2//data/domains/Catalytic_domain/structures/LeuRS-A_AF_Euk_Neurospora_crassa_OR74A_gene3879366.pdb
 0.890355 -0.452949 -0.045875     0.185664
 0.453751  0.891089  0.008329    -0.023869
 0.037106 -0.028232  0.998912    -6.994221
>../../../../class1/leu2//data/domains/Catalytic_domain/structures/LeuRS-A_PDB_Arch_P_hori_1WKB.pdb
 0.174280  0.711451  0.680782   -46.452132
-0.922865  0.359140 -0.139066   108.062996
-0.343434 -0.604033  0.719164    57.012165
