>../../../../class1/cys//data/domains/Catalytic_domain/structures/CysRS_AF_Arch_Aciduliprofundum_boonei_T469_gene8827372.pdb
-0.119488 -0.156512 -0.980422    -3.841669
 0.597857 -0.799727  0.054804     3.808875
-0.792648 -0.579603  0.189129     1.900593
>../../../../class1/cys//data/domains/Catalytic_domain/structures/CysRS_AF_Arch_Candidatus_Nitrosopumilus_sediminis_gene13696907.pdb
-0.107552 -0.542394 -0.833211    -0.722523
 0.723511 -0.617502  0.308582     0.455566
-0.681883 -0.569649  0.458842     8.599273
>../../../../class1/cys//data/domains/Catalytic_domain/structures/CysRS_AF_Arch_Methanospirillum_hungatei_JF-1_gene3922979.pdb
 1.000000  0.000000  0.000000     0.000000
 0.000000  1.000000  0.000000     0.000000
 0.000000  0.000000  1.000000     0.000000
>../../../../class1/cys//data/domains/Catalytic_domain/structures/CysRS_AF_Arch_Pyrobaculum_ferrireducens_gene11593896.pdb
 0.922247  0.352243  0.159329    -2.373400
-0.279768  0.892512 -0.353770    -1.023632
-0.266816  0.281688  0.921662     5.608162
>../../../../class1/cys//data/domains/Catalytic_domain/structures/CysRS_AF_Bact_Bordetella_avium_197N_gene41394405.pdb
 0.944091 -0.281181  0.172131    -1.212250
 0.194743  0.896913  0.397016    -0.470105
-0.266020 -0.341298  0.901526     5.085725
>../../../../class1/cys//data/domains/Catalytic_domain/structures/CysRS_AF_Bact_Lactobacillus_amylovorus_GRL1118_gene66523130.pdb
 0.995378  0.021209  0.093664    -2.383231
-0.022363  0.999686  0.011283    -0.643772
-0.093395 -0.013326  0.995540     3.920128
>../../../../class1/cys//data/domains/Catalytic_domain/structures/CysRS_AF_Bact_Mycobacterium_canettii_CIPT_140010059_gene45427568.pdb
-0.176711 -0.896943  0.405299    -1.624249
-0.766688 -0.132786 -0.628138     0.777761
 0.617222 -0.421737 -0.664210     4.256328
>../../../../class1/cys//data/domains/Catalytic_domain/structures/CysRS_AF_Bact_Mycoplasma_hyopneumoniae_168-L_gene57101512.pdb
 0.953470  0.241014  0.181126     0.016823
-0.215806  0.965123 -0.148207    -0.132909
-0.210529  0.102223  0.972228     3.458866
>../../../../class1/cys//data/domains/Catalytic_domain/structures/CysRS_AF_Bact_Porphyromonas_gingivalis_ATCC_33277_gene29256960.pdb
 0.104717 -0.475095 -0.873681    -1.462526
 0.776026 -0.510372  0.370546     4.971030
-0.621947 -0.716802  0.315242     4.028972
>../../../../class1/cys//data/domains/Catalytic_domain/structures/CysRS_AF_Bact_Prochlorococcus_marinus_subsp_marinus_str_CCMP1375_gene54200571.pdb
 0.585914  0.810239  0.014744    -0.963448
-0.555945  0.415128 -0.720134     0.676580
-0.589602  0.413740  0.693678     2.896947
>../../../../class1/cys//data/domains/Catalytic_domain/structures/CysRS_AF_Bact_Streptobacillus_moniliformis_DSM_12112_gene29673427.pdb
-0.107444  0.156841 -0.981762    -5.244509
 0.261530 -0.948242 -0.180108     2.408099
-0.959196 -0.276112  0.060864    -0.241977
>../../../../class1/cys//data/domains/Catalytic_domain/structures/CysRS_AF_Bact_Treponema_pallidum_subsp_pertenue_str_SamoaD_gene57878631.pdb
-0.035714 -0.423949 -0.904982    -1.082859
 0.765206 -0.594060  0.248097     4.332545
-0.642794 -0.683637  0.345625     1.661746
>../../../../class1/cys//data/domains/Catalytic_domain/structures/CysRS_AF_Euk_Arabidopsis_thaliana_gene833874.pdb
 0.944514  0.223436  0.240770    -3.665218
-0.226190  0.973943 -0.016507    -0.067837
-0.238185 -0.038869  0.970442     7.458513
>../../../../class1/cys//data/domains/Catalytic_domain/structures/CysRS_AF_Euk_Cyanidioschyzon_merolae_strain_10D_gene16993418.pdb
 0.423875  0.905677 -0.008948    -6.312365
-0.513288  0.232066 -0.826245    -2.761475
-0.746235  0.354817  0.563240    12.244870
>../../../../class1/cys//data/domains/Catalytic_domain/structures/CysRS_AF_Euk_Drosophila_melanogaster_gene36784.pdb
 0.217078  0.851505 -0.477301    -1.905279
-0.416801 -0.361295 -0.834112     2.833159
-0.882697  0.380007  0.276479    10.068688
>../../../../class1/cys//data/domains/Catalytic_domain/structures/CysRS_AF_Euk_Micromonas_commoda_gene8246535.pdb
-0.162396 -0.475975  0.864335    -3.241751
-0.380200 -0.778142 -0.499943    -0.062021
 0.910536 -0.409809 -0.054599     8.281238
>../../../../class1/cys//data/domains/Catalytic_domain/structures/CysRS_AF_Mito_Morone_saxatilis_gene118339815.pdb
 0.305098 -0.477856 -0.823753    -2.555577
 0.823166 -0.302625  0.480432    -2.772616
-0.478866 -0.824664  0.301025     3.727787
>../../../../class1/cys//data/domains/Catalytic_domain/structures/CysRS_AF_Mito_Saccharomyces_cerevisiae_S288C_gene855474.pdb
 0.331121 -0.106441 -0.937566    -2.210055
 0.547466 -0.787607  0.282765     2.533156
-0.768531 -0.606914 -0.202521     8.842713
>../../../../class1/cys//data/domains/Catalytic_domain/structures/CysRS_PDB_Bact_E_coli_1LI5.pdb
 0.612667 -0.790339  0.001701    20.076263
 0.228567  0.175123 -0.957648    18.617337
 0.756569  0.587108  0.287937  -127.374416
>../../../../class1/cys//data/domains/Catalytic_domain/structures/CysRS_PDB_Bact_M_smegmatis_3C8Z.pdb
-0.623673  0.438363 -0.647201    -3.824309
 0.180874  0.886416  0.426089     2.803380
 0.760471  0.148678 -0.632122   -47.094800
>../../../../class1/leu2//data/domains/Catalytic_domain/structures/LeuRS-A_AF_Arch_Aciduliprofundum_boonei_T469_gene8828435.pdb
 0.145676 -0.634317 -0.759224     1.334918
 0.981859 -0.001451  0.189606     5.068967
-0.121372 -0.773072  0.622598    -0.043224
>../../../../class1/leu2//data/domains/Catalytic_domain/structures/LeuRS-A_AF_Arch_Candidatus_Korarchaeum_cryptofilum_OPF8_gene6093520.pdb
-0.475064  0.737884  0.479417    -2.709363
 0.281604 -0.388685  0.877282     5.665105
 0.833675  0.551771 -0.023141    -2.454816
>../../../../class1/leu2//data/domains/Catalytic_domain/structures/LeuRS-A_AF_Arch_Candidatus_Nitrosopumilus_koreensis_AR1_gene13725794.pdb
 0.813422  0.567478 -0.127725    -2.162443
-0.408478  0.400952 -0.819990     4.660685
-0.414115  0.719171  0.557945    -1.002027
>../../../../class1/leu2//data/domains/Catalytic_domain/structures/LeuRS-A_AF_Arch_Methanobrevibacter_smithii_ATCC_35061_gene5216355.pdb
 0.852355  0.517210 -0.077358    -2.222824
-0.389308  0.528767 -0.754218     5.601154
-0.349185  0.672978  0.652051    -0.203408
>../../../../class1/leu2//data/domains/Catalytic_domain/structures/LeuRS-A_AF_Euk_Arabidopsis_thaliana_gene837489.pdb
-0.594994 -0.802246  0.048821    -1.812739
-0.776371  0.589393  0.223304     7.659101
-0.207920  0.094961 -0.973525    -0.674853
>../../../../class1/leu2//data/domains/Catalytic_domain/structures/LeuRS-A_AF_Euk_Leishmania_major_strain_Friedlin_gene5650139.pdb
 0.816265  0.577148 -0.024749     0.778117
-0.312707  0.405430 -0.858977     6.637852
-0.485722  0.708891  0.511416    -1.819167
>../../../../class1/leu2//data/domains/Catalytic_domain/structures/LeuRS-A_AF_Euk_Neurospora_crassa_OR74A_gene3879366.pdb
 0.888750  0.458392  0.000421    -0.856658
-0.330356  0.641145 -0.692674     5.632532
-0.317786  0.615475  0.721251    -1.819346
>../../../../class1/leu2//data/domains/Catalytic_domain/structures/LeuRS-A_PDB_Arch_P_hori_1WKB.pdb
-0.654131  0.696171  0.295734    60.957889
-0.228562  0.190778 -0.954653    29.720507
-0.721021 -0.692062  0.034324   114.543442
