>../../../../class1/cys//data/domains/Catalytic_domain/structures/CysRS_AF_Arch_Aciduliprofundum_boonei_T469_gene8827372.pdb
 0.059101  0.694972 -0.716603    -2.763370
-0.187653 -0.697326 -0.691753    -1.348029
-0.980456  0.175356  0.089201    -2.891733
>../../../../class1/cys//data/domains/Catalytic_domain/structures/CysRS_AF_Arch_Candidatus_Nitrosopumilus_sediminis_gene13696907.pdb
-0.069220  0.363920 -0.928854    -2.946184
-0.078428 -0.930191 -0.358599     2.570939
-0.994514  0.048026  0.092930     4.153996
>../../../../class1/cys//data/domains/Catalytic_domain/structures/CysRS_AF_Arch_Methanospirillum_hungatei_JF-1_gene3922979.pdb
 0.585972 -0.555889 -0.589597     2.648037
 0.810197  0.415153  0.413798    -0.700665
 0.014747 -0.720164  0.693647    -1.506908
>../../../../class1/cys//data/domains/Catalytic_domain/structures/CysRS_AF_Arch_Pyrobaculum_ferrireducens_gene11593896.pdb
 0.852673 -0.460165 -0.247381    -1.328990
 0.522207  0.764981  0.376966    -0.570677
 0.015775 -0.450613  0.892580     3.155309
>../../../../class1/cys//data/domains/Catalytic_domain/structures/CysRS_AF_Bact_Bordetella_avium_197N_gene41394405.pdb
 0.603099 -0.464440 -0.648512    -0.716584
 0.733247  0.002712  0.679957     0.249101
-0.314040 -0.885601  0.342185     2.424523
>../../../../class1/cys//data/domains/Catalytic_domain/structures/CysRS_AF_Bact_Lactobacillus_amylovorus_GRL1118_gene66523130.pdb
 0.653250 -0.537561 -0.533191    -0.605337
 0.755779  0.420726  0.501784    -1.099764
-0.045412 -0.730765  0.681117     1.731122
>../../../../class1/cys//data/domains/Catalytic_domain/structures/CysRS_AF_Bact_Mycobacterium_canettii_CIPT_140010059_gene45427568.pdb
-0.034228 -0.206045  0.977944    -1.178221
-0.200796 -0.957146 -0.208691     0.096316
 0.979035 -0.203511 -0.008612     0.912366
>../../../../class1/cys//data/domains/Catalytic_domain/structures/CysRS_AF_Bact_Mycoplasma_hyopneumoniae_168-L_gene57101512.pdb
 0.800276 -0.460944 -0.383523     0.857113
 0.599499  0.628512  0.495553     0.746282
 0.012627 -0.626501  0.779319     1.075177
>../../../../class1/cys//data/domains/Catalytic_domain/structures/CysRS_AF_Bact_Porphyromonas_gingivalis_ATCC_33277_gene29256960.pdb
-0.004537  0.425360 -0.905013    -3.226681
 0.143779 -0.895341 -0.421535     1.957446
-0.989599 -0.132034 -0.057096    -2.245082
>../../../../class1/cys//data/domains/Catalytic_domain/structures/CysRS_AF_Bact_Prochlorococcus_marinus_subsp_marinus_str_CCMP1375_gene54200571.pdb
 1.000000  0.000000  0.000000     0.000000
 0.000000  1.000000  0.000000     0.000000
 0.000000  0.000000  1.000000     0.000000
>../../../../class1/cys//data/domains/Catalytic_domain/structures/CysRS_AF_Bact_Streptobacillus_moniliformis_DSM_12112_gene29673427.pdb
 0.347135  0.787851 -0.508712    -1.500634
-0.386004 -0.374331 -0.843135    -4.000177
-0.854692  0.489046  0.174170    -3.276973
>../../../../class1/cys//data/domains/Catalytic_domain/structures/CysRS_AF_Bact_Treponema_pallidum_subsp_pertenue_str_SamoaD_gene57878631.pdb
-0.064040  0.482401 -0.873606    -1.281428
 0.012392 -0.874951 -0.484052     0.979170
-0.997870 -0.041824  0.050054    -3.479747
>../../../../class1/cys//data/domains/Catalytic_domain/structures/CysRS_AF_Euk_Arabidopsis_thaliana_gene833874.pdb
 0.821372 -0.390809 -0.415471    -3.738392
 0.570389  0.565336  0.595863    -0.458308
 0.002012 -0.726405  0.687264     3.713018
>../../../../class1/cys//data/domains/Catalytic_domain/structures/CysRS_AF_Euk_Cyanidioschyzon_merolae_strain_10D_gene16993418.pdb
 0.972409  0.194311  0.129088    -6.608165
-0.180849  0.977452 -0.109002    -1.697178
-0.147358  0.082649  0.985624     8.966029
>../../../../class1/cys//data/domains/Catalytic_domain/structures/CysRS_AF_Euk_Drosophila_melanogaster_gene36784.pdb
 0.878302  0.477456  0.024941    -5.986802
-0.363801  0.701257 -0.613097     3.122746
-0.310217  0.529410  0.789614     3.512111
>../../../../class1/cys//data/domains/Catalytic_domain/structures/CysRS_AF_Euk_Micromonas_commoda_gene8246535.pdb
-0.418582  0.397170  0.816729    -3.995311
 0.095099 -0.875191  0.474338     0.167812
 0.903186  0.276219  0.328568     4.245179
>../../../../class1/cys//data/domains/Catalytic_domain/structures/CysRS_AF_Mito_Morone_saxatilis_gene118339815.pdb
 0.004833  0.375585 -0.926775     0.546997
 0.384742 -0.856143 -0.344954    -2.348012
-0.923011 -0.354903 -0.148641     2.980957
>../../../../class1/cys//data/domains/Catalytic_domain/structures/CysRS_AF_Mito_Saccharomyces_cerevisiae_S288C_gene855474.pdb
 0.335168  0.736637 -0.587391    -5.217735
 0.170153 -0.660528 -0.731267     2.286586
-0.926666  0.145151 -0.346729     2.812882
>../../../../class1/cys//data/domains/Catalytic_domain/structures/CysRS_AF_Vir_Megavirus_chiliensis_gene11257271.pdb
-0.577289  0.574040  0.580702    -2.841566
 0.483111 -0.333222  0.809671     4.861242
 0.658286  0.747958 -0.084960     3.269135
>../../../../class1/cys//data/domains/Catalytic_domain/structures/CysRS_PDB_Bact_E_coli_1LI5.pdb
-0.214234 -0.904932  0.367698    78.890090
 0.910271 -0.321492 -0.260862   -30.980805
 0.354274  0.278819  0.892608  -102.714977
>../../../../class1/cys//data/domains/Catalytic_domain/structures/CysRS_PDB_Bact_M_smegmatis_3C8Z.pdb
-0.913813 -0.322935 -0.246290    26.583618
-0.111736  0.782927 -0.611998   -22.237882
 0.390462 -0.531732 -0.751532   -36.155334
>../../../../class1/leu2//data/domains/Catalytic_domain/structures/LeuRS-A_AF_Arch_Aciduliprofundum_boonei_T469_gene8828435.pdb
-0.384690  0.087305 -0.918908     0.618019
 0.478102 -0.832723 -0.279268     2.249418
-0.789577 -0.546763  0.278600    -5.291725
>../../../../class1/leu2//data/domains/Catalytic_domain/structures/LeuRS-A_AF_Arch_Candidatus_Korarchaeum_cryptofilum_OPF8_gene6093520.pdb
-0.929331  0.318556 -0.186724    -0.640349
 0.077631  0.662946  0.744631    -1.754989
 0.360994  0.677514 -0.640826    -7.501213
>../../../../class1/leu2//data/domains/Catalytic_domain/structures/LeuRS-A_AF_Arch_Candidatus_Nitrosopumilus_koreensis_AR1_gene13725794.pdb
 0.947029 -0.317851  0.045890    -0.545836
 0.320064  0.922429 -0.216066    -1.200042
 0.026346  0.219308  0.975300    -5.754278
>../../../../class1/leu2//data/domains/Catalytic_domain/structures/LeuRS-A_AF_Arch_Methanobrevibacter_smithii_ATCC_35061_gene5216355.pdb
 0.920670 -0.389962 -0.017206    -1.659479
 0.385743  0.915687 -0.112786    -0.416884
 0.059737  0.097202  0.993470    -5.787221
>../../../../class1/leu2//data/domains/Catalytic_domain/structures/LeuRS-A_AF_Euk_Arabidopsis_thaliana_gene837489.pdb
 0.201621 -0.851449  0.484132    -2.334359
-0.891969 -0.363817 -0.268382     0.544986
 0.404649 -0.377719 -0.832819    -7.736885
>../../../../class1/leu2//data/domains/Catalytic_domain/structures/LeuRS-A_AF_Euk_Drosophila_melanogaster_gene326262.pdb
 0.937059 -0.344928  0.054267    -3.176479
 0.347171  0.936981 -0.039224     0.230216
-0.037317  0.055595  0.997756    -6.347394
>../../../../class1/leu2//data/domains/Catalytic_domain/structures/LeuRS-A_AF_Euk_Leishmania_major_strain_Friedlin_gene5650139.pdb
 0.940348 -0.305589  0.149537     0.530457
 0.328869  0.929037 -0.169515     1.743386
-0.087123  0.208581  0.974117    -7.787382
>../../../../class1/leu2//data/domains/Catalytic_domain/structures/LeuRS-A_AF_Euk_Neurospora_crassa_OR74A_gene3879366.pdb
 0.890444 -0.453071 -0.042856     0.168893
 0.453794  0.891067  0.008416    -0.019700
 0.034375 -0.026942  0.999046    -6.925794
>../../../../class1/leu2//data/domains/Catalytic_domain/structures/LeuRS-A_PDB_Arch_P_hori_1WKB.pdb
 0.171234  0.708701  0.684413   -45.935500
-0.920770  0.362259 -0.144747   107.779883
-0.350517 -0.605401  0.714582    58.041855
