>structures/IleRS_AF_Arch_Candidatus_Korarchaeum_cryptofilum_OPF8_gene6094904.pdb
 0.071441  0.284108 -0.956127    -0.058246
 0.355777 -0.902783 -0.241674    -2.037671
-0.931836 -0.322903 -0.165575     0.961451
>structures/IleRS_AF_Arch_Candidatus_Nitrosopumilus_sediminis_gene13697091.pdb
-0.893445 -0.410568  0.182181     4.071430
-0.447319  0.850096 -0.277926    -5.343807
-0.040763 -0.329804 -0.943169    -0.536297
>structures/IleRS_AF_Arch_Pyrobaculum_aerophilum_str_IM2_gene1465853.pdb
-0.086661 -0.491382  0.866622     2.499410
-0.813491 -0.467249 -0.346282     1.550705
 0.575085 -0.734998 -0.359242     2.759442
>structures/IleRS_AF_Arch_Thermoplasma_acidophilum_DSM_1728_gene1456418.pdb
 0.634206 -0.600377 -0.487165     0.879228
 0.580278 -0.046779  0.813074    -2.576375
-0.510940 -0.798348  0.318718    -0.110606
>structures/IleRS_AF_Bact_Chlamydia_muridarum_str_Nigg_gene1246458.pdb
 0.858417  0.439649 -0.264253     0.741341
-0.491776  0.558875 -0.667694    -3.702566
-0.145867  0.703113  0.695956    -1.750055
>structures/IleRS_AF_Bact_Lactobacillus_acidophilus_La-14_gene56942445.pdb
 0.081096 -0.241605  0.966980     0.923980
-0.510145 -0.843526 -0.167976     1.064648
 0.856257 -0.479677 -0.191660    -0.195203
>structures/IleRS_AF_Bact_Mycoplasma_hyopneumoniae_168-L_gene57100872.pdb
 0.135538 -0.135990  0.981395    -1.119067
-0.488980 -0.870676 -0.053116     0.886563
 0.861701 -0.472683 -0.184507     1.612529
>structures/IleRS_AF_Bact_Orientia_tsutsugamushi_str_Ikeda_gene66653313.pdb
-0.794724  0.387473  0.467202     0.285413
 0.564142  0.187521  0.804102    -2.756996
 0.223958  0.902608 -0.367618     1.194234
>structures/IleRS_AF_Bact_Porphyromonas_gingivalis_ATCC_33277_gene29255747.pdb
-0.747013  0.455352  0.484383    -2.418851
 0.559863  0.037980  0.827714    -3.271487
 0.358505  0.889501 -0.283306     2.542838
>structures/IleRS_AF_Bact_Streptobacillus_moniliformis_DSM_12112_gene29674186.pdb
 0.037688 -0.228582  0.972795     2.766475
-0.383245 -0.902354 -0.197182    -0.047917
 0.922877 -0.365388 -0.121611     6.078507
>structures/IleRS_AF_Bact_Thermus_thermophilus_HB8_gene3168241.pdb
 0.762541  0.556586 -0.329763    -1.989628
-0.539148  0.265008 -0.799431    -3.113512
-0.357563  0.787390  0.502161    -1.696889
>structures/IleRS_AF_Bact_Treponema_pallidum_subsp_pertenue_str_SamoaD_gene57878975.pdb
 0.149576  0.523937 -0.838521     0.296430
-0.346209 -0.766621 -0.540769    -1.941839
-0.926157  0.371190  0.066723    -0.669655
>structures/IleRS_AF_Euk_Cyanidioschyzon_merolae_strain_10D_gene16992835.pdb
 1.000000 -0.000000  0.000000     0.000000
 0.000000  1.000000  0.000000     0.000000
-0.000000  0.000000  1.000000     0.000000
>structures/IleRS_AF_Euk_Ostreococcus_lucimarinus_CCE9901_gene5000489.pdb
 0.038246  0.236046 -0.970989     2.086528
-0.086689 -0.967253 -0.238552    -0.214126
-0.995501  0.093298 -0.016531    -1.426871
>structures/IleRS_AF_Euk_Trypanosoma_brucei_brucei_TREU927_gene3663037.pdb
-0.035367  0.035744 -0.998735     1.781002
 0.211648 -0.976424 -0.042441    -0.462059
-0.976706 -0.212881  0.026968    -0.498047
>structures/IleRS_AF_Euk_Ustilago_maydis_521_gene23568123.pdb
 0.118749  0.337632  0.933758    -2.417092
 0.004651 -0.940591  0.339511     0.145334
 0.992913 -0.035973 -0.113264     1.468012
>structures/IleRS_AF_Mito_Drosophila_melanogaster_gene39762.pdb
-0.972432  0.211649  0.097881    -2.678842
 0.210789  0.618335  0.757119    -1.201906
 0.099721  0.756879 -0.645902     3.457320
>structures/IleRS_AF_Mito_Homo_sapiens_gene55699.pdb
 0.153239 -0.202091  0.967304    -0.266672
-0.509404 -0.854939 -0.097916     1.096381
 0.846774 -0.477744 -0.233956     0.958895
>structures/IleRS_PDB_Bact_S_aureus_1QU2.pdb
 0.445809  0.105419  0.888899   -91.378400
-0.818141 -0.354919  0.452413    11.788680
 0.363180 -0.928935 -0.071978    78.900442
>structures/IleRS_PDB_Bact_T_therm_1ILE.pdb
 0.604080  0.386517 -0.696916    -6.505684
-0.697002 -0.167726 -0.697178   -41.318452
-0.386362  0.906903  0.168083    -4.621541
>structures/IleRS_PDB_Euk_S_cere_7D5C.pdb
-0.021673  0.807093 -0.590027    17.190494
-0.087183  0.586391  0.805322   -35.973151
 0.995957  0.068894  0.057656    -4.819583
