>../../../../class2/asp1//data/domains/Catalytic_domain/structures/AspRS_AF_Arch_Candidatus_Methanomassiliicoccus_intestinalis_Issoire-Mx1_gene16154434.pdb
 0.015342 -0.576897 -0.816673     0.950729
 0.398698 -0.745498  0.534109     6.692093
-0.916954 -0.333799  0.218570    -2.472522
>../../../../class2/asp1//data/domains/Catalytic_domain/structures/AspRS_AF_Arch_unclassified_Euryarchaeota_proteinHHT76046.1.pdb
 0.080832 -0.319786 -0.944036     1.797202
 0.563792 -0.766386  0.307882     0.092701
-0.821952 -0.557126  0.118344    -0.762729
>../../../../class2/asp1//data/domains/Catalytic_domain/structures/AspRS_AF_Bact_Bacillus_anthracis_str_Ames_Ancestor_gene45024275.pdb
-0.952634  0.203356  0.226132    -3.749106
 0.288862  0.837603  0.463660     2.563523
-0.095121  0.507019 -0.856670    -4.162786
>../../../../class2/asp1//data/domains/Catalytic_domain/structures/AspRS_AF_Bact_Brachyspira_pilosicoli_95_1000_gene56440011.pdb
 0.028484 -0.048127 -0.998435     1.962101
 0.451704 -0.890421  0.055807     2.099029
-0.891713 -0.452587 -0.003624    -0.216058
>../../../../class2/asp1//data/domains/Catalytic_domain/structures/AspRS_AF_Bact_Chlamydia_muridarum_str_Nigg_gene1246197.pdb
-0.166280  0.368773 -0.914526     2.582395
-0.138904 -0.926949 -0.348527     2.147472
-0.976246  0.069078  0.205357    -0.363067
>../../../../class2/asp1//data/domains/Catalytic_domain/structures/AspRS_AF_Bact_Mycoplasma_hyopneumoniae_168-L_gene57101115.pdb
 0.315244 -0.803955 -0.504260     4.259369
 0.575051 -0.260870  0.775411     7.980270
-0.754942 -0.534419  0.380077    -1.229676
>../../../../class2/asp1//data/domains/Catalytic_domain/structures/AspRS_AF_Bact_Nocardia_cyriacigeorgica_GUH-2_gene45501717.pdb
 0.995762 -0.075207 -0.052937     5.457289
 0.077665  0.995918  0.046004     0.423678
 0.049261 -0.049920  0.997538     2.262887
>../../../../class2/asp1//data/domains/Catalytic_domain/structures/AspRS_AF_Bact_Porphyromonas_gingivalis_ATCC_33277_gene29255515.pdb
 0.144749  0.466214  0.872750     0.432948
 0.881958 -0.460643  0.099794     2.570915
 0.448551  0.755283 -0.477859     0.929624
>../../../../class2/asp1//data/domains/Catalytic_domain/structures/AspRS_AF_Bact_Prochlorococcus_marinus_subsp_marinus_str_CCMP1375_gene54201182.pdb
-0.101727  0.202524 -0.973979    -2.001725
-0.192641 -0.964537 -0.180440     2.943272
-0.975982  0.169273  0.137133    -4.718597
>../../../../class2/asp1//data/domains/Catalytic_domain/structures/AspRS_AF_Bact_Xylella_fastidiosa_Temecula1_gene58016479.pdb
 1.000000  0.000000  0.000000     0.000000
 0.000000  1.000000  0.000000     0.000000
 0.000000  0.000000  1.000000     0.000000
>../../../../class2/asp1//data/domains/Catalytic_domain/structures/AspRS_AF_Mito_Oryza_sativa_Japonica_Group_gene4324505.pdb
-0.030504 -0.372767  0.927423     3.985294
-0.409976 -0.841547 -0.351735     0.759699
 0.911586 -0.390951 -0.127155     5.107379
>../../../../class2/asp1//data/domains/Catalytic_domain/structures/AspRS_AF_Mito_Oryzias_melastigma_gene112147132.pdb
 0.693141 -0.486233 -0.532103     0.239680
 0.623087  0.033056  0.781454     0.146164
-0.362379 -0.873204  0.325878    -1.482436
>../../../../class2/asp1//data/domains/Catalytic_domain/structures/AspRS_PDB_Bact_E_coli_1c0a.pdb
-0.225919 -0.897181 -0.379510    46.157969
 0.974023 -0.214243 -0.073346   -47.456348
-0.015503 -0.386221  0.922276    20.178229
>../../../../class2/gly1//data/domains/Catalytic_domain/structures/GlyRS-A_AF_Arch_Candidatus_Nitrosopumilus_sediminis_gene13697160.pdb
-0.270901  0.334862 -0.902486    -4.215592
-0.582709 -0.803297 -0.123145     1.747218
-0.766200  0.492526  0.412740    -2.610564
>../../../../class2/gly1//data/domains/Catalytic_domain/structures/GlyRS-A_AF_Arch_Candidatus_Woesearchaeota_archaeon_proteinMBT4248212.1.pdb
 0.831288 -0.554913  0.032124    -4.015327
 0.201513  0.354731  0.912994     1.044478
-0.518027 -0.752488  0.406706    -0.609869
>../../../../class2/gly1//data/domains/Catalytic_domain/structures/GlyRS-A_AF_Arch_Methanosalsum_zhilinae_DSM_4017_gene10821854.pdb
-0.094426 -0.415275 -0.904782    -4.315526
-0.172662 -0.888238  0.425701    -0.508734
-0.980445  0.196418  0.012170    -4.592714
>../../../../class2/gly1//data/domains/Catalytic_domain/structures/GlyRS-A_AF_Arch_Sulfolobus_islandicus_YN1551_gene7810979.pdb
-0.813721  0.523298 -0.253018    -6.276343
 0.560595  0.821569 -0.103717     1.784050
 0.153597 -0.226237 -0.961886    -3.698546
>../../../../class2/gly1//data/domains/Catalytic_domain/structures/GlyRS-A_AF_Arch_Thermoplasma_acidophilum_DSM_1728_gene1455843.pdb
-0.230668  0.530540 -0.815671    -4.473619
-0.782500 -0.599396 -0.168580     2.088992
-0.578348  0.599377  0.553409    -2.689437
>../../../../class2/gly1//data/domains/Catalytic_domain/structures/GlyRS-A_AF_Bact_Capnocytophaga_ochracea_DSM_7271_gene29675716.pdb
-0.990465  0.079332 -0.112632    -4.296766
 0.109184  0.950596 -0.290595     2.839092
 0.084014 -0.300122 -0.950194    -1.502933
>../../../../class2/gly1//data/domains/Catalytic_domain/structures/GlyRS-A_AF_Bact_Corynebacterium_ulcerans_809_gene75260805.pdb
 0.723193  0.662413 -0.195448    -8.393779
-0.633069  0.748926  0.195792     0.488880
 0.276071 -0.017864  0.960971    -1.381054
>../../../../class2/gly1//data/domains/Catalytic_domain/structures/GlyRS-A_AF_Bact_Treponema_denticola_ATCC_35405_gene2741635.pdb
-0.090538  0.580136  0.809472    -6.623423
 0.995322  0.025181  0.093278     0.977387
 0.033730  0.814130 -0.579702     0.549365
>../../../../class2/gly1//data/domains/Catalytic_domain/structures/GlyRS-A_PDB_Bact_T_thermophilus_1ati.pdb
 0.439823 -0.863246 -0.247713    22.541192
 0.162873  0.347920 -0.923268    15.293839
 0.883192  0.365729  0.293623   -47.440220
