>../../../../class2/gly1//data/domains/Catalytic_domain/structures/GlyRS-A_AF_Arch_Candidatus_Nitrosopumilus_sediminis_gene13697160.pdb
 0.116927 -0.410075  0.904526     0.084445
-0.367240 -0.864071 -0.344262    -0.484411
 0.922748 -0.291924 -0.251629     1.500322
>../../../../class2/gly1//data/domains/Catalytic_domain/structures/GlyRS-A_AF_Arch_Candidatus_Woesearchaeota_archaeon_proteinMBT4248212.1.pdb
-0.834398  0.534802  0.133294    -0.198215
 0.435892  0.492296  0.753421    -1.748283
 0.337311  0.686754 -0.643886    -0.263730
>../../../../class2/gly1//data/domains/Catalytic_domain/structures/GlyRS-A_AF_Arch_Sulfolobus_islandicus_YN1551_gene7810979.pdb
 0.898717 -0.409463  0.156996     2.026125
 0.389153  0.909703  0.144917    -0.165169
-0.202158 -0.069144  0.976909     2.640342
>../../../../class2/gly1//data/domains/Catalytic_domain/structures/GlyRS-A_AF_Arch_Thermoplasma_acidophilum_DSM_1728_gene1455843.pdb
 0.084905 -0.593940  0.800017     0.174937
-0.609197 -0.666306 -0.430018    -0.106155
 0.788461 -0.450857 -0.418399     1.497841
>../../../../class2/gly1//data/domains/Catalytic_domain/structures/GlyRS-A_AF_Bact_Capnocytophaga_ochracea_DSM_7271_gene29675716.pdb
 1.000000 -0.000000  0.000000     0.000000
 0.000000  1.000000  0.000000     0.000000
-0.000000  0.000000  1.000000     0.000000
>../../../../class2/gly1//data/domains/Catalytic_domain/structures/GlyRS-A_AF_Bact_Corynebacterium_ulcerans_809_gene75260805.pdb
-0.785578 -0.547558  0.288180     3.899434
-0.597468  0.792384 -0.123124    -2.675776
-0.160932 -0.268901 -0.949628     0.981814
>../../../../class2/gly1//data/domains/Catalytic_domain/structures/GlyRS-A_AF_Bact_Treponema_denticola_ATCC_35405_gene2741635.pdb
 0.241147 -0.498739 -0.832531     2.356411
 0.919671 -0.156515  0.360150    -2.538803
-0.309924 -0.852504  0.420933    -0.975433
>../../../../class2/gly1//data/domains/Catalytic_domain/structures/GlyRS-A_PDB_Bact_T_thermophilus_1ati.pdb
-0.336069  0.932117  0.134967   -28.289310
-0.075603  0.116141 -0.990351    29.350094
-0.938798 -0.343030  0.031439    36.346496
>../../../../class2/gly3//data/domains/Catalytic_domain/structures/GlyRS-E_AF_Arch_Methanosalsum_zhilinae_DSM_4017_gene10821854.pdb
 0.036776  0.313100  0.949008    -0.776408
 0.101340 -0.945923  0.308155    -1.984765
 0.994172  0.084839 -0.066517     3.837107
>../../../../class2/gly3//data/domains/Catalytic_domain/structures/GlyRS-E_AF_Euk_Cryptococcus_neoformans_var_neoformans_JEC21_gene3258293.pdb
 0.555229 -0.623667 -0.550236    -1.159046
 0.828365  0.355521  0.432916    -1.322886
-0.074375 -0.696164  0.714020     3.156118
>../../../../class2/gly3//data/domains/Catalytic_domain/structures/GlyRS-E_AF_Euk_Girardinichthys_multiradiatus_gene124858359.pdb
 0.078360  0.138658  0.987235    -2.718237
 0.025484 -0.990235  0.137057    -0.771790
 0.996599  0.014418 -0.081129     3.376400
>../../../../class2/gly3//data/domains/Catalytic_domain/structures/GlyRS-E_AF_Euk_Plasmodium_yoelii_gene3801472.pdb
-0.220158  0.599578  0.769440     0.644285
 0.366291 -0.680256  0.634888    -0.775344
 0.904080  0.421614 -0.069857     4.515424
>../../../../class2/gly3//data/domains/Catalytic_domain/structures/GlyRS-E_AF_Euk_Schizosaccharomyces_pombe_gene2543181.pdb
 0.193385 -0.027500  0.980737    -2.759536
-0.138448 -0.990370 -0.000470    -1.636178
 0.971305 -0.135690 -0.195330     4.164564
>../../../../class2/gly3//data/domains/Catalytic_domain/structures/GlyRS-E_AF_Mito_Fusarium_poae_gene68345711.pdb
 0.198311  0.008238  0.980104    -2.617350
-0.107603 -0.993737  0.030124    -1.358204
 0.974215 -0.111436 -0.196183     4.110718
>../../../../class2/gly3//data/domains/Catalytic_domain/structures/GlyRS-E_PDB_Euk_H_sapiens_2q5h.pdb
-0.335316 -0.922710  0.190182    56.674732
-0.941650  0.321979 -0.098101    60.888695
 0.029284 -0.211979 -0.976835  -123.573539
