>structures/IleRS_AF_Arch_Candidatus_Korarchaeum_cryptofilum_OPF8_gene6094904.pdb
-0.993626  0.058453 -0.096389    -4.068634
 0.002633  0.866859  0.498546     4.309909
 0.112697  0.495114 -0.861488    -1.719923
>structures/IleRS_AF_Arch_Candidatus_Nitrosopumilus_sediminis_gene13697091.pdb
 0.102763 -0.642448 -0.759408    -4.078060
 0.609368 -0.562759  0.558545     7.039700
-0.786200 -0.520157  0.333657     2.980467
>structures/IleRS_AF_Arch_Pyrobaculum_aerophilum_str_IM2_gene1465853.pdb
 0.839214 -0.517767 -0.166245    -3.686168
 0.543759  0.802786  0.244663    -0.171569
 0.006781 -0.295722  0.955250    -0.167402
>structures/IleRS_AF_Arch_Thermoplasma_acidophilum_DSM_1728_gene1456418.pdb
-0.669953 -0.741569 -0.035189    -4.814081
-0.481971  0.470499 -0.739145     4.967493
 0.564683 -0.478233 -0.672626    -0.589184
>structures/IleRS_AF_Bact_Chlamydia_muridarum_str_Nigg_gene1246458.pdb
 0.086102  0.450942  0.888391    -5.897758
 0.300662 -0.861889  0.408350     6.619726
 0.949836  0.231945 -0.209791    -0.295135
>structures/IleRS_AF_Bact_Lactobacillus_acidophilus_La-14_gene56942445.pdb
 0.988825 -0.128219 -0.076055    -6.284086
 0.128681  0.991685  0.001183     1.709905
 0.075271 -0.010956  0.997103    -1.252012
>structures/IleRS_AF_Bact_Mycoplasma_hyopneumoniae_168-L_gene57100872.pdb
 0.987748 -0.107578 -0.113049    -4.625537
 0.095293  0.989466 -0.108978     1.676299
 0.123581  0.096870  0.987595    -3.420499
>structures/IleRS_AF_Bact_Orientia_tsutsugamushi_str_Ikeda_gene66653313.pdb
-0.039436  0.775647 -0.629933    -3.562074
-0.409291 -0.587650 -0.697960     4.795867
-0.911551  0.230301  0.340640    -1.285557
>structures/IleRS_AF_Bact_Porphyromonas_gingivalis_ATCC_33277_gene29255747.pdb
 0.088619  0.819141 -0.566705    -2.173578
-0.466135 -0.468693 -0.750363     5.304300
-0.880264  0.330657  0.340295    -3.928683
>structures/IleRS_AF_Bact_Streptobacillus_moniliformis_DSM_12112_gene29674186.pdb
 1.000000 -0.000000  0.000000     0.000000
 0.000000  1.000000  0.000000     0.000000
-0.000000  0.000000  1.000000     0.000000
>structures/IleRS_AF_Bact_Thermus_thermophilus_HB8_gene3168241.pdb
-0.094754  0.645854  0.757558    -6.178106
 0.442943 -0.654151  0.613098     6.693910
 0.891529  0.393648 -0.224093    -3.076866
>structures/IleRS_AF_Bact_Treponema_pallidum_subsp_pertenue_str_SamoaD_gene57878975.pdb
-0.716517  0.655984  0.237250    -5.596127
 0.616366  0.436106  0.655671     4.738586
 0.326644  0.616032 -0.716804    -1.203700
>structures/IleRS_AF_Euk_Cyanidioschyzon_merolae_strain_10D_gene16992835.pdb
 0.037688 -0.383245  0.922877    -5.732343
-0.228582 -0.902354 -0.365388     2.810140
 0.972795 -0.197182 -0.121611    -1.961451
>structures/IleRS_AF_Euk_Ostreococcus_lucimarinus_CCE9901_gene5000489.pdb
-0.884078  0.465645  0.039754    -6.888868
 0.433174  0.784549  0.443670     3.046085
 0.175404  0.409459 -0.895308     0.287624
>structures/IleRS_AF_Euk_Trypanosoma_brucei_brucei_TREU927_gene3663037.pdb
-0.983837  0.179032  0.003613    -5.948357
 0.173928  0.950595  0.257135     3.000791
 0.042601  0.253607 -0.966369    -0.074111
>structures/IleRS_AF_Euk_Ustilago_maydis_521_gene23568123.pdb
 0.919103  0.339851 -0.199376    -4.525506
-0.393966  0.784491 -0.478920     2.696678
-0.006353  0.518725  0.854918    -4.516394
>structures/IleRS_AF_Mito_Drosophila_melanogaster_gene39762.pdb
-0.025481  0.469596 -0.882514    -2.182810
-0.003736 -0.882839 -0.469661     3.245434
-0.999668 -0.008670  0.024250    -4.747030
>structures/IleRS_AF_Mito_Homo_sapiens_gene55699.pdb
 0.982440 -0.121159 -0.141888    -5.279174
 0.115432  0.992157 -0.047948     1.532114
 0.146585  0.030727  0.988721    -2.550397
>structures/IleRS_AF_Vir_Megavirus_chiliensis_gene11256744.pdb
 0.111843  0.893377 -0.435164    -2.265670
-0.567559 -0.302033 -0.765933     5.756128
-0.815701  0.332646  0.473264    -1.820114
>structures/IleRS_PDB_Bact_S_aureus_1QU2.pdb
 0.665551 -0.717244 -0.206405    59.124061
 0.503462  0.635602 -0.585266   -15.755512
 0.550969  0.285607  0.784131  -102.773307
>structures/IleRS_PDB_Bact_T_therm_1ILE.pdb
-0.066777  0.915362  0.397056     5.623792
 0.632665 -0.268872  0.726252    43.258438
 0.771541  0.299700 -0.561163     0.399036
>structures/IleRS_PDB_Euk_S_cere_7D5C.pdb
 0.951734 -0.130693 -0.277709     4.255749
-0.280273 -0.738861 -0.612806    33.099562
-0.125099  0.661062 -0.739829    22.443783
