>structures/LysRS-II_AF_Arch_Aciduliprofundum_boonei_T469_gene8827564.pdb
-0.055816  0.542091 -0.838464     0.004827
-0.565539 -0.709235 -0.420894     4.222552
-0.822831  0.450691  0.346160     1.068949
>structures/LysRS-II_AF_Arch_Archaeoglobus_sulfaticallidus_PM70-1_gene15393615.pdb
 0.693723  0.708253 -0.130868     0.927591
-0.662261  0.555834 -0.502453    -2.584014
-0.283123  0.435232  0.854643     1.235308
>structures/LysRS-II_AF_Arch_Candidatus_Woesearchaeota_archaeon_proteinMBS3172198.1.pdb
 1.000000  0.000000  0.000000     0.000000
 0.000000  1.000000  0.000000     0.000000
 0.000000  0.000000  1.000000     0.000000
>structures/LysRS-II_AF_Arch_Thermogladius_calderae_1633_gene13013549.pdb
-0.225029  0.063010 -0.972313     1.922770
-0.053295 -0.997209 -0.052289     4.079540
-0.972894  0.040053  0.227759     0.618649
>structures/LysRS-II_AF_Bact_Chlamydia_muridarum_str_Nigg_gene1245697.pdb
-0.267687  0.031996 -0.962975     0.998817
-0.092005 -0.995730 -0.007508     4.507825
-0.959103  0.086589  0.269488     2.132385
>structures/LysRS-II_AF_Bact_Cupriavidus_taiwanensis_LMG_19424_gene29762375.pdb
 0.743897  0.664454 -0.071545     3.560874
-0.616117  0.640405 -0.458565    -4.344216
-0.258877  0.385205  0.885776     0.365653
>structures/LysRS-II_AF_Bact_Leuconostoc_gelidum_JB7_gene61037106.pdb
 0.643309  0.765201  0.024908     2.810856
-0.682357  0.587807 -0.434594     2.020660
-0.347193  0.262583  0.900282    -0.208818
>structures/LysRS-II_AF_Bact_Mycobacterium_intracellulare_ATCC_13950_gene11907187.pdb
 0.623573  0.765135 -0.160393     2.196652
-0.690404  0.442735 -0.572126    -3.920640
-0.366742  0.467498  0.804329    -0.348535
>structures/LysRS-II_AF_Bact_Mycoplasma_hyopneumoniae_168-L_gene57101062.pdb
 0.647886  0.761706 -0.006879     1.747108
-0.685170  0.578793 -0.442200     3.503593
-0.332845  0.291209  0.896890    -1.008722
>structures/LysRS-II_AF_Bact_Porphyromonas_gingivalis_ATCC_33277_gene29256363.pdb
 0.035680  0.653522 -0.756066    -1.044537
-0.413726 -0.679012 -0.606443     5.078143
-0.909702  0.334442  0.246152     0.822289
>structures/LysRS-II_AF_Bact_Prochlorococcus_marinus_subsp_marinus_str_CCMP1375_gene54201108.pdb
 0.505341  0.856362 -0.106185     2.600348
-0.704426  0.338315 -0.623961     3.054732
-0.498412  0.390113  0.774207     0.284966
>structures/LysRS-II_AF_Bact_Streptobacillus_moniliformis_DSM_12112_gene29673899.pdb
 0.443178  0.834960 -0.326243     1.278287
-0.712032  0.106773 -0.693981    -3.699921
-0.544613  0.539853  0.641838    -2.209066
>structures/LysRS-II_AF_Euk_Ostreococcus_tauri_gene9837657.pdb
 0.755924  0.651537 -0.063868     1.706521
-0.593905  0.641455 -0.485605    -4.190046
-0.275421  0.405012  0.871842     1.009466
>structures/LysRS-II_AF_Euk_Solanum_lycopersicum_gene778357.pdb
-0.828152 -0.551508  0.100017     3.593678
-0.520372  0.690212 -0.502812     0.288391
 0.208272 -0.468451 -0.858590     1.392572
>structures/LysRS-II_AF_Euk_Theileria_annulata_gene3864794.pdb
-0.991580 -0.064670 -0.112193     4.461614
-0.057246  0.996029 -0.068181    -2.609623
 0.116157 -0.061184 -0.991345    -1.391642
>structures/LysRS-II_AF_Euk_Zootoca_vivipara_gene118086243.pdb
 0.933919 -0.351463 -0.065338     5.334714
 0.338761  0.811721  0.475762     2.638139
-0.114177 -0.466457  0.877144     2.152782
>structures/LysRS-II_AF_Mito_Malus_domestica_gene103446975.pdb
 0.853907  0.520410  0.003936     3.473669
-0.478362  0.787845 -0.387904    -3.923901
-0.204970  0.329352  0.921691     1.095735
>structures/LysRS-II_AF_Mito_Scheffersomyces_stipitis_CBS_6054_gene4837999.pdb
 0.765862  0.641593  0.042587     4.205100
-0.588737  0.726316 -0.354758    -3.959261
-0.258542  0.246623  0.933988     1.255665
>structures/LysRS-II_PDB_Bact_G_stearothermophilus_3E9H.pdb
 0.667910  0.485590 -0.564002    17.404080
 0.207415  0.606346  0.767674    17.984118
 0.714756 -0.629719  0.304266  -107.392115
