>structures/Thr_Bact_1evk_E_coli.pdb
 0.361426 -0.916518 -0.171366    46.756361
 0.727713  0.392182 -0.562697   -44.363456
 0.582928  0.078668  0.808706   -40.163229
>structures/Thr_Bact_1nyr_S_aureus.pdb
-0.719900 -0.106801  0.685812   -18.603465
-0.666829 -0.167718 -0.726092    53.444565
 0.192571 -0.980033  0.049522    41.987113
>structures/Threonyl.A.Candidatus_Thermoplasmatota.NC_020913.1.pdb
-0.179736  0.776427 -0.604033    -1.562498
 0.411264 -0.498487 -0.763133    -0.586850
-0.893620 -0.385580 -0.229720    -3.563778
>structures/Threonyl.A.Crenarchaeota.NC_020247.1.pdb
 0.822857  0.554430  0.124556     3.946530
-0.235664  0.532410 -0.813020    -5.782220
-0.517077  0.639646  0.568756    -4.474695
>structures/Threonyl.A.Euryarchaeota.NC_019974.1.pdb
-0.543071  0.387828 -0.744757    -1.862175
 0.804290 -0.014551 -0.594059     1.794513
-0.241230 -0.921617 -0.304023    -0.167612
>structures/Threonyl.A.Thaumarchaeota.NC_018655.1.pdb
-0.057099  0.665302 -0.744388     3.230510
 0.272274 -0.706964 -0.652739    -5.067188
-0.960524 -0.239948 -0.140777    -2.279128
>structures/Threonyl.B.Actinobacteria.NC_013929.1.pdb
 1.000000  0.000000  0.000000     0.000000
 0.000000  1.000000  0.000000     0.000000
 0.000000  0.000000  1.000000     0.000000
>structures/Threonyl.B.Bacteroidota.NC_010729.1.pdb
-0.929271 -0.348469 -0.122577     2.304144
-0.283923  0.886052 -0.366469    -0.142742
 0.236313 -0.305747 -0.922320    -1.538697
>structures/Threonyl.B.Chlamydiae.NC_017287.1.pdb
-0.123918  0.026155 -0.991948     1.746119
 0.803502 -0.583935 -0.115774    -2.055365
-0.582261 -0.811379  0.051345     0.336045
>structures/Threonyl.B.Cyanobacteria.NC_005042.1.pdb
-0.111782 -0.806491 -0.580583     1.189313
-0.836995 -0.238526  0.492488     1.243281
-0.535671  0.540997 -0.648366    -2.736572
>structures/Threonyl.B.Firmicutes.NC_011567.1.pdb
-0.386263  0.590704 -0.708427    -3.321408
 0.652731 -0.367615 -0.662421     2.914203
-0.651724 -0.718281 -0.243575    -1.788899
>structures/Threonyl.B.Fusobacteria.NC_013515.1.pdb
-0.323745  0.685809 -0.651809    -0.471808
 0.648719 -0.340586 -0.680562     0.476921
-0.688733 -0.643169 -0.334634     0.946721
>structures/Threonyl.B.Proteobacteria.NC_009379.1.pdb
-0.596225  0.789650 -0.144807     0.377669
 0.700211  0.423261 -0.574939     0.911047
-0.392709 -0.444188 -0.805280    -1.422750
>structures/Threonyl.B.Spirochaetes.NC_016842.1.pdb
 0.486063  0.562804  0.668576    -0.373196
 0.855636 -0.150787 -0.495126    -1.748089
-0.177847  0.812721 -0.554847    -3.847549
>structures/Threonyl.E.Ascomycota.NC_001143.9.pdb
 0.157697  0.828676 -0.537054     2.288055
 0.001195 -0.544019 -0.839072   -12.689537
-0.987487  0.131678 -0.086781   -11.731157
>structures/Threonyl.E.Basidiomycota.NC_026494.1.pdb
 0.100395 -0.994579  0.027086    -0.289842
 0.518442  0.029058 -0.854619     3.501085
 0.849199  0.099842  0.518549    -1.480870
>structures/Threonyl.E.Rhodophyta.NC_010145.1.pdb
 0.990680 -0.129697 -0.041614    -0.196656
 0.135157  0.973931  0.182183     1.735583
 0.016901 -0.186109  0.982384    -1.027674
