>structures/ThrRS_AF_Arch_Candidatus_Methanomethylophilus_alvus_Mx1201_gene15140074.pdb
 0.333921  0.203543 -0.920362     4.269290
 0.921384 -0.276483  0.273146     0.307704
-0.198868 -0.939216 -0.279865     5.105839
>structures/ThrRS_AF_Arch_Candidatus_Nitrosopumilus_koreensis_AR1_gene13725077.pdb
-0.653836 -0.756609 -0.006411    -2.078089
-0.639693  0.557287 -0.529362    -5.215543
 0.404093 -0.342016 -0.848372     6.051588
>structures/ThrRS_AF_Arch_Pyrococcus_furiosus_DSM_3638_gene1469226.pdb
-0.532212 -0.840192  0.104058    -2.117674
-0.593196  0.282382 -0.753909    -3.312762
 0.604044 -0.462967 -0.648686     7.168247
>structures/ThrRS_AF_Arch_Sulfolobus_islandicus_M164_gene7940156.pdb
 1.000000  0.000000  0.000000     0.000000
 0.000000  1.000000  0.000000     0.000000
 0.000000  0.000000  1.000000     0.000000
>structures/ThrRS_AF_Bact_Bifidobacterium_longum_subsp_longum_JCM_1217_gene69578309.pdb
 0.606069 -0.734836 -0.304459     5.320484
-0.484545 -0.037536 -0.873960     0.053609
 0.630790  0.677205 -0.378811     9.532355
>structures/ThrRS_AF_Bact_Brachyspira_pilosicoli_95_1000_gene56439092.pdb
 0.808594  0.498083 -0.313191     6.555320
-0.545113  0.433874 -0.717360     1.409139
-0.221419  0.750778  0.622339     6.534950
>structures/ThrRS_AF_Bact_Brucella_abortus_2308_gene3787745.pdb
-0.877815 -0.152393  0.454111     6.508480
 0.399928  0.288594  0.869926     1.174399
-0.263625  0.945246 -0.192386     7.455349
>structures/ThrRS_AF_Bact_Lactobacillus_acidophilus_La-14_gene56943112.pdb
-0.249035 -0.153921  0.956185     8.825794
-0.876427 -0.384319 -0.290127     0.442544
 0.412137 -0.910279 -0.039191    10.752075
>structures/ThrRS_AF_Bact_Mycoplasma_hyopneumoniae_168-L_gene57101460.pdb
 0.413829 -0.212949 -0.885098     3.003925
 0.613430 -0.653153  0.443954     1.819914
-0.672644 -0.726667 -0.139664     5.793004
>structures/ThrRS_AF_Bact_Porphyromonas_gingivalis_ATCC_33277_gene29256174.pdb
 0.664777  0.579108 -0.471917     4.453447
-0.350614 -0.315950 -0.881615     0.973891
-0.659652  0.751538 -0.006993     9.034962
>structures/ThrRS_AF_Bact_Prochlorococcus_marinus_subsp_marinus_str_CCMP1375_gene54200406.pdb
-0.530245  0.306070 -0.790672     6.608506
 0.404162  0.911038  0.081623    -1.527038
 0.745315 -0.276279 -0.606775     9.547365
>structures/ThrRS_AF_Bact_Streptobacillus_moniliformis_DSM_12112_gene29674242.pdb
-0.597196 -0.634061  0.491247     6.216723
-0.696896  0.106954 -0.709152     0.349007
 0.397105 -0.765851 -0.505747     8.453109
>structures/ThrRS_AF_Euk_Arabidopsis_thaliana_gene832741.pdb
 0.492251 -0.817719  0.298371     4.389821
-0.419969 -0.523351 -0.741438     1.345099
 0.762440  0.239667 -0.601036    11.637667
>structures/ThrRS_AF_Euk_Cryptococcus_gattii_WM276_gene10188143.pdb
 0.256759 -0.932559 -0.253789     6.859002
-0.561901  0.069612 -0.824270     2.305946
 0.786347  0.354243 -0.506133    11.294605
>structures/ThrRS_AF_Euk_Cyanidioschyzon_merolae_strain_10D_gene16997242.pdb
-0.963051  0.053125  0.264029     7.572377
 0.233001  0.656016  0.717881     0.759375
-0.135070  0.752875 -0.644155    10.849677
>structures/ThrRS_AF_Euk_Zymoseptoria_tritici_IPO323_gene13396560.pdb
-0.910554  0.290642  0.293971     7.853058
-0.302969 -0.952993  0.003778     7.532657
 0.281251 -0.085624  0.955807    24.325606
>structures/ThrRS_AF_Mito_Cyanidioschyzon_merolae_strain_10D_gene16995590.pdb
-0.787225 -0.549439 -0.279988     6.168890
-0.408373  0.804700 -0.430917    -0.186841
 0.462069 -0.224889 -0.857856     7.667709
>structures/ThrRS_AF_Mito_Oryza_sativa_Japonica_Group_gene4345200.pdb
-0.732823  0.552700 -0.396855     6.436931
-0.367002 -0.812207 -0.453464     1.210227
-0.572957 -0.186662  0.798046    11.777871
>structures/ThrRS_PDB_Bact_E_coli_1evk.pdb
 0.190122  0.925257  0.328258   -64.139542
 0.808303 -0.337296  0.482574   -16.257621
 0.557225  0.173584 -0.812015   -11.838252
>structures/ThrRS_PDB_Bact_S_aureus_1nyr.pdb
 0.468791 -0.404637 -0.785177    58.687104
-0.331328 -0.904553  0.268337    36.135272
-0.818814  0.134357 -0.558114    40.730977
