>structures/Glycyl.A.Candidatus_Thermoplasmatota.NC_002689.2.pdb
 0.354794  0.710975  0.607154    45.784459
-0.014523  0.653514 -0.756775   -18.697348
-0.934832  0.259682  0.242188   112.870445
>structures/Pro_Arch_1nj8_M_janacshii.pdb
 0.928034 -0.185349  0.323107   -63.698664
-0.236082 -0.963621  0.125302    64.895399
 0.288128 -0.192564 -0.938030   104.759535
>structures/Ser_Arch_2cim_M_barkeri.pdb
 1.000000  0.000000  0.000000     0.000000
 0.000000  1.000000  0.000000    -0.000000
 0.000000  0.000000  1.000000     0.000000
>structures/Seryl.B.Actinobacteria.NC_021064.1.pdb
 0.202805 -0.020682 -0.979001    44.710397
-0.403120 -0.912891 -0.064222    -2.724882
-0.892393  0.407679 -0.193477    82.038899
