>../../../../class2//gly1/data/domains/GlyRS-AE_IM1//structures/GlyRS-A_AF_Arch_Candidatus_Nitrosopumilus_sediminis_gene13697160.pdb
 0.976297  0.196363  0.091029     1.183799
-0.158580  0.935209 -0.316601    -1.627722
-0.147300  0.294661  0.944181    -2.310364
>../../../../class2//gly1/data/domains/GlyRS-AE_IM1//structures/GlyRS-A_AF_Arch_Candidatus_Woesearchaeota_archaeon_proteinMBT4248212.1.pdb
-0.097770  0.234487 -0.967190    -0.733038
 0.167407 -0.954123 -0.248242     0.524336
-0.981028 -0.186185  0.054030    -1.312342
>../../../../class2//gly1/data/domains/GlyRS-AE_IM1//structures/GlyRS-A_AF_Arch_Methanosalsum_zhilinae_DSM_4017_gene10821854.pdb
 0.760608  0.614784 -0.208606     1.813635
-0.500260  0.350218 -0.791888    -0.218221
-0.413783  0.706673  0.573931    -2.535447
>../../../../class2//gly1/data/domains/GlyRS-AE_IM1//structures/GlyRS-A_AF_Arch_Sulfolobus_islandicus_YN1551_gene7810979.pdb
-0.218870 -0.608861  0.762486     3.827757
-0.831486 -0.292546 -0.472280    -4.268225
 0.510615 -0.737364 -0.442230    -3.157534
>../../../../class2//gly1/data/domains/GlyRS-AE_IM1//structures/GlyRS-A_AF_Arch_Thermoplasma_acidophilum_DSM_1728_gene1455843.pdb
 1.000000 -0.000000  0.000000     0.000000
 0.000000  1.000000  0.000000     0.000000
-0.000000  0.000000  1.000000     0.000000
>../../../../class2//gly1/data/domains/GlyRS-AE_IM1//structures/GlyRS-A_AF_Bact_Capnocytophaga_ochracea_DSM_7271_gene29675716.pdb
-0.049763 -0.717168  0.695121    -5.085484
-0.652536 -0.503555 -0.566241     0.526942
 0.756122 -0.481770 -0.442920    -1.009089
>../../../../class2//gly1/data/domains/GlyRS-AE_IM1//structures/GlyRS-A_AF_Bact_Corynebacterium_ulcerans_809_gene75260805.pdb
 0.316403 -0.798034 -0.512866    -0.751377
 0.888286  0.059505  0.455420    -0.258029
-0.332922 -0.599668  0.727710     4.093821
>../../../../class2//gly1/data/domains/GlyRS-AE_IM1//structures/GlyRS-A_AF_Bact_Treponema_denticola_ATCC_35405_gene2741635.pdb
-0.787158 -0.616512 -0.017170     0.916716
-0.615314  0.783121  0.090059     1.036536
-0.042076  0.081455 -0.995788     2.982906
>../../../../class2//gly1/data/domains/GlyRS-AE_IM1//structures/GlyRS-A_PDB_Bact_T_thermophilus_1ati.pdb
-0.810040 -0.134292  0.570789    10.739535
 0.534074 -0.570827  0.623635   -15.533446
 0.242073  0.810013  0.534115   -53.326077
>../../../../class2//gly3/data/domains/GlyRS-AE_IM1//structures/GlyRS-E_AF_Euk_Cryptococcus_neoformans_var_neoformans_JEC21_gene3258293.pdb
-0.480223 -0.831566  0.279076     3.158212
-0.876060  0.470534 -0.105435    -1.248533
-0.043638 -0.295119 -0.954463    -5.143293
>../../../../class2//gly3/data/domains/GlyRS-AE_IM1//structures/GlyRS-E_AF_Euk_Girardinichthys_multiradiatus_gene124858359.pdb
 0.838501  0.540939 -0.065577     2.380949
-0.450651  0.620775 -0.641523     1.330660
-0.306316  0.567470  0.764296    -2.695831
>../../../../class2//gly3/data/domains/GlyRS-AE_IM1//structures/GlyRS-E_AF_Euk_Plasmodium_yoelii_gene3801472.pdb
 0.528272  0.767490 -0.363163     3.259203
-0.356221 -0.187918 -0.915311    -3.157710
-0.770737  0.612899  0.174124    -5.033250
>../../../../class2//gly3/data/domains/GlyRS-AE_IM1//structures/GlyRS-E_AF_Euk_Schizosaccharomyces_pombe_gene2543181.pdb
 0.878125  0.467214 -0.102992     2.868610
-0.408531  0.620211 -0.669657     0.221112
-0.248996  0.630118  0.735495    -7.307827
>../../../../class2//gly3/data/domains/GlyRS-AE_IM1//structures/GlyRS-E_PDB_Euk_H_sapiens_2q5h.pdb
 0.521531 -0.499813 -0.691514  -124.337431
 0.834287  0.468563  0.290541   -33.858665
 0.178802 -0.728448  0.661357    71.720009
