>../../../../class2//gly1/data/domains/GlyRS-AE_IM1//structures/GlyRS-A_AF_Arch_Candidatus_Nitrosopumilus_sediminis_gene13697160.pdb
 0.884641 -0.439620 -0.155384     0.349828
 0.436203  0.662550  0.608896    -1.118728
-0.164733 -0.606434  0.777883     1.350425
>../../../../class2//gly1/data/domains/GlyRS-AE_IM1//structures/GlyRS-A_AF_Arch_Candidatus_Woesearchaeota_archaeon_proteinMBT4248212.1.pdb
 0.244132  0.722939 -0.646343    -2.986451
-0.693246 -0.335951 -0.637611    -0.930289
-0.678093  0.603736  0.419158     0.734828
>../../../../class2//gly1/data/domains/GlyRS-AE_IM1//structures/GlyRS-A_AF_Arch_Sulfolobus_islandicus_YN1551_gene7810979.pdb
 0.037195  0.003935  0.999300     3.646264
-0.082520 -0.996565  0.006996    -0.831255
 0.995895 -0.082723 -0.036743     2.362057
>../../../../class2//gly1/data/domains/GlyRS-AE_IM1//structures/GlyRS-A_AF_Arch_Thermoplasma_acidophilum_DSM_1728_gene1455843.pdb
 0.758586 -0.499988 -0.417804    -2.605383
 0.616294  0.342452  0.709160     0.979725
-0.211494 -0.795449  0.567918     1.651131
>../../../../class2//gly1/data/domains/GlyRS-AE_IM1//structures/GlyRS-A_AF_Bact_Capnocytophaga_ochracea_DSM_7271_gene29675716.pdb
-0.019029 -0.087950  0.995943    -6.089325
 0.285281 -0.955191 -0.078901    -2.773931
 0.958255  0.282623  0.043267     1.623512
>../../../../class2//gly1/data/domains/GlyRS-AE_IM1//structures/GlyRS-A_AF_Bact_Corynebacterium_ulcerans_809_gene75260805.pdb
-0.088641 -0.336644 -0.937451    -4.904743
 0.342539 -0.894056  0.288672     0.930685
-0.935313 -0.295526  0.194563     4.789088
>../../../../class2//gly1/data/domains/GlyRS-AE_IM1//structures/GlyRS-A_AF_Bact_Treponema_denticola_ATCC_35405_gene2741635.pdb
-0.242462 -0.900802  0.360233    -3.375514
-0.755889 -0.057353 -0.652183     3.305792
 0.608149 -0.430425 -0.667000     2.459127
>../../../../class2//gly3/data/domains/GlyRS-AE_IM1//structures/GlyRS-E_AF_Arch_Methanosalsum_zhilinae_DSM_4017_gene10821854.pdb
 1.000000 -0.000000  0.000000     0.000000
 0.000000  1.000000  0.000000     0.000000
-0.000000  0.000000  1.000000     0.000000
>../../../../class2//gly3/data/domains/GlyRS-AE_IM1//structures/GlyRS-E_AF_Euk_Cryptococcus_neoformans_var_neoformans_JEC21_gene3258293.pdb
 0.079472 -0.741580  0.666141     2.075551
-0.625927 -0.557215 -0.545643    -1.111200
 0.775822 -0.373592 -0.508458    -0.916458
>../../../../class2//gly3/data/domains/GlyRS-AE_IM1//structures/GlyRS-E_AF_Euk_Girardinichthys_multiradiatus_gene124858359.pdb
 0.993039 -0.101971 -0.058954    -0.749453
 0.114077  0.957256  0.265798     0.185565
 0.029330 -0.270673  0.962225    -1.109702
>../../../../class2//gly3/data/domains/GlyRS-AE_IM1//structures/GlyRS-E_AF_Euk_Plasmodium_yoelii_gene3801472.pdb
 0.897402  0.432483  0.087339     3.080037
-0.362475  0.835525 -0.412929    -1.863386
-0.251559  0.338905  0.906566     0.720591
>../../../../class2//gly3/data/domains/GlyRS-AE_IM1//structures/GlyRS-E_AF_Euk_Schizosaccharomyces_pombe_gene2543181.pdb
 0.974317 -0.218535 -0.054298     2.235902
 0.225130  0.950416  0.214535    -2.623546
 0.004722 -0.221250  0.975206    -3.313343
>../../../../class2//gly3/data/domains/GlyRS-AE_IM1//structures/GlyRS-E_AF_Mito_Fusarium_poae_gene68345711.pdb
 0.982018 -0.185572 -0.034689     3.026556
 0.188676  0.958449  0.213954    -2.373906
-0.006456 -0.216652  0.976228    -2.920916
