>../../../../class1//ile/data/domains/LIV_IM2//structures/IleRS_AF_Arch_Candidatus_Korarchaeum_cryptofilum_OPF8_gene6094904.pdb
-0.097673 -0.778504  0.619993    -1.596465
-0.831531 -0.278454 -0.480644    -4.527020
 0.546823 -0.562489 -0.620153    -0.945392
>../../../../class1//ile/data/domains/LIV_IM2//structures/IleRS_AF_Arch_Candidatus_Nitrosopumilus_sediminis_gene13697091.pdb
 0.536237  0.567368 -0.624935    -7.959433
-0.401907 -0.479436 -0.780136    -0.905883
-0.742240  0.669503 -0.029062    -4.151042
>../../../../class1//ile/data/domains/LIV_IM2//structures/IleRS_AF_Arch_Pyrobaculum_aerophilum_str_IM2_gene1465853.pdb
-0.244060 -0.067620 -0.967400     0.369932
 0.520538 -0.850810 -0.071853    -2.716927
-0.818215 -0.521104  0.242848     6.049864
>../../../../class1//ile/data/domains/LIV_IM2//structures/IleRS_AF_Arch_Thermoplasma_acidophilum_DSM_1728_gene1456418.pdb
-0.330789  0.328252  0.884776    -1.373748
-0.204294 -0.940232  0.272447    -5.977761
 0.921326 -0.090632  0.378079     1.181906
>../../../../class1//ile/data/domains/LIV_IM2//structures/IleRS_AF_Bact_Chlamydia_muridarum_str_Nigg_gene1246458.pdb
-0.992797  0.008652  0.119494    -2.782428
 0.075644  0.818718  0.569192    -6.658716
-0.092907  0.574131 -0.813475    -3.237974
>../../../../class1//ile/data/domains/LIV_IM2//structures/IleRS_AF_Bact_Lactobacillus_acidophilus_La-14_gene56942445.pdb
-0.060775 -0.294132 -0.953831    -1.821275
 0.638145 -0.746242  0.189457    -4.195196
-0.767514 -0.597168  0.233052     2.805481
>../../../../class1//ile/data/domains/LIV_IM2//structures/IleRS_AF_Bact_Mycoplasma_hyopneumoniae_168-L_gene57100872.pdb
-0.053612 -0.334940 -0.940713    -0.258047
 0.733090 -0.652858  0.190670    -4.532955
-0.678015 -0.679406  0.280542    -0.424260
>../../../../class1//ile/data/domains/LIV_IM2//structures/IleRS_AF_Bact_Orientia_tsutsugamushi_str_Ikeda_gene66653313.pdb
 0.980085 -0.018501 -0.197717    -2.531169
-0.003431  0.993924 -0.110012    -3.067465
 0.198551  0.108500  0.974066    -4.046705
>../../../../class1//ile/data/domains/LIV_IM2//structures/IleRS_AF_Bact_Porphyromonas_gingivalis_ATCC_33277_gene29255747.pdb
 0.985941 -0.118415 -0.117887    -0.150807
 0.104254  0.987308 -0.119807    -1.633459
 0.130578  0.105833  0.985773    -4.521217
>../../../../class1//ile/data/domains/LIV_IM2//structures/IleRS_AF_Bact_Streptobacillus_moniliformis_DSM_12112_gene29674186.pdb
 0.188167 -0.269175 -0.944531    -3.823288
 0.755365 -0.574989  0.314344     4.442666
-0.627708 -0.772614  0.095132    -4.211822
>../../../../class1//ile/data/domains/LIV_IM2//structures/IleRS_AF_Bact_Thermus_thermophilus_HB8_gene3168241.pdb
-0.985668 -0.165904 -0.030560     0.134670
-0.167355  0.938872  0.300852    -7.296579
-0.021221  0.301655 -0.953181     0.850153
>../../../../class1//ile/data/domains/LIV_IM2//structures/IleRS_AF_Bact_Treponema_pallidum_subsp_pertenue_str_SamoaD_gene57878975.pdb
-0.480710 -0.735738  0.477081    -1.207762
-0.876485  0.419468 -0.236263    -5.772241
-0.026293 -0.531729 -0.846507     0.472250
>../../../../class1//ile/data/domains/LIV_IM2//structures/IleRS_AF_Euk_Cyanidioschyzon_merolae_strain_10D_gene16992835.pdb
-0.901430  0.297866  0.314166    -2.317117
 0.397201  0.280372  0.873855    -6.216891
 0.172209  0.912506 -0.371048    -2.478422
>../../../../class1//ile/data/domains/LIV_IM2//structures/IleRS_AF_Euk_Ostreococcus_lucimarinus_CCE9901_gene5000489.pdb
-0.357638 -0.547679  0.756401    -3.977349
-0.921205  0.074005 -0.381975    -3.737098
 0.153222 -0.833409 -0.530992    -2.016604
>../../../../class1//ile/data/domains/LIV_IM2//structures/IleRS_AF_Euk_Trypanosoma_brucei_brucei_TREU927_gene3663037.pdb
 0.011897 -0.536739  0.843664    -0.555315
-0.898230 -0.376465 -0.226840    -7.024030
 0.439365 -0.755106 -0.486594     3.688314
>../../../../class1//ile/data/domains/LIV_IM2//structures/IleRS_AF_Euk_Ustilago_maydis_521_gene23568123.pdb
 0.221255 -0.679759 -0.699267     0.517977
 0.929392 -0.070239  0.362348    -3.807963
-0.295425 -0.730065  0.616222    -0.905156
>../../../../class1//ile/data/domains/LIV_IM2//structures/IleRS_AF_Mito_Drosophila_melanogaster_gene39762.pdb
 0.958362  0.274714 -0.077935     0.531274
-0.278403  0.838192 -0.468962    -3.261763
-0.063506  0.471133  0.879773    -7.254177
>../../../../class1//ile/data/domains/LIV_IM2//structures/IleRS_AF_Mito_Homo_sapiens_gene55699.pdb
 0.073454 -0.380773 -0.921746    -1.963121
 0.731994 -0.607138  0.309141     0.863561
-0.677340 -0.697420  0.234127    -1.765406
>../../../../class1//ile/data/domains/LIV_IM2//structures/IleRS_AF_Vir_Megavirus_chiliensis_gene11256744.pdb
 0.942513 -0.212983 -0.257504    -1.740161
 0.256077  0.955403  0.147070    -3.144960
 0.214696 -0.204556  0.955020    -5.075597
>../../../../class1//ile/data/domains/LIV_IM2//structures/IleRS_PDB_Bact_S_aureus_1QU2.pdb
-0.666306 -0.452536 -0.592661   101.420218
 0.252349 -0.884743  0.391854    33.939425
-0.701681  0.111537  0.703707   -49.507371
>../../../../class1//ile/data/domains/LIV_IM2//structures/IleRS_PDB_Bact_T_therm_1ILE.pdb
-0.931904 -0.212276  0.294099   -15.157616
-0.258316  0.957635 -0.127314   -15.560552
-0.254614 -0.194615 -0.947258   -34.648634
>../../../../class1//ile/data/domains/LIV_IM2//structures/IleRS_PDB_Euk_S_cere_7D5C.pdb
 0.381962 -0.500102  0.777176   -29.356649
 0.878778  0.456872 -0.137906    -1.902507
-0.286102  0.735640  0.613987   -34.732149
>../../../../class1//leu1/data/domains/LIV_IM2//structures/LeuRS-B_AF_Bact_Bifidobacterium_longum_subsp_longum_JCM_1217_gene69578373.pdb
-0.195951  0.299231 -0.933844     5.519471
-0.235726 -0.938755 -0.251342    -2.897389
-0.951859  0.170881  0.254486    -5.068700
>../../../../class1//leu1/data/domains/LIV_IM2//structures/LeuRS-B_AF_Bact_Brachyspira_pilosicoli_95_1000_gene56439070.pdb
-0.021350 -0.512150 -0.858631     3.192556
 0.629347 -0.674200  0.386493    -3.020305
-0.776831 -0.532125  0.336714    -3.649785
>../../../../class1//leu1/data/domains/LIV_IM2//structures/LeuRS-B_AF_Bact_Chlamydia_psittaci_6BC_gene12243068.pdb
-0.118176 -0.856827  0.501879     2.956115
-0.815975 -0.204232 -0.540809    -3.330894
 0.565879 -0.473431 -0.675014    -4.775481
>../../../../class1//leu1/data/domains/LIV_IM2//structures/LeuRS-B_AF_Bact_Clostridium_botulinum_A_str_ATCC_3502_gene5187707.pdb
-0.567890  0.753091  0.332198     2.788923
 0.646783  0.158660  0.745989    -6.403997
 0.509091  0.638499 -0.577188    -4.690114
>../../../../class1//leu1/data/domains/LIV_IM2//structures/LeuRS-B_AF_Bact_Mycoplasma_hyopneumoniae_168-L_gene57101518.pdb
 0.986035 -0.164112  0.028334     4.424278
 0.156265  0.970545  0.183367    -3.329549
-0.057592 -0.176378  0.982636    -5.745487
>../../../../class1//leu1/data/domains/LIV_IM2//structures/LeuRS-B_AF_Bact_Orientia_tsutsugamushi_str_Ikeda_gene66652454.pdb
-0.366607 -0.891316  0.266749     2.720241
-0.750841  0.114136 -0.650546    -1.013586
 0.549397 -0.438781 -0.711080    -5.591999
>../../../../class1//leu1/data/domains/LIV_IM2//structures/LeuRS-B_AF_Bact_Porphyromonas_gingivalis_ATCC_33277_gene29256038.pdb
-0.089905 -0.328949 -0.940058     4.425742
 0.341154 -0.896950  0.281237    -2.293234
-0.935698 -0.295420  0.192863    -3.149253
>../../../../class1//leu1/data/domains/LIV_IM2//structures/LeuRS-B_AF_Bact_Thermus_thermophilus_HB8_gene3168656.pdb
-0.733828  0.602032  0.314728    -0.989963
 0.571793  0.297220  0.764665    -0.919218
 0.366809  0.741092 -0.562346    -7.008265
>../../../../class1//leu1/data/domains/LIV_IM2//structures/LeuRS-B_AF_Euk_Bathycoccus_prasinos_gene19015540.pdb
-0.089845 -0.739202  0.667464     5.245334
-0.803682 -0.342013 -0.486953    -3.798614
 0.588238 -0.580179 -0.563355    -4.386103
>../../../../class1//leu1/data/domains/LIV_IM2//structures/LeuRS-B_AF_Euk_Klebsormidium_nitens_protein971510658.pdb
 0.996035 -0.000913  0.088959     3.887114
-0.013687  0.986470  0.163370    -3.246284
-0.087905 -0.163940  0.982546    -4.163949
>../../../../class1//leu1/data/domains/LIV_IM2//structures/LeuRS-B_AF_Euk_Plasmodium_falciparum_3D7_gene2655460.pdb
-0.201109  0.429600 -0.880340    -2.184804
-0.001231 -0.898812 -0.438333    -0.629476
-0.979568 -0.087069  0.181288    -6.497595
>../../../../class1//leu1/data/domains/LIV_IM2//structures/LeuRS-B_AF_Euk_Thalassiosira_pseudonana_CCMP1335_gene7441753.pdb
-0.087001 -0.351093 -0.932290     1.869820
 0.635069 -0.740574  0.219630     0.333648
-0.767541 -0.572960  0.287398    -6.108198
>../../../../class1//leu1/data/domains/LIV_IM2//structures/LeuRS-B_AF_Mito_Homo_sapiens_gene23395.pdb
-0.143765 -0.773804  0.616894     5.274883
-0.706939 -0.355917 -0.611196    -6.729898
 0.692510 -0.523975 -0.495864    -3.162483
>../../../../class1//leu1/data/domains/LIV_IM2//structures/LeuRS-B_AF_Mito_Treponema_denticola_ATCC_35405_gene2739434.pdb
 0.786874  0.614075  0.061169     3.186418
-0.501175  0.693729 -0.517265    -3.555324
-0.360074  0.376366  0.853636    -6.283077
>../../../../class1//leu1/data/domains/LIV_IM2//structures/LeuRS-B_PDB_Bact_T_therm_2V0C.pdb
-0.016562  0.546060  0.837582     4.822363
-0.347273  0.782406 -0.516955    42.162700
-0.937618 -0.299432  0.176673     0.569930
>../../../../class1//val/data/domains/LIV_IM2//structures/ValRS_AF_Arch_Candidatus_Korarchaeum_cryptofilum_OPF8_gene6094666.pdb
-0.167454 -0.272185  0.947562     2.647446
-0.589121 -0.743035 -0.317545    -4.065899
 0.790503 -0.611403 -0.035926    -2.333006
>../../../../class1//val/data/domains/LIV_IM2//structures/ValRS_AF_Arch_Methanobacterium_paludis_gene10668809.pdb
 0.875688 -0.413141 -0.249971    -4.132953
 0.328121  0.888900 -0.319677    -7.701515
 0.354271  0.197917  0.913959    -2.690297
>../../../../class1//val/data/domains/LIV_IM2//structures/ValRS_AF_Arch_Thermoplasma_acidophilum_DSM_1728_gene1455707.pdb
-0.958977  0.278297  0.053989    -0.783193
 0.228128  0.644530  0.729752    -5.272339
 0.168290  0.712132 -0.681577    -3.797126
>../../../../class1//val/data/domains/LIV_IM2//structures/ValRS_AF_Arch_Thermosphaera_aggregans_DSM_11486_gene9166030.pdb
 0.595995  0.787091 -0.158990     0.841810
-0.398432  0.117966 -0.909580    -2.655822
-0.697167  0.605452  0.383909    -3.072938
>../../../../class1//val/data/domains/LIV_IM2//structures/ValRS_AF_Bact_Brucella_abortus_2308_gene3789053.pdb
 1.000000  0.000000  0.000000     0.000000
 0.000000  1.000000  0.000000     0.000000
 0.000000  0.000000  1.000000     0.000000
>../../../../class1//val/data/domains/LIV_IM2//structures/ValRS_AF_Bact_Chlamydia_psittaci_6BC_gene12243133.pdb
 0.998546 -0.014838 -0.051819    -2.042869
 0.012202  0.998634 -0.050814    -0.128563
 0.052502  0.050108  0.997363     3.826037
>../../../../class1//val/data/domains/LIV_IM2//structures/ValRS_AF_Bact_Corynebacterium_jeikeium_K411_gene3433539.pdb
-0.327190 -0.917609  0.225700    -1.133608
-0.859262  0.189519 -0.475133    -0.016206
 0.393212 -0.349395 -0.850475     7.027300
>../../../../class1//val/data/domains/LIV_IM2//structures/ValRS_AF_Bact_Lacticaseibacillus_paracasei_gene61269477.pdb
-0.213583 -0.832433  0.511311    -1.536506
-0.791179 -0.159637 -0.590383    -0.202648
 0.573078 -0.530634 -0.624508     4.923164
>../../../../class1//val/data/domains/LIV_IM2//structures/ValRS_AF_Bact_Mycoplasma_hyopneumoniae_168-L_gene57101556.pdb
-0.849146 -0.528096  0.008139     1.994194
-0.516242  0.826634 -0.223989    -1.805338
 0.111560 -0.194401 -0.974558     5.027869
>../../../../class1//val/data/domains/LIV_IM2//structures/ValRS_AF_Bact_Porphyromonas_gingivalis_ATCC_33277_gene29256433.pdb
 0.919093  0.393750 -0.015121     0.198252
-0.349075  0.795811 -0.494804    -3.152011
-0.182795  0.460049  0.868873     0.679161
>../../../../class1//val/data/domains/LIV_IM2//structures/ValRS_AF_Bact_Prochlorococcus_marinus_subsp_marinus_str_CCMP1375_gene54201173.pdb
-0.061469 -0.737150  0.672928    -1.429901
-0.639564 -0.488515 -0.593558    -0.358625
 0.766277 -0.466866 -0.441426     2.578224
>../../../../class1//val/data/domains/LIV_IM2//structures/ValRS_AF_Bact_Streptobacillus_moniliformis_DSM_12112_gene29673078.pdb
 0.136331  0.791949 -0.595173    -0.014416
-0.226892 -0.559852 -0.796923    -3.180869
-0.964331  0.243685  0.103362     4.518701
>../../../../class1//val/data/domains/LIV_IM2//structures/ValRS_AF_Euk_Arabidopsis_thaliana_gene838023.pdb
-0.848638 -0.525462 -0.060856     1.234592
-0.507631  0.841339 -0.185632    -3.203705
 0.148743 -0.126642 -0.980733    -2.667022
>../../../../class1//val/data/domains/LIV_IM2//structures/ValRS_AF_Euk_Giardia_intestinalis_gene5702288.pdb
-0.039185  0.688468  0.724207     0.377059
 0.198004 -0.705042  0.680963    -2.658010
 0.979418  0.170080 -0.108692    -3.812987
>../../../../class1//val/data/domains/LIV_IM2//structures/ValRS_AF_Euk_Plasmodium_knowlesi_strain_H_gene7322020.pdb
 0.968979 -0.128184 -0.211300    -2.010588
 0.130711  0.991418 -0.002023    -1.757720
 0.209746 -0.025659  0.977419    -5.074425
>../../../../class1//val/data/domains/LIV_IM2//structures/ValRS_AF_Euk_Trypanosoma_brucei_brucei_TREU927_gene3658082.pdb
 0.955190 -0.203634 -0.214815    -0.634941
 0.258941  0.926462  0.273161    -1.829454
 0.143393 -0.316545  0.937677    -1.285267
>../../../../class1//val/data/domains/LIV_IM2//structures/ValRS_AF_Mito_Falco_naumanni_gene121082178.pdb
 0.972287 -0.061545  0.225543     8.860740
 0.077561  0.995005 -0.062846    -0.365454
-0.220548  0.078598  0.972204    -9.947560
>../../../../class1//val/data/domains/LIV_IM2//structures/ValRS_AF_Mito_Oryza_sativa_Japonica_Group_gene4333799.pdb
-0.703126  0.497883  0.507667     0.347705
 0.506174 -0.150967  0.849115    -2.232410
 0.499401  0.854003 -0.145867    -0.448544
>../../../../class1//val/data/domains/LIV_IM2//structures/ValRS_PDB_Bact_T_therm_1GAX.pdb
-0.089458 -0.993315 -0.072950    52.331855
-0.986564  0.078321  0.143379    83.493875
-0.136707  0.084796 -0.986976    31.272531
