>structures/GluRS_AF_Bact_Bifidobacterium_animalis_subsp_lactis_BLC1_gene66532600.pdb
 0.952447  0.131100  0.275061    -0.508806
-0.014643  0.921359 -0.388436    -0.256740
-0.304354  0.365937  0.879465     1.767543
>structures/GluRS_AF_Bact_Chlamydia_psittaci_6BC_gene12242467.pdb
 0.927663 -0.009336  0.373302    -7.995986
-0.144932  0.912318  0.382976    -5.456833
-0.344146 -0.409376  0.844970     0.975853
>structures/GluRS_AF_Bact_[Eubacterium]_eligens_ATCC_27750_gene41357084.pdb
 0.960854 -0.262854 -0.087567    -1.908496
 0.274448  0.946286  0.170944     0.898330
 0.037930 -0.188285  0.981382     3.343067
>structures/GluRS_AF_Bact_Mycoplasma_hyopneumoniae_168-L_gene57101016.pdb
 0.978576 -0.142529 -0.148577    -1.802390
 0.153371  0.986081  0.064206    -0.588654
 0.137358 -0.085618  0.986814     2.224319
>structures/GluRS_AF_Bact_Paracoccus_denitrificans_PD1222_gene75500422.pdb
 0.954250 -0.162863 -0.250763    -1.664706
 0.213451  0.958328  0.189858     0.752827
 0.209393 -0.234697  0.949248     3.027479
>structures/GluRS_AF_Bact_Porphyromonas_gingivalis_ATCC_33277_gene29255772.pdb
-0.074981  0.077016  0.994206    -1.457022
 0.028446 -0.996442  0.079334    -0.044664
 0.996779  0.034230  0.072523     1.554402
>structures/GluRS_AF_Bact_Prochlorococcus_marinus_subsp_marinus_str_CCMP1375_gene54199839.pdb
-0.231224 -0.787414  0.571415    -1.186722
-0.837309 -0.138026 -0.529020     0.170190
 0.495427 -0.600773 -0.627394     2.719976
>structures/GluRS_AF_Bact_Treponema_pallidum_subsp_pertenue_str_SamoaD_gene57879197.pdb
 1.000000  0.000000  0.000000     0.000000
 0.000000  1.000000  0.000000     0.000000
 0.000000  0.000000  1.000000     0.000000
>structures/GluRS_AF_Euk_Arabidopsis_thaliana_gene836526.pdb
-0.957579 -0.287112 -0.024673    -2.613385
-0.283628  0.923882  0.256901    -2.985796
-0.050964  0.253001 -0.966123    -2.295512
>structures/GluRS_AF_Euk_Cryptococcus_neoformans_var_grubii_H99_gene23890400.pdb
 0.097684 -0.131286  0.986520     0.782046
-0.198978 -0.973823 -0.109894     1.503439
 0.975123 -0.185561 -0.121250     0.397643
>structures/GluRS_AF_Euk_Ostreococcus_tauri_proteinOUS48355.1.pdb
-0.940467  0.337327  0.041635    -4.996570
 0.261036  0.638394  0.724095     0.881859
 0.217677  0.691855 -0.688442    -1.331115
>structures/GluRS_AF_Euk_Plasmodium_knowlesi_strain_H_gene7321821.pdb
 0.994316  0.051885  0.092968    -1.959162
-0.052134  0.998640  0.000240    -1.514218
-0.092829 -0.005085  0.995669     0.844310
>structures/GluRS_AF_Mito_Cyanidioschyzon_merolae_strain_10D_gene16997617.pdb
-0.951964  0.298510  0.068240    -2.171172
 0.246964  0.616713  0.747445     1.491385
 0.181036  0.728393 -0.660809    -0.687007
>structures/GluRS_AF_Mito_Drosophila_melanogaster_gene39828.pdb
-0.973292 -0.196192  0.119209     0.529573
-0.161288  0.953908  0.253073    -3.444987
-0.163365  0.227087 -0.960075     2.579873
>structures/GluRS_PDB_Bact_T_therm_1J09.pdb
 0.253025 -0.239171  0.937430    -9.271420
-0.164080 -0.965532 -0.202054    36.499383
 0.953444 -0.102689 -0.283547   -32.567656
