>structures/PheRS-Bβ_AF_Bact_Brachyspira_pilosicoli_95_1000_gene56440382.pdb
-0.554844 -0.768219 -0.319356   -16.589297
-0.130418  0.459431 -0.878587    -7.897436
 0.821669 -0.445828 -0.355102    45.901354
>structures/PheRS-Bβ_AF_Bact_Chlamydia_psittaci_6BC_gene12242429.pdb
 0.724128  0.209533  0.657066   -20.897073
 0.556592 -0.740130 -0.377378    -6.902147
 0.407240  0.638987 -0.652573    42.869718
>structures/PheRS-Bβ_AF_Bact_Ferrimonas_balearica_DSM_9799_gene67181907.pdb
-0.330863  0.917841 -0.219312   -21.189664
 0.931577  0.354777  0.079360    -9.717971
 0.150647 -0.178048 -0.972422    45.375825
>structures/PheRS-Bβ_AF_Bact_Lacticaseibacillus_paracasei_gene61269867.pdb
-0.195240 -0.975074 -0.105413   -16.464262
-0.276437  0.157835 -0.947982    -8.568202
 0.940991 -0.155944 -0.300363    42.935748
>structures/PheRS-Bβ_AF_Bact_Mycobacterium_intracellulare_ATCC_13950_gene11909688.pdb
 0.330303  0.906093  0.264376   -20.488803
 0.934748 -0.352874  0.041556    -8.015809
 0.130945  0.233398 -0.963524    43.047715
>structures/PheRS-Bβ_AF_Bact_Mycoplasma_hyopneumoniae_168-L_gene57101148.pdb
 0.402878 -0.901517  0.157973   -15.405855
-0.284671 -0.287466 -0.914508   -13.809549
 0.869857  0.323465 -0.372450    40.541188
>structures/PheRS-Bβ_AF_Bact_Porphyromonas_gingivalis_ATCC_33277_gene29257179.pdb
 0.801125 -0.157132  0.577502   -19.656962
-0.382196  0.608235  0.695684    -8.956918
-0.460571 -0.778049  0.427217    46.300610
>structures/PheRS-Bβ_AF_Bact_Prochlorococcus_marinus_subsp_marinus_str_CCMP1375_gene54200309.pdb
 0.666240  0.145064  0.731492   -20.289517
 0.469031 -0.844107 -0.259794    -7.156816
 0.579771  0.516178 -0.630417    42.728578
>structures/PheRS-Bβ_PDB_Bact.B_E_coli_3PCO.pdb
 1.000000 -0.000000  0.000000     0.000000
 0.000000  1.000000  0.000000     0.000000
-0.000000  0.000000  1.000000     0.000000
>structures/PheRS-Bβ_PDB_Bact.B_T_thermophilus_1PYS.pdb
 0.243870 -0.135588  0.960283   -35.062760
-0.577005 -0.816140  0.031298    53.013349
 0.779482 -0.561721 -0.277267    79.528103
