>structures/CysRS_AF_Arch_Aciduliprofundum_boonei_T469_gene8827372.pdb
-0.928765  0.279185  0.243827    -3.427327
 0.355639  0.485752  0.798478     2.720553
 0.104484  0.828312 -0.550438    -1.186593
>structures/CysRS_AF_Arch_Candidatus_Nitrosopumilus_sediminis_gene13696907.pdb
-0.958397  0.216826  0.185639     2.627936
 0.283095  0.805205  0.521059    -2.449543
-0.036498  0.551935 -0.833088    -2.372762
>structures/CysRS_AF_Arch_Methanospirillum_hungatei_JF-1_gene3922979.pdb
-0.164491 -0.768881  0.617871    -2.436542
-0.902148 -0.136013 -0.409426     0.666909
 0.398838 -0.624758 -0.671272     3.900220
>structures/CysRS_AF_Arch_Pyrobaculum_ferrireducens_gene11593896.pdb
-0.117812 -0.567191  0.815116     2.389414
-0.678788 -0.553134 -0.483001     0.321389
 0.724823 -0.610194 -0.319837     0.067111
>structures/CysRS_AF_Bact_Bordetella_avium_197N_gene41394405.pdb
-0.470645 -0.855325  0.216594     1.263222
-0.765653  0.273920 -0.582016    -0.446013
 0.438484 -0.439759 -0.783801     0.311330
>structures/CysRS_AF_Bact_Lactobacillus_amylovorus_GRL1118_gene66523130.pdb
-0.222421 -0.776320  0.589793     1.127217
-0.852217 -0.139025 -0.504379     0.999181
 0.473555 -0.614816 -0.630671     0.917219
>structures/CysRS_AF_Bact_Mycobacterium_canettii_CIPT_140010059_gene45427568.pdb
 1.000000  0.000000  0.000000     0.000000
 0.000000  1.000000  0.000000     0.000000
 0.000000  0.000000  1.000000     0.000000
>structures/CysRS_AF_Bact_Mycoplasma_hyopneumoniae_168-L_gene57101512.pdb
-0.118358 -0.720426  0.683358    -0.344337
-0.738695 -0.396014 -0.545437    -0.926843
 0.663567 -0.569350 -0.485304     1.613711
>structures/CysRS_AF_Bact_Porphyromonas_gingivalis_ATCC_33277_gene29256960.pdb
-0.997797  0.032602  0.057775    -3.507155
 0.060791  0.797997  0.599588    -0.712084
-0.026557  0.601779 -0.798221    -2.436429
>structures/CysRS_AF_Bact_Prochlorococcus_marinus_subsp_marinus_str_CCMP1375_gene54200571.pdb
-0.026772 -0.203556  0.978697    -1.085662
-0.209038 -0.956263 -0.204608     0.085997
 0.977541 -0.210063 -0.016950     1.150136
>structures/CysRS_AF_Bact_Streptobacillus_moniliformis_DSM_12112_gene29673427.pdb
-0.778322  0.526202  0.342529    -3.473601
 0.455814  0.098368  0.884623     5.039764
 0.431796  0.844651 -0.316412     0.693650
>structures/CysRS_AF_Bact_Treponema_pallidum_subsp_pertenue_str_SamoaD_gene57878631.pdb
-0.979076  0.104571  0.174570    -4.503302
 0.192799  0.751132  0.631371     0.084228
-0.065102  0.651817 -0.755577    -0.375334
>structures/CysRS_AF_Euk_Arabidopsis_thaliana_gene833874.pdb
-0.141055 -0.812404  0.565776     2.919676
-0.712041 -0.313802 -0.628112     0.430133
 0.687823 -0.491455 -0.534202    -2.483001
>structures/CysRS_AF_Euk_Cyanidioschyzon_merolae_strain_10D_gene16993418.pdb
-0.140508 -0.112459  0.983672     8.370831
-0.012423 -0.993250 -0.115328     1.661085
 0.990002 -0.028424  0.138162    -4.964940
>structures/CysRS_AF_Euk_Drosophila_melanogaster_gene36784.pdb
-0.264278  0.374305  0.888849     2.049215
 0.217564 -0.874722  0.433043    -2.028579
 0.939587  0.307826  0.149734    -5.276121
>structures/CysRS_AF_Euk_Micromonas_commoda_gene8246535.pdb
 0.878498  0.435162  0.197169     3.349625
-0.194306  0.702479 -0.684666    -0.284831
-0.436447  0.563167  0.701681    -2.940152
>structures/CysRS_AF_Mito_Morone_saxatilis_gene118339815.pdb
-0.979130 -0.197386 -0.048408     2.441267
-0.190060  0.804939  0.562095     1.909994
-0.071984  0.559565 -0.825655     2.226517
>structures/CysRS_AF_Mito_Saccharomyces_cerevisiae_S288C_gene855474.pdb
-0.950232  0.248965 -0.187285     1.497043
-0.060350  0.442669  0.894652    -1.172404
 0.305643  0.861429 -0.405613    -4.469024
>structures/CysRS_PDB_Bact_E_coli_1LI5.pdb
 0.177683  0.383582  0.906253   -99.262035
-0.898224  0.439427 -0.009884    34.245089
-0.402023 -0.812262  0.422621    84.036675
>structures/CysRS_PDB_Bact_M_smegmatis_3C8Z.pdb
 0.438089 -0.660201 -0.610092   -33.163956
 0.218850 -0.579935  0.784716    23.086534
-0.871885 -0.477294 -0.109578    31.924336
