>structures/Cys_Bact_1LI5_E_coli.pdb
-0.352835 -0.205548 -0.912830   100.847683
-0.934776  0.034427  0.353565    56.991912
-0.041249  0.978041 -0.204288   -75.944118
>structures/Cys_Bact_3C8Z_M_smegmatis.pdb
-0.319910  0.540204  0.778355    38.293413
-0.169669 -0.840912  0.513886    32.756982
 0.932132  0.032334  0.360672   -23.723345
>structures/Cysteinyl.A.Candidatus_Thermoplasmatota.NC_013926.1.pdb
 0.966591 -0.253329 -0.039062     7.076601
 0.239510  0.838361  0.489679     4.165813
-0.091302 -0.482675  0.871027     0.216621
>structures/Cysteinyl.A.Crenarchaeota.NC_009033.1.pdb
 0.797648 -0.558602 -0.227424     5.489513
 0.453118  0.306163  0.837227     8.380628
-0.398048 -0.770862  0.497323    -1.860620
>structures/Cysteinyl.A.Euryarchaeota.NC_014297.1.pdb
 0.161095  0.895434 -0.415026     1.728472
-0.756382 -0.158114 -0.634733     3.136944
-0.633982  0.416171  0.651819    -2.996222
>structures/Cysteinyl.A.Thaumarchaeota.NC_018656.1.pdb
 1.000000  0.000000  0.000000     0.000000
 0.000000  1.000000  0.000000     0.000000
 0.000000  0.000000  1.000000     0.000000
>structures/Cysteinyl.B.Actinobacteria.NC_020990.1.pdb
-0.095576  0.598144 -0.795669     3.034236
-0.319515 -0.775466 -0.544576     4.275828
-0.942749  0.202180  0.265232    -3.011752
>structures/Cysteinyl.B.Chlamydiae.NC_017287.1.pdb
 0.817439 -0.562150 -0.125620     5.940666
 0.480279  0.544774  0.687425     6.316506
-0.318001 -0.622261  0.715309    -0.101197
>structures/Cysteinyl.B.Cyanobacteria.NC_005042.1.pdb
-0.094639  0.052868 -0.994107     4.058756
 0.256308 -0.963631 -0.075648     3.264083
-0.961951 -0.261956  0.077646    -2.288594
>structures/Cysteinyl.B.Firmicutes.NC_008525.1.pdb
-0.116560  0.285140 -0.951372     2.055506
-0.029862 -0.958475 -0.283610     4.068566
-0.992735 -0.004647  0.120234    -1.959677
>structures/Cysteinyl.B.Fusobacteria.NC_013515.1.pdb
 0.900044 -0.435050 -0.025544     7.871163
 0.369402  0.730505  0.574374     5.768417
-0.231222 -0.526397  0.818195     0.204260
>structures/Cysteinyl.B.Proteobacteria.NC_009379.1.pdb
-0.015677  0.823109 -0.567667     3.569894
-0.485180 -0.502681 -0.715481     4.304945
-0.874274  0.264204  0.407237    -2.128475
>structures/Cysteinyl.B.Spirochaetes.NC_002967.9.pdb
-0.724163  0.555267  0.408982     3.218081
 0.659001  0.382404  0.647677     3.295271
 0.203237  0.738543 -0.642844    -0.877137
>structures/Cysteinyl.E.Ascomycota.NC_012860.1.pdb
 0.900562 -0.409249 -0.146639    -1.832270
 0.272581  0.268806  0.923820     1.880247
-0.338654 -0.871928  0.353630     0.182243
>structures/Cysteinyl.E.Chlorophyta.NC_013046.1.pdb
-0.905343  0.107397 -0.410877    -0.123723
 0.014624  0.974806  0.222576     1.848905
 0.424429  0.195499 -0.884104     1.283097
>structures/Cysteinyl.E.Evosea.NC_007090.3.pdb
 0.942680 -0.328926 -0.056226    -2.725757
 0.303797  0.776233  0.552421     4.230253
-0.138061 -0.537838  0.831667     2.454844
>structures/Cysteinyl.E.Rhodophyta.NC_010131.1.pdb
-0.339153 -0.924201  0.175581     3.055558
-0.533370  0.035167 -0.845151     4.514175
 0.774914 -0.380285 -0.504868    -2.241956
