>structures/CysRS_AF_Arch_Aciduliprofundum_boonei_T469_gene8827372.pdb
-0.059925  0.169514 -0.983704     0.326438
 0.586048 -0.791780 -0.172142     3.930985
-0.808057 -0.586813 -0.051896    -5.383300
>structures/CysRS_AF_Arch_Candidatus_Nitrosopumilus_sediminis_gene13696907.pdb
-0.103984 -0.237350 -0.965843     2.453793
 0.704668 -0.702894  0.096867     1.105946
-0.701876 -0.670526  0.240343     1.916965
>structures/CysRS_AF_Arch_Methanospirillum_hungatei_JF-1_gene3922979.pdb
 0.944514 -0.226190 -0.238185     5.223008
 0.223436  0.973943 -0.038869     1.174914
 0.240770 -0.016507  0.970442    -6.356698
>structures/CysRS_AF_Arch_Pyrobaculum_ferrireducens_gene11593896.pdb
 0.997676  0.066677  0.014043     1.911107
-0.058000  0.939159 -0.338551    -0.506085
-0.035762  0.336949  0.940843    -1.308060
>structures/CysRS_AF_Bact_Bordetella_avium_197N_gene41394405.pdb
 0.913764 -0.381388 -0.139925     2.993032
 0.405030  0.828654  0.386372     0.181311
-0.031408 -0.409727  0.911667    -1.690641
>structures/CysRS_AF_Bact_Lactobacillus_amylovorus_GRL1118_gene66523130.pdb
 0.967571 -0.205125 -0.147408     2.209813
 0.207255  0.978286 -0.000929    -0.118599
 0.144397 -0.029652  0.989075    -2.981418
>structures/CysRS_AF_Bact_Mycobacterium_canettii_CIPT_140010059_gene45427568.pdb
-0.139216 -0.717439  0.682569     2.496143
-0.809643 -0.314410 -0.495606     1.385883
 0.570173 -0.621633 -0.537099    -2.621058
>structures/CysRS_AF_Bact_Mycoplasma_hyopneumoniae_168-L_gene57101512.pdb
 0.999447 -0.015673 -0.029341     4.475268
 0.011331  0.989700 -0.142707     0.849751
 0.031275  0.142296  0.989330    -2.918674
>structures/CysRS_AF_Bact_Porphyromonas_gingivalis_ATCC_33277_gene29256960.pdb
 0.073130 -0.164856 -0.983603     1.812591
 0.801791 -0.576806  0.156288     5.530597
-0.593113 -0.800073  0.089998    -2.761776
>structures/CysRS_AF_Bact_Prochlorococcus_marinus_subsp_marinus_str_CCMP1375_gene54200571.pdb
 0.820660  0.571411  0.002638     3.332774
-0.390537  0.564247 -0.727397     1.468232
-0.417131  0.595915  0.686212    -3.825019
>structures/CysRS_AF_Bact_Streptobacillus_moniliformis_DSM_12112_gene29673427.pdb
 0.063399  0.428511 -0.901309    -0.136807
 0.260737 -0.878871 -0.399503     2.289685
-0.963326 -0.209676 -0.167448    -7.736325
>structures/CysRS_AF_Bact_Treponema_pallidum_subsp_pertenue_str_SamoaD_gene57878631.pdb
-0.052800 -0.106601 -0.992899     2.859044
 0.757022 -0.652709  0.029821     5.050364
-0.651253 -0.750072  0.115162    -4.963615
>structures/CysRS_AF_Euk_Arabidopsis_thaliana_gene833874.pdb
 1.000000  0.000000  0.000000     0.000000
 0.000000  1.000000  0.000000     0.000000
 0.000000  0.000000  1.000000     0.000000
>structures/CysRS_AF_Euk_Cyanidioschyzon_merolae_strain_10D_gene16993418.pdb
 0.693964  0.718346  0.048912    -2.957577
-0.374093  0.417771 -0.827963    -3.446516
-0.615198  0.556279  0.558646     4.126348
>structures/CysRS_AF_Euk_Drosophila_melanogaster_gene36784.pdb
 0.507774  0.797435 -0.325979     0.431793
-0.325532 -0.172729 -0.929620     3.092273
-0.797618  0.578154  0.171884     3.014827
>structures/CysRS_AF_Euk_Micromonas_commoda_gene8246535.pdb
-0.289339 -0.176167  0.940876     0.143025
-0.441637 -0.847485 -0.294493     0.022529
 0.849258 -0.500734  0.167409     0.871757
>structures/CysRS_AF_Mito_Morone_saxatilis_gene118339815.pdb
 0.213142 -0.187384 -0.958883     2.644653
 0.888256 -0.371578  0.270057    -2.227456
-0.406904 -0.909295  0.087246    -3.332679
>structures/CysRS_AF_Mito_Saccharomyces_cerevisiae_S288C_gene855474.pdb
 0.363948  0.225057 -0.903820     0.556813
 0.634589 -0.770216  0.063746     2.788866
-0.681790 -0.596755 -0.423138     1.715460
>structures/CysRS_PDB_Bact_E_coli_1LI5.pdb
 0.347984 -0.924650  0.154691    49.910971
 0.337773 -0.030266 -0.940741    28.073497
 0.874538  0.379614  0.301789  -125.714091
>structures/CysRS_PDB_Bact_M_smegmatis_3C8Z.pdb
-0.812633  0.176882 -0.555283    12.356411
 0.008339  0.956258  0.292407     4.733565
 0.582716  0.232989 -0.778562   -53.047216
