>structures/CysRS_AF_Arch_Aciduliprofundum_boonei_T469_gene8827372.pdb
 0.209403 -0.145271 -0.966978    -0.696961
 0.840895 -0.477943  0.253901     5.693194
-0.499044 -0.866295  0.022075    -1.698872
>structures/CysRS_AF_Arch_Candidatus_Nitrosopumilus_sediminis_gene13696907.pdb
 0.218108 -0.479384 -0.850071    -0.266876
 0.911770 -0.210507  0.352650    -0.434195
-0.348000 -0.851985  0.391175     3.646557
>structures/CysRS_AF_Arch_Methanospirillum_hungatei_JF-1_gene3922979.pdb
 0.944091  0.194743 -0.266020     2.588930
-0.281181  0.896913 -0.341298     1.816531
 0.172131  0.397016  0.901526    -4.189607
>structures/CysRS_AF_Arch_Pyrobaculum_ferrireducens_gene11593896.pdb
 0.889459  0.427723 -0.160985    -1.279459
-0.414252  0.605779 -0.679284    -0.380056
-0.193024  0.670884  0.716001     0.083360
>structures/CysRS_AF_Bact_Bordetella_avium_197N_gene41394405.pdb
 1.000000  0.000000  0.000000     0.000000
 0.000000  1.000000  0.000000     0.000000
 0.000000  0.000000  1.000000     0.000000
>structures/CysRS_AF_Bact_Lactobacillus_amylovorus_GRL1118_gene66523130.pdb
 0.962717  0.211456 -0.168707    -0.806847
-0.259445  0.898317 -0.354563     0.614260
 0.076578  0.385114  0.919686    -1.263511
>structures/CysRS_AF_Bact_Mycobacterium_canettii_CIPT_140010059_gene45427568.pdb
-0.476398 -0.762164  0.438349     0.078265
-0.850973  0.274316 -0.447880     1.582288
 0.221112 -0.586392 -0.779265    -0.327403
>structures/CysRS_AF_Bact_Mycoplasma_hyopneumoniae_168-L_gene57101512.pdb
 0.913502  0.389077 -0.118885     1.681202
-0.391380  0.760665 -0.517891     0.485124
-0.111068  0.519624  0.847145    -1.088197
>structures/CysRS_AF_Bact_Porphyromonas_gingivalis_ATCC_33277_gene29256960.pdb
 0.411844 -0.360370 -0.836970     1.170144
 0.881085 -0.076903  0.466664     5.271758
-0.232537 -0.929634  0.285844     1.294284
>structures/CysRS_AF_Bact_Prochlorococcus_marinus_subsp_marinus_str_CCMP1375_gene54200571.pdb
 0.603017  0.732992 -0.314790     1.016912
-0.464535  0.001854 -0.885553     1.828100
-0.648520  0.680234  0.341619    -1.476035
>structures/CysRS_AF_Bact_Streptobacillus_moniliformis_DSM_12112_gene29673427.pdb
 0.200947  0.040220 -0.978776    -1.786785
 0.593423 -0.799959  0.088960     5.491511
-0.779403 -0.598705 -0.184616    -4.308057
>structures/CysRS_AF_Bact_Treponema_pallidum_subsp_pertenue_str_SamoaD_gene57878631.pdb
 0.282786 -0.338706 -0.897391     2.095154
 0.914112 -0.188256  0.359110     5.466544
-0.290571 -0.921867  0.256379    -1.241260
>structures/CysRS_AF_Euk_Arabidopsis_thaliana_gene833874.pdb
 0.913567  0.405526 -0.030718    -2.845428
-0.381745  0.829042 -0.408607     0.321155
-0.140235  0.385017  0.912193     1.906721
>structures/CysRS_AF_Euk_Cyanidioschyzon_merolae_strain_10D_gene16993418.pdb
 0.501335  0.806708 -0.312867    -7.104431
-0.322494 -0.161323 -0.932723    -3.015292
-0.802908  0.568504  0.179282     4.714367
>structures/CysRS_AF_Euk_Drosophila_melanogaster_gene36784.pdb
 0.358590  0.636529 -0.682821    -1.290928
-0.131478 -0.689737 -0.712023     1.425376
-0.924190  0.345100 -0.163644     5.705394
>structures/CysRS_AF_Euk_Micromonas_commoda_gene8246535.pdb
-0.468051 -0.490179  0.735291    -2.684756
-0.603647 -0.430336 -0.671134    -0.097219
 0.645398 -0.757981 -0.094475     2.668312
>structures/CysRS_AF_Mito_Morone_saxatilis_gene118339815.pdb
 0.569666 -0.292157 -0.768196    -1.266158
 0.819931  0.137752  0.555641    -1.165000
-0.056514 -0.946398  0.318021    -2.359841
>structures/CysRS_AF_Mito_Saccharomyces_cerevisiae_S288C_gene855474.pdb
 0.617331 -0.088949 -0.781659    -1.307191
 0.664144 -0.473648  0.578420     1.714887
-0.421681 -0.876211 -0.233323     4.488357
>structures/CysRS_AF_Vir_Megavirus_chiliensis_gene11257271.pdb
-0.201326 -0.133108  0.970438     1.915390
-0.314343 -0.929543 -0.192712     0.245398
 0.927716 -0.343848  0.145300     4.887272
>structures/CysRS_PDB_Bact_E_coli_1LI5.pdb
 0.427706 -0.866691 -0.256740    58.239157
-0.216834  0.177363 -0.959961    55.955801
 0.877525  0.466251 -0.112069  -108.785211
>structures/CysRS_PDB_Bact_M_smegmatis_3C8Z.pdb
-0.755526  0.544655 -0.364048    12.005934
 0.073604  0.622752  0.778950    21.577955
 0.650970  0.561722 -0.510594   -46.143876
