>structures/CysRS_AF_Arch_Aciduliprofundum_boonei_T469_gene8827372.pdb
 0.945835 -0.273204 -0.175372     0.259208
 0.316293  0.897232  0.308112     3.371310
 0.073171 -0.346893  0.935046     0.999758
>structures/CysRS_AF_Arch_Candidatus_Nitrosopumilus_sediminis_gene13696907.pdb
 0.975109 -0.179552 -0.130090    -6.193625
 0.169417  0.981849 -0.085268    -1.164844
 0.143038  0.061106  0.987829    -0.851272
>structures/CysRS_AF_Arch_Methanospirillum_hungatei_JF-1_gene3922979.pdb
 0.102173  0.776333 -0.621987    -1.197825
-0.475729 -0.510991 -0.715940     4.784982
-0.873637  0.369047  0.317115    -4.356586
>structures/CysRS_AF_Arch_Pyrobaculum_ferrireducens_gene11593896.pdb
 0.043075  0.554409 -0.831129    -5.638035
-0.107654 -0.824481 -0.555555     2.473933
-0.993255  0.113405  0.024170    -0.879993
>structures/CysRS_AF_Bact_Bordetella_avium_197N_gene41394405.pdb
 0.411777  0.881106 -0.232578    -4.825448
-0.360305 -0.077006 -0.929651     2.030591
-0.837030  0.466608  0.285757    -1.849277
>structures/CysRS_AF_Bact_Lactobacillus_amylovorus_GRL1118_gene66523130.pdb
 0.145558  0.788346 -0.597765    -4.243080
-0.397180 -0.506810 -0.765109     3.453655
-0.906124  0.348788  0.239345    -1.257408
>structures/CysRS_AF_Bact_Mycobacterium_canettii_CIPT_140010059_gene45427568.pdb
-0.997482  0.065657 -0.026801    -3.402283
 0.036370  0.798064  0.601474     2.192932
 0.060880  0.598985 -0.798443    -1.287284
>structures/CysRS_AF_Bact_Mycoplasma_hyopneumoniae_168-L_gene57101512.pdb
 0.062823  0.705079 -0.706340    -3.477289
-0.195888 -0.685260 -0.701460     2.400197
-0.978612  0.182432  0.095067    -3.332218
>structures/CysRS_AF_Bact_Porphyromonas_gingivalis_ATCC_33277_gene29256960.pdb
 1.000000  0.000000  0.000000     0.000000
 0.000000  1.000000  0.000000     0.000000
 0.000000  0.000000  1.000000     0.000000
>structures/CysRS_AF_Bact_Prochlorococcus_marinus_subsp_marinus_str_CCMP1375_gene54200571.pdb
-0.004537  0.143779 -0.989599    -2.517810
 0.425360 -0.895341 -0.132034     2.828655
-0.905013 -0.421535 -0.057096    -2.223242
>structures/CysRS_AF_Bact_Streptobacillus_moniliformis_DSM_12112_gene29673427.pdb
 0.788280 -0.547985 -0.279870     0.321704
 0.604738  0.605972  0.516808     6.287912
-0.113610 -0.576637  0.809062     0.993459
>structures/CysRS_AF_Bact_Treponema_pallidum_subsp_pertenue_str_SamoaD_gene57878631.pdb
 0.990431 -0.080705 -0.111954     1.064362
 0.086971  0.994839  0.052257     1.870467
 0.107159 -0.061493  0.992338    -1.341927
>structures/CysRS_AF_Euk_Arabidopsis_thaliana_gene833874.pdb
 0.073353  0.803510 -0.590754    -6.192059
-0.165103 -0.574393 -0.801757     1.270514
-0.983545  0.156346  0.090528     1.158207
>structures/CysRS_AF_Euk_Cyanidioschyzon_merolae_strain_10D_gene16993418.pdb
 0.119396  0.052708 -0.991447   -11.597474
 0.592159 -0.805317  0.028498     0.526940
-0.796926 -0.590497 -0.127364     4.007822
>structures/CysRS_AF_Euk_Drosophila_melanogaster_gene36784.pdb
 0.255293 -0.429687 -0.866138    -5.458453
 0.737995 -0.492155  0.461679    -2.852396
-0.624651 -0.757069  0.191463     1.527531
>structures/CysRS_AF_Euk_Micromonas_commoda_gene8246535.pdb
-0.876470 -0.401188 -0.266173    -6.666785
-0.381600  0.915968 -0.124033     0.556875
 0.293567 -0.007140 -0.955912     1.090439
>structures/CysRS_AF_Mito_Morone_saxatilis_gene118339815.pdb
 0.967877  0.231459  0.098183    -5.790413
-0.225896  0.972009 -0.064578     4.802889
-0.110382  0.040325  0.993071    -2.001550
>structures/CysRS_AF_Mito_Saccharomyces_cerevisiae_S288C_gene855474.pdb
 0.938814 -0.240624  0.246431    -4.923255
 0.109807  0.887253  0.448022    -1.702812
-0.326452 -0.393550  0.859388     1.242416
>structures/CysRS_AF_Vir_Megavirus_chiliensis_gene11257271.pdb
-0.583816 -0.786714  0.200596    -5.120444
-0.761587  0.445054 -0.471076    -3.160142
 0.281326 -0.427793 -0.858981    -1.993620
>structures/CysRS_PDB_Bact_E_coli_1LI5.pdb
-0.219648 -0.320089 -0.921574    94.442413
-0.951879 -0.136636  0.274329    77.647503
-0.213729  0.937483 -0.274674   -54.283693
>structures/CysRS_PDB_Bact_M_smegmatis_3C8Z.pdb
-0.398965  0.646785  0.649997    29.674154
-0.341545 -0.762667  0.549260    39.063928
 0.850984 -0.002868  0.525183   -14.831307
