>structures/Cys_Bact_1LI5_E_coli.pdb
-0.355383 -0.201157 -0.912819   100.731526
-0.933954  0.036865  0.355487    56.686259
-0.037858  0.978865 -0.200972   -76.462365
>structures/Cys_Bact_3C8Z_M_smegmatis.pdb
-0.309545  0.543880  0.779984    38.112914
-0.167618 -0.838638  0.518258    32.878597
 0.935995  0.029685  0.350761   -24.092271
>structures/Cysteinyl.A.Candidatus_Thermoplasmatota.NC_013926.1.pdb
 0.965312 -0.258632 -0.035818     7.199102
 0.242607  0.837754  0.489194     4.144838
-0.096515 -0.480914  0.871439     0.227641
>structures/Cysteinyl.A.Crenarchaeota.NC_009033.1.pdb
 0.793419 -0.564977 -0.226466     5.609429
 0.454634  0.302690  0.837667     8.391875
-0.404714 -0.767581  0.497018    -1.812184
>structures/Cysteinyl.A.Euryarchaeota.NC_014297.1.pdb
 0.159238  0.896980 -0.412396     1.848725
-0.756876 -0.157283 -0.634350     3.102030
-0.633862  0.413145  0.653857    -2.916418
>structures/Cysteinyl.A.Thaumarchaeota.NC_018656.1.pdb
 1.000000  0.000000  0.000000     0.000000
 0.000000  1.000000  0.000000     0.000000
 0.000000  0.000000  1.000000     0.000000
>structures/Cysteinyl.B.Actinobacteria.NC_020990.1.pdb
-0.104319  0.604532 -0.789721     3.281429
-0.326469 -0.770868 -0.546975     4.374874
-0.939434  0.200759  0.277777    -2.921382
>structures/Cysteinyl.B.Chlamydiae.NC_017287.1.pdb
 0.816761 -0.564439 -0.119626     6.040927
 0.475943  0.541896  0.692696     6.511452
-0.326159 -0.622702  0.711240    -0.080899
>structures/Cysteinyl.B.Cyanobacteria.NC_005042.1.pdb
-0.095253  0.050869 -0.994153     4.081188
 0.253347 -0.964569 -0.073629     3.345023
-0.962675 -0.258879  0.078990    -2.288708
>structures/Cysteinyl.B.Firmicutes.NC_008525.1.pdb
-0.127898  0.285838 -0.949705     2.240575
-0.034661 -0.958272 -0.283749     4.141932
-0.991181 -0.003373  0.132469    -1.807896
>structures/Cysteinyl.B.Fusobacteria.NC_013515.1.pdb
 0.897710 -0.440041 -0.021930     7.981457
 0.371650  0.729578  0.574101     5.747786
-0.236628 -0.523527  0.818490     0.241428
>structures/Cysteinyl.B.Proteobacteria.NC_009379.1.pdb
-0.016232  0.822525 -0.568498     3.575793
-0.485166 -0.503632 -0.714821     4.324388
-0.874271  0.264212  0.407236    -2.141023
>structures/Cysteinyl.B.Spirochaetes.NC_002967.9.pdb
-0.720963  0.558734  0.409912     3.272662
 0.662883  0.383646  0.642963     3.468119
 0.201985  0.735277 -0.646970    -0.900381
>structures/Cysteinyl.E.Ascomycota.NC_012860.1.pdb
 0.899769 -0.409311 -0.151266    -1.764606
 0.277671  0.269630  0.922062     1.825987
-0.336624 -0.871645  0.356258     0.128020
>structures/Cysteinyl.E.Chlorophyta.NC_013046.1.pdb
-0.904403  0.112564 -0.411564    -0.092736
 0.021170  0.975224  0.220206     2.025946
 0.426154  0.190442 -0.884378     1.280313
>structures/Cysteinyl.E.Evosea.NC_007090.3.pdb
 0.942948 -0.328662 -0.053198    -2.639419
 0.302295  0.778198  0.550477     4.213858
-0.139523 -0.535153  0.833154     2.430112
>structures/Cysteinyl.E.Rhodophyta.NC_010131.1.pdb
-0.337254 -0.925101  0.174494     3.091441
-0.534338  0.035502 -0.844525     4.525344
 0.775076 -0.378059 -0.506289    -2.214882
