>structures/His_Arch_1WU7_T_acidophilum.pdb
 0.759549  0.470758  0.448857   -61.250956
-0.619060  0.311402  0.720967   -56.473736
 0.199627 -0.825479  0.527952    -0.361433
>structures/His_Bact_1HTT_E_coli.pdb
 0.570192 -0.272609  0.774962    -5.954202
 0.708217 -0.314924 -0.631864    34.112142
 0.416306  0.909125  0.013499    -9.589979
>structures/His_Bact_4e51_B_thailandensis.pdb
 0.121269 -0.471369 -0.873559    39.910937
 0.991921  0.090550  0.088840    -5.296824
 0.037224 -0.877275  0.478542   -22.631695
>structures/Histidyl.A.Candidatus_Korarchaeota.NC_010482.1.pdb
-0.696968 -0.716139  0.037149     0.645769
-0.607641  0.562278 -0.560906     3.644015
 0.380799 -0.413507 -0.827045     0.498171
>structures/Histidyl.A.Candidatus_Thermoplasmatota.NC_002689.2.pdb
 1.000000  0.000000  0.000000     0.000000
 0.000000  1.000000  0.000000     0.000000
 0.000000  0.000000  1.000000     0.000000
>structures/Histidyl.A.Crenarchaeota.NC_000854.2.pdb
-0.624220 -0.752432  0.210227     0.122020
-0.625841  0.320539 -0.711040    -2.140371
 0.467623 -0.575414 -0.670990     1.049199
>structures/Histidyl.A.Euryarchaeota.NC_015680.1.pdb
-0.484317 -0.826927  0.285708     1.108476
-0.633762  0.106470 -0.766165    -2.873427
 0.603143 -0.552138 -0.575640     0.727972
>structures/Histidyl.B.Actinobacteria.NC_010572.1.pdb
-0.582142 -0.808510  0.086150     0.518392
-0.534279  0.300502 -0.790091     4.203700
 0.612909 -0.505973 -0.606905    -1.536798
>structures/Histidyl.B.Bacteroidota.NC_010729.1.pdb
-0.573755 -0.818632 -0.025411    -0.190501
-0.655545  0.477609 -0.584937     4.721079
 0.490985 -0.318952 -0.810681     0.808234
>structures/Histidyl.B.Chlamydiae.NC_002620.2.pdb
-0.320840 -0.799643  0.507575     2.244400
-0.581763 -0.256514 -0.771850    -0.132879
 0.747405 -0.542929 -0.382903     2.657069
>structures/Histidyl.B.Cyanobacteria.NC_005042.1.pdb
 0.065405 -0.435552 -0.897784    -0.764035
 0.447476 -0.791373  0.416526     8.231478
-0.891901 -0.428980  0.143139    -3.697680
>structures/Histidyl.B.Deinococcus-Thermus.NC_006461.1.pdb
-0.400475 -0.751930  0.523661     1.908108
-0.669910 -0.149650 -0.727204     0.172350
 0.625172 -0.642033 -0.443794     1.491363
>structures/Histidyl.B.Firmicutes.NC_015687.1.pdb
-0.887850 -0.449766 -0.097126    -0.116923
-0.414483  0.873409 -0.255658     2.783900
 0.199817 -0.186729 -0.961876     1.501235
>structures/Histidyl.B.Fusobacteria.NC_013515.1.pdb
-0.552831 -0.745287  0.372727    -0.649347
-0.636371  0.088828 -0.766252    -0.591444
 0.537969 -0.660800 -0.523386     2.865480
>structures/Histidyl.B.Proteobacteria.NC_005126.1.pdb
-0.411840 -0.792037  0.450628     0.488464
-0.639806 -0.100796 -0.761898    -0.071945
 0.648873 -0.602094 -0.465238     2.214716
>structures/Histidyl.B.Spirochaetes.NC_002967.9.pdb
 0.954601 -0.297657 -0.011720     0.287751
 0.285721  0.903775  0.318676    -0.082298
-0.084263 -0.307557  0.947791    -0.137567
>structures/Histidyl.E.Basidiomycota.NC_026498.1.pdb
 0.583718  0.807076 -0.088897     2.098507
-0.791525  0.541201 -0.283884     1.929048
-0.181005  0.236072  0.954729     0.457439
>structures/Histidyl.E.Chlorophyta.NC_014436.2.pdb
-0.085809 -0.303307  0.949021     1.698301
 0.123134 -0.948461 -0.291994     3.040035
 0.988673  0.091801  0.118734    -1.292120
>structures/Histidyl.E.Euglenozoa.NC_009414.2.pdb
 0.610524 -0.700502 -0.369537     4.601449
 0.625628  0.140453  0.767374     6.143301
-0.485644 -0.699693  0.524003    -0.943058
>structures/Histidyl.E.Evosea.NC_007087.3.pdb
-0.816244 -0.575007 -0.055789     0.327265
-0.498393  0.749725 -0.435336     5.852594
 0.292147 -0.327535 -0.898538     0.352114
