>structures/GluRS_AF_Bact_Bifidobacterium_animalis_subsp_lactis_BLC1_gene66532600.pdb
-0.964775  0.198375 -0.172790    -3.824861
 0.100879  0.885564  0.453431     2.926518
 0.242966  0.420028 -0.874382    -2.761944
>structures/GluRS_AF_Bact_Chlamydia_psittaci_6BC_gene12242467.pdb
-0.985279  0.157793 -0.065770     1.651135
-0.016380  0.295819  0.955103    -3.467473
 0.170165  0.942121 -0.288880    -6.286920
>structures/GluRS_AF_Bact_[Eubacterium]_eligens_ATCC_27750_gene41357084.pdb
-0.829717  0.429566  0.356430    -2.022199
 0.527062  0.392688  0.753659     4.368753
 0.183781  0.813184 -0.552228    -3.149588
>structures/GluRS_AF_Bact_Mycoplasma_hyopneumoniae_168-L_gene57101016.pdb
-0.849950  0.373705  0.371388    -2.611670
 0.523680  0.521868  0.673359     2.600719
 0.057822  0.766810 -0.639264    -3.379648
>structures/GluRS_AF_Bact_Paracoccus_denitrificans_PD1222_gene75500422.pdb
-0.796431  0.354599  0.489855    -2.197834
 0.602467  0.395254  0.693403     4.068098
 0.052262  0.847369 -0.528426    -2.949970
>structures/GluRS_AF_Bact_Porphyromonas_gingivalis_ATCC_33277_gene29255772.pdb
 0.295202 -0.324819 -0.898526    -2.942971
 0.682725 -0.586182  0.436208     2.597495
-0.668388 -0.742216  0.048720    -2.506548
>structures/GluRS_AF_Bact_Prochlorococcus_marinus_subsp_marinus_str_CCMP1375_gene54199839.pdb
 0.112392  0.571847 -0.812625    -2.929285
-0.264142 -0.771189 -0.579221     3.609101
-0.957913  0.279748  0.064374    -3.154131
>structures/GluRS_AF_Bact_Treponema_pallidum_subsp_pertenue_str_SamoaD_gene57879197.pdb
-0.940334  0.263692  0.215030    -4.620525
 0.337229  0.638212  0.692071     2.041314
 0.045259  0.723292 -0.689057    -1.329953
>structures/GluRS_AF_Euk_Arabidopsis_thaliana_gene836526.pdb
 0.818049  0.563750 -0.113940    -3.374752
-0.533009  0.668653 -0.518463    -2.374211
-0.216098  0.484859  0.847475    -2.062723
>structures/GluRS_AF_Euk_Cryptococcus_neoformans_var_grubii_H99_gene23890400.pdb
 0.067771 -0.168749 -0.983326    -4.898494
 0.581886 -0.793920  0.176348     3.514995
-0.810442 -0.584135  0.044388    -0.493668
>structures/GluRS_AF_Euk_Ostreococcus_tauri_proteinOUS48355.1.pdb
 1.000000  0.000000  0.000000     0.000000
 0.000000  1.000000  0.000000     0.000000
 0.000000  0.000000  1.000000     0.000000
>structures/GluRS_AF_Euk_Plasmodium_knowlesi_strain_H_gene7321821.pdb
-0.967907  0.213788  0.132104    -2.998201
 0.241798  0.648976  0.721362     1.019782
 0.068486  0.730154 -0.679842    -3.098760
>structures/GluRS_AF_Mito_Cyanidioschyzon_merolae_strain_10D_gene16997617.pdb
 0.999039  0.042502 -0.010705    -2.392301
-0.042015  0.998227  0.042154     1.805783
 0.012478 -0.041664  0.999054     0.101617
>structures/GluRS_AF_Mito_Drosophila_melanogaster_gene39828.pdb
 0.837304  0.483905 -0.254476    -5.475826
-0.544804  0.699348 -0.462710     1.807157
-0.045940  0.526068  0.849201    -5.592145
>structures/GluRS_PDB_Bact_T_therm_1J09.pdb
-0.082035 -0.048519 -0.995448     6.988170
 0.633935 -0.773249 -0.014554     0.221515
-0.769023 -0.632243  0.094192    47.191695
