>../../../../class2//asn/data/domains/Subclass_2b_IM_2//structures/AsnRS_AF_Arch_Candidatus_Korarchaeum_cryptofilum_OPF8_gene6094562.pdb
-0.492221  0.808076  0.323623     1.813040
 0.799399  0.272496  0.535450     1.504943
 0.344498  0.522264 -0.780104    -2.379813
>../../../../class2//asp1/data/domains/Subclass_2b_IM_2//structures/AspRS_AF_Bact_Bacillus_anthracis_str_Ames_Ancestor_gene45024275.pdb
-0.532746  0.318445  0.784075     7.905649
 0.846217  0.211333  0.489137     7.193437
-0.009937  0.924084 -0.382061    -4.395826
>../../../../class2//asp2/data/domains/Subclass_2b_IM_2//structures/AsxRS_AF_Euk_Caenorhabditis_elegans_gene176334.pdb
 1.000000 -0.000000  0.000000     0.000000
 0.000000  1.000000  0.000000     0.000000
-0.000000  0.000000  1.000000     0.000000
>../../../../class2//lys/data/domains/Subclass_2b_IM_2//structures/LysRS-II_AF_Arch_Aciduliprofundum_boonei_T469_gene8827564.pdb
 0.981979 -0.170497 -0.081529     1.890317
 0.178018  0.979319  0.096145    -1.902979
 0.063450 -0.108926  0.992023    -1.101757
