>../../../../class2//asn/data/domains/Subclass_2b_IM_2//structures/AsnRS_AF_Arch_Candidatus_Korarchaeum_cryptofilum_OPF8_gene6094562.pdb
 1.000000 -0.000000  0.000000     0.000000
 0.000000  1.000000  0.000000     0.000000
-0.000000  0.000000  1.000000     0.000000
>../../../../class2//asp1/data/domains/Subclass_2b_IM_2//structures/AspRS_AF_Bact_Bacillus_anthracis_str_Ames_Ancestor_gene45024275.pdb
 0.933619  0.330760 -0.137669     0.995968
-0.195898  0.793035  0.576819     5.253186
 0.299965 -0.511560  0.805188     6.576369
>../../../../class2//asp2/data/domains/Subclass_2b_IM_2//structures/AsxRS_AF_Euk_Caenorhabditis_elegans_gene176334.pdb
-0.485771  0.804565  0.341616     0.339238
 0.811388  0.269711  0.518561    -0.814382
 0.325079  0.529085 -0.783832    -3.386557
>../../../../class2//lys/data/domains/Subclass_2b_IM_2//structures/LysRS-II_AF_Arch_Aciduliprofundum_boonei_T469_gene8827564.pdb
-0.332626  0.812041  0.479531    -1.497684
 0.867499  0.064036  0.493300     0.327379
 0.369872  0.580077 -0.725745    -2.310153
