>structures/SerRS-A_AF_Arch_Conexivisphaera_calida_protein1635512986.pdb
-0.762938  0.396800  0.510368    46.432564
 0.531590  0.834326  0.145991    -1.981946
-0.367884  0.382688 -0.847473    84.029961
>structures/SerRS-A_AF_Arch_Ignisphaera_aggregans_protein304378874.pdb
-0.342445  0.451422  0.823984    45.840785
 0.916616 -0.032021  0.398485    -1.425768
 0.206270  0.891736 -0.402815    82.029219
>structures/SerRS-A_AF_Arch_Methanosarcina_barkeri_protein805401349.pdb
-0.878044 -0.459410  0.134095    48.578910
-0.430654  0.636249 -0.640097    -0.783363
 0.208749 -0.619782 -0.756501    83.454462
>structures/SerRS-A_AF_Arch_Unclassified_Thermoplasmata_protein1635512986.pdb
-0.844340  0.264107  0.466195    49.375128
 0.305677  0.952028  0.014282    -2.701760
-0.440059  0.154564 -0.884567    83.507515
>structures/SerRS-A_PDB_Arch_M_barkeri_2cim.pdb
 0.999609 -0.003023 -0.027811     2.460543
 0.002052  0.999390 -0.034858     2.569103
 0.027900  0.034787  0.999005    -0.630472
>structures/SerRS-A_PDB_Arch_M_barkeri_2cjb.pdb
 1.000000  0.000000  0.000000     0.000000
 0.000000  1.000000  0.000000     0.000000
 0.000000  0.000000  1.000000     0.000000
