>structures/SerRS-A_AF_Arch_Conexivisphaera_calida_protein1635512986.pdb
 0.355815 -0.630722 -0.689627     2.470953
 0.921280  0.112781  0.372188    -0.286174
-0.156970 -0.767770  0.621201     0.091290
>structures/SerRS-A_AF_Arch_Ignisphaera_aggregans_protein304378874.pdb
-0.055250 -0.192341 -0.979772     2.336152
 0.616302 -0.778605  0.118096     1.671897
-0.785570 -0.597310  0.161558     1.126189
>structures/SerRS-A_AF_Arch_Methanosarcina_barkeri_protein805401349.pdb
 1.000000  0.000000  0.000000     0.000000
 0.000000  1.000000  0.000000     0.000000
 0.000000  0.000000  1.000000     0.000000
>structures/SerRS-A_AF_Arch_Unclassified_Thermoplasmata_protein1635512986.pdb
 0.510378 -0.611537 -0.604596     0.030462
 0.859489  0.385785  0.335334    -1.710712
 0.028175 -0.690791  0.722505     1.322460
>structures/SerRS-A_PDB_Arch_M_barkeri_2cjb.pdb
-0.878044 -0.430654  0.208749    24.896026
-0.459410  0.636249 -0.619782    74.539605
 0.134095 -0.640097 -0.756501    56.117791
