>../../../../class1/glu2//data/domains/Catalytic_domain/structures/GlxRS_AF_Arch_Candidatus_Korarchaeum_cryptofilum_OPF8_gene6094352.pdb
 0.571998 -0.487200  0.659890    -3.063231
-0.550579 -0.824378 -0.131395    -4.597562
 0.608014 -0.288163 -0.739784     8.211166
>../../../../class1/glu2//data/domains/Catalytic_domain/structures/GlxRS_AF_Arch_Methanothrix_soehngenii_GP6_gene10459943.pdb
-0.842025  0.403098 -0.358478    -5.117541
 0.103479  0.772896  0.626038    -4.724341
 0.529421  0.490044 -0.692510     5.332193
>../../../../class1/glu2//data/domains/Catalytic_domain/structures/GlxRS_AF_Arch_Nitrosopumilus_maritimus_SCM1_gene5773999.pdb
 0.542919 -0.839760  0.006521    -5.010922
 0.789795  0.513225  0.335892    -2.899734
-0.285416 -0.177212  0.941878     6.749408
>../../../../class1/glu2//data/domains/Catalytic_domain/structures/GlxRS_AF_Arch_Sulfolobus_islandicus_LAL14_1_gene15298417.pdb
 0.386104  0.900242  0.201216    -2.859609
-0.207824  0.297415 -0.931855    -8.387702
-0.898740  0.317975  0.301925     4.032064
>../../../../class1/glu2//data/domains/Catalytic_domain/structures/GlxRS_AF_Euk_Cyathus_striatus_proteinKAF9013924.1.pdb
-0.440593  0.893609  0.085674    -8.717493
 0.293325  0.053108  0.954536    -2.695062
 0.848433  0.445693 -0.285518    14.261431
>../../../../class1/glu2//data/domains/Catalytic_domain/structures/GlxRS_AF_Euk_Lichtheimia_hyalospora_proteinKAI7879902.1.pdb
 0.266870  0.585331  0.765617    -7.662992
 0.059811 -0.802956  0.593029   -11.612199
 0.961875 -0.112469 -0.249294     8.011052
>../../../../class1/glu2//data/domains/Catalytic_domain/structures/GlxRS_AF_Euk_Medicago_truncatula_gene11407510.pdb
-0.051894  0.959871  0.275598    -0.962005
 0.247324 -0.255020  0.934770    -4.964466
 0.967542  0.116671 -0.224166    15.001182
>../../../../class1/glu2//data/domains/Catalytic_domain/structures/GlxRS_AF_Euk_Xylariaceae_sp_FL0804_proteinKAI0483267.1.pdb
-0.174423  0.929038 -0.326290   -10.615091
-0.125708 -0.349668 -0.928402   -12.147920
-0.976614 -0.120918  0.177777     4.904940
>../../../../class1/glu2//data/domains/Catalytic_domain/structures/GlxRS_PDB_Arch_M_thermau_3AII.pdb
-0.164678  0.362513  0.917314   -76.145650
-0.882394  0.361432 -0.301244    -1.177920
-0.440751 -0.859041  0.260360    23.375167
>../../../../class1/trp2//data/domains/Catalytic_domain/structures/TrpRS-B_AF_Bact_Anoxybacillus_flavithermus_WK1_gene7038388.pdb
-0.206109  0.069178 -0.976081    -2.437403
 0.493865 -0.853780 -0.164794     4.743219
-0.844759 -0.516017  0.141807    -2.671673
>../../../../class1/trp2//data/domains/Catalytic_domain/structures/TrpRS-B_AF_Bact_Brachyspira_pilosicoli_95_1000_gene56440833.pdb
-0.958923  0.275870 -0.066050     0.862245
 0.093096  0.526002  0.845372     0.140022
 0.267955  0.804498 -0.530078    -1.019723
>../../../../class1/trp2//data/domains/Catalytic_domain/structures/TrpRS-B_AF_Bact_Helicobacter_cinaedi_PAGU611_gene66538868.pdb
-0.110994 -0.241281 -0.964087    -1.882616
 0.662141 -0.741364  0.109309     5.394243
-0.741114 -0.626229  0.242049    -1.908051
>../../../../class1/trp2//data/domains/Catalytic_domain/structures/TrpRS-B_AF_Bact_Mycoplasma_hyopneumoniae_168-L_gene57101461.pdb
-0.072655 -0.358103 -0.930851    -0.892035
 0.810549 -0.565032  0.154106     4.841815
-0.581146 -0.743304  0.331312    -0.020830
>../../../../class1/trp2//data/domains/Catalytic_domain/structures/TrpRS-B_AF_Bact_Porphyromonas_gingivalis_ATCC_33277_gene29255389.pdb
 1.000000  0.000000  0.000000     0.000000
 0.000000  1.000000  0.000000     0.000000
 0.000000  0.000000  1.000000     0.000000
>../../../../class1/trp2//data/domains/Catalytic_domain/structures/TrpRS-B_AF_Bact_Prochlorococcus_marinus_subsp_marinus_str_CCMP1375_gene54200405.pdb
 0.110976 -0.562161  0.819548     4.392444
-0.724285 -0.610415 -0.320632    -2.485510
 0.680511 -0.558004 -0.474906     2.664230
>../../../../class1/trp2//data/domains/Catalytic_domain/structures/TrpRS-B_AF_Bact_Streptomyces_albidoflavus_gene15147734.pdb
 0.895009 -0.382152 -0.230041     0.428784
 0.439390  0.844131  0.307211     0.883614
 0.076783 -0.376034  0.923419    -1.378477
>../../../../class1/trp2//data/domains/Catalytic_domain/structures/TrpRS-B_AF_Bact_Thermus_thermophilus_HB8_gene3168998.pdb
 0.082098 -0.124380  0.988832     0.032601
-0.236375 -0.966302 -0.101921     0.210794
 0.968187 -0.225367 -0.108732    -1.005325
>../../../../class1/trp2//data/domains/Catalytic_domain/structures/TrpRS-B_AF_Mito_Bufo_gargarizans_gene122922343.pdb
-0.223066  0.439377  0.870166    -0.062204
 0.311633 -0.813672  0.490738    -0.399359
 0.923648  0.380639  0.044578    -0.171839
>../../../../class1/trp2//data/domains/Catalytic_domain/structures/TrpRS-B_AF_Mito_Cyanidioschyzon_merolae_strain_10D_gene16992222.pdb
-0.889779  0.456320  0.008105    -4.990851
 0.274076  0.520052  0.808967     2.435976
 0.364933  0.722024 -0.587798    -2.434783
>../../../../class1/trp2//data/domains/Catalytic_domain/structures/TrpRS-B_PDB_Bact_G_stearo_1I6M.pdb
 0.422350 -0.842181  0.335189   -19.657790
-0.892267 -0.321159  0.317359    43.389445
-0.159625 -0.433115 -0.887092    52.507236
>../../../../class1/trp2//data/domains/Catalytic_domain/structures/TrpRS-B_PDB_Bact_Y_pestis_3N9I.pdb
-0.713957  0.699322 -0.034844   -25.923385
 0.001503  0.051294  0.998682   -19.674122
 0.700188  0.712964 -0.037672   -75.192759
