>../../../../class2/sep//data/domains/Catalytic_domain/structures/SepRS_AF_Arch_Methanothrix_thermoacetophila_PT_gene4462697.pdb
-0.515781 -0.766087  0.383510    18.695364
-0.785812  0.244721 -0.567989     7.633424
 0.341276 -0.594324 -0.728223   -18.536437
>../../../../class2/sep//data/domains/Catalytic_domain/structures/SepRS_AF_Arch_unclassified_Candidatus_Bathyarchaeota_proteinUCD26266.1.pdb
 0.227437  0.069867 -0.971283    19.862771
 0.927777 -0.318533  0.194337    14.158330
-0.295808 -0.945333 -0.137267   -12.726144
>../../../../class2/sep//data/domains/Catalytic_domain/structures/SepRS_AF_Arch_unclassified_Lokiarchaeota_proteinTFF69421.1.pdb
 0.981106  0.026301 -0.191673    23.228393
-0.004424  0.993508  0.113680    11.736654
 0.193418 -0.110684  0.974853   -10.866612
>../../../../class2/sep//data/domains/Catalytic_domain/structures/SepRS_AF_Arch_unclassified_Thermoprotei_proteinRLF12424.1.pdb
-0.001242  0.495787 -0.868443    18.244249
-0.011831 -0.868390 -0.495740    13.471989
-0.999929  0.009659  0.006945   -16.922499
>../../../../class2/sep//data/domains/Catalytic_domain/structures/SepRS_PDB_Arch_2DU4_A_fulgidus.pdb
-0.205048 -0.752902 -0.625376    62.117383
-0.832758 -0.201520  0.515658    55.842931
-0.514266  0.626521 -0.585664   -52.202527
>../../../../class2/sep//data/domains/Catalytic_domain/structures/SepRS_PDB_Arch_2ODR_M_maripadulis.pdb
 0.524204 -0.421830 -0.739776     9.597912
-0.274235  0.738806 -0.615599    38.643064
 0.806229  0.525572  0.271605   -86.167484
>../../../../class2/ser2//data/domains/Catalytic_domain/structures/SerRS-A_AF_Arch_Conexivisphaera_calida_protein1635512986.pdb
 0.665525  0.712969 -0.220798    -0.244982
-0.693492  0.481321 -0.536095     2.079617
-0.275945  0.509906  0.814770    -0.523414
>../../../../class2/ser2//data/domains/Catalytic_domain/structures/SerRS-A_AF_Arch_Ignisphaera_aggregans_protein304378874.pdb
 0.999958  0.007820  0.004822     0.103348
-0.007771  0.999919 -0.010041     0.029421
-0.004900  0.010004  0.999938     0.009159
>../../../../class2/ser2//data/domains/Catalytic_domain/structures/SerRS-A_AF_Arch_Methanosarcina_barkeri_protein805401349.pdb
-0.059648  0.608558 -0.791265     0.132661
-0.179863 -0.786255 -0.591146     2.438623
-0.981882  0.107058  0.156355     1.876556
>../../../../class2/ser2//data/domains/Catalytic_domain/structures/SerRS-A_AF_Arch_Unclassified_Thermoplasmata_protein1635512986.pdb
 0.469945  0.817363 -0.333271    -1.999461
-0.784171  0.213249 -0.582753     2.959908
-0.405251  0.535203  0.741167     1.858104
>../../../../class2/ser2//data/domains/Catalytic_domain/structures/SerRS-A_PDB_Arch_M_barkeri_2cim.pdb
-0.327549  0.925611  0.189621     0.786555
 0.471393 -0.013835  0.881815   -93.341479
 0.818841  0.378223 -0.431795    -1.721172
>../../../../class2/ser2//data/domains/Catalytic_domain/structures/SerRS-A_PDB_Arch_M_barkeri_2cjb.pdb
-0.337487  0.916600  0.214352    -0.734868
 0.445347 -0.045144  0.894219   -93.848994
 0.829318  0.397248 -0.392970    -5.218514
