>../../../../class2/sep//data/domains/Catalytic_domain/structures/Sep_Arch_2DU4_A_fulgidus.pdb
-0.299973  0.168943 -0.938869    50.123551
-0.791482  0.505321  0.343811     7.563390
 0.532515  0.846232 -0.017868   -40.113818
>../../../../class2/sep//data/domains/Catalytic_domain/structures/Sep_Arch_2DU6_A_fulgidus.pdb
-0.307402  0.177658 -0.934849    49.831476
-0.789588  0.500678  0.354785     7.933429
 0.531088  0.847207 -0.013633   -39.583822
>../../../../class2/sep//data/domains/Catalytic_domain/structures/Sep_Arch_2ODR_M_maripadulis.pdb
 1.000000  0.000000  0.000000     0.000000
 0.000000  1.000000  0.000000     0.000000
 0.000000  0.000000  1.000000     0.000000
>../../../../class2/ser2//data/domains/Catalytic_domain/structures/Ser_Arch_2cim_M_barkeri.pdb
 0.342332  0.787562 -0.512401   102.297478
 0.926366 -0.191774  0.324142   -48.133334
 0.157017 -0.585635 -0.795222   110.880255
>../../../../class2/ser2//data/domains/Catalytic_domain/structures/Ser_Arch_2cjb_M_barkeri.pdb
 0.353762  0.808484 -0.470325    98.681283
 0.915273 -0.195635  0.352140   -50.368699
 0.192688 -0.555049 -0.809192   110.767469
