>../../../../class2/his//data/domains/Catalytic_domain/structures/HisRS_AF_Arch_Candidatus_Methanomassiliicoccus_intestinalis_Issoire-Mx1_gene16154026.pdb
 0.799285 -0.587354 -0.127115   -10.822846
 0.449969  0.725137 -0.521252     1.600267
 0.398336  0.359432  0.843883     5.243239
>../../../../class2/his//data/domains/Catalytic_domain/structures/HisRS_AF_Arch_Candidatus_Nitrosopumilus_koreensis_AR1_gene13725657.pdb
-0.643637 -0.726006  0.242171   -13.129296
-0.544324  0.656686  0.521991    -1.091887
-0.537999  0.204153 -0.817850     3.853405
>../../../../class2/his//data/domains/Catalytic_domain/structures/HisRS_AF_Arch_Desulfurococcus_amylolyticus_1221n_gene7171287.pdb
-0.714579  0.606115  0.349286   -15.886107
-0.063631 -0.553544  0.830386    -0.288815
 0.696655  0.571151  0.434119     4.170405
>../../../../class2/his//data/domains/Catalytic_domain/structures/HisRS_AF_Arch_Methanoregula_formicica_SMSP_gene14310605.pdb
 0.512675 -0.745433 -0.426021   -12.427620
 0.684237  0.654456 -0.321726     2.213530
 0.518637 -0.126558  0.845576     7.517199
>../../../../class2/his//data/domains/Catalytic_domain/structures/HisRS_AF_Bact_Chlamydia_muridarum_str_Nigg_gene1246198.pdb
-0.350028 -0.851964  0.389407   -13.647987
-0.932033  0.358369 -0.053723     1.042544
-0.093782 -0.381745 -0.919498     2.541155
>../../../../class2/his//data/domains/Catalytic_domain/structures/HisRS_AF_Bact_Lacticaseibacillus_paracasei_gene61269730.pdb
-0.977441 -0.200661 -0.065918   -18.215570
-0.142442  0.395829  0.907210     2.111918
-0.155949  0.896133 -0.415481     1.471361
>../../../../class2/his//data/domains/Catalytic_domain/structures/HisRS_AF_Bact_Paracoccus_denitrificans_PD1222_gene75501415.pdb
-0.609351  0.501740  0.613961   -13.302103
-0.072605 -0.806378  0.586926    -0.854596
 0.789569  0.313068  0.527796     4.073169
>../../../../class2/his//data/domains/Catalytic_domain/structures/HisRS_AF_Bact_Prochlorococcus_marinus_subsp_marinus_str_CCMP1375_gene54200127.pdb
-0.439705  0.728897  0.524755   -16.471460
-0.241170 -0.658630  0.712772     3.195657
 0.865157  0.186855  0.465391     9.615687
>../../../../class2/his//data/domains/Catalytic_domain/structures/HisRS_AF_Bact_Streptobacillus_moniliformis_DSM_12112_gene29674169.pdb
-0.971687 -0.230661 -0.051176   -18.536916
-0.163859  0.501845  0.849295    -0.140067
-0.170217  0.833635 -0.525432     0.986558
>../../../../class2/his//data/domains/Catalytic_domain/structures/HisRS_AF_Bact_Streptomyces_albidoflavus_gene15149169.pdb
-0.844022 -0.479680 -0.239862   -13.709660
-0.439903  0.363372  0.821247     1.383353
-0.306776  0.798667 -0.517706     4.466376
>../../../../class2/his//data/domains/Catalytic_domain/structures/HisRS_AF_Bact_Thermus_thermophilus_HB8_gene3168691.pdb
-0.998903 -0.017273  0.043536   -17.117781
 0.035431  0.329244  0.943580     2.698243
-0.030632  0.944087 -0.328271     1.501595
>../../../../class2/his//data/domains/Catalytic_domain/structures/HisRS_AF_Bact_Treponema_denticola_ATCC_35405_gene2741405.pdb
 0.162488 -0.335508  0.927918   -13.493901
-0.986709 -0.056785  0.152251     2.712121
 0.001611 -0.940324 -0.340275     4.756946
>../../../../class2/his//data/domains/Catalytic_domain/structures/HisRS_AF_Euk_Arabidopsis_thaliana_gene823753.pdb
-0.846479 -0.494606 -0.197074   -14.138657
-0.382090  0.306552  0.871798     0.403702
-0.370783  0.813259 -0.448474     4.115566
>../../../../class2/his//data/domains/Catalytic_domain/structures/HisRS_AF_Euk_Cryptococcus_gattii_WM276_gene10186972.pdb
 0.165375  0.913267 -0.372284   -15.331455
 0.319210 -0.406728 -0.855966     0.126980
-0.933143  0.022719 -0.358786     4.229496
>../../../../class2/his//data/domains/Catalytic_domain/structures/HisRS_AF_Euk_Plasmodium_falciparum_3D7_gene812010.pdb
-0.606259 -0.359516  0.709365     0.177996
 0.126228  0.837173  0.532173    -3.847629
-0.785186  0.412176 -0.462163     6.820113
>../../../../class2/his//data/domains/Catalytic_domain/structures/HisRS_AF_Euk_Platysiphonia_delicata_gene33353157.pdb
-0.973257 -0.218531 -0.070811   -20.187132
-0.161817  0.433398  0.886556     1.067866
-0.163051  0.874306 -0.457169     0.845183
>../../../../class2/his//data/domains/Catalytic_domain/structures/HisRS_AF_Mito_Fusarium_fujikuroi_IMI_58289_gene35396474.pdb
-0.410876 -0.872713  0.263728   -14.116018
-0.772547  0.486884  0.407572    -3.749353
-0.484098 -0.036281 -0.874261    -0.559137
>../../../../class2/his//data/domains/Catalytic_domain/structures/HisRS_AF_Mito_Rattus_rattus_gene116884285.pdb
 0.723175 -0.690555 -0.012295   -16.630649
 0.657561  0.693850 -0.293573    -1.953737
 0.211259  0.204220  0.955857     4.200165
>../../../../class2/his//data/domains/Catalytic_domain/structures/HisRS_PDB_Arch_T_acidophilum_1WU7.pdb
 0.005789  0.774686  0.632320   -95.722094
 0.142488  0.625240 -0.767315    23.938431
-0.989780  0.094540 -0.106763    16.929786
>../../../../class2/his//data/domains/Catalytic_domain/structures/HisRS_PDB_Bact_B_thailandensis_4e51.pdb
 0.705408  0.099323 -0.701808    14.016805
-0.556314  0.691135 -0.461354    24.343562
 0.439221  0.715868  0.542786   -23.029251
>../../../../class2/his//data/domains/Catalytic_domain/structures/HisRS_PDB_Bact_E_coli_1HTT.pdb
 0.680876 -0.724735  0.105680     4.525954
-0.702463 -0.605380  0.374247    -8.432776
-0.207253 -0.329052 -0.921288    28.837933
>../../../../class2/phe3//data/domains/Catalytic_domain/structures/PheRS-Aα_AF_Arch_Candidatus_Nitrosopumilus_koreensis_AR1_gene13724458.pdb
 0.460376 -0.443718  0.768874   -17.267220
-0.473925 -0.855213 -0.209774     0.633323
 0.750632 -0.267813 -0.604009     6.281012
>../../../../class2/phe3//data/domains/Catalytic_domain/structures/PheRS-Aα_AF_Arch_Haloterrigena_turkmenica_DSM_5511_gene8744248.pdb
-0.402583  0.640363  0.654112    -5.908937
 0.553753 -0.398628  0.731063     3.127286
 0.728893  0.656530 -0.194122     3.302830
>../../../../class2/phe3//data/domains/Catalytic_domain/structures/PheRS-Aα_AF_Arch_Thermoplasma_volcanium_GSS1_gene1441177.pdb
 0.405645 -0.633321 -0.659057    -4.690958
 0.899698  0.149469  0.410125     4.411640
-0.161233 -0.759317  0.630429     3.936404
>../../../../class2/phe3//data/domains/Catalytic_domain/structures/PheRS-Aα_AF_Arch_Thermosphaera_aggregans_DSM_11486_gene9165306.pdb
 0.059051 -0.251689  0.966005     0.938271
-0.379198 -0.900814 -0.211524     2.914263
 0.923429 -0.353816 -0.148634     1.527583
>../../../../class2/phe3//data/domains/Catalytic_domain/structures/PheRS-Aα_AF_Euk_Cyanidioschyzon_merolae_strain_10D_gene16993638.pdb
-0.176304  0.111612 -0.977988    -8.369723
 0.262268 -0.952309 -0.155961     4.961175
-0.948753 -0.283992  0.138624    -5.330694
>../../../../class2/phe3//data/domains/Catalytic_domain/structures/PheRS-Aα_AF_Euk_Megalobrama_amblycephala_gene125266654.pdb
 0.999970 -0.002652 -0.007306    -0.035469
 0.002769  0.999867  0.016059    -0.134943
 0.007262 -0.016079  0.999844     0.081443
>../../../../class2/phe3//data/domains/Catalytic_domain/structures/PheRS-Aα_AF_Euk_Plasmodium_falciparum_3D7_gene813233.pdb
-0.660475 -0.744425  0.098002    -3.607361
-0.705464  0.570554 -0.420464    -3.840051
 0.257089 -0.346842 -0.902001    -5.159313
>../../../../class2/phe3//data/domains/Catalytic_domain/structures/PheRS-Aα_AF_Euk_Schizosaccharomyces_pombe_gene2543647.pdb
-0.874180  0.452593  0.175980    -8.347729
 0.450684  0.621231  0.641059     3.148108
 0.180815  0.639712 -0.747044    -4.419446
>../../../../class2/phe3//data/domains/Catalytic_domain/structures/PheRS-Aα_PDB_Euk.B_H_sapiens_3L4G.C.pdb
-0.101757  0.980469 -0.168304  -122.603018
 0.367356  0.194259  0.909567    -3.047660
 0.924497  0.030727 -0.379949   -48.587884
