>../../../../class1/leu1//data/domains/Catalytic_domain/structures/LeuRS-B_AF_Bact_Bifidobacterium_longum_subsp_longum_JCM_1217_gene69578373.pdb
 0.842287  0.288665 -0.455219    12.722417
-0.183727  0.947692  0.261006     5.513705
 0.506751 -0.136206  0.851264    -6.987198
>../../../../class1/leu1//data/domains/Catalytic_domain/structures/LeuRS-B_AF_Bact_Brachyspira_pilosicoli_95_1000_gene56439070.pdb
 0.375780  0.482622 -0.791117     9.500874
-0.907026  0.366556 -0.207219     6.608835
 0.189980  0.795432  0.575495    -6.048742
>../../../../class1/leu1//data/domains/Catalytic_domain/structures/LeuRS-B_AF_Bact_Chlamydia_psittaci_6BC_gene12243068.pdb
-0.366333  0.137320  0.920295     9.502931
 0.929309  0.004306  0.369278     5.401555
 0.046747  0.990517 -0.129190    -5.868642
>../../../../class1/leu1//data/domains/Catalytic_domain/structures/LeuRS-B_AF_Bact_Clostridium_botulinum_A_str_ATCC_3502_gene5187707.pdb
-0.857118 -0.357549  0.370820    12.883412
-0.451255  0.173994 -0.875269     7.156949
 0.248431 -0.917543 -0.310479    -3.438582
>../../../../class1/leu1//data/domains/Catalytic_domain/structures/LeuRS-B_AF_Bact_Mycoplasma_hyopneumoniae_168-L_gene57101518.pdb
 0.349236 -0.204741 -0.914394    12.029829
-0.120149 -0.977566  0.172997     6.748251
-0.929300  0.049447 -0.366000    -6.557536
>../../../../class1/leu1//data/domains/Catalytic_domain/structures/LeuRS-B_AF_Bact_Orientia_tsutsugamushi_str_Ikeda_gene66652454.pdb
-0.363167  0.003042  0.931719    10.615823
 0.906672 -0.229174  0.354153     4.993611
 0.214603  0.973381  0.080470    -5.344850
>../../../../class1/leu1//data/domains/Catalytic_domain/structures/LeuRS-B_AF_Bact_Porphyromonas_gingivalis_ATCC_33277_gene29256038.pdb
 0.633534  0.463358 -0.619624     9.986300
-0.710348  0.665746 -0.228446     5.044039
 0.306660  0.584877  0.750918    -6.393617
>../../../../class1/leu1//data/domains/Catalytic_domain/structures/LeuRS-B_AF_Bact_Thermus_thermophilus_HB8_gene3168656.pdb
-0.836064 -0.446924  0.318207     9.091384
-0.400893  0.101710 -0.910462     1.653035
 0.374543 -0.888771 -0.264204    -1.578960
>../../../../class1/leu1//data/domains/Catalytic_domain/structures/LeuRS-B_AF_Euk_Bathycoccus_prasinos_gene19015540.pdb
-0.277840  0.330654  0.901927    11.224238
 0.955538 -0.001390  0.294864     5.133244
 0.098752  0.943751 -0.315566    -6.666682
>../../../../class1/leu1//data/domains/Catalytic_domain/structures/LeuRS-B_AF_Euk_Plasmodium_falciparum_3D7_gene2655460.pdb
 0.849834  0.377007 -0.368304    10.427332
-0.178544  0.863416  0.471842     3.632209
 0.495887 -0.335229  0.801073    -0.904356
>../../../../class1/leu1//data/domains/Catalytic_domain/structures/LeuRS-B_AF_Euk_Thalassiosira_pseudonana_CCMP1335_gene7441753.pdb
 0.466801  0.602785 -0.647107    10.834989
-0.866058  0.459693 -0.196537     1.004797
 0.179001  0.652175  0.736632    -4.205281
>../../../../class1/leu1//data/domains/Catalytic_domain/structures/LeuRS-B_AF_Mito_Homo_sapiens_gene23395.pdb
-0.450124  0.258984  0.854585    10.288613
 0.887242  0.021526  0.460801     7.680120
 0.100944  0.965642 -0.239471    -6.217356
>../../../../class1/leu1//data/domains/Catalytic_domain/structures/LeuRS-B_AF_Mito_Treponema_denticola_ATCC_35405_gene2739434.pdb
 0.788591 -0.254322 -0.559861    10.692469
 0.397523 -0.483788  0.779695     5.314805
-0.469147 -0.837419 -0.280412    -5.215372
>../../../../class1/leu1//data/domains/Catalytic_domain/structures/LeuRS-B_PDB_Bact_T_therm_2V0C.pdb
 0.904049  0.181380  0.387035    -9.569406
-0.089370 -0.805269  0.586136   -32.957042
 0.417981 -0.564485 -0.711793   -18.873466
>../../../../class1/lys//data/domains/Catalytic_domain/structures/LysRS-I_AF_Arch_Candidatus_Bathyarchaeota_archaeon_proteinRJS75864.1.pdb
 0.994746  0.080160 -0.063679    -3.290940
-0.084385  0.994199 -0.066694     0.081901
 0.057963  0.071717  0.995739    -3.287238
>../../../../class1/lys//data/domains/Catalytic_domain/structures/LysRS-I_AF_Arch_Candidatus_Nitrosopumilus_koreensis_AR1_gene13726042.pdb
-0.045218  0.042526 -0.998072    -0.633760
 0.313127 -0.948141 -0.054585     3.710685
-0.948634 -0.314991  0.029557    -2.972270
>../../../../class1/lys//data/domains/Catalytic_domain/structures/LysRS-I_AF_Arch_Ferroplasma_acidarmanus_Fer1_gene16025146.pdb
 1.000000  0.000000  0.000000     0.000000
 0.000000  1.000000  0.000000     0.000000
 0.000000  0.000000  1.000000     0.000000
>../../../../class1/lys//data/domains/Catalytic_domain/structures/LysRS-I_AF_Arch_Halorubrum_lacusprofundi_ATCC_49239_gene7400505.pdb
-0.716932 -0.675012  0.174262    -4.474686
-0.675939  0.611879 -0.410744    -2.370964
 0.170630 -0.412267 -0.894942    -2.216681
>../../../../class1/lys//data/domains/Catalytic_domain/structures/LysRS-I_AF_Bact_Cereibacter_sphaeroides_KD131_gene67447319.pdb
-0.982009  0.175482 -0.069743    -3.063085
 0.123917  0.877544  0.463207     3.758394
 0.142487  0.446232 -0.883501     1.272669
>../../../../class1/lys//data/domains/Catalytic_domain/structures/LysRS-I_AF_Bact_Cyanobacteria_bacterium_J007_proteinRMH73500.1.pdb
 0.901407  0.405271 -0.152381    -3.979199
-0.425429  0.763627 -0.485680    -0.719060
-0.080470  0.502623  0.860753    -4.242378
>../../../../class1/lys//data/domains/Catalytic_domain/structures/LysRS-I_AF_Bact_Streptomyces_albidoflavus_gene15147364.pdb
 0.193178  0.064646 -0.979032    -5.219999
 0.322988 -0.946402  0.001239     2.156222
-0.926478 -0.316455 -0.203704    -2.682175
>../../../../class1/lys//data/domains/Catalytic_domain/structures/LysRS-I_AF_Bact_Treponema_denticola_ATCC_35405_gene2739918.pdb
 0.245222  0.016507 -0.969326    -5.150023
 0.263117 -0.963459  0.050156     2.193803
-0.933079 -0.267346 -0.240605    -2.752244
>../../../../class1/lys//data/domains/Catalytic_domain/structures/LysRS-I_PDB_Arch_P_hori_1IRX.pdb
 0.364793 -0.766426  0.528694   -29.109941
-0.917883 -0.200726  0.342345    26.023673
-0.156260 -0.610164 -0.776713    82.770415
