>../../../../class2/asp2//data/domains/Catalytic_domain/structures/Asp_Arch_1b8a_T_kodarensis.pdb
-0.531382  0.727475 -0.434065    52.989094
-0.737683 -0.145456  0.659292   115.709256
 0.416481  0.670539  0.613939   -47.838908
>../../../../class2/asp2//data/domains/Catalytic_domain/structures/Aspartyl.E.Apicomplexa.NC_011903.2.pdb
-0.329516  0.888578  0.319136    28.757350
 0.911591  0.387428 -0.137485   108.599891
-0.245808  0.245618 -0.937683    -6.215428
>../../../../class2/asp2//data/domains/Catalytic_domain/structures/Aspartyl.E.Rhodophyta.NC_010136.1.pdb
-0.275232  0.899751  0.338667    29.185991
 0.936146  0.331005 -0.118599   108.976272
-0.218810  0.284399 -0.933402    -7.241076
>../../../../class2/asp2//data/domains/Catalytic_domain/structures/Asp_Bact_1n9w_T_thermophilus.pdb
-0.738429  0.645594  0.194759    44.969496
-0.430538 -0.673659  0.600684    85.858724
 0.518999  0.359711  0.775402   -71.707381
>../../../../class2/asp2//data/domains/Catalytic_domain/structures/Asp_Euk_1EOV_S_cerevisiae.pdb
-0.062316 -0.364111 -0.929269    84.607089
-0.332218 -0.870416  0.363329   100.344648
-0.941142  0.331361 -0.066724    -9.213965
>../../../../class2/phe4//data/domains/Catalytic_domain/structures/Phe_Euk_3L4G.B_H_sapiens_d.pdb
 1.000000  0.000000  0.000000     0.000000
 0.000000  1.000000  0.000000     0.000000
 0.000000  0.000000  1.000000     0.000000
>../../../../class2/phe4//data/domains/Catalytic_domain/structures/Phe_Euk_3L4G.B_H_sapiens.pdb
 1.000000  0.000000  0.000000     0.000000
 0.000000  1.000000  0.000000     0.000000
 0.000000  0.000000  1.000000     0.000000
>../../../../class2/phe4//data/domains/Catalytic_domain/structures/Phenylalanyl.A.Crenarchaeota.NC_012588.1.pdb
-0.086537  0.848236  0.522500    47.249957
 0.158633  0.529508 -0.833341    92.201563
-0.983538  0.010771 -0.180380    15.701012
>../../../../class2/phe4//data/domains/Catalytic_domain/structures/Phenylalanyl.A.Thaumarchaeota.NC_018655.1.pdb
 0.017430  0.704871  0.709121    49.979432
 0.353375  0.659113 -0.663849    92.487642
-0.935319  0.262156 -0.237596    15.041285
