>structures/AsnRS_AF_Arch_Candidatus_Korarchaeum_cryptofilum_OPF8_gene6094562.pdb
 0.204144  0.620852 -0.756880    77.487622
 0.238369  0.718366  0.653552    61.963505
 0.949476 -0.313835 -0.001342   -10.448087
>structures/AsnRS_AF_Arch_Candidatus_Nitrososphaera_gargensis_Ga92_gene13796664.pdb
 0.039900 -0.022502  0.998950    79.185205
 0.595272  0.803504 -0.005677    61.586445
-0.802533  0.594874  0.045454   -12.551138
>structures/AsnRS_AF_Arch_Ferroplasma_acidarmanus_Fer1_gene16025664.pdb
-0.719780 -0.611635  0.328360    78.743168
 0.687203 -0.694776  0.212223    69.832076
 0.098333  0.378404  0.920403    -8.897516
>structures/AsnRS_AF_Arch_Pyrococcus_sp_ST04_gene13021535.pdb
-0.655336 -0.669339  0.350029    79.248695
 0.750813 -0.627891  0.205019    69.499581
 0.082553  0.397162  0.914028    -9.783178
>structures/AsnRS_AF_Bact_Clostridium_acetobutylicum_DSM_1731_gene44999755.pdb
 0.094013 -0.053257  0.994146    78.997573
 0.530424  0.847719 -0.004747    60.349458
-0.842503  0.527765  0.107945   -11.090573
>structures/AsnRS_AF_Bact_Mycoplasma_hyopneumoniae_168-L_gene57101291.pdb
-0.433510 -0.747191  0.503760    79.630551
 0.894951 -0.291525  0.337751    69.895420
-0.105506  0.597259  0.795079   -11.229723
>structures/AsnRS_AF_Bact_Porphyromonas_gingivalis_ATCC_33277_gene29256423.pdb
-0.590963 -0.743486  0.313036    78.845646
 0.806565 -0.537509  0.246041    68.037539
-0.014669  0.397885  0.917318   -10.729733
>structures/AsnRS_AF_Bact_Streptobacillus_moniliformis_DSM_12112_gene29673200.pdb
 0.087996 -0.017131  0.995974    78.839654
 0.441499  0.896952 -0.023579    60.608383
-0.892936  0.441796  0.086491   -11.421663
>structures/AsnRS_AF_Bact_Thermus_thermophilus_HB8_gene3168522.pdb
-0.422897 -0.705786  0.568352    80.457721
 0.886960 -0.193910  0.419166    70.091840
-0.185632  0.681370  0.708008   -11.500355
>structures/AsnRS_AF_Bact_Treponema_pallidum_subsp_pertenue_str_SamoaD_gene57879132.pdb
 0.058219 -0.095920  0.993685    79.068427
 0.604896  0.795231  0.041323    60.367288
-0.794173  0.598671  0.104319   -12.062462
>structures/AsnRS_AF_Bact_unclassified_Blastocatellia_proteinRPI49177.1.pdb
-0.269774 -0.655819  0.705070    81.089706
 0.896099  0.097031  0.433118    68.762530
-0.352460  0.748657  0.561502   -12.755205
>structures/AsnRS_AF_Euk_Candida_albicans_SC5314_gene3646227.pdb
-0.552437 -0.665098  0.502452    83.608105
 0.826645 -0.514590  0.227717    68.058535
 0.107103  0.541149  0.834079    -9.036696
>structures/AsnRS_AF_Euk_Cryptococcus_gattii_WM276_gene10190222.pdb
-0.459256 -0.653263  0.601940    85.843510
 0.870670 -0.465382  0.159224    65.460428
 0.176117  0.597216  0.782506    -9.166052
>structures/AsnRS_AF_Euk_Encephalitozoon_intestinalis_ATCC_50506_gene9698489.pdb
-0.657604 -0.714483  0.238896    77.899632
 0.752106 -0.640936  0.153416    69.100806
 0.043504  0.280562  0.958849    -9.282218
>structures/AsnRS_AF_Euk_Vitis_vinifera_gene100257593.pdb
-0.028447 -0.217713  0.975598    77.246908
 0.383433  0.898957  0.211791    57.957755
-0.923131  0.380101  0.057906   -12.864883
>structures/AsnRS_AF_Mito_Homo_sapiens_gene79731.pdb
 0.498424  0.807958 -0.314289    80.237632
 0.436781  0.079120  0.896082    63.380109
 0.748863 -0.583904 -0.313465   -10.930697
>structures/AsnRS_AF_Mito_Zeugodacus_cucurbitae_gene105213230.pdb
 0.632460 -0.637035 -0.440660    81.756050
-0.774593 -0.520773 -0.358890    60.116406
-0.000858  0.568316 -0.822810   -14.006328
>structures/AsnRS_PDB_Arch_P_horikoshii_1X54.pdb
 0.508918  0.096261 -0.855416   108.128587
 0.790501 -0.445623  0.420152    57.013209
-0.340749 -0.890030 -0.302880    -1.805772
>structures/AsnRS_PDB_Bact_E_anophelis_6pqh.pdb
-0.128707  0.841463  0.524762   107.613715
-0.001077  0.529044 -0.848593    14.719466
-0.991682 -0.109785 -0.067185   -28.091802
>structures/AsnRS_PDB_Euk_S_cerevisiae_1asz.pdb
 1.000000  0.000000  0.000000     0.000000
 0.000000  1.000000  0.000000     0.000000
 0.000000  0.000000  1.000000     0.000000
