>structures/AsnRS_AF_Arch_Candidatus_Korarchaeum_cryptofilum_OPF8_gene6094562.pdb
-0.794903  0.545788  0.265037    -0.612597
 0.521441  0.391194  0.758331     4.419079
 0.310207  0.741001 -0.595558     1.202532
>structures/AsnRS_AF_Arch_Candidatus_Nitrososphaera_gargensis_Ga92_gene13796664.pdb
 0.964573 -0.253725 -0.072261     1.080717
 0.233514  0.948588 -0.213663     2.889933
 0.122758  0.189220  0.974231     2.673348
>structures/AsnRS_AF_Arch_Ferroplasma_acidarmanus_Fer1_gene16025664.pdb
 0.185627 -0.595152 -0.781880     0.808479
 0.818259 -0.346941  0.458349    11.758425
-0.544053 -0.724863  0.422587     4.225372
>structures/AsnRS_AF_Arch_Pyrococcus_sp_ST04_gene13021535.pdb
 0.222169 -0.588314 -0.777514     1.538261
 0.854533 -0.266491  0.445820    11.042885
-0.469483 -0.763459  0.443528     4.628667
>structures/AsnRS_AF_Bact_Clostridium_acetobutylicum_DSM_1731_gene44999755.pdb
 0.979111 -0.158972 -0.126769    -0.808423
 0.134969  0.974449 -0.179536     2.491444
 0.152071  0.158675  0.975549     2.326752
>structures/AsnRS_AF_Bact_Mycoplasma_hyopneumoniae_168-L_gene57101291.pdb
 0.444978 -0.645568 -0.620675     2.985859
 0.861286  0.118647  0.494073    10.755120
-0.245317 -0.754430  0.608814     5.019371
>structures/AsnRS_AF_Bact_Porphyromonas_gingivalis_ATCC_33277_gene29256423.pdb
 0.336078 -0.556993 -0.759480     1.839677
 0.849285 -0.169368  0.500030     9.573818
-0.407145 -0.813064  0.416125     3.812351
>structures/AsnRS_AF_Bact_Streptobacillus_moniliformis_DSM_12112_gene29673200.pdb
 0.991308 -0.064712 -0.114549    -0.437274
 0.040221  0.978050 -0.204450     2.606443
 0.125265  0.198065  0.972152     2.231419
>structures/AsnRS_AF_Bact_Thermus_thermophilus_HB8_gene3168522.pdb
 0.516100 -0.691257 -0.505771     3.433964
 0.823035  0.236716  0.516314    10.790016
-0.237182 -0.682737  0.691097     5.799910
>structures/AsnRS_AF_Bact_Treponema_pallidum_subsp_pertenue_str_SamoaD_gene57879132.pdb
 0.964106 -0.242993 -0.107020     0.086061
 0.227343  0.963692 -0.140044     2.146355
 0.137164  0.110687  0.984345     2.341273
>structures/AsnRS_AF_Bact_unclassified_Blastocatellia_proteinRPI49177.1.pdb
 0.669491 -0.640673 -0.375924     3.942233
 0.737645  0.513775  0.438081     8.848462
-0.087527 -0.570590  0.816557     6.044988
>structures/AsnRS_AF_Euk_Candida_albicans_SC5314_gene3646227.pdb
 0.227581 -0.675495 -0.701366     0.128969
 0.908277 -0.112411  0.402985     9.075998
-0.351055 -0.728746  0.587954     8.526905
>structures/AsnRS_AF_Euk_Cryptococcus_gattii_WM276_gene10190222.pdb
 0.173993 -0.711194 -0.681123    -0.739642
 0.952641 -0.053613  0.299333     6.181990
-0.249401 -0.700948  0.668185    10.132089
>structures/AsnRS_AF_Euk_Encephalitozoon_intestinalis_ATCC_50506_gene9698489.pdb
 0.259636 -0.478515 -0.838816     0.849912
 0.841573 -0.313910  0.439563    11.194954
-0.473650 -0.820052  0.321203     3.154895
>structures/AsnRS_AF_Euk_Vitis_vinifera_gene100257593.pdb
 0.999993 -0.000720  0.003608     0.054625
 0.000727  0.999998 -0.001940    -0.055881
-0.003607  0.001942  0.999992     0.005363
>structures/AsnRS_AF_Mito_Homo_sapiens_gene79731.pdb
-0.549101  0.549286  0.629900     0.259183
 0.561639 -0.315616  0.764819     4.967860
 0.618911  0.773739 -0.135195     4.230806
>structures/AsnRS_AF_Mito_Zeugodacus_cucurbitae_gene105213230.pdb
-0.296077 -0.699273  0.650658     2.023753
-0.837704 -0.137176 -0.528616     0.586806
 0.458901 -0.701570 -0.545169     4.847198
>structures/AsnRS_PDB_Arch_P_horikoshii_1X54.pdb
 0.600938  0.654518  0.458781   -11.212853
 0.470393 -0.753658  0.459054    -3.776173
 0.646223 -0.060055 -0.760782    30.528540
>structures/AsnRS_PDB_Bact_E_anophelis_6pqh.pdb
 0.918539  0.288106 -0.270704    -2.865849
-0.344467  0.247289 -0.905644   -51.437551
-0.193979  0.925118  0.326388    19.337321
>structures/AsnRS_PDB_Euk_S_cerevisiae_1asz.pdb
-0.026319  0.378317 -0.925302   -31.736005
-0.219594  0.900825  0.374556   -30.438070
 0.975236  0.213048  0.059367   -86.971532
