>../../../../class1/arg//data/domains/Catalytic_domain/structures/ArgRS_AF_Arch_NC_002689.2.pdb
 0.203562  0.176522 -0.963017   -12.591847
-0.977455  0.092977 -0.189571     7.516740
 0.056075  0.979896  0.191469    -8.058113
>../../../../class1/arg//data/domains/Catalytic_domain/structures/ArgRS_AF_Arch_NC_013158.1.pdb
-0.870516 -0.305127  0.386135   -11.213978
 0.033512 -0.819533 -0.572051     9.736268
 0.490999 -0.485039  0.723642    -6.881150
>../../../../class1/arg//data/domains/Catalytic_domain/structures/ArgRS_AF_Arch_NC_018656.1.pdb
 0.204791 -0.041627 -0.977920   -11.318530
-0.952144 -0.240071 -0.189174     7.043631
-0.226896  0.969862 -0.088799    -7.043408
>../../../../class1/arg//data/domains/Catalytic_domain/structures/ArgRS_AF_Arch_NC_020247.1.pdb
 0.599349 -0.240336 -0.763557   -10.661799
-0.628909 -0.731497 -0.263412     4.155806
-0.495233  0.638083 -0.589571    -5.398107
>../../../../class1/arg//data/domains/Catalytic_domain/structures/ArgRS_AF_Bact_NC_002967.9.pdb
-0.762174  0.317522  0.564155   -15.298531
-0.207964  0.705173 -0.677851     1.501524
-0.613060 -0.633964 -0.471431    -9.135935
>../../../../class1/arg//data/domains/Catalytic_domain/structures/ArgRS_AF_Bact_NC_005042.1.pdb
 0.255102  0.478785 -0.840052   -13.689253
-0.672625  0.712007  0.201548     4.079109
 0.694622  0.513624  0.503677    -4.814153
>../../../../class1/arg//data/domains/Catalytic_domain/structures/ArgRS_AF_Bact_NC_008095.1.pdb
 0.598532 -0.131866 -0.790171   -13.058747
-0.568314 -0.765068 -0.302805     8.121591
-0.564605  0.630303 -0.532859    -5.667093
>../../../../class1/arg//data/domains/Catalytic_domain/structures/ArgRS_AF_Bact_NC_010729.1.pdb
-0.926834  0.222528  0.302422   -16.021604
-0.281888  0.119666 -0.951955     3.268531
-0.248027 -0.967554 -0.048183    -6.076911
>../../../../class1/arg//data/domains/Catalytic_domain/structures/ArgRS_AF_Bact_NC_013515.1.pdb
 0.546178 -0.227963 -0.806053   -12.162385
-0.649043 -0.723489 -0.235176     7.660087
-0.529559  0.651611 -0.543112    -6.698563
>../../../../class1/arg//data/domains/Catalytic_domain/structures/ArgRS_AF_Bact_NC_015687.1.pdb
 0.537921 -0.134963 -0.832121   -10.781197
-0.653023 -0.690951 -0.310077     7.393032
-0.533106  0.710191 -0.459811    -6.401200
>../../../../class1/arg//data/domains/Catalytic_domain/structures/ArgRS_AF_Bact_NC_017317.1.pdb
 0.834364 -0.152693 -0.529643   -13.751030
-0.027239 -0.971114  0.237057     7.698114
-0.550541 -0.183365 -0.814421    -6.094588
>../../../../class1/arg//data/domains/Catalytic_domain/structures/ArgRS_AF_Bact_NC_021283.1.pdb
 0.477785 -0.333103 -0.812874   -10.068597
-0.698147 -0.705621 -0.121200     5.835071
-0.533209  0.625413 -0.569690    -6.100661
>../../../../class1/arg//data/domains/Catalytic_domain/structures/ArgRS_AF_Euk_NC_001140.6.pdb
 0.279063  0.527215 -0.802601   -14.197682
-0.529152  0.781887  0.329622     4.128406
 0.801325  0.332713  0.497173    -3.507975
>../../../../class1/arg//data/domains/Catalytic_domain/structures/ArgRS_AF_Euk_NC_009356.1.pdb
-0.880885  0.270197  0.388632   -15.575470
-0.234052  0.465008 -0.853807     4.483733
-0.411413 -0.843066 -0.346379    -6.771982
>../../../../class1/arg//data/domains/Catalytic_domain/structures/ArgRS_AF_Euk_NC_009411.2.pdb
-0.670097  0.266310  0.692855   -10.940835
-0.466946  0.574351 -0.672370     4.798483
-0.577001 -0.774080 -0.260519    -6.979269
>../../../../class1/arg//data/domains/Catalytic_domain/structures/ArgRS_PDB_Arch_2ZUF.pdb
 0.595465 -0.177824  0.783454   -48.010041
-0.534733 -0.815523  0.221321    10.268254
 0.599568 -0.550727 -0.580704    -3.726097
>../../../../class1/arg//data/domains/Catalytic_domain/structures/ArgRS_PDB_Bact_1IQ0.pdb
-0.858102  0.482835 -0.174731   -37.355857
 0.460544  0.874189  0.153927   -57.877801
 0.227069  0.051614 -0.972510   -12.938562
>../../../../class1/arg//data/domains/Catalytic_domain/structures/ArgRS_PDB_Bact_3FNR.pdb
-0.499231 -0.494124 -0.711766   122.334070
 0.834919 -0.493983 -0.242676    15.041425
-0.231688 -0.715418  0.659165   -39.531054
>../../../../class1/arg//data/domains/Catalytic_domain/structures/ArgRS_PDB_Bact_4oby.pdb
 0.625641  0.531162 -0.571349   -51.498592
 0.774262 -0.333278  0.538000    -1.124714
 0.095347 -0.778969 -0.619771    55.073669
>../../../../class1/trp//data/domains/Catalytic_domain/structures/Trp_Arch_3JXE_P_hori.pdb
 0.872449 -0.224968  0.433845    35.266042
 0.456701  0.059342 -0.887639    26.025381
 0.173945  0.972557  0.154516   -23.196868
>../../../../class1/trp//data/domains/Catalytic_domain/structures/Trp_Bact_1I6M_G_stearo.pdb
-0.591809 -0.136472  0.794441     1.966747
 0.385845  0.817360  0.427840   -56.070791
-0.707732  0.559731 -0.431064    41.962701
>../../../../class1/trp//data/domains/Catalytic_domain/structures/Trp_Bact_3N9I_Y_pestis.pdb
-0.468511 -0.268822  0.841566    19.881572
-0.284820 -0.855759 -0.431919    77.462434
 0.836287 -0.442053  0.324367    -4.640116
>../../../../class1/trp//data/domains/Catalytic_domain/structures/Trp_Bact_3SZ3_V_chole.pdb
-0.116422 -0.909728 -0.398549    23.603288
-0.912030  0.256807 -0.319769     1.225544
 0.393253  0.326261 -0.859597    -0.567131
>../../../../class1/trp//data/domains/Catalytic_domain/structures/Trp_Euk_3HZR_E_hist.pdb
 0.489961  0.845801 -0.211092    -9.986839
 0.089890  0.191839  0.977301   -40.226533
 0.867098 -0.497814  0.017964    -1.040845
>../../../../class1/trp//data/domains/Catalytic_domain/structures/Trp_Euk_3KT3_S_Cerevisiae.pdb
-0.054695 -0.901469 -0.429374     4.370823
-0.967765 -0.058016  0.245082  -140.633843
-0.245844  0.428938 -0.869237   -71.666784
>../../../../class1/trp//data/domains/Catalytic_domain/structures/Tryptophanyl.A.Candidatus_Korarchaeota.NC_010482.1.pdb
 1.000000  0.000000  0.000000     0.000000
 0.000000  1.000000  0.000000     0.000000
 0.000000  0.000000  1.000000     0.000000
>../../../../class1/trp//data/domains/Catalytic_domain/structures/Tryptophanyl.A.Crenarchaeota.NC_014961.1.pdb
-0.067912 -0.532577  0.843653    -4.340473
-0.606845 -0.649146 -0.458639     4.005748
 0.791914 -0.543113 -0.279106    -0.945938
>../../../../class1/trp//data/domains/Catalytic_domain/structures/Tryptophanyl.A.Euryarchaeota.NC_000961.1.pdb
-0.748380 -0.659070 -0.074526    -4.593962
-0.619865  0.734955 -0.274968     2.453353
 0.235997 -0.159585 -0.958560    -1.339091
>../../../../class1/trp//data/domains/Catalytic_domain/structures/Tryptophanyl.A.Thaumarchaeota.NC_018655.1.pdb
 0.244787 -0.360821 -0.899938    -3.959901
 0.721728 -0.551992  0.417629     2.014322
-0.647448 -0.751740  0.125294    -1.360442
>../../../../class1/trp//data/domains/Catalytic_domain/structures/Tryptophanyl.B.Actinobacteria.NC_004551.1.pdb
-0.992778 -0.117822  0.022599    -1.042202
-0.100875  0.921785  0.374348    -0.639555
-0.064938  0.369365 -0.927013    -1.848645
>../../../../class1/trp//data/domains/Catalytic_domain/structures/Tryptophanyl.B.Chlamydiae.NC_002620.2.pdb
 0.042224  0.082375  0.995707    -2.477980
-0.193828 -0.976986  0.089045     1.486120
 0.980126 -0.196756 -0.025286    -3.617572
>../../../../class1/trp//data/domains/Catalytic_domain/structures/Tryptophanyl.B.Cyanobacteria.NC_005042.1.pdb
 0.333072  0.843007 -0.422377    -0.079304
-0.503770 -0.219561 -0.835469    -0.284751
-0.797044  0.491052  0.351552    -3.449657
>../../../../class1/trp//data/domains/Catalytic_domain/structures/Tryptophanyl.B.Firmicutes.NC_004557.1.pdb
-0.353007 -0.777023  0.521172    -1.987534
-0.810893 -0.023789 -0.584711    -1.062576
 0.466732 -0.629022 -0.621685    -4.273311
>../../../../class1/trp//data/domains/Catalytic_domain/structures/Tryptophanyl.B.Proteobacteria.NC_014500.1.pdb
 0.755156 -0.471789 -0.455142     1.900110
 0.653894  0.591357  0.471932     2.325898
 0.046499 -0.653997  0.755067     0.154197
>../../../../class1/trp//data/domains/Catalytic_domain/structures/Tryptophanyl.B.Spirochaetes.NC_002967.9.pdb
-0.848192 -0.528529  0.035022    -1.489854
-0.467348  0.715609 -0.519124    -1.405091
 0.249310 -0.456684 -0.853981    -2.629346
>../../../../class1/trp//data/domains/Catalytic_domain/structures/Tryptophanyl.E.Ascomycota.NC_001136.10.pdb
-0.514915  0.580525  0.630755    -1.108451
 0.641340 -0.227349  0.732800    -0.616595
 0.568810  0.781859 -0.255249    -2.457035
>../../../../class1/trp//data/domains/Catalytic_domain/structures/Tryptophanyl.E.Bacillariophyta.NC_012087.1.pdb
-0.004995  0.742843 -0.669447    -3.588515
-0.521875 -0.572994 -0.631921     2.595015
-0.853007  0.346211  0.390533    -1.985225
>../../../../class1/trp//data/domains/Catalytic_domain/structures/Tryptophanyl.E.Evosea.NC_007088.5.pdb
-0.296130  0.308912  0.903814    -1.697835
 0.397304 -0.820671  0.410669    -1.526051
 0.868595  0.480700  0.120293    -3.098088
