>structures/GlxRS_AF_Arch_Candidatus_Korarchaeum_cryptofilum_OPF8_gene6094352.pdb
-0.122121  0.210546 -0.969926     0.710405
 0.088197 -0.971073 -0.221899     2.634286
-0.988589 -0.112644  0.100018    -1.206156
>structures/GlxRS_AF_Arch_Methanothrix_soehngenii_GP6_gene10459943.pdb
 1.000000  0.000000  0.000000     0.000000
 0.000000  1.000000  0.000000     0.000000
 0.000000  0.000000  1.000000     0.000000
>structures/GlxRS_AF_Arch_Nitrosopumilus_maritimus_SCM1_gene5773999.pdb
-0.565799  0.586907  0.579147     1.130273
 0.687592 -0.051808  0.724247     2.438313
 0.455070  0.807995 -0.374239     1.379721
>structures/GlxRS_AF_Arch_Sulfolobus_islandicus_LAL14_1_gene15298417.pdb
-0.848211 -0.528649 -0.032687    -1.841346
-0.460912  0.767117 -0.446197    -1.887728
 0.260956 -0.363403 -0.894338    -1.429090
>structures/GlxRS_AF_Euk_Cyathus_striatus_proteinKAF9013924.1.pdb
 0.847059 -0.482808 -0.222233     8.441867
 0.515640  0.645124  0.563854     6.595586
-0.128865 -0.592210  0.795413    -0.464087
>structures/GlxRS_AF_Euk_Medicago_truncatula_gene11407510.pdb
 0.619058 -0.701089 -0.353893     3.133842
 0.676454  0.247092  0.693798     7.876354
-0.398970 -0.668894  0.627219    -6.400953
>structures/GlxRS_AF_Euk_Xylariaceae_sp_FL0804_proteinKAI0483267.1.pdb
-0.458344 -0.805816  0.374941     4.940996
-0.674376  0.040533 -0.737274    -6.722539
 0.578910 -0.590777 -0.562002    -0.335695
>structures/GlxRS_PDB_Arch_M_thermau_3AII.pdb
-0.178527 -0.728070 -0.661848    69.644881
-0.960971 -0.015459  0.276218   -16.566956
-0.211337  0.685329 -0.696894    15.634518
