>structures/GlxRS_AF_Arch_Candidatus_Korarchaeum_cryptofilum_OPF8_gene6094352.pdb
 1.000000  0.000000  0.000000     0.000000
 0.000000  1.000000  0.000000     0.000000
 0.000000  0.000000  1.000000     0.000000
>structures/GlxRS_AF_Arch_Methanothrix_soehngenii_GP6_gene10459943.pdb
-0.122786  0.087238 -0.988592    -1.326515
 0.210560 -0.971161 -0.111852     2.262721
-0.969839 -0.221892  0.100876     1.368192
>structures/GlxRS_AF_Arch_Nitrosopumilus_maritimus_SCM1_gene5773999.pdb
-0.341489 -0.874271  0.345015    -2.406110
-0.833323  0.111861 -0.541350     0.013918
 0.434694 -0.472374 -0.766749    -0.135526
>structures/GlxRS_AF_Arch_Sulfolobus_islandicus_LAL14_1_gene15298417.pdb
-0.196897  0.499554  0.843610    -0.129082
 0.235931 -0.811026  0.535325     3.949683
 0.951613  0.304437  0.041829     3.597076
>structures/GlxRS_AF_Bact_Prochlorococcus_marinus_subsp_marinus_str_CCMP1375_gene54200736.pdb
 0.966116 -0.129694 -0.223159    -5.727493
-0.001783  0.861217 -0.508234    -5.707381
 0.258103  0.491411  0.831804    15.135838
>structures/GlxRS_AF_Euk_Castor_canadensis_gene109691970.pdb
-0.147014  0.587199  0.795980     4.002565
 0.390063 -0.705093  0.592194     6.764268
 0.908976  0.397543 -0.125386     7.431614
>structures/GlxRS_AF_Euk_Medicago_truncatula_gene11407510.pdb
 0.374787  0.774444 -0.509677     5.114669
-0.493851 -0.298496 -0.816707    -4.116191
-0.784631  0.557796  0.270588    -4.127713
>structures/GlxRS_AF_Euk_Plasmodium_knowlesi_strain_H_gene7321821.pdb
 0.994821  0.101637 -0.000372    -0.046046
-0.101638  0.994819 -0.002297     0.676372
 0.000136  0.002323  0.999997     0.130767
>structures/GlxRS_PDB_Arch_M_thermau_3AII.pdb
 0.141336 -0.590268  0.794737   -26.924960
 0.923722 -0.210088 -0.320312    30.491947
 0.356035  0.779388  0.515551   -61.301332
