>structures/Glu_Arch_3AII_M_thermau.pdb
 0.424135 -0.671948 -0.607121    66.150711
-0.866755 -0.106966 -0.487128    34.130197
 0.262383  0.732833 -0.627782    12.005553
>structures/Glutamyl.A.Candidatus_Korarchaeota.NC_010482.1.pdb
-0.013653  0.735549 -0.677334     1.334289
-0.454991 -0.607775 -0.650840     1.645468
-0.890391  0.299295  0.342966    -0.096308
>structures/Glutamyl.A.Candidatus_Thermoplasmatota.NC_005877.1.pdb
 1.000000  0.000000  0.000000     0.000000
 0.000000  1.000000  0.000000     0.000000
 0.000000  0.000000  1.000000    -0.000000
>structures/Glutamyl.A.Crenarchaeota.NC_000854.2.pdb
-0.539550 -0.841900  0.009482    -0.643089
-0.692097  0.437076 -0.574427     2.687338
 0.479466 -0.316494 -0.818501     1.007599
>structures/Glutamyl.A.Thaumarchaeota.NC_018656.1.pdb
 0.874607 -0.473372 -0.104791     2.259829
 0.475856  0.796725  0.372546     0.101177
-0.092863 -0.375697  0.922078     2.006367
>structures/Glutamyl.E.Apicomplexa.NC_033658.1.pdb
-0.300831  0.661193  0.687259    -0.338775
 0.734712 -0.298772  0.609043     5.763031
 0.608028  0.688157 -0.395907    -2.803903
>structures/Glutamyl.E.Microsporidia.NC_014416.1.pdb
 0.356965  0.737701 -0.573039     3.726245
-0.487399 -0.376236 -0.787965     1.094334
-0.796881  0.560574  0.225252    -1.534639
