>structures/GlxRS_AF_Arch_Candidatus_Korarchaeum_cryptofilum_OPF8_gene6094352.pdb
 0.141336  0.923722  0.356035    -2.535190
-0.590268 -0.210088  0.779388    38.290602
 0.794737 -0.320312  0.515551    62.769166
>structures/GlxRS_AF_Arch_Methanothrix_soehngenii_GP6_gene10459943.pdb
-0.178527 -0.960971 -0.211337    -0.182746
-0.728070 -0.015459  0.685329    39.735427
-0.661848  0.276218 -0.696894    61.566014
>structures/GlxRS_AF_Arch_Nitrosopumilus_maritimus_SCM1_gene5773999.pdb
-0.659183 -0.222450 -0.718327    -2.876754
 0.713632  0.116109 -0.690832    39.581880
 0.237080 -0.968005  0.082211    60.623955
>structures/GlxRS_AF_Arch_Sulfolobus_islandicus_LAL14_1_gene15298417.pdb
 0.539288 -0.561817  0.627320     2.343413
 0.806584  0.130483 -0.576538    39.994955
 0.242054  0.816906  0.523521    63.372351
>structures/GlxRS_AF_Bact_Prochlorococcus_marinus_subsp_marinus_str_CCMP1375_gene54200736.pdb
 0.207674  0.951319 -0.227734    -3.325664
-0.331960  0.287534  0.898402    54.663628
 0.920149 -0.110976  0.375514    67.909652
>structures/GlxRS_AF_Euk_Castor_canadensis_gene109691970.pdb
 0.654619 -0.440054  0.614676     6.895680
 0.720684  0.117800 -0.683182    40.372320
 0.228228  0.890211  0.394254    67.919825
>structures/GlxRS_AF_Euk_Medicago_truncatula_gene11407510.pdb
-0.673036  0.029291 -0.739030    -6.796852
-0.736968  0.057821  0.673450    32.843310
 0.062457  0.997897 -0.017329    66.281009
>structures/GlxRS_PDB_Arch_M_thermau_3AII.pdb
 1.000000 -0.000000  0.000000     0.000000
 0.000000  1.000000  0.000000     0.000000
-0.000000  0.000000  1.000000     0.000000
