>structures/GluxRS-PDB_Arch_M_thermau_3AII.pdb
-0.178527 -0.728070 -0.661848    69.644881
-0.960971 -0.015459  0.276218   -16.566956
-0.211337  0.685329 -0.696894    15.634518
>structures/GlxRS_AF_Arch_Candidatus_Korarchaeum_cryptofilum_OPF8_gene6094352.pdb
-0.122121  0.210546 -0.969926     0.710405
 0.088197 -0.971073 -0.221899     2.634286
-0.988589 -0.112644  0.100018    -1.206156
>structures/GlxRS_AF_Arch_Methanothrix_soehngenii_GP6_gene10459943.pdb
 1.000000  0.000000  0.000000     0.000000
 0.000000  1.000000  0.000000     0.000000
 0.000000  0.000000  1.000000     0.000000
>structures/GlxRS_AF_Arch_Nitrosopumilus_maritimus_SCM1_gene5773999.pdb
-0.565721  0.588492  0.577614     1.139267
 0.687266 -0.050575  0.724643     2.431303
 0.455659  0.806920 -0.375839     1.349476
>structures/GlxRS_AF_Arch_Sulfolobus_islandicus_LAL14_1_gene15298417.pdb
-0.848211 -0.528649 -0.032687    -1.841346
-0.460912  0.767117 -0.446197    -1.887728
 0.260956 -0.363403 -0.894338    -1.429090
>structures/GlxRS_AF_Bact_Prochlorococcus_marinus_subsp._marinus_str._CCMP1375_gene54200736.pdb
-0.416554 -0.304264 -0.856683   -14.581215
 0.028882 -0.946284  0.322044     4.349495
-0.908652  0.109406  0.402966     6.369095
>structures/GlxRS_AF_Euk_Castor_canadensis_gene109691970.pdb
-0.789141 -0.596970  0.144512    -5.654834
-0.584831  0.658402 -0.473792    -5.113069
 0.187693 -0.458404 -0.868699    -5.246499
>structures/GlxRS_AF_Euk_Medicago_truncatula_gene11407510.pdb
 0.619058 -0.701089 -0.353893     3.133842
 0.676454  0.247092  0.693798     7.876354
-0.398970 -0.668894  0.627219    -6.400953
>structures/GlxRS_AF_Euk_Plasmodium_knowlesi_strain_H_gene7321821.pdb
-0.164203  0.166036 -0.972352     0.438333
 0.178757 -0.964403 -0.194866     1.477601
-0.970094 -0.205813  0.128678    -1.647884
