>../../../../class1/ile//data/domains/Catalytic_domain/structures/IleRS_AF_Arch_Candidatus_Korarchaeum_cryptofilum_OPF8_gene6094904.pdb
-0.050434 -0.857269  0.512393     0.279371
-0.771628 -0.292275 -0.564947     0.145310
 0.634072 -0.423869 -0.646752     1.032977
>../../../../class1/ile//data/domains/Catalytic_domain/structures/IleRS_AF_Arch_Candidatus_Nitrosopumilus_sediminis_gene13697091.pdb
 0.431593  0.712747 -0.552919    -4.979750
-0.478614 -0.338624 -0.810100     0.031206
-0.764628  0.614268  0.194983     0.344611
>../../../../class1/ile//data/domains/Catalytic_domain/structures/IleRS_AF_Arch_Pyrobaculum_aerophilum_str_IM2_gene1465853.pdb
-0.232325 -0.133758 -0.963397     0.977815
 0.382782 -0.923142  0.035860     3.638769
-0.894149 -0.360440  0.265669     4.272786
>../../../../class1/ile//data/domains/Catalytic_domain/structures/IleRS_AF_Arch_Thermoplasma_acidophilum_DSM_1728_gene1456418.pdb
-0.321991  0.213903  0.922262    -0.750480
-0.156169 -0.972798  0.171100    -0.024980
 0.933774 -0.088936  0.346637     0.010714
>../../../../class1/ile//data/domains/Catalytic_domain/structures/IleRS_AF_Bact_Chlamydia_muridarum_str_Nigg_gene1246458.pdb
-0.989921  0.112143 -0.086490    -0.641749
 0.066310  0.906658  0.416623    -3.370848
 0.125138  0.406689 -0.904956     2.451693
>../../../../class1/ile//data/domains/Catalytic_domain/structures/IleRS_AF_Bact_Lactobacillus_acidophilus_La-14_gene56942445.pdb
-0.124903 -0.495538 -0.859559     0.880772
 0.776483 -0.588129  0.226226    -0.151167
-0.617635 -0.639176  0.458236     3.953669
>../../../../class1/ile//data/domains/Catalytic_domain/structures/IleRS_AF_Bact_Mycoplasma_hyopneumoniae_168-L_gene57100872.pdb
-0.130042 -0.559825 -0.818343     2.692151
 0.796912 -0.550085  0.249675     0.759557
-0.589932 -0.619679  0.517666     2.184555
>../../../../class1/ile//data/domains/Catalytic_domain/structures/IleRS_AF_Bact_Orientia_tsutsugamushi_str_Ikeda_gene66653313.pdb
 1.000000  0.000000  0.000000     0.000000
 0.000000  1.000000  0.000000     0.000000
 0.000000  0.000000  1.000000     0.000000
>../../../../class1/ile//data/domains/Catalytic_domain/structures/IleRS_AF_Bact_Porphyromonas_gingivalis_ATCC_33277_gene29255747.pdb
 0.996633 -0.080748  0.014200     1.903727
 0.080794  0.996727 -0.002680     1.344738
-0.013937  0.003818  0.999896    -2.108156
>../../../../class1/ile//data/domains/Catalytic_domain/structures/IleRS_AF_Bact_Streptobacillus_moniliformis_DSM_12112_gene29674186.pdb
-0.041721 -0.500443 -0.864764     0.640109
 0.802914 -0.531907  0.269081     5.790474
-0.594633 -0.683104  0.424004     2.489653
>../../../../class1/ile//data/domains/Catalytic_domain/structures/IleRS_AF_Bact_Thermus_thermophilus_HB8_gene3168241.pdb
-0.995906 -0.055200 -0.071577     0.798268
-0.072610  0.960176  0.269795    -2.561310
 0.053834  0.273888 -0.960254    -0.210330
>../../../../class1/ile//data/domains/Catalytic_domain/structures/IleRS_AF_Bact_Treponema_pallidum_subsp_pertenue_str_SamoaD_gene57878975.pdb
-0.521226 -0.761534  0.385213     0.374179
-0.847737  0.410016 -0.336494    -1.278209
 0.098308 -0.501950 -0.859292     1.202278
>../../../../class1/ile//data/domains/Catalytic_domain/structures/IleRS_AF_Euk_Cyanidioschyzon_merolae_strain_10D_gene16992835.pdb
-0.749917  0.588647  0.301859     0.880043
 0.427113  0.082383  0.900437    -0.321347
 0.505172  0.804181 -0.313199     1.853794
>../../../../class1/ile//data/domains/Catalytic_domain/structures/IleRS_AF_Euk_Ostreococcus_lucimarinus_CCE9901_gene5000489.pdb
-0.250450 -0.769251  0.587817    -0.131465
-0.926812  0.015022 -0.375226    -1.976547
 0.279813 -0.638771 -0.716713     4.717431
>../../../../class1/ile//data/domains/Catalytic_domain/structures/IleRS_AF_Euk_Trypanosoma_brucei_brucei_TREU927_gene3663037.pdb
-0.054516 -0.655470  0.753251     0.259863
-0.878594 -0.326954 -0.348099    -0.268679
 0.474447 -0.680779 -0.558068     3.621166
>../../../../class1/ile//data/domains/Catalytic_domain/structures/IleRS_AF_Euk_Ustilago_maydis_521_gene23568123.pdb
 0.152949 -0.848042 -0.507377     3.541066
 0.939523 -0.034421  0.340750    -0.526820
-0.306435 -0.528810  0.791491     1.939229
>../../../../class1/ile//data/domains/Catalytic_domain/structures/IleRS_AF_Mito_Drosophila_melanogaster_gene39762.pdb
 0.872553  0.454104  0.180111     3.213522
-0.311569  0.801265 -0.510783     1.646835
-0.376265  0.389568  0.840632    -1.401865
>../../../../class1/ile//data/domains/Catalytic_domain/structures/IleRS_AF_Mito_Homo_sapiens_gene55699.pdb
-0.172205 -0.510535 -0.842437     2.076520
 0.787356 -0.585265  0.193738     0.331648
-0.591959 -0.629936  0.502758     2.602506
>../../../../class1/ile//data/domains/Catalytic_domain/structures/IleRS_AF_Vir_Megavirus_chiliensis_gene11256744.pdb
 0.963413 -0.265796 -0.034468     0.263560
 0.265932  0.931936  0.246526    -0.366667
-0.033404 -0.246673  0.968523    -0.367635
>../../../../class1/ile//data/domains/Catalytic_domain/structures/IleRS_PDB_Bact_S_aureus_1QU2.pdb
-0.742541 -0.509660 -0.434604    97.308888
 0.375593 -0.854071  0.359852    35.734592
-0.554584  0.103971  0.825607   -62.131803
>../../../../class1/ile//data/domains/Catalytic_domain/structures/IleRS_PDB_Bact_T_therm_1ILE.pdb
-0.973077 -0.139877  0.183182   -18.545670
-0.171678  0.970173 -0.171146    -9.908494
-0.153779 -0.197987 -0.968067   -32.554742
>../../../../class1/ile//data/domains/Catalytic_domain/structures/IleRS_PDB_Euk_S_cere_7D5C.pdb
 0.194437 -0.291455  0.936615   -33.422962
 0.893817  0.445987 -0.046770    -4.845464
-0.404087  0.846256  0.347223   -16.683576
>../../../../class1/trp1//data/domains/Catalytic_domain/structures/TrpRS-A_AF_Arch_Natrialba_magadii_ATCC_43099_gene8824932.pdb
-0.795459 -0.343310  0.499383     2.931973
-0.157753 -0.678336 -0.717617     2.282307
 0.585114 -0.649614  0.485431     1.393726
>../../../../class1/trp1//data/domains/Catalytic_domain/structures/TrpRS-A_AF_Arch_Nitrosopumilus_maritimus_SCM1_gene5773245.pdb
-0.771996 -0.379057  0.510234     0.848001
-0.011865 -0.793990 -0.607815     3.121958
 0.635517 -0.475284  0.608459     0.344432
>../../../../class1/trp1//data/domains/Catalytic_domain/structures/TrpRS-A_AF_Arch_Sulfolobus_islandicus_M1627_gene7814138.pdb
 0.649499 -0.044021 -0.759087     3.361140
 0.038941 -0.995087  0.091025     4.896628
-0.759365 -0.088680 -0.644593    -1.713509
>../../../../class1/trp1//data/domains/Catalytic_domain/structures/TrpRS-A_AF_Arch_Thermoplasma_acidophilum_DSM_1728_gene1456706.pdb
-0.092484  0.265698  0.959610     5.111098
 0.987453  0.148358  0.054090    -1.574467
-0.127994  0.952572 -0.276085     0.017832
>../../../../class1/trp1//data/domains/Catalytic_domain/structures/TrpRS-A_AF_Euk_Cryptococcus_neoformans_var_neoformans_JEC21_gene3254069.pdb
-0.292355 -0.268598  0.917815     2.142958
 0.735087  0.550779  0.395335     2.777908
-0.611699  0.790252  0.036420     2.088887
>../../../../class1/trp1//data/domains/Catalytic_domain/structures/TrpRS-A_AF_Euk_Cyanidioschyzon_merolae_strain_10D_gene16993299.pdb
-0.617801 -0.469497  0.630789     0.933796
 0.557003 -0.827522 -0.070391     3.281252
 0.555040  0.307864  0.772755     1.398554
>../../../../class1/trp1//data/domains/Catalytic_domain/structures/TrpRS-A_AF_Euk_Drosophila_melanogaster_gene45399.pdb
-0.676553 -0.290492  0.676677     0.636244
 0.245711 -0.955294 -0.164435     5.100547
 0.694192  0.055018  0.717684     6.844725
>../../../../class1/trp1//data/domains/Catalytic_domain/structures/TrpRS-A_AF_Euk_Saccharomyces_cerevisiae_S288C_gene854056.pdb
-0.649118  0.228979  0.725406     2.432481
-0.154371  0.894124 -0.420371     2.378843
-0.744859 -0.384852 -0.545044     2.559114
>../../../../class1/trp1//data/domains/Catalytic_domain/structures/TrpRS-A_AF_Vir_Megavirus_chiliensis_gene11257301.pdb
-0.814323 -0.410560  0.410266     2.619043
 0.198090 -0.861003 -0.468438     2.914374
 0.545562 -0.300190  0.782463     0.650691
>../../../../class1/trp1//data/domains/Catalytic_domain/structures/TrpRS-A_PDB_Arch_P_hori_3JXE.pdb
 0.483604 -0.814237  0.321162    42.682229
-0.266827  0.212315  0.940067   -21.003361
-0.833625 -0.540315 -0.114584   -16.231190
>../../../../class1/trp1//data/domains/Catalytic_domain/structures/TrpRS-A_PDB_Euk_S_Cerevisiae_3KT3.pdb
 0.230797 -0.941411  0.245923    70.658743
 0.831857  0.059803 -0.551759   117.796475
 0.504725  0.331917  0.796921    88.419139
