>structures/Glu_Arch_3AII_M_thermau.pdb
 0.367262 -0.764698  0.529487    -5.538088
 0.789240 -0.045008 -0.612433    40.949982
 0.492157  0.642816  0.587000   -58.983501
>structures/Glu_Bact_1J09_T_therm.pdb
-0.111128 -0.532050  0.839389    14.658339
-0.285136 -0.792040 -0.539787    38.130951
 0.952023 -0.299326 -0.063689   -25.980069
>structures/Glu_Bact_1NZJ_E_coli.pdb
 0.941862  0.297720  0.155754   -59.182739
 0.155705 -0.797515  0.582860   -17.148782
 0.297746 -0.524722 -0.797505    10.476796
>structures/Glu_Bact_2O5R_T_maritima.pdb
 0.298152 -0.220949  0.928594   -42.879146
-0.826265  0.427334  0.366976   -58.405152
-0.477903 -0.876680 -0.055152     4.492598
>structures/Glutamyl.A.Candidatus_Korarchaeota.NC_010482.1.pdb
 0.918874  0.331851 -0.213412    -1.949444
-0.355852  0.930668 -0.085003    -1.182819
 0.170408  0.154051  0.973257     1.466009
>structures/Glutamyl.A.Candidatus_Thermoplasmatota.NC_005877.1.pdb
 0.356965 -0.487399 -0.796881    -2.019684
 0.737701 -0.376236  0.560574    -1.476849
-0.573039 -0.787965  0.225252     3.343259
>structures/Glutamyl.A.Crenarchaeota.NC_000854.2.pdb
-0.244890 -0.266134  0.932310    -4.159813
 0.126148 -0.962161 -0.241520    -2.408863
 0.961309  0.058463  0.269196     1.944480
>structures/Glutamyl.A.Thaumarchaeota.NC_018656.1.pdb
 0.165680 -0.253126 -0.953141    -2.744124
 0.408621 -0.862008  0.299952     1.112494
-0.897540 -0.439170 -0.039385     2.439622
>structures/Glutamyl.B.Actinobacteria.NC_017216.2.pdb
-0.939646  0.061647  0.336549    -3.883637
 0.170430  0.937251  0.304162    -1.346511
-0.296680  0.343163 -0.891190    -0.280662
>structures/Glutamyl.B.Bacteroidota.NC_010729.1.pdb
 0.892781  0.352716 -0.280239    -1.890772
-0.387947  0.918179 -0.080274     1.010955
 0.228996  0.180385  0.956568     2.038640
>structures/Glutamyl.B.Chlamydiae.NC_002620.2.pdb
 0.779777  0.612472  0.129717    -9.271680
-0.606990  0.790368 -0.082956    -1.987849
-0.153332 -0.014049  0.988075     0.046502
>structures/Glutamyl.B.Firmicutes.NC_016941.1.pdb
-0.842387  0.307853  0.442278    -1.879772
 0.503417  0.742377  0.442095    -2.772246
-0.192237  0.595066 -0.780347     1.854954
>structures/Glutamyl.B.Proteobacteria.NC_003317.1.pdb
 0.927672  0.183412 -0.325246    -0.098851
-0.106995  0.965092  0.239058     0.751360
 0.357739 -0.186968  0.914913     2.161353
>structures/Glutamyl.B.Spirochaetes.NC_016842.1.pdb
 0.904701  0.343759 -0.251685    -0.091359
-0.371651  0.925599 -0.071715     0.854799
 0.208307  0.158420  0.965148     1.718097
>structures/Glutamyl.E.Apicomplexa.NC_033658.1.pdb
-0.952097 -0.158971  0.261225    -2.708344
-0.150848  0.987241  0.050991    -5.678167
-0.265998  0.009143 -0.963930    -1.719360
>structures/Glutamyl.E.Basidiomycota.NC_026482.1.pdb
-0.850663  0.304813  0.428324     1.674725
 0.496844  0.732410  0.465533    -2.248803
-0.171808  0.608822 -0.774479     1.795971
>structures/Glutamyl.E.Microsporidia.NC_014416.1.pdb
 1.000000  0.000000  0.000000     0.000000
 0.000000  1.000000  0.000000     0.000000
 0.000000  0.000000  1.000000     0.000000
>structures/Glutamyl.E.Rhodophyta.NC_010145.1.pdb
-0.664254  0.405357  0.628054    -1.491398
 0.707956  0.071475  0.702631     2.957136
 0.239926  0.911360 -0.334452     0.853922
