>../../../../class2/phe2//data/domains/Catalytic_domain/structures/Phe_Bact_2ALY.B_T_thermophilus.pdb
 0.976322 -0.074399  0.203124    12.895645
 0.093794  0.991732 -0.087578   -13.059479
-0.194929  0.104556  0.975229    -4.772325
>../../../../class2/phe2//data/domains/Catalytic_domain/structures/Phenylalanyl.A.Euryarchaeota.NC_013741.1.pdb
 0.537100  0.775968 -0.330752    38.842534
-0.136858 -0.306751 -0.941899    23.626236
-0.832342  0.551161 -0.058559    12.844536
>../../../../class2/phe2//data/domains/Catalytic_domain/structures/Phenylalanyl.A.Thaumarchaeota.NC_018655.1.pdb
 0.162436 -0.986694 -0.007045    26.876559
-0.216385 -0.042587  0.975379    53.778484
-0.962700 -0.156912 -0.220423    29.616817
>../../../../class2/pyl//data/domains/Catalytic_domain/structures/Pyl_Arch_2Q7E_M_mazei.pdb
 0.184009 -0.982514 -0.028412    72.642225
 0.982593  0.184620 -0.020630    -0.358124
 0.025515 -0.024121  0.999383   -15.101910
>../../../../class2/pyl//data/domains/Catalytic_domain/structures/Pyl_Arch_2ZNJ_D_hafniense.pdb
 0.551231 -0.657011  0.514277    33.076248
-0.067578  0.579196  0.812382    46.781154
-0.831611 -0.482564  0.274872    63.518359
>../../../../class2/pyl//data/domains/Catalytic_domain/structures/Pyl_Arch_6jp2_M_alvus.pdb
 1.000000  0.000000  0.000000     0.000000
 0.000000  1.000000  0.000000     0.000000
 0.000000  0.000000  1.000000     0.000000
>../../../../class2/pyl//data/domains/Catalytic_domain/structures/Pyrrolysyl.A.Euryarchaeota.NC_007955.1.pdb
-0.540584 -0.411846  0.733588    37.081197
-0.295951  0.909340  0.292427    18.305373
-0.787516 -0.059024 -0.613461     8.840915
