>../../../../class2/phe2//data/domains/Catalytic_domain/structures/Phe_Bact_1EIY.B_T_thermophilus.pdb
 0.235295  0.970343 -0.055415   -22.251718
-0.953843  0.219596 -0.204843    56.895886
-0.186599  0.101056  0.977225    11.132249
>../../../../class2/phe2//data/domains/Catalytic_domain/structures/Phe_Bact_1PYS.B_T_thermophilus.pdb
 0.240548  0.969117 -0.054305   -22.729596
-0.951321  0.224285 -0.211389    56.870574
-0.192681  0.102511  0.975892    11.023255
>../../../../class2/phe2//data/domains/Catalytic_domain/structures/Phe_Bact_3PCO.B_E_coli.pdb
-0.126895 -0.953647 -0.272864    43.409312
-0.475939  0.299891 -0.826770    87.647663
 0.870276  0.024954 -0.491932    77.238656
>../../../../class2/phe2//data/domains/Catalytic_domain/structures/Phenylalanyl.B.Firmicutes.NC_014334.2.pdb
 0.073280  0.335545  0.939170    39.365716
-0.913991  0.399405 -0.071383    61.180577
-0.399061 -0.853162  0.335954    43.444107
>../../../../class2/phe2//data/domains/Catalytic_domain/structures/Phenylalanyl.E.Bacillariophyta.NC_025310.1.pdb
 0.337100  0.628141 -0.701286    38.838457
 0.887515  0.036521  0.459329    57.474662
 0.314135 -0.777242 -0.545174    37.434198
>../../../../class2/pyl//data/domains/Catalytic_domain/structures/Pyl_Arch_2Q7E_M_mazei.pdb
 1.000000  0.000000  0.000000     0.000000
 0.000000  1.000000  0.000000     0.000000
 0.000000  0.000000  1.000000     0.000000
>../../../../class2/pyl//data/domains/Catalytic_domain/structures/Pyl_Arch_2ZNJ_D_hafniense.pdb
 0.016485  0.396525  0.917876    42.199655
-0.547667  0.771624 -0.323508    47.389192
-0.836534 -0.497357  0.229883    78.192159
>../../../../class2/pyl//data/domains/Catalytic_domain/structures/Pyl_Arch_6jp2_M_alvus.pdb
 0.184009  0.982593  0.025515   -12.629601
-0.982514  0.184620 -0.024121    71.073833
-0.028412 -0.020630  0.999383    17.149117
>../../../../class2/pyl//data/domains/Catalytic_domain/structures/Pyrrolysyl.A.Euryarchaeota.NC_007955.1.pdb
-0.419299  0.809574  0.410826    12.547527
 0.500577  0.583690 -0.639319    37.820396
-0.757371 -0.062415 -0.649995    24.454743
