>../../../../class1/cys//data/domains/Catalytic_domain/structures/CysRS_AF_Arch_Aciduliprofundum_boonei_T469_gene8827372.pdb
 0.396500 -0.498543  0.770872    28.817995
 0.891118  0.410852 -0.192640    57.027544
-0.220674  0.763319  0.607163    78.014992
>../../../../class1/cys//data/domains/Catalytic_domain/structures/CysRS_AF_Arch_Candidatus_Nitrosopumilus_sediminis_gene13696907.pdb
 0.481833 -0.064426  0.873891    24.951448
 0.803512  0.430348 -0.411302    49.809077
-0.349578  0.900361  0.259123    76.991990
>../../../../class1/cys//data/domains/Catalytic_domain/structures/CysRS_AF_Arch_Methanospirillum_hungatei_JF-1_gene3922979.pdb
-0.747631  0.655615  0.105914    23.305389
 0.017567  0.178949 -0.983702    58.116741
-0.663883 -0.733585 -0.145304    78.257619
>../../../../class1/cys//data/domains/Catalytic_domain/structures/CysRS_AF_Arch_Pyrobaculum_ferrireducens_gene11593896.pdb
-0.895467  0.355908 -0.267337    24.635626
 0.244707 -0.108081 -0.963554    52.222874
-0.371831 -0.928250  0.009690    79.660647
>../../../../class1/cys//data/domains/Catalytic_domain/structures/CysRS_AF_Bact_Bordetella_avium_197N_gene41394405.pdb
-0.606814  0.757331  0.241301    24.453573
 0.318926  0.510062 -0.798826    53.021367
-0.728054 -0.407782 -0.551046    78.447543
>../../../../class1/cys//data/domains/Catalytic_domain/structures/CysRS_AF_Bact_Lactobacillus_amylovorus_GRL1118_gene66523130.pdb
-0.754646  0.654994  0.038617    24.853156
 0.121740  0.197609 -0.972692    53.945192
-0.644739 -0.729337 -0.228864    79.723532
>../../../../class1/cys//data/domains/Catalytic_domain/structures/CysRS_AF_Bact_Mycobacterium_canettii_CIPT_140010059_gene45427568.pdb
-0.312701  0.535204 -0.784713    25.130363
-0.756917  0.358699  0.546271    53.962836
 0.573843  0.764782  0.292940    77.985330
>../../../../class1/cys//data/domains/Catalytic_domain/structures/CysRS_AF_Bact_Mycoplasma_hyopneumoniae_168-L_gene57101512.pdb
-0.878578  0.457709 -0.136393    23.448195
 0.192413  0.077837 -0.978222    54.621817
-0.437124 -0.885689 -0.156455    77.664814
>../../../../class1/cys//data/domains/Catalytic_domain/structures/CysRS_AF_Bact_Porphyromonas_gingivalis_ATCC_33277_gene29256960.pdb
 0.364940 -0.046910  0.929848    27.743846
 0.758728  0.593804 -0.267823    54.873241
-0.539584  0.803241  0.252295    74.504186
>../../../../class1/cys//data/domains/Catalytic_domain/structures/CysRS_AF_Bact_Prochlorococcus_marinus_subsp_marinus_str_CCMP1375_gene54200571.pdb
-0.869867 -0.274315 -0.409979    24.765017
 0.483521 -0.309603 -0.818751    55.324977
 0.097665 -0.910438  0.401950    77.769876
>../../../../class1/cys//data/domains/Catalytic_domain/structures/CysRS_AF_Bact_Streptobacillus_moniliformis_DSM_12112_gene29673427.pdb
 0.154382 -0.778022  0.608973    28.468054
 0.987365  0.099195 -0.123578    58.808486
 0.035739  0.620356  0.783505    80.153519
>../../../../class1/cys//data/domains/Catalytic_domain/structures/CysRS_AF_Bact_Treponema_pallidum_subsp_pertenue_str_SamoaD_gene57878631.pdb
 0.467533 -0.129584  0.874426    27.106888
 0.764471  0.555947 -0.326355    57.029296
-0.443844  0.821055  0.358987    75.210780
>../../../../class1/cys//data/domains/Catalytic_domain/structures/CysRS_AF_Euk_Arabidopsis_thaliana_gene833874.pdb
-0.873779  0.476719 -0.096174    26.398830
 0.230975  0.232768 -0.944706    50.333777
-0.427973 -0.847678 -0.313498    79.269884
>../../../../class1/cys//data/domains/Catalytic_domain/structures/CysRS_AF_Euk_Cyanidioschyzon_merolae_strain_10D_gene16993418.pdb
-0.733730 -0.480563 -0.480313    27.472621
 0.649920 -0.290297 -0.702375    45.489134
 0.198102 -0.827519  0.525327    82.635046
>../../../../class1/cys//data/domains/Catalytic_domain/structures/CysRS_AF_Euk_Drosophila_melanogaster_gene36784.pdb
-0.523545 -0.838141 -0.153038    27.585724
 0.803691 -0.426206 -0.415247    48.620887
 0.282810 -0.340396  0.896744    76.040873
>../../../../class1/cys//data/domains/Catalytic_domain/structures/CysRS_AF_Euk_Micromonas_commoda_gene8246535.pdb
-0.035958 -0.205934 -0.977905    26.341298
-0.972992  0.230486 -0.012760    49.722852
 0.228021  0.951035 -0.208660    78.834968
>../../../../class1/cys//data/domains/Catalytic_domain/structures/CysRS_AF_Mito_Morone_saxatilis_gene118339815.pdb
 0.261701  0.065397  0.962931    23.763256
 0.623052  0.750516 -0.220301    54.040985
-0.737102  0.657609  0.155665    81.458373
>../../../../class1/cys//data/domains/Catalytic_domain/structures/CysRS_AF_Mito_Saccharomyces_cerevisiae_S288C_gene855474.pdb
 0.026081 -0.503963  0.863332    27.635187
 0.855378  0.458196  0.241628    49.903280
-0.517347  0.732173  0.443029    76.665924
>../../../../class1/cys//data/domains/Catalytic_domain/structures/CysRS_AF_Vir_Megavirus_chiliensis_gene11257271.pdb
 0.101266 -0.694432 -0.712397    24.649196
-0.972365 -0.220501  0.076720    49.953766
-0.210361  0.684941 -0.697570    74.508451
>../../../../class1/cys//data/domains/Catalytic_domain/structures/CysRS_PDB_Bact_E_coli_1LI5.pdb
-0.207750  0.751309 -0.626398     8.143301
-0.680994 -0.570785 -0.458750   187.106094
-0.702202  0.331268  0.630218    71.027401
>../../../../class1/cys//data/domains/Catalytic_domain/structures/CysRS_PDB_Bact_M_smegmatis_3C8Z.pdb
 0.663032  0.297597  0.686895    22.489281
-0.727788  0.041443  0.684549   104.625509
 0.175252 -0.953792  0.244066    86.489084
>../../../../class1/gln//data/domains/Catalytic_domain/structures/GlnRS_AF_Bact_Anaerostipes_hadrus_gene15230984.pdb
-0.767012 -0.093378 -0.634802    26.321058
 0.629218  0.084221 -0.772653    44.509201
 0.125612 -0.992062 -0.005844    70.781826
>../../../../class1/gln//data/domains/Catalytic_domain/structures/GlnRS_AF_Bact_Cutibacterium_avidum_44067_gene29843447.pdb
-0.729168  0.508277 -0.458223    27.206994
 0.651093  0.309117 -0.693198    44.504323
-0.210692 -0.803804 -0.556334    70.930458
>../../../../class1/gln//data/domains/Catalytic_domain/structures/GlnRS_AF_Bact_Pasteurella_multocida_subsp_multocida_str_Pm70_gene1243875.pdb
-0.870529  0.443747 -0.212763    26.957044
 0.347045  0.247033 -0.904729    44.295613
-0.348911 -0.861431 -0.369049    72.647187
>../../../../class1/gln//data/domains/Catalytic_domain/structures/GlnRS_AF_Bact_Porphyromonas_gingivalis_ATCC_33277_gene29257033.pdb
-0.712605 -0.466841 -0.523692    27.038835
 0.613457 -0.052463 -0.787984    45.704142
 0.340389 -0.882784  0.323772    70.552446
>../../../../class1/gln//data/domains/Catalytic_domain/structures/GlnRS_AF_Bact_Thermus_thermophilus_HB8_gene3168786.pdb
 0.287961 -0.873018 -0.393596    26.838430
-0.797996 -0.445968  0.405357    46.313989
-0.529415  0.197361 -0.825087    69.310323
>../../../../class1/gln//data/domains/Catalytic_domain/structures/GlnRS_AF_Euk_Candida_dubliniensis_CD36_gene8049124.pdb
-0.874059 -0.075089 -0.479982    28.624199
 0.435950  0.314793 -0.843121    48.347890
 0.214405 -0.946185 -0.242413    71.133480
>../../../../class1/gln//data/domains/Catalytic_domain/structures/GlnRS_AF_Euk_Dictyostelium_discoideum_AX4_gene8627167.pdb
 0.666959 -0.546031  0.506968    27.355694
-0.677088 -0.160164  0.718262    51.205406
-0.310995 -0.822313 -0.476533    71.964660
>../../../../class1/gln//data/domains/Catalytic_domain/structures/GlnRS_AF_Euk_Encephalitozoon_romaleae_SJ-2008_gene20564565.pdb
 0.735691 -0.676390  0.035431    27.427528
-0.487098 -0.492006  0.721572    47.733667
-0.470631 -0.548112 -0.691433    71.604645
>../../../../class1/gln//data/domains/Catalytic_domain/structures/GlnRS_AF_Euk_Myodes_glareolus_gene125393344.pdb
 0.402405  0.399883  0.823507    21.950525
 0.900016 -0.008263 -0.435779    44.834438
-0.167456  0.916529 -0.363226    76.377915
>../../../../class1/gln//data/domains/Catalytic_domain/structures/GlnRS_AF_Mito_Cyanidioschyzon_merolae_strain_10D_gene16997184.pdb
 0.354992 -0.920578 -0.162841    30.422086
-0.751094 -0.384560  0.536630    48.180725
-0.556631 -0.068191 -0.827956    70.041888
>../../../../class1/gln//data/domains/Catalytic_domain/structures/GlnRS_Bact_D_radio_2HZ7.pdb
 1.000000 -0.000000  0.000000     0.000000
 0.000000  1.000000  0.000000     0.000000
-0.000000  0.000000  1.000000     0.000000
>../../../../class1/gln//data/domains/Catalytic_domain/structures/GlnRS_Bact_E_coli_1QTQ.pdb
-0.593388 -0.162313  0.788382    42.058628
 0.147513  0.940940  0.304750    19.448526
-0.791284  0.297131 -0.534399   105.215012
>../../../../class1/gln//data/domains/Catalytic_domain/structures/GlnRS_PDB_Euk_T_gondii_4P2B.pdb
 0.690903 -0.274224  0.668920   -56.941414
-0.211849  0.807855  0.549991    -8.368447
-0.691211 -0.521701  0.500055   133.479859
