>../../../../class1/cys//data/domains/Catalytic_domain/structures/CysRS_AF_Arch_Aciduliprofundum_boonei_T469_gene8827372.pdb
-0.926452  0.283263  0.247890    -3.347316
 0.361935  0.489470  0.793361     2.547482
 0.103395  0.824731 -0.555994    -1.247065
>../../../../class1/cys//data/domains/Catalytic_domain/structures/CysRS_AF_Arch_Candidatus_Nitrosopumilus_sediminis_gene13696907.pdb
-0.956749  0.219391  0.191045     2.747911
 0.287929  0.807949  0.514116    -2.671255
-0.041562  0.546887 -0.836174    -2.325002
>../../../../class1/cys//data/domains/Catalytic_domain/structures/CysRS_AF_Arch_Methanospirillum_hungatei_JF-1_gene3922979.pdb
-0.176711 -0.766688  0.617222    -2.317823
-0.896943 -0.132786 -0.421737     0.441468
 0.405299 -0.628138 -0.664210     3.973944
>../../../../class1/cys//data/domains/Catalytic_domain/structures/CysRS_AF_Arch_Pyrobaculum_ferrireducens_gene11593896.pdb
-0.111541 -0.575351  0.810265     2.295251
-0.676357 -0.553417 -0.486077     0.251874
 0.728080 -0.602246 -0.327414    -0.136320
>../../../../class1/cys//data/domains/Catalytic_domain/structures/CysRS_AF_Bact_Bordetella_avium_197N_gene41394405.pdb
-0.476398 -0.850973  0.221112     1.456162
-0.762164  0.274316 -0.586392    -0.566384
 0.438349 -0.447880 -0.779265     0.419234
>../../../../class1/cys//data/domains/Catalytic_domain/structures/CysRS_AF_Bact_Lactobacillus_amylovorus_GRL1118_gene66523130.pdb
-0.217106 -0.781648  0.584715     0.997654
-0.849619 -0.143625 -0.507464     0.934781
 0.480638 -0.606958 -0.632921     0.755146
>../../../../class1/cys//data/domains/Catalytic_domain/structures/CysRS_AF_Bact_Mycobacterium_canettii_CIPT_140010059_gene45427568.pdb
 1.000000  0.000000  0.000000     0.000000
 0.000000  1.000000  0.000000     0.000000
 0.000000  0.000000  1.000000     0.000000
>../../../../class1/cys//data/domains/Catalytic_domain/structures/CysRS_AF_Bact_Mycoplasma_hyopneumoniae_168-L_gene57101512.pdb
-0.134957 -0.717371  0.683495    -0.015906
-0.737500 -0.387951 -0.552799    -1.066993
 0.661725 -0.578682 -0.476704     1.734636
>../../../../class1/cys//data/domains/Catalytic_domain/structures/CysRS_AF_Bact_Porphyromonas_gingivalis_ATCC_33277_gene29256960.pdb
-0.997475  0.036463  0.060938    -3.393793
 0.065769  0.797988  0.599074    -0.754776
-0.026784  0.601569 -0.798371    -2.436282
>../../../../class1/cys//data/domains/Catalytic_domain/structures/CysRS_AF_Bact_Prochlorococcus_marinus_subsp_marinus_str_CCMP1375_gene54200571.pdb
-0.033138 -0.203133  0.978590    -0.919962
-0.205834 -0.956752 -0.205570     0.037754
 0.978026 -0.208239 -0.010106     1.161669
>../../../../class1/cys//data/domains/Catalytic_domain/structures/CysRS_AF_Bact_Streptobacillus_moniliformis_DSM_12112_gene29673427.pdb
-0.769905  0.531526  0.353167    -3.381219
 0.470417  0.098741  0.876903     4.840694
 0.431225  0.841267 -0.326060     0.528001
>../../../../class1/cys//data/domains/Catalytic_domain/structures/CysRS_AF_Bact_Treponema_pallidum_subsp_pertenue_str_SamoaD_gene57878631.pdb
-0.976996  0.112359  0.181257    -4.377956
 0.203032  0.750096  0.629391     0.046278
-0.065242  0.651714 -0.755654    -0.377316
>../../../../class1/cys//data/domains/Catalytic_domain/structures/CysRS_AF_Euk_Arabidopsis_thaliana_gene833874.pdb
-0.139216 -0.809643  0.570173     2.964029
-0.717439 -0.314410 -0.621633     0.597229
 0.682569 -0.495606 -0.537099    -2.424704
>../../../../class1/cys//data/domains/Catalytic_domain/structures/CysRS_AF_Euk_Cyanidioschyzon_merolae_strain_10D_gene16993418.pdb
-0.143325 -0.118979  0.982498     8.507235
 0.002857 -0.992793 -0.119809     1.266253
 0.989672 -0.014365  0.142632    -4.999757
>../../../../class1/cys//data/domains/Catalytic_domain/structures/CysRS_AF_Euk_Drosophila_melanogaster_gene36784.pdb
-0.265617  0.356060  0.895918     2.132861
 0.234778 -0.877433  0.418320    -2.573819
 0.935054  0.321455  0.149466    -5.168757
>../../../../class1/cys//data/domains/Catalytic_domain/structures/CysRS_AF_Euk_Micromonas_commoda_gene8246535.pdb
 0.880754  0.428360  0.201943     3.342710
-0.182943  0.701073 -0.689223    -0.032002
-0.436812  0.570092  0.695838    -2.839398
>../../../../class1/cys//data/domains/Catalytic_domain/structures/CysRS_AF_Mito_Morone_saxatilis_gene118339815.pdb
-0.981226 -0.189968 -0.033267     2.616806
-0.176748  0.816754  0.549248     1.445600
-0.077169  0.544817 -0.834997     2.300515
>../../../../class1/cys//data/domains/Catalytic_domain/structures/CysRS_AF_Mito_Saccharomyces_cerevisiae_S288C_gene855474.pdb
-0.953270  0.249733 -0.170029     1.591626
-0.039289  0.455536  0.889350    -1.792504
 0.299554  0.854471 -0.424437    -4.346820
>../../../../class1/cys//data/domains/Catalytic_domain/structures/CysRS_PDB_Bact_E_coli_1LI5.pdb
 0.175316  0.376059  0.909859   -98.694971
-0.899041  0.437797 -0.007717    34.278679
-0.401235 -0.816648  0.414845    84.729014
>../../../../class1/cys//data/domains/Catalytic_domain/structures/CysRS_PDB_Bact_M_smegmatis_3C8Z.pdb
 0.438307 -0.667996 -0.601389   -32.719736
 0.215825 -0.571291  0.791863    23.289607
-0.872529 -0.476874 -0.106230    32.109789
>../../../../class1/gln//data/domains/Catalytic_domain/structures/GlnRS_AF_Bact_Anaerostipes_hadrus_gene15230984.pdb
-0.175918 -0.599268  0.780981     2.903957
-0.075120 -0.782868 -0.617636    -8.464129
 0.981534 -0.167320  0.092704    -8.136451
>../../../../class1/gln//data/domains/Catalytic_domain/structures/GlnRS_AF_Bact_Cutibacterium_avidum_44067_gene29843447.pdb
-0.394422 -0.846733  0.357036     2.779365
-0.315972 -0.239878 -0.917944    -7.602974
 0.862898 -0.474870 -0.172931    -8.707624
>../../../../class1/gln//data/domains/Catalytic_domain/structures/GlnRS_AF_Bact_Pasteurella_multocida_subsp_multocida_str_Pm70_gene1243875.pdb
-0.199172 -0.811512  0.549343     3.975663
-0.605692 -0.338736 -0.719996    -6.536216
 0.770368 -0.476136 -0.424060    -8.216220
>../../../../class1/gln//data/domains/Catalytic_domain/structures/GlnRS_AF_Bact_Porphyromonas_gingivalis_ATCC_33277_gene29257033.pdb
-0.069640 -0.311032  0.947845     1.899289
 0.113104 -0.946486 -0.302276    -7.724091
 0.991140  0.086154  0.101092    -7.845056
>../../../../class1/gln//data/domains/Catalytic_domain/structures/GlnRS_AF_Bact_Thermus_thermophilus_HB8_gene3168786.pdb
 0.221492  0.719372 -0.658366     0.521410
-0.531640 -0.476898 -0.699947    -8.265761
-0.817496  0.505047  0.276818    -8.060067
>../../../../class1/gln//data/domains/Catalytic_domain/structures/GlnRS_AF_Euk_Arabidopsis_thaliana_gene832718.pdb
 0.111266 -0.723189 -0.681628     8.684003
 0.566574 -0.517340  0.641369    -6.705661
-0.816464 -0.457555  0.352177    -5.012067
>../../../../class1/gln//data/domains/Catalytic_domain/structures/GlnRS_AF_Euk_Candida_dubliniensis_CD36_gene8049124.pdb
 0.057114 -0.754457  0.653859    -0.588844
-0.135203 -0.654740 -0.743664    -5.486027
 0.989170 -0.045930 -0.139400    -7.679452
>../../../../class1/gln//data/domains/Catalytic_domain/structures/GlnRS_AF_Euk_Encephalitozoon_romaleae_SJ-2008_gene20564565.pdb
-0.119199  0.272693 -0.954689     0.692286
-0.141708 -0.956372 -0.255481    -5.723171
-0.982706  0.104834  0.152641    -6.965057
>../../../../class1/gln//data/domains/Catalytic_domain/structures/GlnRS_AF_Euk_Myodes_glareolus_gene125393344.pdb
-0.900964  0.418720 -0.113741     7.232539
 0.421759  0.906703 -0.002937    -6.361797
 0.101900 -0.050618 -0.993506    -2.562772
>../../../../class1/gln//data/domains/Catalytic_domain/structures/GlnRS_AF_Mito_Cyanidioschyzon_merolae_strain_10D_gene16997184.pdb
 0.149866  0.533527 -0.832400    -1.608742
-0.506622 -0.681543 -0.528047    -5.213355
-0.849043  0.500848  0.168156    -9.490441
>../../../../class1/gln//data/domains/Catalytic_domain/structures/GlnRS_Bact_D_radio_2HZ7.pdb
-0.313438 -0.757971  0.572046     4.140996
 0.534580  0.357039  0.765994   -92.404576
-0.784844  0.545896  0.293287   -32.611761
>../../../../class1/gln//data/domains/Catalytic_domain/structures/GlnRS_Bact_E_coli_1QTQ.pdb
-0.370585 -0.512947 -0.774307    36.677205
-0.872079  0.479030  0.100041    17.935710
 0.319601  0.712331 -0.624852   -23.672280
>../../../../class1/gln//data/domains/Catalytic_domain/structures/GlnRS_PDB_Euk_T_gondii_4P2B.pdb
-0.436080 -0.827758 -0.353060   104.402772
-0.262314 -0.258370  0.929751   -20.964212
-0.860828  0.498058 -0.104462    48.548021
