>structures/CysRS_AF_Arch_Aciduliprofundum_boonei_T469_gene8827372.pdb
-0.922089  0.298054  0.246811    -3.824476
 0.370272  0.494174  0.786569     2.374731
 0.112472  0.816674 -0.566034    -1.465456
>structures/CysRS_AF_Arch_Candidatus_Nitrosopumilus_sediminis_gene13696907.pdb
-0.956697  0.231169  0.176893     2.313882
 0.290020  0.808922  0.511403    -2.595530
-0.024872  0.540561 -0.840937    -2.594101
>structures/CysRS_AF_Arch_Methanospirillum_hungatei_JF-1_gene3922979.pdb
-0.157660 -0.786833  0.596688    -2.943563
-0.901244 -0.132318 -0.412615     0.658298
 0.403612 -0.602814 -0.688268     3.542545
>structures/CysRS_AF_Arch_Pyrobaculum_ferrireducens_gene11593896.pdb
-0.102122 -0.587179  0.802989     1.933440
-0.665105 -0.559956 -0.494050     0.085761
 0.739734 -0.584526 -0.333352    -0.488739
>structures/CysRS_AF_Bact_Bordetella_avium_197N_gene41394405.pdb
-0.452950 -0.870461  0.192702     0.664482
-0.763232  0.266887 -0.588428    -0.454609
 0.460774 -0.413605 -0.785251    -0.236326
>structures/CysRS_AF_Bact_Lactobacillus_amylovorus_GRL1118_gene66523130.pdb
-0.208313 -0.788415  0.578798     0.586408
-0.841582 -0.157035 -0.516797     0.808390
 0.498342 -0.594762 -0.630804     0.493001
>structures/CysRS_AF_Bact_Mycobacterium_canettii_CIPT_140010059_gene45427568.pdb
 1.000000 -0.000000  0.000000     0.000000
 0.000000  1.000000  0.000000     0.000000
-0.000000  0.000000  1.000000     0.000000
>structures/CysRS_AF_Bact_Mycoplasma_hyopneumoniae_168-L_gene57101512.pdb
-0.082886 -0.725697  0.683003    -0.992740
-0.695888 -0.448444 -0.560925    -1.669932
 0.713351 -0.521787 -0.467835     0.921352
>structures/CysRS_AF_Bact_Porphyromonas_gingivalis_ATCC_33277_gene29256960.pdb
-0.997404  0.050203  0.051633    -3.849903
 0.070961  0.807377  0.585754    -1.228516
-0.012281  0.587897 -0.808843    -2.629435
>structures/CysRS_AF_Bact_Prochlorococcus_marinus_subsp_marinus_str_CCMP1375_gene54200571.pdb
 0.001116 -0.200167  0.979761    -1.627860
-0.201557 -0.959699 -0.195839     0.212458
 0.979476 -0.197259 -0.041416     0.647685
>structures/CysRS_AF_Bact_Streptobacillus_moniliformis_DSM_12112_gene29673427.pdb
-0.781407  0.526322  0.335243    -3.695186
 0.456549  0.115956  0.882109     5.006512
 0.425401  0.842341 -0.330901     0.563589
>structures/CysRS_AF_Bact_Treponema_pallidum_subsp_pertenue_str_SamoaD_gene57878631.pdb
-0.983708  0.074345  0.163679    -4.468566
 0.160511  0.773250  0.613450    -0.137819
-0.080958  0.629728 -0.772585    -0.490214
>structures/CysRS_AF_Euk_Arabidopsis_thaliana_gene833874.pdb
-0.132728 -0.819836  0.557003     2.372376
-0.707277 -0.315356 -0.632700     0.295661
 0.694364 -0.477933 -0.537995    -2.635752
>structures/CysRS_AF_Euk_Cyanidioschyzon_merolae_strain_10D_gene16993418.pdb
-0.108457 -0.103872  0.988660     7.411407
 0.010159 -0.994590 -0.103380     1.474762
 0.994049 -0.001168  0.108925    -5.888668
>structures/CysRS_AF_Euk_Drosophila_melanogaster_gene36784.pdb
-0.274190  0.386762  0.880474     2.151565
 0.245396 -0.857114  0.452920    -2.477469
 0.929839  0.340251  0.140103    -5.358333
>structures/CysRS_AF_Euk_Micromonas_commoda_gene8246535.pdb
 0.861708  0.456895  0.220696     2.524173
-0.197133  0.702240 -0.684103    -0.278608
-0.467545  0.545991  0.695195    -3.704815
>structures/CysRS_AF_Mito_Morone_saxatilis_gene118339815.pdb
-0.973041 -0.218267 -0.074502     2.055527
-0.224029  0.817765  0.530162     1.965254
-0.054792  0.532560 -0.844617     1.775466
>structures/CysRS_AF_Mito_Saccharomyces_cerevisiae_S288C_gene855474.pdb
-0.943619  0.255744 -0.210187     1.018569
-0.073954  0.456032  0.886886    -0.932360
 0.322667  0.852426 -0.411407    -4.905139
>structures/CysRS_AF_Vir_Megavirus_chiliensis_gene11257271.pdb
 0.564424  0.789745 -0.240268     1.108984
-0.490357  0.086620 -0.867207    -5.099778
-0.664060  0.607289  0.436147    -2.857009
>structures/CysRS_PDB_Bact_E_coli_1LI5.pdb
 0.164804  0.370996  0.913894   -97.906087
-0.903668  0.428096 -0.010826    35.508916
-0.395250 -0.824073  0.405809    85.108550
>structures/CysRS_PDB_Bact_M_smegmatis_3C8Z.pdb
 0.437041 -0.634932 -0.637069   -34.326045
 0.225900 -0.608105  0.761037    22.492468
-0.870612 -0.476518 -0.122335    31.231986
