>../../../../class1/glu2//data/domains/Catalytic_domain/structures/GlxRS_AF_Arch_Candidatus_Korarchaeum_cryptofilum_OPF8_gene6094352.pdb
 0.535722 -0.272529 -0.799206    -0.518049
 0.818846 -0.063387  0.570502     0.642185
-0.206138 -0.960057  0.189202    -0.859535
>../../../../class1/glu2//data/domains/Catalytic_domain/structures/GlxRS_AF_Arch_Methanothrix_soehngenii_GP6_gene10459943.pdb
 0.641611  0.458575 -0.614853    -3.005882
-0.698765  0.018870 -0.715102    -0.745143
-0.316326  0.888455  0.332544    -1.889834
>../../../../class1/glu2//data/domains/Catalytic_domain/structures/GlxRS_AF_Arch_Nitrosopumilus_maritimus_SCM1_gene5773999.pdb
-0.297356 -0.095693  0.949959    -1.902583
 0.051215 -0.995131 -0.084212    -1.903700
 0.953392  0.023611  0.300809    -0.527669
>../../../../class1/glu2//data/domains/Catalytic_domain/structures/GlxRS_AF_Arch_Sulfolobus_islandicus_LAL14_1_gene15298417.pdb
-0.944727  0.209954  0.251813    -4.661158
 0.326755  0.665878  0.670700     2.548222
-0.026861  0.715910 -0.697676    -4.033369
>../../../../class1/glu2//data/domains/Catalytic_domain/structures/GlxRS_AF_Euk_Cyathus_striatus_proteinKAF9013924.1.pdb
 0.899216  0.298976 -0.319411     6.259269
-0.421899  0.785828 -0.452191    -4.015693
 0.115808  0.541377  0.832766     0.447072
>../../../../class1/glu2//data/domains/Catalytic_domain/structures/GlxRS_AF_Euk_Lichtheimia_hyalospora_proteinKAI7879902.1.pdb
 0.935498 -0.182373 -0.302628    -0.341566
 0.293227  0.878583  0.376974    -0.302057
 0.197133 -0.441397  0.875390    -8.997502
>../../../../class1/glu2//data/domains/Catalytic_domain/structures/GlxRS_AF_Euk_Medicago_truncatula_gene11407510.pdb
 0.974969  0.020022 -0.221437     6.212525
-0.068403  0.974645 -0.213043     3.284955
 0.211557  0.222858  0.951619     0.052072
>../../../../class1/glu2//data/domains/Catalytic_domain/structures/GlxRS_AF_Euk_Xylariaceae_sp_FL0804_proteinKAI0483267.1.pdb
-0.961721 -0.218132  0.165865    -3.425038
-0.192504  0.968559  0.157591    -2.839989
-0.195026  0.119629 -0.973475   -10.964120
>../../../../class1/glu2//data/domains/Catalytic_domain/structures/GlxRS_PDB_Arch_M_thermau_3AII.pdb
-0.436344 -0.891690  0.120388    24.777128
 0.217254  0.025430  0.975784   -61.926159
-0.873158  0.451933  0.182627   -31.261765
>../../../../class1/lys//data/domains/Catalytic_domain/structures/LysRS-I_AF_Arch_Candidatus_Bathyarchaeota_archaeon_proteinRJS75864.1.pdb
-0.641489 -0.719403  0.266365    -2.614648
-0.750883  0.517747 -0.410016     1.144290
 0.157057 -0.463029 -0.872317     0.215690
>../../../../class1/lys//data/domains/Catalytic_domain/structures/LysRS-I_AF_Arch_Candidatus_Nitrosopumilus_koreensis_AR1_gene13726042.pdb
-0.335392  0.557056  0.759738    -6.993434
 0.614143 -0.482248  0.624712     1.372922
 0.714381  0.676111 -0.180370    -1.187154
>../../../../class1/lys//data/domains/Catalytic_domain/structures/LysRS-I_AF_Arch_Ferroplasma_acidarmanus_Fer1_gene16025146.pdb
-0.716932 -0.675939  0.170630    -4.432442
-0.675012  0.611879 -0.412267    -2.483587
 0.174262 -0.410744 -0.894942    -2.177892
>../../../../class1/lys//data/domains/Catalytic_domain/structures/LysRS-I_AF_Arch_Halorubrum_lacusprofundi_ATCC_49239_gene7400505.pdb
 1.000000  0.000000  0.000000     0.000000
 0.000000  1.000000  0.000000     0.000000
 0.000000  0.000000  1.000000     0.000000
>../../../../class1/lys//data/domains/Catalytic_domain/structures/LysRS-I_AF_Bact_Cereibacter_sphaeroides_KD131_gene67447319.pdb
 0.645272 -0.638459 -0.419516    -4.489191
 0.677810  0.225145  0.699917     1.326827
-0.352416 -0.735989  0.578033    -5.102588
>../../../../class1/lys//data/domains/Catalytic_domain/structures/LysRS-I_AF_Bact_Cyanobacteria_bacterium_J007_proteinRMH73500.1.pdb
-0.371379 -0.717559  0.589226    -1.794858
-0.837001 -0.015948 -0.546969     1.590206
 0.401880 -0.696315 -0.594674     1.361199
>../../../../class1/lys//data/domains/Catalytic_domain/structures/LysRS-I_AF_Bact_Streptomyces_albidoflavus_gene15147364.pdb
-0.516071  0.535510  0.668505    -2.564496
 0.455709 -0.489183  0.743660     3.333880
 0.725258  0.688425  0.008416    -1.403495
>../../../../class1/lys//data/domains/Catalytic_domain/structures/LysRS-I_AF_Bact_Treponema_denticola_ATCC_35405_gene2739918.pdb
-0.519188  0.590766  0.617608    -2.685511
 0.383515 -0.484753  0.786085     3.447386
 0.763780  0.644988  0.025110    -1.354589
>../../../../class1/lys//data/domains/Catalytic_domain/structures/LysRS-I_PDB_Arch_P_hori_1IRX.pdb
 0.333692  0.577670 -0.744948    13.175587
-0.741769  0.648576  0.170670    -0.995097
 0.581746  0.495628  0.644922   -91.866243
