>../../../../class1/glu2//data/domains/Catalytic_domain/structures/GlxRS_AF_Arch_Candidatus_Korarchaeum_cryptofilum_OPF8_gene6094352.pdb
-0.139452 -0.627622  0.765927    -1.583535
-0.239298 -0.729200 -0.641096     2.985105
 0.960879 -0.272687 -0.048500    -0.599915
>../../../../class1/glu2//data/domains/Catalytic_domain/structures/GlxRS_AF_Arch_Methanothrix_soehngenii_GP6_gene10459943.pdb
-0.830406  0.456589  0.319301    -1.630921
 0.533189  0.817523  0.217637     1.541164
-0.161665  0.350975 -0.922324    -3.439452
>../../../../class1/glu2//data/domains/Catalytic_domain/structures/GlxRS_AF_Arch_Nitrosopumilus_maritimus_SCM1_gene5773999.pdb
 0.912144 -0.304613 -0.274235    -1.538389
 0.393966  0.467018  0.791635     3.747161
-0.113070 -0.830124  0.545994    -3.287734
>../../../../class1/glu2//data/domains/Catalytic_domain/structures/GlxRS_AF_Arch_Sulfolobus_islandicus_LAL14_1_gene15298417.pdb
 0.583472  0.696764 -0.417229    -1.165148
-0.733997  0.232554 -0.638096    -2.518121
-0.347575  0.678556  0.647112    -1.719878
>../../../../class1/glu2//data/domains/Catalytic_domain/structures/GlxRS_AF_Euk_Cyathus_striatus_proteinKAF9013924.1.pdb
-0.529440  0.550684  0.645322    -5.784819
 0.816337  0.123722  0.564168    10.089235
 0.230838  0.825494 -0.515047    -0.145463
>../../../../class1/glu2//data/domains/Catalytic_domain/structures/GlxRS_AF_Euk_Lichtheimia_hyalospora_proteinKAI7879902.1.pdb
-0.206083  0.087970  0.974572    -8.348087
 0.519899 -0.833907  0.185211    -1.576217
 0.828996  0.544848  0.126119    -1.156097
>../../../../class1/glu2//data/domains/Catalytic_domain/structures/GlxRS_AF_Euk_Medicago_truncatula_gene11407510.pdb
-0.360856  0.547566  0.754953    -3.458162
 0.718420 -0.352972  0.599403     5.479255
 0.594690  0.758671 -0.266010     6.491350
>../../../../class1/glu2//data/domains/Catalytic_domain/structures/GlxRS_AF_Euk_Xylariaceae_sp_FL0804_proteinKAI0483267.1.pdb
 0.271961  0.576584 -0.770446    -9.316409
-0.584103 -0.537360 -0.608331    -3.825152
-0.764762  0.615463  0.190644    -5.140505
>../../../../class1/glu2//data/domains/Catalytic_domain/structures/GlxRS_PDB_Arch_M_thermau_3AII.pdb
-0.369533  0.825873  0.425886   -60.811054
-0.917225 -0.250797 -0.309514    30.357058
-0.148809 -0.505009  0.850189   -36.080139
>../../../../class1/lys//data/domains/Catalytic_domain/structures/LysRS-I_AF_Arch_Candidatus_Bathyarchaeota_archaeon_proteinRJS75864.1.pdb
 0.171101  0.212600 -0.962042     0.368138
 0.080545 -0.976191 -0.201402     2.287406
-0.981956 -0.043027 -0.184151    -1.865519
>../../../../class1/lys//data/domains/Catalytic_domain/structures/LysRS-I_AF_Arch_Candidatus_Nitrosopumilus_koreensis_AR1_gene13726042.pdb
 0.954453  0.054184 -0.293401     1.665172
-0.048111  0.998453  0.027880    -1.281893
 0.294458 -0.012494  0.955583    -4.365497
>../../../../class1/lys//data/domains/Catalytic_domain/structures/LysRS-I_AF_Arch_Ferroplasma_acidarmanus_Fer1_gene16025146.pdb
 0.245222  0.263117 -0.933079    -1.882387
 0.016507 -0.963459 -0.267346     1.462854
-0.969326  0.050156 -0.240605    -5.764290
>../../../../class1/lys//data/domains/Catalytic_domain/structures/LysRS-I_AF_Arch_Halorubrum_lacusprofundi_ATCC_49239_gene7400505.pdb
-0.519188  0.383515  0.763780    -1.681802
 0.590766 -0.484753  0.644988     4.131334
 0.617608  0.786085  0.025110    -1.017335
>../../../../class1/lys//data/domains/Catalytic_domain/structures/LysRS-I_AF_Bact_Cereibacter_sphaeroides_KD131_gene67447319.pdb
-0.359998 -0.133548  0.923345    -2.875838
-0.170669 -0.963573 -0.205908    -2.563103
 0.917210 -0.231713  0.324092    -3.309795
>../../../../class1/lys//data/domains/Catalytic_domain/structures/LysRS-I_AF_Bact_Cyanobacteria_bacterium_J007_proteinRMH73500.1.pdb
 0.184921 -0.167112 -0.968441     0.941405
 0.446204 -0.863731  0.234245     3.222465
-0.875617 -0.475439 -0.085156    -0.925623
>../../../../class1/lys//data/domains/Catalytic_domain/structures/LysRS-I_AF_Bact_Streptomyces_albidoflavus_gene15147364.pdb
 0.996325  0.064144 -0.056758    -0.153215
-0.062005  0.997326  0.038686     0.087628
 0.059088 -0.035025  0.997638     0.072796
>../../../../class1/lys//data/domains/Catalytic_domain/structures/LysRS-I_AF_Bact_Treponema_denticola_ATCC_35405_gene2739918.pdb
 1.000000  0.000000  0.000000     0.000000
 0.000000  1.000000  0.000000     0.000000
 0.000000  0.000000  1.000000     0.000000
>../../../../class1/lys//data/domains/Catalytic_domain/structures/LysRS-I_PDB_Arch_P_hori_1IRX.pdb
-0.008709  0.327758  0.944722   -79.238629
 0.932147  0.344652 -0.110979   -46.472820
-0.361975  0.879653 -0.308520     3.871297
