>structures/Arg_Arch_2ZUF_P.hori.pdb
 0.831610 -0.288810 -0.474356    41.560796
-0.524697 -0.128705 -0.841503    90.457038
 0.181982  0.948696 -0.258570   103.098256
>structures/Cys_Bact_3C8Z_M_smegmatis.pdb
-0.227548  0.971604 -0.064870    43.375601
-0.002882 -0.067289 -0.997729    -2.658966
-0.973763 -0.226844  0.018111   114.540802
>structures/Gln_Bact_2HZ7_D_radio.pdb
-0.081896  0.340742 -0.936583    95.659114
-0.849983 -0.514574 -0.112885    87.469280
-0.520406  0.786835  0.331766    23.504243
>structures/Glutamyl.A.Candidatus_Korarchaeota.NC_010482.1.pdb
-0.627478 -0.435234 -0.645633    48.278871
 0.620026 -0.780873 -0.076190    36.715203
-0.470997 -0.448117  0.759837    70.234722
>structures/Ile_Euk_7D5C_S_cere.pdb
 0.691795 -0.291518 -0.660634    75.480318
 0.717131  0.384445  0.581313    -8.768173
 0.084514 -0.875911  0.475014    66.541986
>structures/Leu_Bact_2V0C_T_therm.pdb
 0.293906  0.943703 -0.151803    74.597625
-0.955801  0.291488 -0.038451    57.160428
 0.007962  0.156394  0.987663    68.619929
>structures/Lys_Arch_1IRX_P_hori.pdb
 1.000000  0.000000  0.000000     0.000000
 0.000000  1.000000  0.000000     0.000000
 0.000000  0.000000  1.000000     0.000000
>structures/Met_Bact_1PFV_E_coli.pdb
 0.777182  0.559142 -0.288701    47.411004
 0.629215 -0.696890  0.344140    25.717103
-0.008770 -0.449115 -0.893431   109.694850
>structures/Tyr_Bact_1H3F_T_therm.pdb
-0.369147  0.657284 -0.657045    18.514961
 0.923636  0.181041 -0.337819    20.957683
-0.103091 -0.731575 -0.673922   134.945468
>structures/Valyl.A.Candidatus_Korarchaeota.NC_010482.1.pdb
-0.410448  0.540178  0.734670    41.288141
-0.235487  0.715546 -0.657678    27.949860
-0.880953 -0.442948 -0.166490    82.853606
