>structures/Arg_Arch_2ZUF_P.hori.pdb
 0.606955 -0.759554 -0.233847    -4.624396
 0.708763  0.384219  0.591634   -44.100828
-0.359529 -0.524837  0.771547   -15.275542
>structures/Cys_Bact_3C8Z_M_smegmatis.pdb
 0.554035  0.774095  0.306306     2.923466
-0.652768  0.175600  0.736925    44.532984
 0.516662 -0.608229  0.602592    27.960695
>structures/Gln_Bact_2HZ7_D_radio.pdb
 0.616911 -0.081568 -0.782795    66.770510
 0.200586  0.978065  0.056165   -62.947427
 0.761043 -0.191667  0.619740   -34.995380
>structures/Glutamyl.A.Candidatus_Korarchaeota.NC_010482.1.pdb
-0.142570 -0.242099 -0.959720    22.315979
-0.937414  0.344251  0.052416    -4.270195
 0.317694  0.907127 -0.276027    26.870969
>structures/Ile_Euk_7D5C_S_cere.pdb
 0.726965  0.262030 -0.634714    33.465057
-0.232706 -0.775625 -0.586731    41.435633
-0.646042  0.574235 -0.502876    45.916760
>structures/Leu_Bact_2V0C_T_therm.pdb
 0.116382  0.509726 -0.852429    45.146498
 0.939198 -0.335640 -0.072474   -14.111915
-0.323051 -0.792165 -0.517796    12.865249
>structures/Lys_Arch_1IRX_P_hori.pdb
 0.846254  0.271038 -0.458686     1.587026
 0.467314 -0.791084  0.394721   -27.763010
-0.255875 -0.548384 -0.796117   114.212841
>structures/Met_Bact_1PFV_E_coli.pdb
 1.000000  0.000000  0.000000     0.000000
 0.000000  1.000000  0.000000     0.000000
 0.000000  0.000000  1.000000     0.000000
>structures/Tyr_Bact_1H3F_T_therm.pdb
 0.028442  0.995248 -0.093129   -44.172800
-0.890910  0.067487  0.449138     4.591901
 0.453288  0.070196  0.888596     3.636553
>structures/Valyl.A.Candidatus_Korarchaeota.NC_010482.1.pdb
 0.345646  0.678022  0.648702    10.228818
 0.327254 -0.735008  0.593859    13.441271
 0.879451  0.007025 -0.475938    25.728311
