>../../../../class1/glu1//data/domains/Catalytic_domain/structures/GluRS_AF_Bact_Bifidobacterium_animalis_subsp_lactis_BLC1_gene66532600.pdb
 0.976316 -0.009931  0.216120     1.617473
 0.085478  0.935379 -0.343161     0.983388
-0.198746  0.353507  0.914075     0.945882
>../../../../class1/glu1//data/domains/Catalytic_domain/structures/GluRS_AF_Bact_Chlamydia_psittaci_6BC_gene12242467.pdb
 0.957592 -0.052168  0.283366    -5.837198
-0.078861  0.898464  0.431906    -5.246331
-0.277126 -0.435937  0.856248    -0.160241
>../../../../class1/glu1//data/domains/Catalytic_domain/structures/GluRS_AF_Bact_[Eubacterium]_eligens_ATCC_27750_gene41357084.pdb
 0.938904 -0.298604 -0.171160    -0.263111
 0.327266  0.928521  0.175341     1.708100
 0.106568 -0.220644  0.969515     2.342366
>../../../../class1/glu1//data/domains/Catalytic_domain/structures/GluRS_AF_Bact_Mycoplasma_hyopneumoniae_168-L_gene57101016.pdb
 0.953970 -0.196623 -0.226451    -0.226962
 0.218999  0.972595  0.078092     0.430326
 0.204890 -0.124090  0.970887     1.076111
>../../../../class1/glu1//data/domains/Catalytic_domain/structures/GluRS_AF_Bact_Paracoccus_denitrificans_PD1222_gene75500422.pdb
 0.906514 -0.288777 -0.307961    -0.904283
 0.353379  0.918145  0.179255     1.528562
 0.230988 -0.271324  0.934360     2.048653
>../../../../class1/glu1//data/domains/Catalytic_domain/structures/GluRS_AF_Bact_Porphyromonas_gingivalis_ATCC_33277_gene29255772.pdb
-0.128800  0.137735  0.982059     0.057005
 0.055491 -0.987755  0.145812     0.628753
 0.990117  0.073276  0.119579     0.485979
>../../../../class1/glu1//data/domains/Catalytic_domain/structures/GluRS_AF_Bact_Prochlorococcus_marinus_subsp_marinus_str_CCMP1375_gene54199839.pdb
-0.181409 -0.723562  0.665995     0.442049
-0.832102 -0.247997 -0.496088     1.277618
 0.524115 -0.644171 -0.557088     1.612990
>../../../../class1/glu1//data/domains/Catalytic_domain/structures/GluRS_AF_Bact_Treponema_pallidum_subsp_pertenue_str_SamoaD_gene57879197.pdb
 0.998163 -0.041452 -0.044187     1.486358
 0.041647  0.999126  0.003500     1.121062
 0.044003 -0.005334  0.999017    -1.009848
>../../../../class1/glu1//data/domains/Catalytic_domain/structures/GluRS_AF_Euk_Arabidopsis_thaliana_gene836526.pdb
-0.927718 -0.371529  0.036120    -0.186350
-0.350634  0.900536  0.257080    -1.749163
-0.128040  0.225832 -0.965715    -3.403852
>../../../../class1/glu1//data/domains/Catalytic_domain/structures/GluRS_AF_Euk_Cryptococcus_neoformans_var_grubii_H99_gene23890400.pdb
 0.018116 -0.053760  0.998390     2.891747
-0.178435 -0.982697 -0.049677     2.617055
 0.983785 -0.177248 -0.027395    -0.230274
>../../../../class1/glu1//data/domains/Catalytic_domain/structures/GluRS_AF_Euk_Ostreococcus_tauri_proteinOUS48355.1.pdb
-0.973441  0.221598  0.057515    -2.732618
 0.194980  0.670794  0.715554     1.807009
 0.119984  0.707764 -0.696185    -2.811484
>../../../../class1/glu1//data/domains/Catalytic_domain/structures/GluRS_AF_Euk_Plasmodium_knowlesi_strain_H_gene7321821.pdb
 1.000000  0.000000  0.000000     0.000000
 0.000000  1.000000  0.000000     0.000000
 0.000000  0.000000  1.000000     0.000000
>../../../../class1/glu1//data/domains/Catalytic_domain/structures/GluRS_AF_Mito_Cyanidioschyzon_merolae_strain_10D_gene16997617.pdb
-0.979692  0.188263  0.069001    -0.181726
 0.176735  0.648252  0.740631     2.547752
 0.094703  0.737785 -0.668360    -1.973246
>../../../../class1/glu1//data/domains/Catalytic_domain/structures/GluRS_AF_Mito_Drosophila_melanogaster_gene39828.pdb
-0.956836 -0.238928  0.165464     2.013031
-0.193609  0.948633  0.250220    -2.361375
-0.216750  0.207384 -0.953945     1.741730
>../../../../class1/glu1//data/domains/Catalytic_domain/structures/GluRS_PDB_Bact_T_therm_1J09.pdb
 0.170136 -0.153688  0.973362    -6.658052
-0.113108 -0.984280 -0.135642    35.534948
 0.978908 -0.087017 -0.184845   -35.252184
>../../../../class1/glu2//data/domains/Catalytic_domain/structures/GlxRS_AF_Arch_Candidatus_Korarchaeum_cryptofilum_OPF8_gene6094352.pdb
 0.993680 -0.111398  0.013781     0.052932
 0.111739  0.993367 -0.027151    -0.096866
-0.010665  0.028520  0.999536    -0.315838
>../../../../class1/glu2//data/domains/Catalytic_domain/structures/GlxRS_AF_Arch_Methanothrix_soehngenii_GP6_gene10459943.pdb
-0.199474  0.189463 -0.961412    -2.472536
 0.182410 -0.956802 -0.226401     1.584834
-0.962776 -0.220532  0.156297     0.694350
>../../../../class1/glu2//data/domains/Catalytic_domain/structures/GlxRS_AF_Arch_Nitrosopumilus_maritimus_SCM1_gene5773999.pdb
-0.202286 -0.883273  0.422977    -2.975920
-0.876015 -0.029886 -0.481356    -0.215241
 0.437810 -0.467906 -0.767715    -0.677668
>../../../../class1/glu2//data/domains/Catalytic_domain/structures/GlxRS_AF_Arch_Sulfolobus_islandicus_LAL14_1_gene15298417.pdb
-0.261195  0.586785  0.766460    -0.004871
 0.199024 -0.744226  0.637587     4.038176
 0.944546  0.319078  0.077604     3.713309
>../../../../class1/glu2//data/domains/Catalytic_domain/structures/GlxRS_AF_Euk_Cyathus_striatus_proteinKAF9013924.1.pdb
 0.130154  0.759665 -0.637157    -0.207805
-0.285601 -0.586661 -0.757800    -2.609608
-0.949469  0.280603  0.140604    -8.103583
>../../../../class1/glu2//data/domains/Catalytic_domain/structures/GlxRS_AF_Euk_Lichtheimia_hyalospora_proteinKAI7879902.1.pdb
 0.729153  0.680456  0.072907    -0.170212
-0.375680  0.487044 -0.788450     7.751920
-0.572014  0.547511  0.610763    -2.708819
>../../../../class1/glu2//data/domains/Catalytic_domain/structures/GlxRS_AF_Euk_Medicago_truncatula_gene11407510.pdb
 0.453417  0.802994 -0.386799     5.524812
-0.403195 -0.202240 -0.892487    -2.401978
-0.794888  0.560624  0.232064    -4.292674
>../../../../class1/glu2//data/domains/Catalytic_domain/structures/GlxRS_AF_Euk_Xylariaceae_sp_FL0804_proteinKAI0483267.1.pdb
-0.655029  0.687756  0.312937    -3.772908
 0.374979 -0.063680  0.924844    10.431047
 0.655994  0.723144 -0.216181    -1.571989
>../../../../class1/glu2//data/domains/Catalytic_domain/structures/GlxRS_PDB_Arch_M_thermau_3AII.pdb
 0.019005 -0.524786  0.851022   -33.838095
 0.933067 -0.296488 -0.203667    26.469292
 0.359199  0.797932  0.484026   -60.563547
