>../../../../class1/lys//data/domains/Catalytic_domain/structures/LysRS-I_AF_Arch_Candidatus_Bathyarchaeota_archaeon_proteinRJS75864.1.pdb
 0.850402 -0.138495 -0.507578    -9.825786
 0.333299  0.888272  0.316045    -4.200008
 0.407097 -0.437940  0.801549    -0.571402
>../../../../class1/lys//data/domains/Catalytic_domain/structures/LysRS-I_AF_Arch_Candidatus_Nitrosopumilus_koreensis_AR1_gene13726042.pdb
 0.342775  0.364364 -0.865877    -8.115156
-0.124507 -0.895966 -0.426314    -0.032045
-0.931130  0.253938 -0.261749    -1.362767
>../../../../class1/lys//data/domains/Catalytic_domain/structures/LysRS-I_AF_Arch_Ferroplasma_acidarmanus_Fer1_gene16025146.pdb
 0.875264 -0.197549 -0.441459    -7.948542
 0.386247  0.834859  0.392205    -1.806016
 0.291076 -0.513795  0.807025     3.240682
>../../../../class1/lys//data/domains/Catalytic_domain/structures/LysRS-I_AF_Arch_Halorubrum_lacusprofundi_ATCC_49239_gene7400505.pdb
-0.567735 -0.534241  0.626309   -10.374028
-0.771922  0.081138 -0.630518    -6.117036
 0.286031 -0.841429 -0.458458     1.263039
>../../../../class1/lys//data/domains/Catalytic_domain/structures/LysRS-I_AF_Bact_Cereibacter_sphaeroides_KD131_gene67447319.pdb
-0.936391 -0.232771  0.262657   -11.851057
-0.226984  0.972476  0.052612     0.136767
-0.267675 -0.010353 -0.963454     0.959227
>../../../../class1/lys//data/domains/Catalytic_domain/structures/LysRS-I_AF_Bact_Cyanobacteria_bacterium_J007_proteinRMH73500.1.pdb
 0.896283 -0.013200 -0.443285    -9.645495
-0.043955  0.991991 -0.118413    -5.452742
 0.441298  0.125616  0.888525    -1.168775
>../../../../class1/lys//data/domains/Catalytic_domain/structures/LysRS-I_AF_Bact_Streptomyces_albidoflavus_gene15147364.pdb
 0.532852  0.389258 -0.751364   -11.778977
-0.036235 -0.876608 -0.479840    -2.992394
-0.845432  0.282909 -0.452997    -1.631739
>../../../../class1/lys//data/domains/Catalytic_domain/structures/LysRS-I_AF_Bact_Treponema_denticola_ATCC_35405_gene2739918.pdb
 0.580139  0.321309 -0.748465   -11.640308
-0.052113 -0.902381 -0.427776    -3.015706
-0.812849  0.287174 -0.506762    -1.724204
>../../../../class1/lys//data/domains/Catalytic_domain/structures/LysRS-I_PDB_Arch_P_hori_1IRX.pdb
 0.575608 -0.348243  0.739867   -75.925554
-0.680116 -0.706219  0.196716    40.062680
 0.454003 -0.616426 -0.643351    47.782976
>../../../../class1/trp1//data/domains/Catalytic_domain/structures/TrpRS-A_AF_Arch_Natrialba_magadii_ATCC_43099_gene8824932.pdb
-0.967720  0.240964 -0.073849    -2.820005
 0.133953  0.739976  0.659160     2.169705
 0.213480  0.627991 -0.748368    -1.603084
>../../../../class1/trp1//data/domains/Catalytic_domain/structures/TrpRS-A_AF_Arch_Nitrosopumilus_maritimus_SCM1_gene5773245.pdb
-0.985454  0.084667 -0.147347    -3.378807
-0.006480  0.847701  0.530434     1.717542
 0.169817  0.523673 -0.834823     0.461217
>../../../../class1/trp1//data/domains/Catalytic_domain/structures/TrpRS-A_AF_Arch_Sulfolobus_islandicus_M1627_gene7814138.pdb
 1.000000  0.000000  0.000000     0.000000
 0.000000  1.000000  0.000000     0.000000
 0.000000  0.000000  1.000000     0.000000
>../../../../class1/trp1//data/domains/Catalytic_domain/structures/TrpRS-A_AF_Arch_Thermoplasma_acidophilum_DSM_1728_gene1456706.pdb
 0.078492 -0.544038  0.835381    -0.532453
-0.972258 -0.226992 -0.056475     6.158678
 0.220350 -0.807773 -0.546763    -2.676728
>../../../../class1/trp1//data/domains/Catalytic_domain/structures/TrpRS-A_AF_Euk_Cryptococcus_neoformans_var_neoformans_JEC21_gene3254069.pdb
 0.319044 -0.753281  0.575134    -3.759064
-0.673176 -0.607280 -0.421953     1.655209
 0.667117 -0.252545 -0.700840    -1.772744
>../../../../class1/trp1//data/domains/Catalytic_domain/structures/TrpRS-A_AF_Euk_Cyanidioschyzon_merolae_strain_10D_gene16993299.pdb
-0.797449 -0.574974 -0.182974    -3.992374
-0.581169  0.813450 -0.023280     1.243849
 0.162226  0.087774 -0.982842    -0.403993
>../../../../class1/trp1//data/domains/Catalytic_domain/structures/TrpRS-A_AF_Euk_Drosophila_melanogaster_gene45399.pdb
-0.957078 -0.268236 -0.109780    -8.281065
-0.278918  0.955374  0.097290    -0.845865
 0.078785  0.123734 -0.989183    -3.573379
>../../../../class1/trp1//data/domains/Catalytic_domain/structures/TrpRS-A_AF_Euk_Saccharomyces_cerevisiae_S288C_gene854056.pdb
 0.135287  0.478405  0.867655    -3.953183
 0.230781 -0.866835  0.441969     2.005937
 0.963555  0.140445 -0.227679    -2.263446
>../../../../class1/trp1//data/domains/Catalytic_domain/structures/TrpRS-A_AF_Vir_Megavirus_chiliensis_gene11257301.pdb
-0.943208 -0.057190 -0.327244    -2.506799
-0.195551  0.891903  0.407762     1.746817
 0.268550  0.448597 -0.852433    -1.248068
>../../../../class1/trp1//data/domains/Catalytic_domain/structures/TrpRS-A_PDB_Arch_P_hori_3JXE.pdb
 0.937929 -0.121537  0.324836    35.901659
 0.309126 -0.131733 -0.941853    25.152023
 0.157262  0.983807 -0.085986   -22.226052
>../../../../class1/trp1//data/domains/Catalytic_domain/structures/TrpRS-A_PDB_Euk_S_Cerevisiae_3KT3.pdb
-0.204820 -0.857403 -0.472132   -21.099200
-0.878856 -0.051245  0.474327  -122.523195
-0.430884  0.512088 -0.743038   -99.833071
