>../../../../class1//ile/data/domains/LIV_IM//structures/IleRS_AF_Arch_Candidatus_Nitrosopumilus_sediminis_gene13697091.pdb
 1.000000 -0.000000  0.000000     0.000000
 0.000000  1.000000  0.000000     0.000000
-0.000000  0.000000  1.000000     0.000000
>../../../../class1//leu1/data/domains/LIV_IM//structures/LeuRS-B_AF_Bact_Brachyspira_pilosicoli_95_1000_gene56439070.pdb
 0.812452 -0.271837 -0.515777     7.359578
 0.578662  0.484028  0.656405   -25.599383
 0.071215 -0.831758  0.550552     5.043942
>../../../../class1//leu2/data/domains/LIV_IM//structures/LeuRS-A_AF_Arch_Aciduliprofundum_boonei_T469_gene8828435.pdb
 0.676523 -0.225283 -0.701117    -7.065673
 0.736388  0.216072  0.641129   -36.981340
 0.007056 -0.950032  0.312073   -11.065216
>../../../../class1//val/data/domains/LIV_IM//structures/ValRS_AF_Mito_Falco_naumanni_gene121082178.pdb
 0.737819 -0.496198 -0.457614     9.303489
 0.430241 -0.176674  0.885256     2.384580
-0.520111 -0.850043  0.083131   -14.404150
