>../../../../class1//ile/data/domains/LIV_IM//structures/IleRS_AF_Arch_Candidatus_Korarchaeum_cryptofilum_OPF8_gene6094904.pdb
 0.920119 -0.071027 -0.385144     3.166970
 0.315905  0.715864  0.622689     2.433345
 0.231483 -0.694617  0.681118    -0.985171
>../../../../class1//ile/data/domains/LIV_IM//structures/IleRS_AF_Arch_Candidatus_Nitrosopumilus_sediminis_gene13697091.pdb
-0.466936  0.573854  0.672802     2.610049
 0.672342 -0.263815  0.691634     2.752339
 0.574392  0.775302 -0.262641    -7.162550
>../../../../class1//ile/data/domains/LIV_IM//structures/IleRS_AF_Arch_Pyrobaculum_aerophilum_str_IM2_gene1465853.pdb
-0.929638  0.240777  0.278927     2.062438
 0.265626  0.962539  0.054419    -5.652764
-0.255375  0.124681 -0.958769    -5.689543
>../../../../class1//ile/data/domains/LIV_IM//structures/IleRS_AF_Arch_Thermoplasma_acidophilum_DSM_1728_gene1456418.pdb
 0.882316  0.435940  0.177413     0.211965
-0.286254  0.796255 -0.532950     2.062850
-0.373600  0.419445  0.827338    -7.371736
>../../../../class1//ile/data/domains/LIV_IM//structures/IleRS_AF_Bact_Chlamydia_muridarum_str_Nigg_gene1246458.pdb
 0.396199 -0.126134 -0.909459     6.681669
 0.174719 -0.962063  0.209545     2.247431
-0.901388 -0.241921 -0.359130     5.638971
>../../../../class1//ile/data/domains/LIV_IM//structures/IleRS_AF_Bact_Lactobacillus_acidophilus_La-14_gene56942445.pdb
-0.862704 -0.223769  0.453507     5.764299
-0.321182  0.935131 -0.149573     2.983146
-0.390619 -0.274695 -0.878612     0.337892
>../../../../class1//ile/data/domains/LIV_IM//structures/IleRS_AF_Bact_Mycoplasma_hyopneumoniae_168-L_gene57100872.pdb
-0.865637 -0.192245  0.462292     3.176237
-0.326170  0.917057 -0.229390     1.298881
-0.379849 -0.349355 -0.856543     0.822027
>../../../../class1//ile/data/domains/LIV_IM//structures/IleRS_AF_Bact_Orientia_tsutsugamushi_str_Ikeda_gene66653313.pdb
-0.176104 -0.509328  0.842361     1.501229
-0.278746 -0.794907 -0.538910     1.774476
 0.944080 -0.329709 -0.001987    -1.602425
>../../../../class1//ile/data/domains/LIV_IM//structures/IleRS_AF_Bact_Porphyromonas_gingivalis_ATCC_33277_gene29255747.pdb
-0.132453 -0.499232  0.856285    -1.217599
-0.317818 -0.796892 -0.513766     1.717062
 0.938855 -0.340192 -0.053115    -3.439435
>../../../../class1//ile/data/domains/LIV_IM//structures/IleRS_AF_Bact_Streptobacillus_moniliformis_DSM_12112_gene29674186.pdb
-0.866761 -0.259239  0.426052     2.009901
-0.356230  0.919695 -0.165111    -2.013086
-0.349034 -0.294885 -0.889504    -1.086940
>../../../../class1//ile/data/domains/LIV_IM//structures/IleRS_AF_Bact_Thermus_thermophilus_HB8_gene3168241.pdb
 0.168835 -0.283999 -0.943843     2.103218
 0.255083 -0.912376  0.320160     2.854560
-0.952065 -0.294813 -0.081598    -3.518289
>../../../../class1//ile/data/domains/LIV_IM//structures/IleRS_AF_Bact_Treponema_pallidum_subsp_pertenue_str_SamoaD_gene57878975.pdb
 0.593952 -0.529071 -0.606058     3.207063
 0.778761  0.189074  0.598149     2.552150
-0.201873 -0.827245  0.524321    -2.467631
>../../../../class1//ile/data/domains/LIV_IM//structures/IleRS_AF_Euk_Cyanidioschyzon_merolae_strain_10D_gene16992835.pdb
 0.362992  0.582259 -0.727469     3.474625
-0.363061 -0.630638 -0.685917     3.966105
-0.858151  0.513098 -0.017521    -1.105467
>../../../../class1//ile/data/domains/LIV_IM//structures/IleRS_AF_Euk_Ostreococcus_lucimarinus_CCE9901_gene5000489.pdb
 0.509494 -0.292036 -0.809401     8.821421
 0.785049  0.542883  0.298289    11.811330
 0.352299 -0.787396  0.505859    12.749714
>../../../../class1//ile/data/domains/LIV_IM//structures/IleRS_AF_Euk_Trypanosoma_brucei_brucei_TREU927_gene3663037.pdb
 0.844865 -0.303473 -0.440577     5.249916
 0.471818  0.810866  0.346243     0.611518
 0.252173 -0.500401  0.828256    -1.257188
>../../../../class1//ile/data/domains/LIV_IM//structures/IleRS_AF_Euk_Ustilago_maydis_521_gene23568123.pdb
-0.745415 -0.253072  0.616693     3.703287
-0.632987  0.558791 -0.535799     0.675709
-0.209007 -0.789751 -0.576723     3.614462
>../../../../class1//ile/data/domains/LIV_IM//structures/IleRS_AF_Mito_Drosophila_melanogaster_gene39762.pdb
-0.321780 -0.071064  0.944144    -0.582773
 0.180464 -0.983502 -0.012522     3.530429
 0.929457  0.166354  0.329295     0.379046
>../../../../class1//ile/data/domains/LIV_IM//structures/IleRS_AF_Mito_Homo_sapiens_gene55699.pdb
-0.847889 -0.218917  0.482865     3.876618
-0.315863  0.940071 -0.128440     2.896067
-0.425810 -0.261422 -0.866224    -0.308894
>../../../../class1//ile/data/domains/LIV_IM//structures/IleRS_AF_Vir_Megavirus_chiliensis_gene11256744.pdb
-0.431960 -0.546610  0.717376     2.284747
-0.471537 -0.541163 -0.696273     3.067834
 0.768807 -0.639031 -0.023986     4.350199
>../../../../class1//ile/data/domains/LIV_IM//structures/IleRS_PDB_Bact_S_aureus_1QU2.pdb
-0.304367  0.199627  0.931402   -83.560886
 0.205037  0.968603 -0.140597   -55.724799
-0.930226  0.148179 -0.335742    50.174200
>../../../../class1//ile/data/domains/LIV_IM//structures/IleRS_PDB_Bact_T_therm_1ILE.pdb
 0.049893 -0.692724 -0.719475   -18.905933
 0.451354 -0.626977  0.634964    30.489719
-0.890949 -0.356418  0.281382   -18.909725
>../../../../class1//ile/data/domains/LIV_IM//structures/IleRS_PDB_Euk_S_cere_7D5C.pdb
-0.644563  0.755214  0.119127    -2.355670
-0.684896 -0.501108 -0.528969    38.077760
-0.339789 -0.422543  0.840238   -22.337723
>../../../../class1//leu2/data/domains/LIV_IM//structures/LeuRS-A_AF_Arch_Aciduliprofundum_boonei_T469_gene8828435.pdb
 0.109666 -0.382838  0.917283   -22.822021
 0.303192 -0.865984 -0.397676    -1.016186
 0.946598  0.321725  0.021105   -37.187866
>../../../../class1//leu2/data/domains/LIV_IM//structures/LeuRS-A_AF_Arch_Candidatus_Korarchaeum_cryptofilum_OPF8_gene6093520.pdb
 0.981016 -0.039132 -0.189936   -17.762296
 0.150640  0.770568  0.619300    -2.033230
 0.122124 -0.636155  0.761835   -33.148698
>../../../../class1//leu2/data/domains/LIV_IM//structures/LeuRS-A_AF_Arch_Candidatus_Nitrosopumilus_koreensis_AR1_gene13725794.pdb
-0.928956  0.121793  0.349581   -18.306495
 0.133649  0.990979  0.009895     6.921004
-0.345222  0.055913 -0.936854   -37.082732
>../../../../class1//leu2/data/domains/LIV_IM//structures/LeuRS-A_AF_Arch_Methanobrevibacter_smithii_ATCC_35061_gene5216355.pdb
-0.848579  0.111981  0.517082   -11.066443
 0.215138  0.965927  0.143877     5.356636
-0.483352  0.233335 -0.843757   -31.699669
>../../../../class1//leu2/data/domains/LIV_IM//structures/LeuRS-A_AF_Euk_Arabidopsis_thaliana_gene837489.pdb
 0.442949  0.670816 -0.594812   -16.048347
-0.670083 -0.193065 -0.716738    15.028211
-0.595638  0.716052  0.363985   -30.381240
>../../../../class1//leu2/data/domains/LIV_IM//structures/LeuRS-A_AF_Euk_Drosophila_melanogaster_gene326262.pdb
-0.875608 -0.069529  0.477992   -13.595976
 0.074616  0.958237  0.276070    12.220277
-0.477224  0.277395 -0.833852   -29.753225
>../../../../class1//leu2/data/domains/LIV_IM//structures/LeuRS-A_AF_Euk_Leishmania_major_strain_Friedlin_gene5650139.pdb
-0.898307 -0.058520  0.435453   -16.119226
-0.014149  0.994429  0.104452    11.947151
-0.439140  0.087668 -0.894131   -30.093356
>../../../../class1//leu2/data/domains/LIV_IM//structures/LeuRS-A_AF_Euk_Neurospora_crassa_OR74A_gene3879366.pdb
-0.868672  0.006529  0.495345   -16.009912
 0.174986  0.939499  0.294486     9.620852
-0.463453  0.342490 -0.817259   -31.162977
>../../../../class1//leu2/data/domains/LIV_IM//structures/LeuRS-A_PDB_Arch_P_hori_1WKB.pdb
-0.500786 -0.860901 -0.089789    70.661961
-0.865523  0.499145  0.041518    90.368896
 0.009075  0.098506 -0.995095   -33.944609
>../../../../class1//val/data/domains/LIV_IM//structures/ValRS_AF_Arch_Candidatus_Korarchaeum_cryptofilum_OPF8_gene6094666.pdb
 1.000000 -0.000000  0.000000     0.000000
 0.000000  1.000000  0.000000     0.000000
-0.000000  0.000000  1.000000     0.000000
>../../../../class1//val/data/domains/LIV_IM//structures/ValRS_AF_Arch_Methanobacterium_paludis_gene10668809.pdb
-0.264936 -0.370291  0.890333     7.231462
-0.672637 -0.590616 -0.445794     1.625567
 0.690919 -0.716978 -0.092596    -1.997462
>../../../../class1//val/data/domains/LIV_IM//structures/ValRS_AF_Arch_Thermoplasma_acidophilum_DSM_1728_gene1455707.pdb
 0.142957 -0.029724 -0.989282     1.354823
-0.087141 -0.996045  0.017335    -0.362911
-0.985885  0.083729 -0.144982    -2.863476
>../../../../class1//val/data/domains/LIV_IM//structures/ValRS_AF_Arch_Thermosphaera_aggregans_DSM_11486_gene9166030.pdb
-0.469843  0.281215  0.836759     0.356202
 0.605475 -0.587124  0.537295     0.347120
 0.642377  0.759081  0.105587    -1.506861
>../../../../class1//val/data/domains/LIV_IM//structures/ValRS_AF_Bact_Brucella_abortus_2308_gene3789053.pdb
-0.307881 -0.457368  0.834281     1.286358
-0.189279 -0.829903 -0.524819    -1.795325
 0.932407 -0.319493  0.168941     0.228578
>../../../../class1//val/data/domains/LIV_IM//structures/ValRS_AF_Bact_Chlamydia_psittaci_6BC_gene12243133.pdb
-0.281894 -0.485341  0.827635     4.867225
-0.266484 -0.789071 -0.553491    -3.750816
 0.921695 -0.376577  0.093099    -0.523172
>../../../../class1//val/data/domains/LIV_IM//structures/ValRS_AF_Bact_Corynebacterium_jeikeium_K411_gene3433539.pdb
 0.837988 -0.222529 -0.498254     4.653746
 0.545638  0.354137  0.759517    -1.937858
 0.007436 -0.908332  0.418183    -2.318154
>../../../../class1//val/data/domains/LIV_IM//structures/ValRS_AF_Bact_Lacticaseibacillus_paracasei_gene61269477.pdb
 0.894436 -0.171597 -0.412964     5.021493
 0.439684  0.505991  0.742059    -3.413980
 0.081621 -0.845298  0.528025    -1.278236
>../../../../class1//val/data/domains/LIV_IM//structures/ValRS_AF_Bact_Mycoplasma_hyopneumoniae_168-L_gene57101556.pdb
 0.395466 -0.437883 -0.807382     2.570071
 0.640114 -0.499001  0.584169     1.365725
-0.658682 -0.747835  0.082958    -0.422784
>../../../../class1//val/data/domains/LIV_IM//structures/ValRS_AF_Bact_Porphyromonas_gingivalis_ATCC_33277_gene29256433.pdb
-0.111110 -0.158425  0.981099     1.237127
 0.295173 -0.947924 -0.119639    -4.394585
 0.948961  0.276300  0.152087    -2.480518
>../../../../class1//val/data/domains/LIV_IM//structures/ValRS_AF_Bact_Prochlorococcus_marinus_subsp_marinus_str_CCMP1375_gene54201173.pdb
 0.951247 -0.000591 -0.308430     4.249650
 0.191826  0.784194  0.590121    -1.887939
 0.241521 -0.620515  0.746075    -1.906625
>../../../../class1//val/data/domains/LIV_IM//structures/ValRS_AF_Bact_Streptobacillus_moniliformis_DSM_12112_gene29673078.pdb
-0.726667  0.384732  0.569154     3.128414
 0.678079  0.268663  0.684127    -3.273630
 0.110295  0.883064 -0.456107    -3.087986
>../../../../class1//val/data/domains/LIV_IM//structures/ValRS_AF_Euk_Arabidopsis_thaliana_gene838023.pdb
 0.712375 -0.387304 -0.585250     1.704855
 0.307911 -0.576889  0.756565    -5.220706
-0.630645 -0.719162 -0.291707     1.479456
>../../../../class1//val/data/domains/LIV_IM//structures/ValRS_AF_Euk_Giardia_intestinalis_gene5702288.pdb
 0.582507  0.389849 -0.713234    -1.090348
-0.803167  0.410935 -0.431341    -4.828802
 0.124935  0.824105  0.552487    -0.981306
>../../../../class1//val/data/domains/LIV_IM//structures/ValRS_AF_Euk_Plasmodium_knowlesi_strain_H_gene7322020.pdb
-0.283020 -0.563968  0.775783     1.452454
-0.277087 -0.726286 -0.629072    -4.349804
 0.918217 -0.392999  0.049285    -2.513181
>../../../../class1//val/data/domains/LIV_IM//structures/ValRS_AF_Euk_Trypanosoma_brucei_brucei_TREU927_gene3658082.pdb
-0.267130 -0.598779  0.755053     1.911415
-0.412300 -0.637176 -0.651165    -1.737515
 0.871006 -0.485254 -0.076668    -1.784302
>../../../../class1//val/data/domains/LIV_IM//structures/ValRS_AF_Mito_Falco_naumanni_gene121082178.pdb
-0.443952 -0.458816  0.769672   -10.085577
 0.020176 -0.863861 -0.503326    -2.238708
 0.895823 -0.207924  0.392770     3.618388
>../../../../class1//val/data/domains/LIV_IM//structures/ValRS_AF_Mito_Oryza_sativa_Japonica_Group_gene4333799.pdb
 0.382405  0.600384 -0.702358     2.347209
-0.632643 -0.383890 -0.672601    -3.501381
-0.673447  0.701547  0.233027     0.270544
>../../../../class1//val/data/domains/LIV_IM//structures/ValRS_PDB_Bact_T_therm_1GAX.pdb
 0.335364  0.230250 -0.913519   -19.315272
 0.921453  0.121672  0.368944   -97.739039
 0.196099 -0.965495 -0.171360    24.678872
