>../../../../class1/leu2//data/domains/Catalytic_domain/structures/LeuRS-A_AF_Arch_Aciduliprofundum_boonei_T469_gene8828435.pdb
 0.875915 -0.027096  0.481704     3.742018
 0.071768 -0.979996 -0.185627    -4.710340
 0.477098  0.197164 -0.856448     1.117140
>../../../../class1/leu2//data/domains/Catalytic_domain/structures/LeuRS-A_AF_Arch_Candidatus_Korarchaeum_cryptofilum_OPF8_gene6093520.pdb
 0.565227 -0.401520  0.720624     4.530595
 0.183115  0.912828  0.364986    -9.549022
-0.804355 -0.074343  0.589479     0.575900
>../../../../class1/leu2//data/domains/Catalytic_domain/structures/LeuRS-A_AF_Arch_Candidatus_Nitrosopumilus_koreensis_AR1_gene13725794.pdb
-0.678012  0.407563 -0.611712     3.837724
 0.339589  0.911748  0.231071    -8.261781
 0.651904 -0.051062 -0.756581    -0.346503
>../../../../class1/leu2//data/domains/Catalytic_domain/structures/LeuRS-A_AF_Arch_Methanobrevibacter_smithii_ATCC_35061_gene5216355.pdb
-0.632431  0.538707 -0.556620     4.835549
 0.417862  0.842316  0.340434    -7.562590
 0.652244 -0.017289 -0.757812    -0.883389
>../../../../class1/leu2//data/domains/Catalytic_domain/structures/LeuRS-A_AF_Euk_Arabidopsis_thaliana_gene837489.pdb
-0.657258  0.753214 -0.026090     6.662041
-0.595841 -0.540507 -0.593991    -7.762090
-0.461504 -0.374860  0.804048     0.423273
>../../../../class1/leu2//data/domains/Catalytic_domain/structures/LeuRS-A_AF_Euk_Drosophila_melanogaster_gene326262.pdb
-0.600346  0.539043 -0.590778     6.600642
 0.344094  0.840941  0.417633    -7.582528
 0.721931  0.047441 -0.690337    -1.286549
>../../../../class1/leu2//data/domains/Catalytic_domain/structures/LeuRS-A_AF_Euk_Leishmania_major_strain_Friedlin_gene5650139.pdb
-0.590006  0.418913 -0.690221     5.002609
 0.304583  0.907189  0.290237    -6.639679
 0.747745 -0.038988 -0.662840     2.537926
>../../../../class1/leu2//data/domains/Catalytic_domain/structures/LeuRS-A_AF_Euk_Neurospora_crassa_OR74A_gene3879366.pdb
-0.582529  0.648510 -0.489994     4.218165
 0.465253  0.760352  0.453216    -7.867289
 0.666483  0.036040 -0.744648     1.236890
>../../../../class1/leu2//data/domains/Catalytic_domain/structures/LeuRS-A_PDB_Arch_P_hori_1WKB.pdb
-0.233203 -0.095694 -0.967708    38.485597
-0.969846  0.095363  0.224288   114.989045
 0.070820  0.990832 -0.115047   -40.698237
>../../../../class1/trp2//data/domains/Catalytic_domain/structures/TrpRS-B_AF_Bact_Anoxybacillus_flavithermus_WK1_gene7038388.pdb
 0.018342 -0.289433  0.957022     3.169438
-0.475519 -0.844523 -0.246296     0.167887
 0.879514 -0.450565 -0.153121     4.934166
>../../../../class1/trp2//data/domains/Catalytic_domain/structures/TrpRS-B_AF_Bact_Brachyspira_pilosicoli_95_1000_gene56440833.pdb
 1.000000  0.000000  0.000000     0.000000
 0.000000  1.000000  0.000000     0.000000
 0.000000  0.000000  1.000000     0.000000
>../../../../class1/trp2//data/domains/Catalytic_domain/structures/TrpRS-B_AF_Bact_Helicobacter_cinaedi_PAGU611_gene66538868.pdb
-0.027611 -0.010012  0.999569     2.926947
-0.279620 -0.959954 -0.017339     1.294291
 0.959714 -0.279978  0.023706     5.064431
>../../../../class1/trp2//data/domains/Catalytic_domain/structures/TrpRS-B_AF_Bact_Mycoplasma_hyopneumoniae_168-L_gene57101461.pdb
-0.014742  0.096827  0.995192     2.448479
-0.065109 -0.993281  0.095676     2.897272
 0.997769 -0.063385  0.020947     3.561381
>../../../../class1/trp2//data/domains/Catalytic_domain/structures/TrpRS-B_AF_Bact_Porphyromonas_gingivalis_ATCC_33277_gene29255389.pdb
-0.958923  0.093096  0.267955     1.087031
 0.275870  0.526002  0.804498     0.508846
-0.066050  0.845372 -0.530078    -0.601953
>../../../../class1/trp2//data/domains/Catalytic_domain/structures/TrpRS-B_AF_Bact_Prochlorococcus_marinus_subsp_marinus_str_CCMP1375_gene54200405.pdb
 0.012206  0.333147 -0.942796    -2.594181
 0.197459 -0.925102 -0.324339     2.594995
-0.980235 -0.182204 -0.077075    -4.441515
>../../../../class1/trp2//data/domains/Catalytic_domain/structures/TrpRS-B_AF_Bact_Streptomyces_albidoflavus_gene15147734.pdb
-0.796750  0.344294  0.496640     0.481531
 0.539953  0.036546  0.840901     0.034778
 0.271367  0.938151 -0.215020     0.815328
>../../../../class1/trp2//data/domains/Catalytic_domain/structures/TrpRS-B_AF_Bact_Thermus_thermophilus_HB8_gene3168998.pdb
 0.158129 -0.035314 -0.986787     0.761370
 0.676114 -0.724459  0.134271    -0.192371
-0.719628 -0.688413 -0.090681     0.071951
>../../../../class1/trp2//data/domains/Catalytic_domain/structures/TrpRS-B_AF_Mito_Bufo_gargarizans_gene122922343.pdb
 0.496667 -0.398802 -0.770895     1.064637
 0.841301  0.002840  0.540559     0.135196
-0.213387 -0.917033  0.336923    -0.904818
>../../../../class1/trp2//data/domains/Catalytic_domain/structures/TrpRS-B_AF_Mito_Cyanidioschyzon_merolae_strain_10D_gene16992222.pdb
 0.977582 -0.189564 -0.091645     5.436942
 0.185983  0.981465 -0.046228    -1.567463
 0.098709  0.028147  0.994718     3.070261
>../../../../class1/trp2//data/domains/Catalytic_domain/structures/TrpRS-B_PDB_Bact_G_stearo_1I6M.pdb
-0.532872  0.661865 -0.527241    38.096262
-0.478724 -0.749572 -0.457127    60.183876
-0.697761  0.008813  0.716276     9.590955
>../../../../class1/trp2//data/domains/Catalytic_domain/structures/TrpRS-B_PDB_Bact_Y_pestis_3N9I.pdb
 0.871742 -0.475111  0.119730     4.027165
 0.366092  0.794010  0.485309   -77.423303
-0.325642 -0.379232  0.866106    24.246156
