>structures/LeuRS-B_AF_Bact_Bifidobacterium_longum_subsp_longum_JCM_1217_gene69578373.pdb
 0.594722 -0.766634 -0.242028     2.509909
 0.726648  0.383816  0.569797    -0.359616
-0.343932 -0.514739  0.785337    -2.751693
>structures/LeuRS-B_AF_Bact_Brachyspira_pilosicoli_95_1000_gene56439070.pdb
 1.000000  0.000000  0.000000     0.000000
 0.000000  1.000000  0.000000     0.000000
 0.000000  0.000000  1.000000     0.000000
>structures/LeuRS-B_AF_Bact_Chlamydia_psittaci_6BC_gene12243068.pdb
-0.963950  0.265277 -0.020688     0.827394
 0.222503  0.846270  0.484066     0.111863
 0.145919  0.462013 -0.874787    -0.187577
>structures/LeuRS-B_AF_Bact_Clostridium_botulinum_A_str_ATCC_3502_gene5187707.pdb
 0.127718 -0.452385  0.882630     1.116285
-0.415965 -0.832301 -0.366399     5.013921
 0.900367 -0.320347 -0.294476    -1.595573
>structures/LeuRS-B_AF_Bact_Mycoplasma_hyopneumoniae_168-L_gene57101518.pdb
 0.018404  0.800543 -0.598993     0.241109
-0.562929 -0.486819 -0.667921     1.493992
-0.826301  0.349483  0.441689    -2.750354
>structures/LeuRS-B_AF_Bact_Orientia_tsutsugamushi_str_Ikeda_gene66652454.pdb
-0.921710  0.372626  0.107710     2.765845
 0.342725  0.652344  0.676008     1.176405
 0.181634  0.659998 -0.728980     0.638865
>structures/LeuRS-B_AF_Bact_Porphyromonas_gingivalis_ATCC_33277_gene29256038.pdb
 0.949948 -0.262116  0.169981     0.400744
 0.226988  0.952943  0.200936    -1.039954
-0.214650 -0.152295  0.964744    -0.835062
>structures/LeuRS-B_AF_Bact_Thermus_thermophilus_HB8_gene3168656.pdb
 0.126796 -0.454212  0.881825     4.685056
-0.383120 -0.842438 -0.378836     2.584086
 0.914955 -0.289810 -0.280835     3.901569
>structures/LeuRS-B_AF_Euk_Bathycoccus_prasinos_gene19015540.pdb
-0.942982  0.330749  0.037282     2.131781
 0.327369  0.901399  0.283388    -0.731142
 0.060124  0.279435 -0.958280    -1.140440
>structures/LeuRS-B_AF_Euk_Klebsormidium_nitens_protein971510658.pdb
-0.095369  0.724289 -0.682869     2.103119
-0.469340 -0.637677 -0.610809    -0.113353
-0.877852  0.262246  0.400753    -0.811993
>structures/LeuRS-B_AF_Euk_Thalassiosira_pseudonana_CCMP1335_gene7441753.pdb
 0.996417 -0.070417  0.046846     6.189654
 0.060549  0.980645  0.186199     0.209774
-0.059051 -0.182695  0.981395     1.588092
>structures/LeuRS-B_AF_Mito_Homo_sapiens_gene23395.pdb
-0.954362  0.263785 -0.140036    -0.501021
 0.149387  0.827663  0.540979     2.794515
 0.258605  0.495370 -0.829296    -0.782133
>structures/LeuRS-B_AF_Mito_Treponema_denticola_ATCC_35405_gene2739434.pdb
-0.144340  0.140919 -0.979443     1.896251
 0.156149 -0.974163 -0.163171     0.685210
-0.977130 -0.176491  0.118607    -0.376954
>structures/LeuRS-B_PDB_Bact_T_therm_2V0C.pdb
 0.520293  0.665872 -0.534705    24.646206
 0.781280 -0.623955 -0.016794   -34.743270
-0.344814 -0.409017 -0.844872     9.944038
