>../../../../class2//asn/data/domains/tRNA_binding_domain_DNK//structures/AsnRS_AF_Arch_Candidatus_Korarchaeum_cryptofilum_OPF8_gene6094562.pdb
 1.000000  0.000000  0.000000     0.000000
 0.000000  1.000000  0.000000     0.000000
 0.000000  0.000000  1.000000     0.000000
>../../../../class2//asp1/data/domains/tRNA_binding_domain_DNK//structures/AspRS_AF_Bact_Bacillus_anthracis_str_Ames_Ancestor_gene45024275.pdb
 0.969619  0.243572 -0.022641    -1.240365
-0.208239  0.870430  0.446081     0.895011
 0.128360 -0.427814  0.894706     6.215580
>../../../../class2//asp2/data/domains/tRNA_binding_domain_DNK//structures/AsxRS_AF_Euk_Caenorhabditis_elegans_gene176334.pdb
-0.473628  0.829061  0.297211    -0.274069
 0.763430  0.218201  0.607917    -0.964016
 0.439149  0.514826 -0.736276    -3.159968
>../../../../class2//lys/data/domains/tRNA_binding_domain_DNK//structures/LysRS-II_AF_Arch_Aciduliprofundum_boonei_T469_gene8827564.pdb
-0.357408  0.874881  0.326869    -0.082710
 0.774715  0.082254  0.626938    -3.417663
 0.521609  0.477303 -0.707181     0.133338
