>../../../../class2//asn/data/domains/tRNA_binding_domain_DNK//structures/AsnRS_AF_Arch_Candidatus_Korarchaeum_cryptofilum_OPF8_gene6094562.pdb
 1.000000  0.000000  0.000000     0.000000
 0.000000  1.000000  0.000000     0.000000
 0.000000  0.000000  1.000000     0.000000
>../../../../class2//asp1/data/domains/tRNA_binding_domain_DNK//structures/AspRS_AF_Bact_Bacillus_anthracis_str_Ames_Ancestor_gene45024275.pdb
 0.965562  0.258801 -0.026672    -1.528715
-0.220651  0.868894  0.443099     1.127147
 0.137850 -0.421954  0.896076     5.989881
>../../../../class2//asp2/data/domains/tRNA_binding_domain_DNK//structures/AsxRS_AF_Euk_Caenorhabditis_elegans_gene176334.pdb
-0.472540  0.831002  0.293499    -0.143934
 0.760042  0.215670  0.613044    -1.045485
 0.446142  0.512759 -0.733509    -3.266107
>../../../../class2//lys/data/domains/tRNA_binding_domain_DNK//structures/LysRS-II_AF_Arch_Aciduliprofundum_boonei_T469_gene8827564.pdb
-0.360330  0.873953  0.326141    -0.129567
 0.773847  0.084824  0.627667    -3.478167
 0.520887  0.478551 -0.706870     0.095103
