>structures/TyrRS_AF_Arch_Candidatus_Korarchaeum_cryptofilum_OPF8_gene6094625.pdb
 0.392588  0.919350 -0.025906    -3.811242
-0.385321  0.138837 -0.912278     1.742823
-0.835106  0.368131  0.408750     2.040469
>structures/TyrRS_AF_Arch_Desulfurococcus_amylolyticus_1221n_gene7171652.pdb
 0.938243  0.327371  0.111935    -3.972242
-0.173077  0.724256 -0.667456     2.155405
-0.299575  0.606863  0.736188     3.632969
>structures/TyrRS_AF_Arch_Methanothermococcus_okinawensis_IH1_gene10772133.pdb
-0.132719 -0.499424 -0.856131    -1.865903
 0.925816 -0.370890  0.072837     2.082339
-0.353907 -0.782953  0.511599     6.232842
>structures/TyrRS_AF_Arch_Thermoplasma_acidophilum_DSM_1728_gene1456112.pdb
-0.979162 -0.199940  0.035579    -9.229745
-0.107674  0.659670  0.743802     0.548534
-0.172187  0.724472 -0.667452     0.355086
>structures/TyrRS_AF_Bact_Bifidobacterium_animalis_subsp_lactis_BLC1_gene66533077.pdb
 0.878210  0.470425  0.086299     0.859462
-0.428596  0.854149 -0.294508    -0.046648
-0.212256  0.221652  0.951745    -1.001777
>structures/TyrRS_AF_Bact_Brachyspira_pilosicoli_95_1000_gene56440491.pdb
-0.904412  0.417421  0.088305    -6.913966
 0.276049  0.414675  0.867088     4.441658
 0.325323  0.808581 -0.490266     1.133976
>structures/TyrRS_AF_Bact_Chlamydia_psittaci_6BC_gene12242888.pdb
 0.955129  0.285666  0.078255    -4.060520
-0.243474  0.907690 -0.341789     1.299685
-0.168669  0.307399  0.936513     2.027703
>structures/TyrRS_AF_Bact_Lactococcus_lactis_subsp_cremoris_KW2_gene61108704.pdb
 0.955756  0.269668  0.117511     0.307248
-0.228752  0.932513 -0.279450     1.754845
-0.184939  0.240205  0.952942    -0.878372
>structures/TyrRS_AF_Bact_Porphyromonas_gingivalis_ATCC_33277_gene29255602.pdb
-0.945894  0.298513 -0.127180    -4.975371
 0.143396  0.736174  0.661427     1.814426
 0.291071  0.607403 -0.739148    -2.145247
>structures/TyrRS_AF_Bact_Prochlorococcus_marinus_subsp_marinus_str_CCMP1375_gene54200747.pdb
 0.692075 -0.530298 -0.489709    -2.893947
 0.703533  0.343791  0.621972     0.408545
-0.161473 -0.774978  0.611011     2.063394
>structures/TyrRS_AF_Bact_Serratia_plymuthica_AS9_gene57666950.pdb
 0.569482 -0.811147 -0.133159     1.497764
 0.787946  0.492530  0.369534    -1.090294
-0.234162 -0.315365  0.919627    -1.404874
>structures/TyrRS_AF_Bact_Streptobacillus_moniliformis_DSM_12112_gene29673957.pdb
 0.743740 -0.668346  0.012799     3.160364
 0.642533  0.720034  0.262112     4.094245
-0.184398 -0.186719  0.964953     4.993929
>structures/TyrRS_AF_Euk_Cryptococcus_neoformans_var_neoformans_JEC21_gene3254328.pdb
 0.999986  0.003802  0.003740     0.004776
-0.003768  0.999951 -0.009103     0.100700
-0.003774  0.009089  0.999952     0.013327
>structures/TyrRS_AF_Euk_Drosophila_melanogaster_gene39829.pdb
-0.618017 -0.523894  0.586165    -9.139381
 0.724965 -0.091368  0.682699     5.909863
-0.304105  0.846869  0.436272    -3.513546
>structures/TyrRS_AF_Euk_Plasmodium_falciparum_3D7_gene2655248.pdb
 0.832937  0.518607  0.193034    -3.584952
 0.064068  0.256111 -0.964522    -0.076312
-0.549646  0.815753  0.180099     4.765022
>structures/TyrRS_AF_Euk_Seriola_dumerili_gene111223086.pdb
-0.680522 -0.618589 -0.392732   -10.984404
 0.621410 -0.771237  0.137997     7.482967
-0.388253 -0.150138  0.909240    -2.381629
>structures/TyrRS_AF_Mito_Aspergillus_fumigatus_Af293_gene3509181.pdb
-0.573955  0.623820  0.530495    -6.369440
-0.788353 -0.596182 -0.151875    -7.119891
 0.221529 -0.505387  0.833972     8.483514
>structures/TyrRS_AF_Mito_Cyanidioschyzon_merolae_strain_10D_gene16996209.pdb
 0.989630  0.127794  0.065585     0.189226
-0.132344  0.988695  0.070473    -0.293509
-0.055837 -0.078421  0.995355     1.417084
>structures/TyrRS_AF_Vir_Megavirus_chiliensis_gene11257765.pdb
-0.601283 -0.394262 -0.694994    -4.069649
 0.632692 -0.766151 -0.112753    -1.249693
-0.488016 -0.507514  0.710120     8.848372
>structures/TyrRS_PDB_Arch_M_jannashii_1U7D.pdb
 0.047764  0.998113  0.038595   -51.486158
 0.977393 -0.054670  0.204242    -1.803360
 0.205966  0.027967 -0.978159    20.976435
>structures/TyrRS_PDB_E_coli_Bact_1WQ4.pdb
 0.068032  0.345046  0.936117   -60.346567
-0.981820  0.189811  0.001391    25.571352
-0.177205 -0.919193  0.351686     0.404471
>structures/TyrRS_PDB_Vir_Acanthamoeba_polyphaga_mimivirus_2J5B.pdb
 0.461960 -0.306355  0.832310   -47.294312
 0.114356  0.951189  0.286641   -86.876550
-0.879498 -0.037237  0.474444    30.496442
