>../../../../class2/phe1//data/domains/Catalytic_domain/structures/PheRS-Bα_AF_Bact_Brachyspira_pilosicoli_95_1000_gene56440383.pdb
 0.437534 -0.611147  0.659593    15.369321
-0.826015  0.016699  0.563401    51.047815
-0.355336 -0.791341 -0.497510    14.161854
>../../../../class2/phe1//data/domains/Catalytic_domain/structures/PheRS-Bα_AF_Bact_Chlamydia_psittaci_6BC_gene12243227.pdb
-0.147071 -0.973443 -0.175437    17.933434
-0.329747 -0.118968  0.936543    50.677554
-0.932543  0.195588 -0.303493    11.723147
>../../../../class2/phe1//data/domains/Catalytic_domain/structures/PheRS-Bα_AF_Bact_Ferrimonas_balearica_DSM_9799_gene67181906.pdb
-0.288120 -0.037257 -0.956869    16.967878
 0.630974  0.744261 -0.218970    50.934828
 0.720319 -0.666849 -0.190928     8.865206
>../../../../class2/phe1//data/domains/Catalytic_domain/structures/PheRS-Bα_AF_Bact_Mycobacterium_intracellulare_ATCC_13950_gene11909689.pdb
 0.443965  0.865873  0.230562    17.493382
 0.893824 -0.409851 -0.181936    53.094089
-0.063037  0.286855 -0.955898     1.747673
>../../../../class2/phe1//data/domains/Catalytic_domain/structures/PheRS-Bα_AF_Bact_Mycoplasma_capricolum_subsp_capricolum_ATCC_27343_gene23778662.pdb
-0.339306 -0.429455 -0.836923    15.102369
 0.387526  0.746881 -0.540362    49.379213
 0.857144 -0.507677 -0.086996    11.280800
>../../../../class2/phe1//data/domains/Catalytic_domain/structures/PheRS-Bα_AF_Bact_Porphyromonas_gingivalis_ATCC_33277_gene29256875.pdb
-0.021739 -0.909396  0.415363    16.516815
-0.759136  0.285365  0.585047    54.217611
-0.650569 -0.302599 -0.696559    14.144885
>../../../../class2/phe1//data/domains/Catalytic_domain/structures/PheRS-Bα_AF_Bact_Prochlorococcus_marinus_subsp_marinus_str_CCMP1375_gene54200681.pdb
 0.726976 -0.638262  0.253236    18.673949
-0.023395 -0.391600 -0.919838    49.787694
 0.686264  0.662776 -0.299616     2.486708
>../../../../class2/phe1//data/domains/Catalytic_domain/structures/PheRS-Bα_AF_Bact_Staphylococcus_argenteus_gene66839332.pdb
 0.279845 -0.919306 -0.276701    20.399195
-0.124959  0.250886 -0.959917    47.708277
 0.951878  0.303204 -0.044667     9.578660
>../../../../class2/phe1//data/domains/Catalytic_domain/structures/PheRS-Bα_PDB_Bact.A_E_coli_3PCO.pdb
 0.196204 -0.572865  0.795820   -25.994145
-0.144480 -0.819626 -0.554381    81.735592
 0.969861 -0.006208 -0.243581    50.940063
>../../../../class2/phe1//data/domains/Catalytic_domain/structures/PheRS-Bα_PDB_Bact.A_T_thermophilus_1PYS.pdb
 1.000000  0.000000  0.000000     0.000000
 0.000000  1.000000  0.000000     0.000000
 0.000000  0.000000  1.000000     0.000000
>../../../../class2/phe5//data/domains/Catalytic_domain/structures/PheRS-M_AF_Mito_Arabidopsis_thaliana_gene824983.pdb
-0.469809 -0.492273  0.732766    14.187351
-0.882532  0.242729 -0.402765    52.253554
 0.020407 -0.835913 -0.548483    18.873545
>../../../../class2/phe5//data/domains/Catalytic_domain/structures/PheRS-M_AF_Mito_Babesia_bovis_T2Bo_gene5478469.pdb
-0.717471 -0.691674 -0.082604    15.889745
 0.235881 -0.352816  0.905473    55.944628
-0.655436  0.630166  0.416287    13.516278
>../../../../class2/phe5//data/domains/Catalytic_domain/structures/PheRS-M_AF_Mito_Candida_albicans_SC5314_gene3638806.pdb
 0.371086 -0.921501 -0.114586    18.688889
-0.687475 -0.189677 -0.701000    55.588389
 0.624238  0.338907 -0.703896    16.805970
>../../../../class2/phe5//data/domains/Catalytic_domain/structures/PheRS-M_AF_Mito_Crassostrea_gigas_gene105329377.pdb
 0.363330 -0.128110 -0.922810    15.272217
 0.887941 -0.252246  0.384620    65.175895
-0.282049 -0.959145  0.022105    18.598300
>../../../../class2/phe5//data/domains/Catalytic_domain/structures/PheRS-M_AF_Mito_Drosophila_melanogaster_gene36547.pdb
 0.986750 -0.154500  0.049531    17.865175
 0.061435  0.073248 -0.995420    53.476952
 0.150164  0.985274  0.081769    13.193159
>../../../../class2/phe5//data/domains/Catalytic_domain/structures/PheRS-M_AF_Mito_Syngnathus_acus_gene119139175.pdb
 0.939602 -0.022214 -0.341547    16.215338
 0.015403  0.999625 -0.022640    59.582406
 0.341922  0.016012  0.939592    17.731066
>../../../../class2/phe5//data/domains/Catalytic_domain/structures/PheRS-M_PDB_Mito.H_sapiens_3CMQ.pdb
 0.072836 -0.879193  0.470866    30.159080
 0.390097 -0.409393 -0.824755    80.296339
 0.917888  0.243756  0.313152     5.681672
