>structures/SepRS_AF_Arch_Methanothrix_thermoacetophila_PT_gene4462697.pdb
-0.938257  0.241417 -0.247773    -5.105119
-0.132044  0.412080  0.901529     7.857313
 0.319746  0.878583 -0.354760     0.866316
>structures/SepRS_AF_Arch_unclassified_Candidatus_Bathyarchaeota_proteinUCD26266.1.pdb
 1.000000  0.000000  0.000000    -0.000000
 0.000000  1.000000  0.000000    -0.000000
 0.000000  0.000000  1.000000     0.000000
>structures/SepRS_AF_Arch_unclassified_Lokiarchaeota_proteinTFF69421.1.pdb
 0.118442  0.973813 -0.194061    -3.178244
-0.092585 -0.183754 -0.978602    -0.112430
-0.988635  0.133874  0.068396    -4.357847
>structures/SepRS_AF_Arch_unclassified_Thermoprotei_proteinRLF12424.1.pdb
 0.278802 -0.673508 -0.684585     0.180806
 0.950446  0.295616  0.096243     3.860022
 0.137554 -0.677494  0.722551     3.181506
>structures/SepRS_PDB_Arch_2DU4_A_fulgidus.pdb
-0.679587 -0.498945  0.537788    56.703101
 0.714568 -0.616103  0.331376    30.662389
 0.165994  0.609485  0.775225   -29.478551
>structures/SepRS_PDB_Arch_2ODR_M_maripadulis.pdb
-0.384554  0.472426 -0.793052    40.325697
-0.641176 -0.754755 -0.138704    62.386994
-0.664087  0.455147  0.593153    23.508047
