>../../../../class2/sep//data/domains/Catalytic_domain/structures/SepRS_AF_Arch_Methanothrix_thermoacetophila_PT_gene4462697.pdb
 0.843293 -0.197934  0.499680   -15.666037
 0.528355  0.134948 -0.838230    -8.934057
 0.098483  0.970882  0.218380     1.942551
>../../../../class2/sep//data/domains/Catalytic_domain/structures/SepRS_AF_Arch_unclassified_Candidatus_Bathyarchaeota_proteinUCD26266.1.pdb
-0.955158  0.273949 -0.112358   -21.851454
-0.285650 -0.752645  0.593237    -4.936316
 0.077951  0.598730  0.797148    -2.817450
>../../../../class2/sep//data/domains/Catalytic_domain/structures/SepRS_AF_Arch_unclassified_Lokiarchaeota_proteinTFF69421.1.pdb
-0.071381 -0.995501 -0.062316   -19.541084
-0.553206 -0.012474  0.832951    -5.992600
-0.829981  0.093931 -0.549826    -6.348212
>../../../../class2/sep//data/domains/Catalytic_domain/structures/SepRS_AF_Arch_unclassified_Thermoprotei_proteinRLF12424.1.pdb
-0.027705  0.820696  0.570693   -21.217229
-0.714413 -0.415578  0.562947    -6.891713
 0.699175 -0.392115  0.597829     1.242869
>../../../../class2/sep//data/domains/Catalytic_domain/structures/SepRS_PDB_Arch_2DU4_A_fulgidus.pdb
 0.828128  0.291635 -0.478699   -68.668625
-0.294027  0.953082  0.071988   -58.982844
 0.477234  0.081135  0.875023    -2.960748
>../../../../class2/sep//data/domains/Catalytic_domain/structures/SepRS_PDB_Arch_2ODR_M_maripadulis.pdb
 0.250614 -0.676510  0.692479   -47.924392
 0.183643  0.735540  0.652117   -47.929109
-0.950509 -0.036261  0.308573    57.257921
>../../../../class2/thr//data/domains/Catalytic_domain/structures/ThrRS_AF_Arch_Candidatus_Methanomethylophilus_alvus_Mx1201_gene15140074.pdb
-0.352884 -0.341453 -0.871139    -3.021961
-0.411447 -0.779559  0.472228    -2.335838
-0.840348  0.525069  0.134604     1.721814
>../../../../class2/thr//data/domains/Catalytic_domain/structures/ThrRS_AF_Arch_Candidatus_Nitrosopumilus_koreensis_AR1_gene13725077.pdb
 0.140935 -0.954288 -0.263575    -3.401905
 0.800185  0.266567 -0.537258     3.407640
 0.582959 -0.135190  0.801176     8.749664
>../../../../class2/thr//data/domains/Catalytic_domain/structures/ThrRS_AF_Arch_Pyrococcus_furiosus_DSM_3638_gene1469226.pdb
 0.323394 -0.945889  0.026654    -3.774177
 0.839585  0.273828 -0.469165     4.009581
 0.436479  0.174103  0.882708     6.662264
>../../../../class2/thr//data/domains/Catalytic_domain/structures/ThrRS_AF_Arch_Sulfolobus_islandicus_M164_gene7940156.pdb
 0.616659 -0.474878  0.627872    -8.911231
-0.729045 -0.043562  0.683078    -2.401329
-0.297027 -0.878973 -0.373070     5.344073
>../../../../class2/thr//data/domains/Catalytic_domain/structures/ThrRS_AF_Bact_Bifidobacterium_longum_subsp_longum_JCM_1217_gene69578309.pdb
 0.999979 -0.004265 -0.004937     0.122925
 0.004262  0.999991 -0.000615     0.003029
 0.004939  0.000594  0.999988    -0.045594
>../../../../class2/thr//data/domains/Catalytic_domain/structures/ThrRS_AF_Bact_Brachyspira_pilosicoli_95_1000_gene56439092.pdb
 0.622691  0.575610  0.530028    -1.059036
-0.712374  0.136815  0.688335    -2.793515
 0.323697 -0.806198  0.495242    -0.278980
>../../../../class2/thr//data/domains/Catalytic_domain/structures/ThrRS_AF_Bact_Brucella_abortus_2308_gene3787745.pdb
-0.893846  0.364474 -0.261147    -0.743967
 0.448094  0.746708 -0.491567    -2.182651
 0.015837 -0.556404 -0.830761    -0.484428
>../../../../class2/thr//data/domains/Catalytic_domain/structures/ThrRS_AF_Bact_Lactobacillus_acidophilus_La-14_gene56943112.pdb
 0.514502 -0.475248  0.713741     3.541185
 0.509090 -0.500496 -0.700236    -1.486988
 0.690011  0.723632 -0.015563    -1.515774
>../../../../class2/thr//data/domains/Catalytic_domain/structures/ThrRS_AF_Bact_Mycoplasma_hyopneumoniae_168-L_gene57101460.pdb
-0.463223 -0.281927 -0.840203    -4.178899
-0.785913 -0.307481  0.536466    -1.111302
-0.409591  0.908830 -0.079137     0.853419
>../../../../class2/thr//data/domains/Catalytic_domain/structures/ThrRS_AF_Bact_Porphyromonas_gingivalis_ATCC_33277_gene29256174.pdb
 0.164431  0.976432  0.139793    -1.067185
-0.920342  0.100886  0.377878     0.372584
 0.354870 -0.190792  0.915241    -0.362792
>../../../../class2/thr//data/domains/Catalytic_domain/structures/ThrRS_AF_Bact_Prochlorococcus_marinus_subsp_marinus_str_CCMP1375_gene54200406.pdb
-0.063586 -0.421732 -0.904488     2.208612
 0.883495 -0.445270  0.145504    -0.447994
-0.464105 -0.789859  0.400911     0.866034
>../../../../class2/thr//data/domains/Catalytic_domain/structures/ThrRS_AF_Bact_Streptobacillus_moniliformis_DSM_12112_gene29674242.pdb
 0.220979 -0.924369  0.310983     0.000892
 0.732263 -0.053356 -0.678929    -1.668807
 0.644174  0.377750  0.665090    -0.093497
>../../../../class2/thr//data/domains/Catalytic_domain/structures/ThrRS_AF_Euk_Arabidopsis_thaliana_gene832741.pdb
 0.986491 -0.096319  0.132509     0.216061
 0.156690  0.790779 -0.591706     1.801787
-0.047793  0.604476  0.795189    -1.177410
>../../../../class2/thr//data/domains/Catalytic_domain/structures/ThrRS_AF_Euk_Cryptococcus_gattii_WM276_gene10188143.pdb
 0.927785 -0.354390 -0.116716     1.043469
 0.341821  0.932716 -0.114885    -0.525804
 0.149577  0.066693  0.986498    -2.454567
>../../../../class2/thr//data/domains/Catalytic_domain/structures/ThrRS_AF_Euk_Cyanidioschyzon_merolae_strain_10D_gene16997242.pdb
-0.766129  0.222554 -0.602922     1.523991
 0.632328  0.428777 -0.645222    -1.259196
 0.114922 -0.875568 -0.469226    -1.343470
>../../../../class2/thr//data/domains/Catalytic_domain/structures/ThrRS_AF_Euk_Zymoseptoria_tritici_IPO323_gene13396560.pdb
-0.222395  0.554744  0.801748     7.717964
 0.880930 -0.238008  0.409042     7.185627
 0.417736  0.797252 -0.435758   -12.281005
>../../../../class2/thr//data/domains/Catalytic_domain/structures/ThrRS_AF_Mito_Cyanidioschyzon_merolae_strain_10D_gene16995590.pdb
-0.001410 -0.883734 -0.467987     0.008007
 0.907988  0.194953 -0.370878    -1.649360
 0.418993 -0.425450  0.802145     0.323784
>../../../../class2/thr//data/domains/Catalytic_domain/structures/ThrRS_AF_Mito_Oryza_sativa_Japonica_Group_gene4345200.pdb
-0.637289  0.587410  0.498811     1.403355
 0.189728 -0.507760  0.840347     0.208906
 0.746904  0.630182  0.212142    -1.821406
>../../../../class2/thr//data/domains/Catalytic_domain/structures/ThrRS_PDB_Bact_E_coli_1evk.pdb
 0.032617  0.841709 -0.538946   -46.823644
 0.196747 -0.534089 -0.822216    36.810546
-0.979912 -0.079217 -0.183024    44.412697
>../../../../class2/thr//data/domains/Catalytic_domain/structures/ThrRS_PDB_Bact_S_aureus_1nyr.pdb
-0.076943  0.249292 -0.965367    37.296436
-0.886525  0.425954  0.180655   -19.248167
 0.456238  0.869722  0.188229   -58.087900
