>../../../../class2/phe3//data/domains/Catalytic_domain/structures/PheRS-Aα_AF_Arch_Candidatus_Nitrosopumilus_koreensis_AR1_gene13724458.pdb
 0.999903  0.001662  0.013825     0.020855
-0.001962  0.999763  0.021695     0.018750
-0.013785 -0.021720  0.999669    -0.014610
>../../../../class2/phe3//data/domains/Catalytic_domain/structures/PheRS-Aα_AF_Arch_Haloterrigena_turkmenica_DSM_5511_gene8744248.pdb
 0.089552  0.978553 -0.185513     1.932644
-0.507837 -0.115367 -0.853693    -6.128649
-0.856786  0.170660  0.486614    10.044122
>../../../../class2/phe3//data/domains/Catalytic_domain/structures/PheRS-Aα_AF_Arch_Thermoplasma_volcanium_GSS1_gene1441177.pdb
-0.357371 -0.933253 -0.036399     2.330031
-0.901707  0.354920 -0.246892    -7.973255
 0.243332 -0.055410 -0.968359    10.323193
>../../../../class2/phe3//data/domains/Catalytic_domain/structures/PheRS-Aα_AF_Arch_Thermosphaera_aggregans_DSM_11486_gene9165306.pdb
 0.896843  0.043857  0.440170     3.835719
 0.043129  0.981663 -0.185683    -8.379701
-0.440242  0.185512  0.878506    16.493561
>../../../../class2/phe3//data/domains/Catalytic_domain/structures/PheRS-Aα_AF_Euk_Cyanidioschyzon_merolae_strain_10D_gene16993638.pdb
-0.911577  0.298126 -0.283104    -6.555057
 0.114683  0.845659  0.521257    -4.378140
 0.394810  0.442699 -0.805073    12.942285
>../../../../class2/phe3//data/domains/Catalytic_domain/structures/PheRS-Aα_AF_Euk_Megalobrama_amblycephala_gene125266654.pdb
 0.476334 -0.490230  0.729918     3.876256
-0.437386 -0.852259 -0.286965    -5.057881
 0.762758 -0.182565 -0.620380    17.055883
>../../../../class2/phe3//data/domains/Catalytic_domain/structures/PheRS-Aα_AF_Euk_Plasmodium_falciparum_3D7_gene813233.pdb
 0.214746 -0.885545 -0.411940     0.186676
 0.822164 -0.063763  0.565668     0.982653
-0.527191 -0.460157  0.714370    18.160090
>../../../../class2/phe3//data/domains/Catalytic_domain/structures/PheRS-Aα_AF_Euk_Schizosaccharomyces_pombe_gene2543647.pdb
-0.495548  0.389582 -0.776310    -4.980349
-0.053430 -0.905749 -0.420433    -3.104275
-0.866935 -0.166867  0.469658    12.692103
>../../../../class2/phe3//data/domains/Catalytic_domain/structures/PheRS-Aα_PDB_Euk.B_H_sapiens_3L4G.C.pdb
 0.460412  0.395644 -0.794662   -88.862749
-0.526053 -0.599469 -0.603246    63.878098
-0.715045  0.695775 -0.067873   -46.470826
>../../../../class2/pro2//data/domains/Catalytic_domain/structures/ProRS-B_AF_Bact_Acinetobacter_baylyi_ADP1_gene45233245.pdb
 0.050808  0.950987 -0.305028     1.444183
 0.284482 -0.306550 -0.908348     6.974371
-0.957334 -0.040624 -0.286114     7.666547
>../../../../class2/pro2//data/domains/Catalytic_domain/structures/ProRS-B_AF_Bact_Brachyspira_pilosicoli_95_1000_gene56438966.pdb
 0.884100  0.301252  0.357232     0.472383
 0.143715  0.552128 -0.821280     5.545582
-0.444650  0.777433  0.444841     7.551010
>../../../../class2/pro2//data/domains/Catalytic_domain/structures/ProRS-B_AF_Bact_Chlamydia_psittaci_6BC_gene12242703.pdb
-0.010058  0.819709  0.572693    -2.584365
-0.238020 -0.558223  0.794817     7.988588
 0.971208 -0.128318  0.200722     6.612316
>../../../../class2/pro2//data/domains/Catalytic_domain/structures/ProRS-B_AF_Bact_Clostridium_acetobutylicum_DSM_1731_gene44999665.pdb
 0.172853  0.975665 -0.134907     0.482441
 0.151852 -0.161729 -0.975082     6.402061
-0.973172  0.148060 -0.176112     7.220423
>../../../../class2/pro2//data/domains/Catalytic_domain/structures/ProRS-B_AF_Bact_Corynebacterium_ulcerans_809_gene75260584.pdb
 0.285098  0.007898  0.958466    -0.231416
-0.376472 -0.918682  0.119553     7.350481
 0.881469 -0.394919 -0.258941     6.828369
>../../../../class2/pro2//data/domains/Catalytic_domain/structures/ProRS-B_AF_Bact_Prochlorococcus_marinus_subsp_marinus_str_CCMP1375_gene54199876.pdb
 0.109331  0.944688 -0.309211     1.033526
 0.225300 -0.326532 -0.917942     7.505866
-0.968136  0.030695 -0.248538     7.946078
>../../../../class2/pro2//data/domains/Catalytic_domain/structures/ProRS-B_AF_Bact_Streptobacillus_moniliformis_DSM_12112_gene29673723.pdb
-0.265361  0.555732 -0.787874     0.819480
 0.604480 -0.540725 -0.584997     5.166793
-0.751124 -0.631489 -0.192441     7.554256
>../../../../class2/pro2//data/domains/Catalytic_domain/structures/ProRS-B_AF_Euk_Candida_albicans_SC5314_gene3640100.pdb
-0.129636  0.791554 -0.597191    -2.556690
 0.164516 -0.576756 -0.800180     4.218473
-0.977818 -0.201980 -0.055455     7.976057
>../../../../class2/pro2//data/domains/Catalytic_domain/structures/ProRS-B_PDB_Bact_S_aureus_5znj.pdb
-0.208170  0.938948  0.273938    -4.303189
 0.528677  0.343652 -0.776147    21.473423
-0.822901 -0.016745 -0.567938    21.101080
>../../../../class2/pro2//data/domains/Catalytic_domain/structures/ProRS_PDB_Bact_E_faecalis_2J3M.pdb
-0.287553  0.789328 -0.542470    24.334998
 0.741969 -0.174566 -0.647308    -9.215633
-0.605636 -0.588632 -0.535460    25.075047
