>structures/SepRS_AF_Arch_Methanothrix_thermoacetophila_PT_gene4462697.pdb
-0.428704 -0.872290  0.235210    -6.042903
-0.836883  0.285344 -0.467125    -3.117761
 0.340353 -0.397101 -0.852333    -7.163042
>structures/SepRS_AF_Arch_unclassified_Candidatus_Bathyarchaeota_proteinUCD26266.1.pdb
 0.157021 -0.114258 -0.980964    -3.734033
 0.961415 -0.209504  0.178294     2.595543
-0.225887 -0.971109  0.076953    -0.908560
>structures/SepRS_AF_Arch_unclassified_Lokiarchaeota_proteinTFF69421.1.pdb
 0.999997 -0.002233  0.001152    -0.060811
 0.002234  0.999997 -0.000615     0.017295
-0.001151  0.000618  0.999999    -0.024019
>structures/SepRS_AF_Arch_unclassified_Thermoprotei_proteinRLF12424.1.pdb
-0.199123  0.496972 -0.844612    -6.206513
 0.100066 -0.847055 -0.522001     2.331783
-0.974852 -0.188459  0.118938    -4.734824
>structures/SepRS_PDB_Arch_2DU4_A_fulgidus.pdb
-0.294873 -0.610075 -0.735431    29.270315
-0.776546 -0.295483  0.556476    49.872758
-0.556800  0.735186 -0.386621   -42.959017
>structures/SepRS_PDB_Arch_2ODR_M_maripadulis.pdb
 0.675456 -0.334599 -0.657117   -28.678605
-0.334033  0.655617 -0.677191    34.694953
 0.657405  0.676912  0.331073   -67.617651
