>../../../../class2//ala/data/domains/Editing_domain_AT//structures/AlaRS_AF_Arch_Candidatus_Korarchaeum_cryptofilum_OPF8_gene6094822.pdb
 0.036597  0.725965 -0.686757     2.999606
 0.992747 -0.105159 -0.058260    -2.402264
-0.114514 -0.679644 -0.724549    -1.411087
>../../../../class2//ala/data/domains/Editing_domain_AT//structures/AlaRS_AF_Arch_Candidatus_Nitrosopumilus_koreensis_AR1_gene13725795.pdb
 0.067804 -0.970332  0.232075     7.918394
 0.004482 -0.232312 -0.972631    -4.670638
 0.997689  0.066988 -0.011402    -0.495672
>../../../../class2//ala/data/domains/Editing_domain_AT//structures/AlaRS_AF_Arch_Sulfolobus_islandicus_YG5714_gene7807284.pdb
 0.401716  0.197003 -0.894323     4.901017
 0.283543 -0.955354 -0.083084    -2.969930
-0.870762 -0.220203 -0.439640    -4.949920
>../../../../class2//ala/data/domains/Editing_domain_AT//structures/AlaRS_AF_Arch_Thermoplasma_acidophilum_DSM_1728_gene1456391.pdb
 0.142483 -0.945297  0.293450     7.236170
-0.065898 -0.304876 -0.950109    -4.212480
 0.987601  0.116037 -0.105733    -0.932733
>../../../../class2//ala/data/domains/Editing_domain_AT//structures/AlaRS_AF_Bact_Brucella_melitensis_bv_1_str_16M_gene29593597.pdb
-0.612658  0.148782  0.776218    16.647624
-0.304654 -0.950681 -0.058237    19.356893
 0.729271 -0.272158  0.627769    19.009050
>../../../../class2//ala/data/domains/Editing_domain_AT//structures/AlaRS_AF_Bact_Chlamydia_psittaci_6BC_gene12242512.pdb
 1.000000  0.000000  0.000000     0.000000
 0.000000  1.000000  0.000000     0.000000
 0.000000  0.000000  1.000000     0.000000
>../../../../class2//ala/data/domains/Editing_domain_AT//structures/AlaRS_AF_Bact_Lactobacillus_acidophilus_La-14_gene56942022.pdb
 0.399839  0.720867 -0.566109    -2.515316
-0.788873 -0.043833 -0.612991    -8.981944
-0.466699  0.691686  0.551146    -2.894302
>../../../../class2//ala/data/domains/Editing_domain_AT//structures/AlaRS_AF_Bact_Nocardia_farcinica_IFM_10152_gene61134339.pdb
 0.799141  0.601120  0.005358     1.373807
-0.522131  0.698493 -0.489373    -0.430116
-0.297914  0.388280  0.872058    -0.687555
>../../../../class2//ala/data/domains/Editing_domain_AT//structures/AlaRS_AF_Bact_Porphyromonas_gingivalis_ATCC_33277_gene29256567.pdb
 0.938110  0.328358  0.110141    -1.345425
-0.256293  0.872067 -0.416909     6.531898
-0.232946  0.362878  0.902250    -0.071444
>../../../../class2//ala/data/domains/Editing_domain_AT//structures/AlaRS_AF_Bact_Prochlorococcus_marinus_subsp_marinus_str_CCMP1375_gene54199407.pdb
-0.303019 -0.717547  0.627140    -0.913522
-0.928389  0.370814 -0.024306    -0.468023
-0.215112 -0.589595 -0.778527    -0.173184
>../../../../class2//ala/data/domains/Editing_domain_AT//structures/AlaRS_AF_Bact_Streptobacillus_moniliformis_DSM_12112_gene29672963.pdb
 0.960890  0.273592  0.042869    -0.706207
-0.271749  0.901742  0.336176    -6.556639
 0.053319 -0.334678  0.940823     1.021389
>../../../../class2//ala/data/domains/Editing_domain_AT//structures/AlaRS_AF_Bact_Treponema_pallidum_subsp_pertenue_str_SamoaD_gene57879528.pdb
 0.267612 -0.960046 -0.081825    -2.406164
 0.707949  0.138311  0.692588    -8.200328
-0.653599 -0.243273  0.716677   -22.429824
>../../../../class2//ala/data/domains/Editing_domain_AT//structures/AlaRS_AF_Euk_Cyanidioschyzon_merolae_strain_10D_gene16993235.pdb
 0.195604 -0.413096 -0.889433    -0.619538
 0.380529 -0.803921  0.457066     1.062423
-0.903846 -0.427859 -0.000055    -4.454717
>../../../../class2//ala/data/domains/Editing_domain_AT//structures/AlaRS_AF_Euk_Marasmius_oreades_gene66078979.pdb
 0.111174  0.731440  0.672782    -7.430995
-0.992492  0.116453  0.037398    17.593778
-0.050993 -0.671888  0.738895    34.429394
>../../../../class2//ala/data/domains/Editing_domain_AT//structures/AlaRS_AF_Euk_Plasmodium_berghei_ANKA_gene55150801.pdb
 0.852245  0.504106 -0.139843     0.180458
-0.470323  0.621265 -0.626758    -6.853779
-0.229073  0.599923  0.766562    -0.902287
>../../../../class2//ala/data/domains/Editing_domain_AT//structures/AlaRS_AF_Euk_Saccharomyces_cerevisiae_S288C_gene854513.pdb
 0.154867 -0.934070  0.321758    -3.847512
-0.566200 -0.350811 -0.745888     5.764045
 0.809589 -0.066666 -0.583200    -0.382381
>../../../../class2//ala/data/domains/Editing_domain_AT//structures/AlaRS_AF_Mito_Caenorhabditis_elegans_gene174749.pdb
 0.856704  0.229848  0.461766     4.868740
-0.236712  0.970585 -0.043949     0.301910
-0.458285 -0.071655  0.885912    -9.651347
>../../../../class2//ala/data/domains/Editing_domain_AT//structures/AlaRS_AF_Mito_Gadus_morhua_gene115539928.pdb
-0.623280  0.433656  0.650741    -0.889529
 0.046444 -0.810155  0.584374     3.579779
 0.780618  0.394451  0.484813    -1.764264
>../../../../class2//thr/data/domains/Editing_domain_AT//structures/ThrRS_AF_Arch_Candidatus_Methanomethylophilus_alvus_Mx1201_gene15140074.pdb
 0.112616 -0.821924 -0.558353   -23.003888
-0.985523 -0.164064  0.042738    18.584206
-0.126733  0.545457 -0.828502    12.134331
>../../../../class2//thr/data/domains/Editing_domain_AT//structures/ThrRS_AF_Bact_Bifidobacterium_longum_subsp_longum_JCM_1217_gene69578309.pdb
 0.745688  0.365463 -0.557123   -20.329379
 0.369086  0.469578  0.802042    17.020105
 0.554729 -0.803700  0.215271    11.182694
>../../../../class2//thr/data/domains/Editing_domain_AT//structures/ThrRS_AF_Bact_Brachyspira_pilosicoli_95_1000_gene56439092.pdb
 0.069493  0.944087  0.322290   -22.253562
 0.039913 -0.325444  0.944719    16.950253
 0.996784 -0.052788 -0.060297    13.244050
>../../../../class2//thr/data/domains/Editing_domain_AT//structures/ThrRS_AF_Bact_Brucella_abortus_2308_gene3787745.pdb
-0.547779  0.766093  0.336213   -23.966740
-0.097373  0.340758 -0.935095    16.566604
-0.830937 -0.544964 -0.112063    13.508638
>../../../../class2//thr/data/domains/Editing_domain_AT//structures/ThrRS_AF_Bact_Lactobacillus_acidophilus_La-14_gene56943112.pdb
-0.293693 -0.914351  0.278758   -21.208998
 0.948783 -0.243315  0.201517    15.475992
-0.116432  0.323665  0.938981    10.882354
>../../../../class2//thr/data/domains/Editing_domain_AT//structures/ThrRS_AF_Bact_Mycoplasma_hyopneumoniae_168-L_gene57101460.pdb
-0.310103 -0.861567 -0.401919   -23.751782
-0.865206  0.430970 -0.256287    15.149688
 0.394023  0.268268 -0.879078     7.684192
>../../../../class2//thr/data/domains/Editing_domain_AT//structures/ThrRS_AF_Bact_Porphyromonas_gingivalis_ATCC_33277_gene29256174.pdb
-0.603178  0.779165 -0.170524   -16.020479
-0.048674  0.177438  0.982928    18.777681
 0.796120  0.601181 -0.069101    10.399321
>../../../../class2//thr/data/domains/Editing_domain_AT//structures/ThrRS_AF_Bact_Prochlorococcus_marinus_subsp_marinus_str_CCMP1375_gene54200406.pdb
 0.438687 -0.008698 -0.898598   -20.710099
 0.104617 -0.992660  0.060682    19.100243
-0.892530 -0.120628 -0.434556    14.198083
>../../../../class2//thr/data/domains/Editing_domain_AT//structures/ThrRS_AF_Bact_Streptobacillus_moniliformis_DSM_12112_gene29674242.pdb
 0.008356 -0.910726 -0.412927   -19.872740
 0.944758 -0.128120  0.301692    18.199481
-0.327662 -0.392637  0.859345    11.624964
>../../../../class2//thr/data/domains/Editing_domain_AT//structures/ThrRS_AF_Euk_Arabidopsis_thaliana_gene832741.pdb
 0.805727  0.127044 -0.578502   -13.697530
 0.292209  0.764317  0.574833    16.692336
 0.515188 -0.632202  0.578707     9.477317
>../../../../class2//thr/data/domains/Editing_domain_AT//structures/ThrRS_AF_Euk_Cryptococcus_gattii_WM276_gene10188143.pdb
 0.768459 -0.007678 -0.639853   -16.972106
 0.612897  0.296235  0.732531    16.618867
 0.183923 -0.955084  0.232350    11.751612
>../../../../class2//thr/data/domains/Editing_domain_AT//structures/ThrRS_AF_Euk_Cyanidioschyzon_merolae_strain_10D_gene16997242.pdb
-0.489906  0.741552 -0.458358   -18.452793
 0.060786 -0.495439 -0.866513    17.151227
-0.869653 -0.452372  0.197642    13.659500
>../../../../class2//thr/data/domains/Editing_domain_AT//structures/ThrRS_AF_Euk_Zymoseptoria_tritici_IPO323_gene13396560.pdb
-0.086570 -0.111847  0.989947    -3.904740
 0.605421  0.783238  0.141436    14.353283
-0.791183  0.611579 -0.000090     6.396951
>../../../../class2//thr/data/domains/Editing_domain_AT//structures/ThrRS_AF_Mito_Cyanidioschyzon_merolae_strain_10D_gene16995590.pdb
 0.219536 -0.384628 -0.896586   -18.865566
 0.725595 -0.549957  0.413594    19.163589
-0.652163 -0.741357  0.158349    10.723460
>../../../../class2//thr/data/domains/Editing_domain_AT//structures/ThrRS_AF_Mito_Oryza_sativa_Japonica_Group_gene4345200.pdb
-0.758860 -0.140041  0.636019   -15.629018
 0.538398  0.414564  0.733665    18.136801
-0.366413  0.899180 -0.239198    13.235045
>../../../../class2//thr/data/domains/Editing_domain_AT//structures/ThrRS_PDB_Bact_S_aureus_1nyr.pdb
-0.678853 -0.191541 -0.708852    33.663570
 0.047124  0.952022 -0.302379   -19.830412
 0.732760 -0.238675 -0.637257    41.471552
