>../../../../class2//ala/data/domains/Editing_domain_AT//structures/AlaRS_AF_Arch_Candidatus_Korarchaeum_cryptofilum_OPF8_gene6094822.pdb
 0.035971  0.726445 -0.686283     3.004885
 0.992811 -0.104424 -0.058498    -2.402040
-0.114160 -0.679245 -0.724979    -1.413058
>../../../../class2//ala/data/domains/Editing_domain_AT//structures/AlaRS_AF_Arch_Candidatus_Nitrosopumilus_koreensis_AR1_gene13725795.pdb
 0.067470 -0.970240  0.232558     7.921453
 0.004184 -0.232812 -0.972513    -4.666712
 0.997713  0.066588 -0.011648    -0.495361
>../../../../class2//ala/data/domains/Editing_domain_AT//structures/AlaRS_AF_Arch_Sulfolobus_islandicus_YG5714_gene7807284.pdb
 0.401579  0.197689 -0.894233     4.901211
 0.284633 -0.955010 -0.083303    -2.957797
-0.870470 -0.221075 -0.439781    -4.952052
>../../../../class2//ala/data/domains/Editing_domain_AT//structures/AlaRS_AF_Arch_Thermoplasma_acidophilum_DSM_1728_gene1456391.pdb
 0.142247 -0.945154  0.294022     7.237670
-0.066324 -0.305476 -0.949887    -4.206024
 0.987607  0.115618 -0.106140    -0.932020
>../../../../class2//ala/data/domains/Editing_domain_AT//structures/AlaRS_AF_Bact_Brucella_melitensis_bv_1_str_16M_gene29593597.pdb
-0.612862  0.148843  0.776045    16.646074
-0.304414 -0.950769 -0.058049    19.358719
 0.729199 -0.271815  0.628001    19.004490
>../../../../class2//ala/data/domains/Editing_domain_AT//structures/AlaRS_AF_Bact_Chlamydia_psittaci_6BC_gene12242512.pdb
 1.000000  0.000000  0.000000     0.000000
 0.000000  1.000000  0.000000     0.000000
 0.000000  0.000000  1.000000     0.000000
>../../../../class2//ala/data/domains/Editing_domain_AT//structures/AlaRS_AF_Bact_Lactobacillus_acidophilus_La-14_gene56942022.pdb
 0.400205  0.720842 -0.565882    -2.512159
-0.788456 -0.043890 -0.613523    -8.979627
-0.467090  0.691708  0.550787    -2.899533
>../../../../class2//ala/data/domains/Editing_domain_AT//structures/AlaRS_AF_Bact_Nocardia_farcinica_IFM_10152_gene61134339.pdb
 0.799356  0.600837  0.004934     1.379626
-0.522185  0.698732 -0.488974    -0.436655
-0.297242  0.388288  0.872284    -0.691004
>../../../../class2//ala/data/domains/Editing_domain_AT//structures/AlaRS_AF_Bact_Porphyromonas_gingivalis_ATCC_33277_gene29256567.pdb
 0.938057  0.328377  0.110535    -1.351537
-0.256028  0.871895 -0.417431     6.538082
-0.233450  0.363273  0.901961    -0.062898
>../../../../class2//ala/data/domains/Editing_domain_AT//structures/AlaRS_AF_Bact_Prochlorococcus_marinus_subsp_marinus_str_CCMP1375_gene54199407.pdb
-0.302313 -0.717814  0.627176    -0.918613
-0.928399  0.370871 -0.023041    -0.461741
-0.216062 -0.589235 -0.778536    -0.169057
>../../../../class2//ala/data/domains/Editing_domain_AT//structures/AlaRS_AF_Bact_Streptobacillus_moniliformis_DSM_12112_gene29672963.pdb
 0.961002  0.273241  0.042602    -0.703711
-0.271355  0.902021  0.335744    -6.556342
 0.053311 -0.334211  0.940989     1.017219
>../../../../class2//ala/data/domains/Editing_domain_AT//structures/AlaRS_AF_Bact_Treponema_pallidum_subsp_pertenue_str_SamoaD_gene57879528.pdb
 0.269033 -0.959445 -0.084179    -2.310221
 0.706305  0.137118  0.694501    -8.303048
-0.654794 -0.246300  0.714550   -22.439759
>../../../../class2//ala/data/domains/Editing_domain_AT//structures/AlaRS_AF_Euk_Cyanidioschyzon_merolae_strain_10D_gene16993235.pdb
 0.195476 -0.412487 -0.889744    -0.622152
 0.381373 -0.803865  0.456460     1.069006
-0.903518 -0.428551  0.000175    -4.452403
>../../../../class2//ala/data/domains/Editing_domain_AT//structures/AlaRS_AF_Euk_Marasmius_oreades_gene66078979.pdb
 0.111188  0.731403  0.672820    -7.429956
-0.992486  0.116519  0.037349    17.591502
-0.051079 -0.671917  0.738863    34.431519
>../../../../class2//ala/data/domains/Editing_domain_AT//structures/AlaRS_AF_Euk_Plasmodium_berghei_ANKA_gene55150801.pdb
 0.852245  0.504106 -0.139843     0.180458
-0.470323  0.621265 -0.626758    -6.853779
-0.229073  0.599923  0.766562    -0.902287
>../../../../class2//ala/data/domains/Editing_domain_AT//structures/AlaRS_AF_Euk_Saccharomyces_cerevisiae_S288C_gene854513.pdb
 0.154967 -0.934056  0.321753    -3.849194
-0.566332 -0.350853 -0.745769     5.765507
 0.809477 -0.066649 -0.583356    -0.379923
>../../../../class2//thr/data/domains/Editing_domain_AT//structures/ThrRS_AF_Arch_Candidatus_Methanomethylophilus_alvus_Mx1201_gene15140074.pdb
 0.129879 -0.801211 -0.584116   -23.601477
-0.982776 -0.182130  0.031301    17.935517
-0.131464  0.569990 -0.811066    13.009132
>../../../../class2//thr/data/domains/Editing_domain_AT//structures/ThrRS_AF_Bact_Bifidobacterium_longum_subsp_longum_JCM_1217_gene69578309.pdb
 0.747774  0.368989 -0.551980   -20.367041
 0.365002  0.466003  0.805987    17.216728
 0.554624 -0.804170  0.213783    11.142922
>../../../../class2//thr/data/domains/Editing_domain_AT//structures/ThrRS_AF_Bact_Brachyspira_pilosicoli_95_1000_gene56439092.pdb
 0.069701  0.944076  0.322278   -22.273548
 0.039760 -0.325436  0.944728    16.962198
 0.996775 -0.053034 -0.060220    13.233294
>../../../../class2//thr/data/domains/Editing_domain_AT//structures/ThrRS_AF_Bact_Brucella_abortus_2308_gene3787745.pdb
-0.543436  0.768622  0.337486   -23.980716
-0.101943  0.338631 -0.935381    16.537052
-0.833238 -0.542724 -0.105669    13.243053
>../../../../class2//thr/data/domains/Editing_domain_AT//structures/ThrRS_AF_Bact_Lactobacillus_acidophilus_La-14_gene56943112.pdb
-0.293693 -0.914351  0.278758   -21.208998
 0.948783 -0.243315  0.201517    15.475992
-0.116432  0.323665  0.938981    10.882354
>../../../../class2//thr/data/domains/Editing_domain_AT//structures/ThrRS_AF_Bact_Mycoplasma_hyopneumoniae_168-L_gene57101460.pdb
-0.303212 -0.862329 -0.405526   -23.934257
-0.864993  0.427616 -0.262547    14.959593
 0.399811  0.271170 -0.875567     7.698095
>../../../../class2//thr/data/domains/Editing_domain_AT//structures/ThrRS_AF_Bact_Porphyromonas_gingivalis_ATCC_33277_gene29256174.pdb
-0.602943  0.778680 -0.173541   -16.121364
-0.045548  0.183574  0.981950    18.659496
 0.796483  0.599965 -0.075218    10.303347
>../../../../class2//thr/data/domains/Editing_domain_AT//structures/ThrRS_AF_Bact_Prochlorococcus_marinus_subsp_marinus_str_CCMP1375_gene54200406.pdb
 0.441451 -0.006886 -0.897259   -20.740120
 0.103435 -0.992914  0.058510    19.051133
-0.891304 -0.118637 -0.437610    14.053804
>../../../../class2//thr/data/domains/Editing_domain_AT//structures/ThrRS_AF_Bact_Streptobacillus_moniliformis_DSM_12112_gene29674242.pdb
 0.008356 -0.910726 -0.412927   -19.872740
 0.944758 -0.128120  0.301692    18.199481
-0.327662 -0.392637  0.859345    11.624964
>../../../../class2//thr/data/domains/Editing_domain_AT//structures/ThrRS_AF_Euk_Arabidopsis_thaliana_gene832741.pdb
 0.805727  0.127044 -0.578502   -13.697530
 0.292209  0.764317  0.574833    16.692336
 0.515188 -0.632202  0.578707     9.477317
>../../../../class2//thr/data/domains/Editing_domain_AT//structures/ThrRS_AF_Euk_Cryptococcus_gattii_WM276_gene10188143.pdb
 0.767726 -0.008515 -0.640721   -17.020664
 0.614024  0.295688  0.731808    16.586899
 0.183222 -0.955247  0.232236    11.744554
>../../../../class2//thr/data/domains/Editing_domain_AT//structures/ThrRS_AF_Euk_Cyanidioschyzon_merolae_strain_10D_gene16997242.pdb
-0.489906  0.741552 -0.458358   -18.452793
 0.060786 -0.495439 -0.866513    17.151227
-0.869653 -0.452372  0.197642    13.659500
>../../../../class2//thr/data/domains/Editing_domain_AT//structures/ThrRS_AF_Euk_Zymoseptoria_tritici_IPO323_gene13396560.pdb
-0.087329 -0.116502  0.989344    -3.820409
 0.607505  0.780862  0.145576    14.404940
-0.789501  0.613744  0.002583     6.430576
>../../../../class2//thr/data/domains/Editing_domain_AT//structures/ThrRS_AF_Mito_Cyanidioschyzon_merolae_strain_10D_gene16995590.pdb
 0.221953 -0.380721 -0.897657   -18.869676
 0.722590 -0.553901  0.413591    19.121750
-0.654676 -0.740436  0.152165    10.484245
>../../../../class2//thr/data/domains/Editing_domain_AT//structures/ThrRS_AF_Mito_Oryza_sativa_Japonica_Group_gene4345200.pdb
-0.758881 -0.138336  0.636367   -15.636136
 0.540190  0.412055  0.733761    18.192559
-0.363724  0.900596 -0.237973    13.300596
>../../../../class2//thr/data/domains/Editing_domain_AT//structures/ThrRS_PDB_Bact_S_aureus_1nyr.pdb
-0.692508 -0.192202 -0.695335    33.454335
 0.047284  0.949690 -0.309602   -19.439225
 0.719859 -0.247281 -0.648580    42.065456
