>../../../../class2/ser1//data/domains/Catalytic_domain/structures/SerRS_AF_Arch_Candidatus_Methanomassiliicoccus_intestinalis_Issoire-Mx1_gene16154337.pdb
 0.439186  0.677003 -0.590579    -2.398971
-0.616781 -0.250758 -0.746124    -0.474396
-0.653220  0.691945  0.307433     0.071455
>../../../../class2/ser1//data/domains/Catalytic_domain/structures/SerRS_AF_Arch_Methanospirillum_hungatei_JF-1_gene3924775.pdb
 0.718138 -0.588356 -0.371638     1.560231
 0.692267  0.658485  0.295234    -2.783423
 0.071015 -0.469292  0.880183     2.543675
>../../../../class2/ser1//data/domains/Catalytic_domain/structures/SerRS_AF_Arch_Nitrosopumilus_maritimus_SCM1_gene5773574.pdb
-0.850320 -0.508422  0.135879    -2.105205
-0.511957  0.858951  0.010174    -5.695614
-0.121886 -0.060913 -0.990673    -0.962658
>../../../../class2/ser1//data/domains/Catalytic_domain/structures/SerRS_AF_Arch_Thermoproteus_uzoniensis_768-20_gene10361450.pdb
-0.986367 -0.124760  0.107305    -4.838971
-0.080981  0.935663  0.343479    -4.877990
-0.143254  0.330107 -0.933010    -1.043000
>../../../../class2/ser1//data/domains/Catalytic_domain/structures/SerRS_AF_Bact_Bifidobacterium_longum_subsp_longum_JCM_1217_gene69578844.pdb
-0.035713 -0.081702 -0.996017    -0.133386
 0.337345 -0.939138  0.064941     0.179267
-0.940703 -0.333683  0.061101     3.272388
>../../../../class2/ser1//data/domains/Catalytic_domain/structures/SerRS_AF_Bact_Brucella_suis_1330_gene45051948.pdb
-0.952444  0.268317  0.144414     0.408581
 0.304666  0.846837  0.435943    -3.586492
-0.005324  0.459209 -0.888312     0.114542
>../../../../class2/ser1//data/domains/Catalytic_domain/structures/SerRS_AF_Bact_Chlamydia_psittaci_6BC_gene12242544.pdb
 0.992962 -0.065378 -0.098754    -1.325545
 0.033965  0.956001 -0.291390    -3.328542
 0.113459  0.285985  0.951493     0.658857
>../../../../class2/ser1//data/domains/Catalytic_domain/structures/SerRS_AF_Bact_Clostridium_acetobutylicum_DSM_1731_gene44996495.pdb
-0.917047 -0.326904  0.228383     2.348040
-0.345890  0.937068 -0.047582    -3.639362
-0.198455 -0.122630 -0.972408     2.336921
>../../../../class2/ser1//data/domains/Catalytic_domain/structures/SerRS_AF_Bact_Mycoplasma_hyopneumoniae_168-L_gene57101125.pdb
 0.960467 -0.221556 -0.168569    -0.223605
 0.254318  0.944589  0.207541    -1.007945
 0.113246 -0.242206  0.963593     0.240826
>../../../../class2/ser1//data/domains/Catalytic_domain/structures/SerRS_AF_Bact_Prochlorococcus_marinus_subsp_marinus_str_CCMP1375_gene54200639.pdb
-0.944227  0.264052  0.196754    -4.023093
 0.314689  0.547576  0.775327     0.931005
 0.096989  0.794001 -0.600130    -1.067932
>../../../../class2/ser1//data/domains/Catalytic_domain/structures/SerRS_AF_Bact_Streptobacillus_moniliformis_DSM_12112_gene29673293.pdb
-0.981926  0.140249  0.127093     0.775944
 0.179959  0.899827  0.397398    -4.036749
-0.058627  0.413087 -0.908803     0.846688
>../../../../class2/ser1//data/domains/Catalytic_domain/structures/SerRS_AF_Bact_Treponema_pallidum_subsp_pertenue_str_SamoaD_gene57879171.pdb
 0.801416 -0.504745 -0.320881     0.266892
 0.565087  0.814773  0.129696    -3.882083
 0.195982 -0.285266  0.938197     1.603477
>../../../../class2/ser1//data/domains/Catalytic_domain/structures/SerRS_AF_Euk_Cyanidioschyzon_merolae_strain_10D_gene16995416.pdb
 0.328330 -0.632155 -0.701840     1.207229
 0.894438 -0.030756  0.446133    -2.474276
-0.303611 -0.774231  0.555326     3.507431
>../../../../class2/ser1//data/domains/Catalytic_domain/structures/SerRS_AF_Euk_Thunnus_albacares_gene122982782.pdb
-0.061090 -0.126044 -0.990142     1.452267
 0.441952 -0.892869  0.086393     0.643020
-0.894956 -0.432317  0.110251     1.749155
>../../../../class2/ser1//data/domains/Catalytic_domain/structures/SerRS_AF_Euk_Trichomonas_vaginalis_G3_gene4762654.pdb
 0.925798 -0.348218  0.147116    -0.219031
 0.314081  0.925135  0.213255    -1.533171
-0.210361 -0.151224  0.965857     1.883727
>../../../../class2/ser1//data/domains/Catalytic_domain/structures/SerRS_AF_Euk_Vitis_vinifera_gene100261399.pdb
 0.048778 -0.370409 -0.927587     0.822819
 0.670921 -0.675829  0.305157    -0.787797
-0.739923 -0.637223  0.215550     3.280597
>../../../../class2/ser1//data/domains/Catalytic_domain/structures/SerRS_AF_Mito_Cervus_elaphus_gene122688911.pdb
-0.899457  0.361033  0.246234    -4.985154
 0.412848  0.517248  0.749674     2.190928
 0.143293  0.775957 -0.614295    -1.686563
>../../../../class2/ser1//data/domains/Catalytic_domain/structures/SerRS_AF_Mito_Drechmeria_coniospora_gene63718051.pdb
 1.000000  0.000000  0.000000     0.000000
 0.000000  1.000000  0.000000     0.000000
 0.000000  0.000000  1.000000     0.000000
>../../../../class2/ser1//data/domains/Catalytic_domain/structures/SerRS_PDB_Bact_K_pneumoniae_6h9x.pdb
 0.124516  0.043748 -0.991253    -6.225662
-0.850989  0.518419 -0.084017     4.956118
 0.510209  0.854007  0.101781    34.947060
>../../../../class2/ser1//data/domains/Catalytic_domain/structures/SerRS_PDB_Bact_T_thermophilus_1ser.pdb
 0.938982  0.084972  0.333307  -139.193351
-0.078768 -0.890139  0.448829    40.114031
 0.334827 -0.447696 -0.829131    24.572972
>../../../../class2/ser1//data/domains/Catalytic_domain/structures/SerRS_PDB_Euk_B_taurus_1wle.pdb
 0.583842  0.326338  0.743392  -107.908421
-0.783828 -0.011985  0.620862    11.453229
 0.211521 -0.945177  0.248796     2.287536
>../../../../class2/ser2//data/domains/Catalytic_domain/structures/SerRS-A_AF_Arch_Conexivisphaera_calida_protein1635512986.pdb
-0.647630 -0.692510  0.317814    -0.501026
-0.746123  0.491788 -0.448827     1.025083
 0.154520 -0.527802 -0.835194    -0.653015
>../../../../class2/ser2//data/domains/Catalytic_domain/structures/SerRS-A_AF_Arch_Ignisphaera_aggregans_protein304378874.pdb
-0.993891 -0.069476  0.085754    -0.606887
-0.064054  0.995863  0.064444    -1.244942
-0.089876  0.058557 -0.994230    -1.360744
>../../../../class2/ser2//data/domains/Catalytic_domain/structures/SerRS-A_AF_Arch_Methanosarcina_barkeri_protein805401349.pdb
-0.014195 -0.552291  0.833531    -0.662766
-0.260085 -0.802881 -0.536412     1.485184
 0.965481 -0.224403 -0.132245    -3.103699
>../../../../class2/ser2//data/domains/Catalytic_domain/structures/SerRS-A_AF_Arch_Unclassified_Thermoplasmata_protein1635512986.pdb
-0.456548 -0.782292  0.423772     1.316376
-0.839164  0.220389 -0.497225     2.225132
 0.295580 -0.582621 -0.757090    -2.711305
>../../../../class2/ser2//data/domains/Catalytic_domain/structures/SerRS-A_PDB_Arch_M_barkeri_2cim.pdb
 0.361367 -0.889211 -0.280568     4.453280
 0.556367 -0.035834  0.830164   -94.157963
-0.748244 -0.456093  0.481778    -7.067927
>../../../../class2/ser2//data/domains/Catalytic_domain/structures/SerRS-A_PDB_Arch_M_barkeri_2cjb.pdb
 0.371280 -0.877628 -0.303183     5.779927
 0.532044 -0.066519  0.844100   -94.779298
-0.760973 -0.474704  0.442240    -3.477152
