>../../../../class1/gln//data/domains/Catalytic_domain/structures/GlnRS_AF_Bact_Anaerostipes_hadrus_gene15230984.pdb
 0.414759  0.238316 -0.878169    -6.711169
 0.313534 -0.943422 -0.107942    -1.794984
-0.854208 -0.230566 -0.466013    -1.273706
>../../../../class1/gln//data/domains/Catalytic_domain/structures/GlnRS_AF_Bact_Cutibacterium_avidum_44067_gene29843447.pdb
 0.503773  0.543773 -0.671211    -6.555637
-0.018907 -0.769885 -0.637902    -1.604857
-0.863629  0.334048 -0.377566    -0.402103
>../../../../class1/gln//data/domains/Catalytic_domain/structures/GlnRS_AF_Bact_Pasteurella_multocida_subsp_multocida_str_Pm70_gene1243875.pdb
 0.225176  0.458075 -0.859920    -7.380265
-0.218833 -0.836260 -0.502774     0.261114
-0.949425  0.301392 -0.088064    -0.461149
>../../../../class1/gln//data/domains/Catalytic_domain/structures/GlnRS_AF_Bact_Porphyromonas_gingivalis_ATCC_33277_gene29257033.pdb
 0.407455  0.007881 -0.913191    -5.674588
 0.493613 -0.843203  0.212968    -1.567972
-0.768327 -0.537538 -0.347458    -1.003767
>../../../../class1/gln//data/domains/Catalytic_domain/structures/GlnRS_AF_Bact_Thermus_thermophilus_HB8_gene3168786.pdb
-0.622576 -0.652719  0.431692    -4.661426
-0.682332  0.182664 -0.707854    -2.648712
 0.383175 -0.735250 -0.559093    -1.098838
>../../../../class1/gln//data/domains/Catalytic_domain/structures/GlnRS_AF_Euk_Arabidopsis_thaliana_gene832718.pdb
-0.158457  0.344995  0.925132   -10.545410
 0.141248 -0.919413  0.367055     3.619347
 0.977210  0.188836  0.096957    -3.362322
>../../../../class1/gln//data/domains/Catalytic_domain/structures/GlnRS_AF_Euk_Candida_dubliniensis_CD36_gene8049124.pdb
 0.199703  0.457966 -0.866248    -2.638739
 0.356861 -0.857334 -0.370983    -0.793488
-0.912562 -0.235044 -0.334643     0.288327
>../../../../class1/gln//data/domains/Catalytic_domain/structures/GlnRS_AF_Euk_Encephalitozoon_romaleae_SJ-2008_gene20564565.pdb
-0.221218 -0.528336  0.819710    -3.565860
-0.615781 -0.576107 -0.537507    -0.353170
 0.756225 -0.623668 -0.197894    -0.580932
>../../../../class1/gln//data/domains/Catalytic_domain/structures/GlnRS_AF_Euk_Myodes_glareolus_gene125393344.pdb
 0.976722 -0.086474 -0.196309    -8.373749
-0.022075  0.869769 -0.492965     4.113650
 0.213372  0.485823  0.847614    -5.071011
>../../../../class1/gln//data/domains/Catalytic_domain/structures/GlnRS_AF_Mito_Cyanidioschyzon_merolae_strain_10D_gene16997184.pdb
-0.544361 -0.558577  0.625830    -2.055891
-0.718316 -0.074914 -0.691671    -2.015092
 0.433235 -0.826063 -0.360455     2.037564
>../../../../class1/gln//data/domains/Catalytic_domain/structures/GlnRS_Bact_D_radio_2HZ7.pdb
 0.232132  0.954645 -0.186463   -41.798574
-0.061272  0.205670  0.976701   -78.504527
 0.970753 -0.215298  0.106235   -24.485516
>../../../../class1/gln//data/domains/Catalytic_domain/structures/GlnRS_Bact_E_coli_1QTQ.pdb
 0.141133  0.832281  0.536087   -33.149971
-0.700572  0.466570 -0.539918    26.578221
-0.699486 -0.299367  0.648921    22.803179
>../../../../class1/gln//data/domains/Catalytic_domain/structures/GlnRS_PDB_Euk_T_gondii_4P2B.pdb
 0.035931  0.810848  0.584153   -84.208007
-0.771846 -0.348779  0.531608    57.656541
 0.634794 -0.469977  0.613318   -66.364503
>../../../../class1/lys//data/domains/Catalytic_domain/structures/LysRS-I_AF_Arch_Candidatus_Bathyarchaeota_archaeon_proteinRJS75864.1.pdb
 0.994746  0.080160 -0.063679    -3.290940
-0.084385  0.994199 -0.066694     0.081901
 0.057963  0.071717  0.995739    -3.287238
>../../../../class1/lys//data/domains/Catalytic_domain/structures/LysRS-I_AF_Arch_Candidatus_Nitrosopumilus_koreensis_AR1_gene13726042.pdb
-0.045218  0.042526 -0.998072    -0.633760
 0.313127 -0.948141 -0.054585     3.710685
-0.948634 -0.314991  0.029557    -2.972270
>../../../../class1/lys//data/domains/Catalytic_domain/structures/LysRS-I_AF_Arch_Ferroplasma_acidarmanus_Fer1_gene16025146.pdb
 1.000000  0.000000  0.000000     0.000000
 0.000000  1.000000  0.000000     0.000000
 0.000000  0.000000  1.000000    -0.000000
>../../../../class1/lys//data/domains/Catalytic_domain/structures/LysRS-I_AF_Arch_Halorubrum_lacusprofundi_ATCC_49239_gene7400505.pdb
-0.716932 -0.675012  0.174262    -4.474686
-0.675939  0.611879 -0.410744    -2.370964
 0.170630 -0.412267 -0.894942    -2.216681
>../../../../class1/lys//data/domains/Catalytic_domain/structures/LysRS-I_AF_Bact_Cereibacter_sphaeroides_KD131_gene67447319.pdb
-0.982009  0.175482 -0.069743    -3.063085
 0.123917  0.877544  0.463207     3.758394
 0.142487  0.446232 -0.883501     1.272669
>../../../../class1/lys//data/domains/Catalytic_domain/structures/LysRS-I_AF_Bact_Cyanobacteria_bacterium_J007_proteinRMH73500.1.pdb
 0.901407  0.405271 -0.152381    -3.979199
-0.425429  0.763627 -0.485680    -0.719060
-0.080470  0.502623  0.860753    -4.242378
>../../../../class1/lys//data/domains/Catalytic_domain/structures/LysRS-I_AF_Bact_Streptomyces_albidoflavus_gene15147364.pdb
 0.193178  0.064646 -0.979032    -5.219999
 0.322988 -0.946402  0.001239     2.156222
-0.926478 -0.316455 -0.203704    -2.682175
>../../../../class1/lys//data/domains/Catalytic_domain/structures/LysRS-I_AF_Bact_Treponema_denticola_ATCC_35405_gene2739918.pdb
 0.245222  0.016507 -0.969326    -5.150023
 0.263117 -0.963459  0.050156     2.193803
-0.933079 -0.267346 -0.240605    -2.752244
>../../../../class1/lys//data/domains/Catalytic_domain/structures/LysRS-I_PDB_Arch_P_hori_1IRX.pdb
 0.364793 -0.766426  0.528694   -29.109941
-0.917883 -0.200726  0.342345    26.023673
-0.156260 -0.610164 -0.776713    82.770415
