>../../../../class1/ile//data/domains/Catalytic_domain/structures/IleRS_AF_Arch_Candidatus_Korarchaeum_cryptofilum_OPF8_gene6094904.pdb
-0.392864  0.048941  0.918293   -40.279615
-0.474419  0.844649 -0.247982    29.770418
-0.787772 -0.533079 -0.308613     4.174340
>../../../../class1/ile//data/domains/Catalytic_domain/structures/IleRS_AF_Arch_Candidatus_Nitrosopumilus_sediminis_gene13697091.pdb
 0.974248 -0.104365 -0.199873   -42.156458
-0.076434 -0.986809  0.142706    34.139641
-0.212130 -0.123754 -0.969374     1.999504
>../../../../class1/ile//data/domains/Catalytic_domain/structures/IleRS_AF_Arch_Pyrobaculum_aerophilum_str_IM2_gene1465853.pdb
 0.533728  0.495525 -0.685266   -43.740119
 0.766469  0.058911  0.639574    28.230091
 0.357295 -0.866594 -0.348362     6.920095
>../../../../class1/ile//data/domains/Catalytic_domain/structures/IleRS_AF_Arch_Thermoplasma_acidophilum_DSM_1728_gene1456418.pdb
-0.893562  0.429585  0.130396   -40.763280
-0.312415 -0.386432 -0.867794    30.283757
-0.322402 -0.816166  0.479510     3.121378
>../../../../class1/ile//data/domains/Catalytic_domain/structures/IleRS_AF_Bact_Chlamydia_muridarum_str_Nigg_gene1246458.pdb
-0.547808 -0.541453  0.637757   -40.108347
 0.804064 -0.130214  0.580108    30.888601
-0.231057  0.830586  0.506695     1.459194
>../../../../class1/ile//data/domains/Catalytic_domain/structures/IleRS_AF_Bact_Lactobacillus_acidophilus_La-14_gene56942445.pdb
 0.307671  0.453101 -0.836683   -42.801671
 0.635565  0.556530  0.535100    27.526504
 0.708093 -0.696401 -0.116747     3.812403
>../../../../class1/ile//data/domains/Catalytic_domain/structures/IleRS_AF_Bact_Mycoplasma_hyopneumoniae_168-L_gene57100872.pdb
 0.218050  0.380218 -0.898826   -40.648707
 0.642059  0.637721  0.425526    27.103231
 0.734993 -0.669885 -0.105067     5.496732
>../../../../class1/ile//data/domains/Catalytic_domain/structures/IleRS_AF_Bact_Orientia_tsutsugamushi_str_Ikeda_gene66653313.pdb
 0.484337 -0.267904 -0.832853   -39.776484
-0.814599  0.209155 -0.541001    30.452484
 0.319132  0.940469 -0.116933     4.242045
>../../../../class1/ile//data/domains/Catalytic_domain/structures/IleRS_AF_Bact_Porphyromonas_gingivalis_ATCC_33277_gene29255747.pdb
 0.475425 -0.295611 -0.828604   -37.360743
-0.766748  0.322577 -0.555016    30.217800
 0.431357  0.899199 -0.073298     5.634604
>../../../../class1/ile//data/domains/Catalytic_domain/structures/IleRS_AF_Bact_Streptobacillus_moniliformis_DSM_12112_gene29674186.pdb
 0.285949  0.490245 -0.823343   -42.880893
 0.527467  0.636807  0.562366    30.419380
 0.800007 -0.595094 -0.076494     9.689390
>../../../../class1/ile//data/domains/Catalytic_domain/structures/IleRS_AF_Bact_Thermus_thermophilus_HB8_gene3168241.pdb
-0.471284 -0.501260  0.725693   -37.914321
 0.766501  0.174257  0.618151    29.106658
-0.436311  0.847569  0.302093     1.585124
>../../../../class1/ile//data/domains/Catalytic_domain/structures/IleRS_AF_Bact_Treponema_pallidum_subsp_pertenue_str_SamoaD_gene57878975.pdb
-0.132334 -0.045107  0.990178   -40.339730
 0.157805  0.985264  0.065974    29.004199
-0.978563  0.164986 -0.123266     2.467608
>../../../../class1/ile//data/domains/Catalytic_domain/structures/IleRS_AF_Euk_Cyanidioschyzon_merolae_strain_10D_gene16992835.pdb
-0.875352 -0.429875  0.221285   -41.394857
 0.469820 -0.864338  0.179411    28.128727
 0.114141  0.261012  0.958564     3.676711
>../../../../class1/ile//data/domains/Catalytic_domain/structures/IleRS_AF_Euk_Ostreococcus_lucimarinus_CCE9901_gene5000489.pdb
-0.153520  0.215024  0.964467   -42.960076
-0.138996  0.961634 -0.236517    28.330888
-0.978321 -0.170368 -0.117742     2.406594
>../../../../class1/ile//data/domains/Catalytic_domain/structures/IleRS_AF_Euk_Trypanosoma_brucei_brucei_TREU927_gene3663037.pdb
-0.219242  0.374803  0.900808   -42.249310
-0.400862  0.807142 -0.433394    28.621484
-0.889518 -0.456119 -0.026715     3.294286
>../../../../class1/ile//data/domains/Catalytic_domain/structures/IleRS_AF_Euk_Ustilago_maydis_521_gene23568123.pdb
 0.068928  0.082010 -0.994245   -39.157585
 0.236427  0.966881  0.096143    27.117376
 0.969201 -0.241693  0.047256     4.925545
>../../../../class1/ile//data/domains/Catalytic_domain/structures/IleRS_AF_Mito_Drosophila_melanogaster_gene39762.pdb
 0.789967 -0.284214 -0.543300   -37.898286
-0.612200 -0.316309 -0.724679    28.493125
 0.034113  0.905081 -0.423869     6.564133
>../../../../class1/ile//data/domains/Catalytic_domain/structures/IleRS_AF_Mito_Homo_sapiens_gene55699.pdb
 0.261495  0.432005 -0.863129   -41.303695
 0.658012  0.574440  0.486866    27.166910
 0.706145 -0.695263 -0.134051     4.835141
>../../../../class1/ile//data/domains/Catalytic_domain/structures/IleRS_PDB_Bact_S_aureus_1QU2.pdb
 0.003175 -0.139755 -0.990181    51.324343
 0.984414  0.174550 -0.021479    -6.985430
 0.175838 -0.974680  0.138131    73.441264
>../../../../class1/ile//data/domains/Catalytic_domain/structures/IleRS_PDB_Bact_T_therm_1ILE.pdb
-0.273737 -0.138411  0.951793   -17.286726
 0.823011  0.478386  0.306267    59.582145
-0.497715  0.867173 -0.017039    -9.705946
>../../../../class1/ile//data/domains/Catalytic_domain/structures/IleRS_PDB_Euk_S_cere_7D5C.pdb
 0.234643 -0.952331  0.194956   -42.181104
 0.279207 -0.126078 -0.951918    65.702422
 0.931121  0.277794  0.236314    -9.728755
>../../../../class1/trp//data/domains/Catalytic_domain/structures/TrpRS_AF_Arch_Natrialba_magadii_ATCC_43099_gene8824932.pdb
-0.835394  0.549207  0.022081   -40.211391
 0.304977  0.496571 -0.812654    28.053044
-0.457280 -0.672152 -0.582328     7.276728
>../../../../class1/trp//data/domains/Catalytic_domain/structures/TrpRS_AF_Arch_Nitrosopumilus_maritimus_SCM1_gene5773245.pdb
-0.899441  0.424025 -0.105876   -40.502187
 0.288741  0.394678 -0.872271    30.178943
-0.328078 -0.815127 -0.477423     7.380537
>../../../../class1/trp//data/domains/Catalytic_domain/structures/TrpRS_AF_Arch_Sulfolobus_islandicus_M1627_gene7814138.pdb
 0.938110  0.308993  0.156439   -37.965145
-0.120287 -0.132891  0.983804    29.538963
 0.324778 -0.941734 -0.087498    10.099742
>../../../../class1/trp//data/domains/Catalytic_domain/structures/TrpRS_AF_Arch_Thermoplasma_acidophilum_DSM_1728_gene1456706.pdb
-0.191949 -0.706887  0.680784   -36.979184
 0.333969 -0.699331 -0.631982    26.193395
 0.922833  0.106053  0.370314     4.372239
>../../../../class1/trp//data/domains/Catalytic_domain/structures/TrpRS_AF_Bact_Anoxybacillus_flavithermus_WK1_gene7038388.pdb
 0.996291 -0.083843  0.019367   -36.255969
-0.044461 -0.308868  0.950065    28.284348
-0.073674 -0.947402 -0.311450    13.129978
>../../../../class1/trp//data/domains/Catalytic_domain/structures/TrpRS_AF_Bact_Brachyspira_pilosicoli_95_1000_gene56440833.pdb
 0.059135 -0.412840  0.908882   -40.938284
 0.998038  0.043236 -0.045297    25.288096
-0.020596  0.909777  0.414587    11.033984
>../../../../class1/trp//data/domains/Catalytic_domain/structures/TrpRS_AF_Bact_Helicobacter_cinaedi_PAGU611_gene66538868.pdb
 0.986600  0.134391  0.092518   -36.658105
-0.086683 -0.048654  0.995047    28.077284
 0.138227 -0.989733 -0.036353    14.223138
>../../../../class1/trp//data/domains/Catalytic_domain/structures/TrpRS_AF_Bact_Mycoplasma_hyopneumoniae_168-L_gene57101461.pdb
 0.932912  0.358227  0.036714   -38.713888
-0.057773  0.048256  0.997163    27.673668
 0.355439 -0.932386  0.065714    14.987501
>../../../../class1/trp//data/domains/Catalytic_domain/structures/TrpRS_AF_Bact_Porphyromonas_gingivalis_ATCC_33277_gene29255389.pdb
-0.227604  0.559701 -0.796826   -41.690449
-0.940719  0.084951  0.328375    26.454199
 0.251483  0.824329  0.507186    11.222250
>../../../../class1/trp//data/domains/Catalytic_domain/structures/TrpRS_AF_Bact_Prochlorococcus_marinus_subsp_marinus_str_CCMP1375_gene54200405.pdb
-0.972611  0.231976  0.014659   -46.175849
 0.055660  0.293670 -0.954285    22.931731
-0.225676 -0.927332 -0.298539    11.605390
>../../../../class1/trp//data/domains/Catalytic_domain/structures/TrpRS_AF_Bact_Streptomyces_albidoflavus_gene15147734.pdb
-0.021891  0.862328 -0.505877   -40.135765
-0.783585  0.299450  0.544356    25.672879
 0.620899  0.408314  0.669152    11.349726
>../../../../class1/trp//data/domains/Catalytic_domain/structures/TrpRS_AF_Bact_Thermus_thermophilus_HB8_gene3168998.pdb
-0.920386 -0.335784 -0.200344   -40.793147
 0.224239 -0.033534 -0.973957    26.154599
 0.320321 -0.941342  0.106160    10.863235
>../../../../class1/trp//data/domains/Catalytic_domain/structures/TrpRS_AF_Euk_Cryptococcus_neoformans_var_neoformans_JEC21_gene3254069.pdb
 0.194499 -0.934677  0.297572   -41.233987
 0.706265 -0.077081 -0.703739    27.975410
 0.680706  0.347042  0.645137     7.434648
>../../../../class1/trp//data/domains/Catalytic_domain/structures/TrpRS_AF_Euk_Cyanidioschyzon_merolae_strain_10D_gene16993299.pdb
-0.902188 -0.272837 -0.334092   -41.335067
 0.333111  0.051367 -0.941487    29.487205
 0.274033 -0.960688  0.044542     7.660257
>../../../../class1/trp//data/domains/Catalytic_domain/structures/TrpRS_AF_Euk_Drosophila_melanogaster_gene45399.pdb
-0.970613  0.064811 -0.231755   -46.507992
 0.233986  0.029153 -0.971803    27.174026
-0.056227 -0.997472 -0.043462     8.537548
>../../../../class1/trp//data/domains/Catalytic_domain/structures/TrpRS_AF_Euk_Saccharomyces_cerevisiae_S288C_gene854056.pdb
 0.352063  0.203206  0.913651   -41.390844
 0.899621  0.195949 -0.390238    27.479793
-0.258328  0.959328 -0.113822     7.134050
>../../../../class1/trp//data/domains/Catalytic_domain/structures/TrpRS_AF_Mito_Bufo_gargarizans_gene122922343.pdb
-0.505839 -0.861929  0.034710   -41.747256
 0.541188 -0.348426 -0.765320    26.475400
 0.671746 -0.368344  0.642714    10.773434
>../../../../class1/trp//data/domains/Catalytic_domain/structures/TrpRS_AF_Mito_Cyanidioschyzon_merolae_strain_10D_gene16992222.pdb
 0.067421 -0.389735  0.918456   -37.246444
 0.980871 -0.142595 -0.132511    30.578307
 0.182611  0.909821  0.372666    10.680919
>../../../../class1/trp//data/domains/Catalytic_domain/structures/TrpRS_PDB_Arch_P_hori_3JXE.pdb
 1.000000  0.000000  0.000000     0.000000
 0.000000  1.000000  0.000000     0.000000
 0.000000  0.000000  1.000000     0.000000
>../../../../class1/trp//data/domains/Catalytic_domain/structures/TrpRS_PDB_Bact_G_stearo_1I6M.pdb
-0.464103  0.354699  0.811663   -55.116712
-0.524932  0.627949 -0.574567    65.612522
-0.713481 -0.692726 -0.105240    68.823460
>../../../../class1/trp//data/domains/Catalytic_domain/structures/TrpRS_PDB_Euk_S_Cerevisiae_3KT3.pdb
-0.532551 -0.738032 -0.414363  -111.526419
-0.282709  0.616550 -0.734807   -49.914356
 0.797787 -0.274179 -0.536993   127.140394
