>../../../../class2/ala//data/domains/Catalytic_domain/structures/AlaRS_AF_Arch_Candidatus_Korarchaeum_cryptofilum_OPF8_gene6094822.pdb
 0.317396 -0.924186  0.212460     2.418019
-0.680116 -0.377980 -0.628151    -3.111435
 0.660834  0.054875 -0.748523    -0.787087
>../../../../class2/ala//data/domains/Catalytic_domain/structures/AlaRS_AF_Arch_Candidatus_Nitrosopumilus_koreensis_AR1_gene13725795.pdb
 0.347490  0.708498 -0.614232    -2.245468
 0.802930  0.113505  0.585167     1.316838
 0.484308 -0.696525 -0.529433    -0.070182
>../../../../class2/ala//data/domains/Catalytic_domain/structures/AlaRS_AF_Arch_Sulfolobus_islandicus_YG5714_gene7807284.pdb
-0.568783 -0.665135  0.483820    -0.723841
-0.820276  0.415623 -0.392943    -5.022117
 0.060274 -0.620365 -0.781994    -1.985741
>../../../../class2/ala//data/domains/Catalytic_domain/structures/AlaRS_AF_Arch_Thermoplasma_acidophilum_DSM_1728_gene1456391.pdb
 0.368015  0.712400 -0.597538    -0.777517
 0.781887  0.110686  0.613516    -0.355611
 0.503208 -0.692990 -0.516282     0.181777
>../../../../class2/ala//data/domains/Catalytic_domain/structures/AlaRS_AF_Bact_Brucella_melitensis_bv_1_str_16M_gene29593597.pdb
-0.048046  0.345319 -0.937255     1.712510
 0.637703  0.732817  0.237307     7.784710
 0.768783 -0.586288 -0.255420     3.657391
>../../../../class2/ala//data/domains/Catalytic_domain/structures/AlaRS_AF_Bact_Chlamydia_psittaci_6BC_gene12242512.pdb
-0.793821  0.147495  0.589995     1.811613
 0.355741 -0.674232  0.647193     3.512980
 0.493251  0.723641  0.482750    -0.711032
>../../../../class2/ala//data/domains/Catalytic_domain/structures/AlaRS_AF_Bact_Lactobacillus_acidophilus_La-14_gene56942022.pdb
-0.902586 -0.146391  0.404855     0.951769
 0.152365  0.770920  0.618440     5.006639
-0.402645  0.619881 -0.673517    -9.084881
>../../../../class2/ala//data/domains/Catalytic_domain/structures/AlaRS_AF_Bact_Nocardia_farcinica_IFM_10152_gene61134339.pdb
-0.923655 -0.037052  0.381429     2.610267
 0.377682  0.080651  0.922416     4.092270
-0.064941  0.996053 -0.060500    -2.295979
>../../../../class2/ala//data/domains/Catalytic_domain/structures/AlaRS_AF_Bact_Porphyromonas_gingivalis_ATCC_33277_gene29256567.pdb
-0.837728  0.129754  0.530449     0.980682
 0.400877 -0.513487  0.758702     2.401320
 0.370823  0.848230  0.378147    -1.810524
>../../../../class2/ala//data/domains/Catalytic_domain/structures/AlaRS_AF_Bact_Prochlorococcus_marinus_subsp_marinus_str_CCMP1375_gene54199407.pdb
-0.058044  0.158835 -0.985597     4.467966
 0.403571 -0.899263 -0.168689     3.705789
-0.913105 -0.407550 -0.011905    -2.158574
>../../../../class2/ala//data/domains/Catalytic_domain/structures/AlaRS_AF_Bact_Streptobacillus_moniliformis_DSM_12112_gene29672963.pdb
-0.729513  0.254472  0.634865     4.347811
 0.247585 -0.767015  0.591937     4.212490
 0.637583  0.589009  0.496544    -4.615976
>../../../../class2/ala//data/domains/Catalytic_domain/structures/AlaRS_AF_Bact_Treponema_pallidum_subsp_pertenue_str_SamoaD_gene57879528.pdb
-0.197534 -0.282588  0.938682    -9.877138
-0.913126 -0.295308 -0.281058    -1.196623
 0.356624 -0.912654 -0.199704    -6.334105
>../../../../class2/ala//data/domains/Catalytic_domain/structures/AlaRS_AF_Euk_Cyanidioschyzon_merolae_strain_10D_gene16993235.pdb
-0.531710 -0.428748  0.730383     6.509143
-0.834590  0.118591 -0.537956    -3.244967
 0.144031 -0.895606 -0.420885    -4.530173
>../../../../class2/ala//data/domains/Catalytic_domain/structures/AlaRS_AF_Euk_Marasmius_oreades_gene66078979.pdb
 0.211226  0.750132 -0.626646     4.173101
 0.746976  0.289606  0.598461     0.254467
 0.630405 -0.594500 -0.499158    -4.266363
>../../../../class2/ala//data/domains/Catalytic_domain/structures/AlaRS_AF_Euk_Plasmodium_berghei_ANKA_gene55150801.pdb
-0.778538  0.290184  0.556481     1.043720
 0.590585  0.038749  0.806045     5.748281
 0.212339  0.956186 -0.201546    -4.399019
>../../../../class2/ala//data/domains/Catalytic_domain/structures/AlaRS_AF_Euk_Saccharomyces_cerevisiae_S288C_gene854513.pdb
 0.605166  0.466226 -0.645297     1.867438
 0.766482 -0.122186  0.630536    -2.001160
 0.215126 -0.876187 -0.431296    -0.220903
>../../../../class2/ala//data/domains/Catalytic_domain/structures/AlaRS_AF_Mito_Caenorhabditis_elegans_gene174749.pdb
-0.568273  0.051483  0.821228    -0.704948
 0.243106 -0.942982  0.227341    -0.289543
 0.786107  0.328837  0.523356    -1.589406
>../../../../class2/ala//data/domains/Catalytic_domain/structures/AlaRS_AF_Mito_Gadus_morhua_gene115539928.pdb
 1.000000 -0.000000  0.000000     0.000000
 0.000000  1.000000  0.000000     0.000000
-0.000000  0.000000  1.000000     0.000000
>../../../../class2/ala//data/domains/Catalytic_domain/structures/AlaRS_PDB_Bact_E_coli_3HXV.pdb
 0.185136 -0.739017 -0.647749    24.653876
-0.929489 -0.345665  0.128707    27.016052
-0.319021  0.578248 -0.750903    -4.972052
>../../../../class2/ser1//data/domains/Catalytic_domain/structures/SerRS_AF_Arch_Candidatus_Methanomassiliicoccus_intestinalis_Issoire-Mx1_gene16154337.pdb
 0.053419 -0.696740 -0.715332   -16.385927
-0.979508  0.102749 -0.173225    -9.219057
 0.194192  0.709927 -0.676973     0.636259
>../../../../class2/ser1//data/domains/Catalytic_domain/structures/SerRS_AF_Arch_Methanospirillum_hungatei_JF-1_gene3924775.pdb
 0.407073  0.800969 -0.439022   -19.839660
 0.349841  0.307274  0.884983   -10.214349
 0.843744 -0.513840 -0.155129     4.345488
>../../../../class2/ser1//data/domains/Catalytic_domain/structures/SerRS_AF_Arch_Nitrosopumilus_maritimus_SCM1_gene5773574.pdb
-0.232068  0.637910  0.734313   -19.110281
-0.226956  0.698575 -0.678590   -13.721502
-0.945852 -0.324136 -0.017340    -0.269304
>../../../../class2/ser1//data/domains/Catalytic_domain/structures/SerRS_AF_Arch_Thermoproteus_uzoniensis_768-20_gene10361450.pdb
 0.076645  0.415101  0.906541   -18.644090
 0.077843  0.903949 -0.420495   -12.834965
-0.994015  0.102797  0.036970    -2.556091
>../../../../class2/ser1//data/domains/Catalytic_domain/structures/SerRS_AF_Bact_Bifidobacterium_longum_subsp_longum_JCM_1217_gene69578844.pdb
 0.916789 -0.397717  0.036321   -18.399768
-0.386696 -0.861282  0.329634    -7.492286
-0.099819 -0.316250 -0.943410     3.510684
>../../../../class2/ser1//data/domains/Catalytic_domain/structures/SerRS_AF_Bact_Brucella_suis_1330_gene45051948.pdb
 0.243157  0.215738  0.945691   -18.523325
 0.455221  0.835537 -0.307656   -12.091183
-0.856533  0.505307  0.104958     2.854888
>../../../../class2/ser1//data/domains/Catalytic_domain/structures/SerRS_AF_Bact_Chlamydia_psittaci_6BC_gene12242544.pdb
-0.095294  0.427136 -0.899152   -18.740831
-0.166992  0.883603  0.437447   -11.174692
 0.981342  0.191837 -0.012874     1.231869
>../../../../class2/ser1//data/domains/Catalytic_domain/structures/SerRS_AF_Bact_Clostridium_acetobutylicum_DSM_1731_gene44996495.pdb
-0.072938  0.732035  0.677352   -20.430306
-0.137141  0.665347 -0.733829   -11.390934
-0.987862 -0.146417  0.051863     4.803264
>../../../../class2/ser1//data/domains/Catalytic_domain/structures/SerRS_AF_Bact_Mycoplasma_hyopneumoniae_168-L_gene57101125.pdb
 0.053385  0.827153 -0.559435   -16.995102
 0.021273  0.559165  0.828784   -10.154797
 0.998347 -0.056146  0.012255     2.925583
>../../../../class2/ser1//data/domains/Catalytic_domain/structures/SerRS_AF_Bact_Prochlorococcus_marinus_subsp_marinus_str_CCMP1375_gene54200639.pdb
 0.177264 -0.226349  0.957781   -14.482476
 0.519876  0.847868  0.104156    -8.664346
-0.835648  0.479464  0.267970    -0.554029
>../../../../class2/ser1//data/domains/Catalytic_domain/structures/SerRS_AF_Bact_Streptobacillus_moniliformis_DSM_12112_gene29673293.pdb
 0.199063  0.296771  0.933970   -19.347813
 0.325359  0.878971 -0.348641   -12.026768
-0.924400  0.373278  0.078414     3.355533
>../../../../class2/ser1//data/domains/Catalytic_domain/structures/SerRS_AF_Bact_Treponema_pallidum_subsp_pertenue_str_SamoaD_gene57879171.pdb
 0.226007  0.784436 -0.577565   -20.078872
 0.327153  0.497346  0.803503   -11.530736
 0.917547 -0.370549 -0.144227     2.766064
>../../../../class2/ser1//data/domains/Catalytic_domain/structures/SerRS_AF_Euk_Cyanidioschyzon_merolae_strain_10D_gene16995416.pdb
 0.821442  0.562573 -0.093518   -20.198921
 0.348813 -0.365892  0.862817    -9.372116
 0.451180 -0.741374 -0.496791     4.230115
>../../../../class2/ser1//data/domains/Catalytic_domain/structures/SerRS_AF_Euk_Thunnus_albacares_gene122982782.pdb
 0.963007 -0.269245  0.011124   -16.879806
-0.252508 -0.887188  0.386182    -8.331180
-0.094109 -0.374705 -0.922356     5.055219
>../../../../class2/ser1//data/domains/Catalytic_domain/structures/SerRS_AF_Euk_Trichomonas_vaginalis_G3_gene4762654.pdb
 0.340832  0.751784 -0.564494   -18.552235
-0.155971  0.637343  0.754630    -9.537202
 0.927096 -0.169157  0.334483     2.933387
>../../../../class2/ser1//data/domains/Catalytic_domain/structures/SerRS_AF_Euk_Vitis_vinifera_gene100261399.pdb
 0.996719  0.029337  0.075434   -19.081156
-0.020130 -0.812858  0.582115    -8.292054
 0.078394 -0.581723 -0.809600     4.347433
>../../../../class2/ser1//data/domains/Catalytic_domain/structures/SerRS_AF_Mito_Cervus_elaphus_gene122688911.pdb
 0.197833 -0.221686  0.954839   -13.244778
 0.609282  0.790875  0.057381    -8.050366
-0.767879  0.570414  0.291531    -1.669394
>../../../../class2/ser1//data/domains/Catalytic_domain/structures/SerRS_AF_Mito_Drechmeria_coniospora_gene63718051.pdb
-0.012687  0.686445 -0.727071   -15.973144
-0.255859  0.700694  0.666006    -9.725898
 0.966631  0.194477  0.166744     2.725424
>../../../../class2/ser1//data/domains/Catalytic_domain/structures/SerRS_PDB_Bact_K_pneumoniae_6h9x.pdb
-0.952441 -0.289884 -0.093937   -38.484782
-0.304394  0.919419  0.249024    18.410019
 0.014180  0.265775 -0.963931     3.076818
>../../../../class2/ser1//data/domains/Catalytic_domain/structures/SerRS_PDB_Bact_T_thermophilus_1ser.pdb
-0.309966 -0.285567  0.906848    -4.711446
-0.058714 -0.946256 -0.318045    68.567124
 0.948933 -0.151828  0.276540  -120.874798
>../../../../class2/ser1//data/domains/Catalytic_domain/structures/SerRS_PDB_Euk_B_taurus_1wle.pdb
-0.701309  0.677191  0.222659    -7.496631
-0.559899 -0.716598  0.415933    27.083335
 0.441223  0.167031  0.881716   -98.778700
