>../../../../class2/asp//data/domains/Catalytic_domain/structures/Asp_Arch_1b8a_T_kodarensis.pdb
 1.000000  0.000000  0.000000     0.000000
 0.000000  1.000000  0.000000     0.000000
 0.000000  0.000000  1.000000     0.000000
>../../../../class2/asp//data/domains/Catalytic_domain/structures/Aspartyl.B.Bacteroidota.NC_010729.1.pdb
 0.357248  0.913589  0.194239    37.518574
-0.920957  0.379200 -0.089699     7.152630
-0.155603 -0.146841  0.976845    36.563963
>../../../../class2/asp//data/domains/Catalytic_domain/structures/Aspartyl.B.Chlamydiae.NC_002620.2.pdb
-0.490755 -0.826861 -0.274700    36.522771
-0.501742  0.525947 -0.686756     2.167258
 0.712330 -0.199200 -0.672982    39.386783
>../../../../class2/asp//data/domains/Catalytic_domain/structures/Aspartyl.B.Firmicutes.NC_015687.1.pdb
 0.095772 -0.974680  0.202054    38.579426
-0.745403 -0.204754 -0.634389     9.812034
 0.659698 -0.089855 -0.746140    37.114905
>../../../../class2/asp//data/domains/Catalytic_domain/structures/Aspartyl.B.Fusobacteria.NC_013515.1.pdb
 0.629238  0.581494  0.515679    35.050880
 0.350152 -0.804445  0.479855     9.121641
 0.693868 -0.121377 -0.709799    37.174657
>../../../../class2/asp//data/domains/Catalytic_domain/structures/Aspartyl.B.Spirochaetes.NC_014330.1.pdb
-0.359211 -0.731331 -0.579760    37.265729
-0.754523  0.593181 -0.280769     8.189486
 0.549238  0.336587 -0.764883    38.498678
>../../../../class2/asp//data/domains/Catalytic_domain/structures/Aspartyl.E.Apicomplexa.NC_011903.2.pdb
-0.590823 -0.659663 -0.464513    35.059999
-0.534424  0.751309 -0.387203    11.235133
 0.604416  0.019478 -0.796430    31.454578
>../../../../class2/asp//data/domains/Catalytic_domain/structures/Aspartyl.E.Evosea.NC_007087.3.pdb
-0.626056 -0.557277 -0.545432    34.729939
-0.490559  0.825186 -0.280034     3.222385
 0.606140  0.092250 -0.789990    39.799805
>../../../../class2/asp//data/domains/Catalytic_domain/structures/Aspartyl.E.Rhodophyta.NC_010136.1.pdb
-0.625601 -0.615773 -0.479006    34.317873
-0.483407  0.787891 -0.381503    10.667778
 0.612324 -0.007113 -0.790575    31.014355
>../../../../class2/asp//data/domains/Catalytic_domain/structures/Asp_Bact_1c0a_E_coli.pdb
-0.147682 -0.919968  0.363109    82.094259
-0.944256  0.240369  0.224952    56.096229
-0.294229 -0.309647 -0.904184    62.383787
>../../../../class2/asp//data/domains/Catalytic_domain/structures/Asp_Bact_1n9w_T_thermophilus.pdb
 0.927068  0.304662 -0.218464    15.776625
-0.120776  0.794381  0.595291   -19.889018
 0.354906 -0.525490  0.773241   -30.200300
>../../../../class2/asp//data/domains/Catalytic_domain/structures/Asp_Euk_1EOV_S_cerevisiae.pdb
-0.098841  0.967134  0.234270     8.622185
-0.661932  0.111884 -0.741166    48.723329
-0.743018 -0.228329  0.629119    -1.236310
>../../../../class2/ser2//data/domains/Catalytic_domain/structures/Ser_Arch_2cim_M_barkeri.pdb
 0.107259  0.993801 -0.029231    30.766411
 0.842179 -0.075190  0.533930   -65.403594
 0.528423 -0.081886 -0.845023    94.620766
>../../../../class2/ser2//data/domains/Catalytic_domain/structures/Ser_Arch_2cjb_M_barkeri.pdb
 0.092633  0.995526  0.018632    27.361547
 0.822152 -0.087029  0.562576   -67.321456
 0.561680 -0.036795 -0.826536    92.026569
