>structures/LeuRS-A_AF_Arch_Aciduliprofundum_boonei_T469_gene8828435.pdb
-0.141971 -0.149109 -0.978576     4.630093
 0.543978 -0.837684  0.048721     0.629674
-0.827002 -0.525407  0.200039     1.224417
>structures/LeuRS-A_AF_Arch_Candidatus_Korarchaeum_cryptofilum_OPF8_gene6093520.pdb
-0.876067  0.464809  0.128294     2.357186
 0.401242  0.555163  0.728560    -2.764333
 0.267417  0.689744 -0.672861    -1.143856
>structures/LeuRS-A_AF_Arch_Candidatus_Nitrosopumilus_koreensis_AR1_gene13725794.pdb
 0.992300  0.018568 -0.122457     2.468011
-0.038674  0.985714 -0.163929    -2.078844
 0.117664  0.167403  0.978842     0.465163
>structures/LeuRS-A_AF_Arch_Methanobrevibacter_smithii_ATCC_35061_gene5216355.pdb
 0.982106 -0.071082 -0.174399     2.217671
 0.063120  0.996713 -0.050790    -1.209259
 0.177436  0.038873  0.983364     0.064214
>structures/LeuRS-A_AF_Euk_Arabidopsis_thaliana_gene837489.pdb
-0.158094 -0.917138  0.365875     0.840544
-0.890129 -0.028014 -0.454846     0.334630
 0.427406 -0.397584 -0.811942    -1.174388
>structures/LeuRS-A_AF_Euk_Drosophila_melanogaster_gene326262.pdb
 1.000000  0.000000  0.000000     0.000000
 0.000000  1.000000  0.000000     0.000000
 0.000000  0.000000  1.000000     0.000000
>structures/LeuRS-A_AF_Euk_Leishmania_major_strain_Friedlin_gene5650139.pdb
 0.998561  0.045560  0.028282     4.323369
-0.040628  0.986995 -0.155530     0.211271
-0.035000  0.154157  0.987426    -1.232958
>structures/LeuRS-A_AF_Euk_Neurospora_crassa_OR74A_gene3879366.pdb
 0.989549 -0.109121 -0.094264     2.968861
 0.114919  0.991656  0.058419    -1.286123
 0.087102 -0.068641  0.993832    -0.495453
>structures/LeuRS-A_PDB_Arch_P_hori_1WKB.pdb
-0.122262  0.836417  0.534283    -8.495152
-0.933454  0.085999 -0.348236   117.730483
-0.337218 -0.541305  0.770242    60.561142
