>../../../../class2/gly1//data/domains/Catalytic_domain/structures/GlyRS-A_AF_Arch_Candidatus_Nitrosopumilus_sediminis_gene13697160.pdb
 0.964103  0.253317  0.079599     0.071679
-0.233269  0.951230 -0.201858     0.163481
-0.126851  0.176044  0.976175     0.025472
>../../../../class2/gly1//data/domains/Catalytic_domain/structures/GlyRS-A_AF_Arch_Candidatus_Woesearchaeota_archaeon_proteinMBT4248212.1.pdb
-0.059170  0.284346 -0.956894    -0.560482
 0.052718 -0.956346 -0.287443     2.139954
-0.996855 -0.067453  0.041597     1.127771
>../../../../class2/gly1//data/domains/Catalytic_domain/structures/GlyRS-A_AF_Arch_Methanosalsum_zhilinae_DSM_4017_gene10821854.pdb
 0.722310  0.673846 -0.155563     3.004577
-0.539529  0.408348 -0.736315     0.632349
-0.432640  0.615778  0.658514    -0.798501
>../../../../class2/gly1//data/domains/Catalytic_domain/structures/GlyRS-A_AF_Arch_Sulfolobus_islandicus_YN1551_gene7810979.pdb
-0.310829 -0.634316  0.707834     1.198462
-0.690614 -0.360939 -0.626718    -1.826935
 0.653022 -0.683642 -0.325877     1.132889
>../../../../class2/gly1//data/domains/Catalytic_domain/structures/GlyRS-A_AF_Arch_Thermoplasma_acidophilum_DSM_1728_gene1455843.pdb
 1.000000 -0.000000  0.000000     0.000000
 0.000000  1.000000  0.000000     0.000000
-0.000000  0.000000  1.000000     0.000000
>../../../../class2/gly1//data/domains/Catalytic_domain/structures/GlyRS-A_AF_Bact_Capnocytophaga_ochracea_DSM_7271_gene29675716.pdb
 0.083804 -0.606008  0.791032    -1.267925
-0.590216 -0.669786 -0.450592     0.663049
 0.802884 -0.429118 -0.413806     0.440758
>../../../../class2/gly1//data/domains/Catalytic_domain/structures/GlyRS-A_AF_Bact_Corynebacterium_ulcerans_809_gene75260805.pdb
 0.173702 -0.739236 -0.650659     1.405527
 0.934051 -0.085685  0.346707    -0.230809
-0.312050 -0.667973  0.675601     4.295394
>../../../../class2/gly1//data/domains/Catalytic_domain/structures/GlyRS-A_AF_Bact_Treponema_denticola_ATCC_35405_gene2741635.pdb
-0.775609 -0.629463  0.046973    -0.370846
-0.627617  0.776984  0.048914     1.266011
-0.067287  0.008457 -0.997698     3.901902
>../../../../class2/gly1//data/domains/Catalytic_domain/structures/GlyRS-A_PDB_Bact_T_thermophilus_1ati.pdb
-0.745056 -0.249429  0.618609     7.900364
 0.654668 -0.450998  0.606639   -20.501688
 0.127678  0.856963  0.499312   -49.168047
>../../../../class2/pro2//data/domains/Catalytic_domain/structures/ProRS-B_AF_Bact_Acinetobacter_baylyi_ADP1_gene45233245.pdb
 0.838402  0.355629  0.413051    -0.944065
-0.282047  0.931536 -0.229542     2.441353
-0.466404  0.075949  0.881305    -7.380915
>../../../../class2/pro2//data/domains/Catalytic_domain/structures/ProRS-B_AF_Bact_Brachyspira_pilosicoli_95_1000_gene56438966.pdb
 0.651616 -0.739947 -0.166958    -0.267230
 0.680657  0.473215  0.559262     1.991177
-0.334817 -0.478065  0.812004    -6.001482
>../../../../class2/pro2//data/domains/Catalytic_domain/structures/ProRS-B_AF_Bact_Chlamydia_psittaci_6BC_gene12242703.pdb
-0.868531  0.435675 -0.236306    -1.274007
 0.314484  0.852929  0.416667    -2.485196
 0.383084  0.287574 -0.877808    -7.919393
>../../../../class2/pro2//data/domains/Catalytic_domain/structures/ProRS-B_AF_Bact_Clostridium_acetobutylicum_DSM_1731_gene44999665.pdb
 0.930689  0.156470  0.330659    -0.421837
-0.138818  0.987359 -0.076501     1.654046
-0.338450  0.025298  0.940644    -6.569612
>../../../../class2/pro2//data/domains/Catalytic_domain/structures/ProRS-B_AF_Bact_Corynebacterium_ulcerans_809_gene75260584.pdb
-0.694879  0.579204  0.426222    -0.868440
 0.548807  0.044114  0.834784     0.341889
 0.464708  0.813988 -0.348525    -7.605738
>../../../../class2/pro2//data/domains/Catalytic_domain/structures/ProRS-B_AF_Bact_Prochlorococcus_marinus_subsp_marinus_str_CCMP1375_gene54199876.pdb
 0.905103  0.274945  0.324335    -1.146909
-0.199774  0.948346 -0.246435     2.126713
-0.375338  0.158256  0.913278    -8.104783
>../../../../class2/pro2//data/domains/Catalytic_domain/structures/ProRS-B_AF_Bact_Streptobacillus_moniliformis_DSM_12112_gene29673723.pdb
 0.523875  0.847663  0.083799    -0.392599
-0.541409  0.407315 -0.735507     2.042010
-0.657595  0.339944  0.672314    -5.560930
>../../../../class2/pro2//data/domains/Catalytic_domain/structures/ProRS-B_PDB_Bact_S_aureus_5znj.pdb
 0.581984  0.126639  0.803279   -19.040393
-0.466479  0.861108  0.202213    -1.509701
-0.666102 -0.492398  0.560226   -16.644238
>../../../../class2/pro2//data/domains/Catalytic_domain/structures/ProRS_PDB_Bact_E_faecalis_2J3M.pdb
 0.397664  0.777055  0.487902    -9.141598
-0.533815  0.628433 -0.565786    30.782769
-0.746261 -0.035457  0.664709     6.392795
