>../../../../class2/gly1//data/domains/Catalytic_domain/structures/GlyRS-A_AF_Arch_Candidatus_Nitrosopumilus_sediminis_gene13697160.pdb
 0.999981  0.000859  0.006128     0.021044
-0.000879  0.999995  0.003197    -0.054812
-0.006125 -0.003203  0.999976     0.068455
>../../../../class2/gly1//data/domains/Catalytic_domain/structures/GlyRS-A_AF_Arch_Candidatus_Woesearchaeota_archaeon_proteinMBT4248212.1.pdb
 0.052709  0.504184 -0.861986    -1.208897
-0.139702 -0.850974 -0.506286     1.855544
-0.988790  0.147107  0.025581     0.634226
>../../../../class2/gly1//data/domains/Catalytic_domain/structures/GlyRS-A_AF_Arch_Sulfolobus_islandicus_YN1551_gene7810979.pdb
-0.219652 -0.441008  0.870209     1.347044
-0.629343 -0.617519 -0.471803    -1.473157
 0.745440 -0.651293 -0.141906     1.523819
>../../../../class2/gly1//data/domains/Catalytic_domain/structures/GlyRS-A_AF_Arch_Thermoplasma_acidophilum_DSM_1728_gene1455843.pdb
 0.963833 -0.234214 -0.127158    -0.057463
 0.254051  0.951618  0.172862    -0.291226
 0.080519 -0.198915  0.976703     0.032973
>../../../../class2/gly1//data/domains/Catalytic_domain/structures/GlyRS-A_AF_Bact_Capnocytophaga_ochracea_DSM_7271_gene29675716.pdb
 0.117464 -0.375641  0.919291    -1.568546
-0.407082 -0.862564 -0.300446     0.173985
 0.905807 -0.338935 -0.254237     0.125893
>../../../../class2/gly1//data/domains/Catalytic_domain/structures/GlyRS-A_AF_Bact_Corynebacterium_ulcerans_809_gene75260805.pdb
-0.021963 -0.610549 -0.791674     0.883958
 0.883066 -0.383111  0.270962     0.544818
-0.468734 -0.693149  0.547570     4.380121
>../../../../class2/gly1//data/domains/Catalytic_domain/structures/GlyRS-A_AF_Bact_Treponema_denticola_ATCC_35405_gene2741635.pdb
-0.592830 -0.790536  0.153643    -1.135059
-0.805321  0.582748 -0.108922     1.536618
-0.003428 -0.188304 -0.982105     3.517947
>../../../../class2/gly1//data/domains/Catalytic_domain/structures/GlyRS-A_PDB_Bact_T_thermophilus_1ati.pdb
-0.882754 -0.239354  0.404297    17.887862
 0.467478 -0.361347  0.806779   -25.422044
-0.047014  0.901187  0.430873   -44.059397
>../../../../class2/pro2//data/domains/Catalytic_domain/structures/ProRS-B_AF_Bact_Acinetobacter_baylyi_ADP1_gene45233245.pdb
 0.939171  0.113555  0.324135    -0.622241
-0.111728  0.993441 -0.024306     0.783831
-0.324769 -0.013387  0.945699    -7.645426
>../../../../class2/pro2//data/domains/Catalytic_domain/structures/ProRS-B_AF_Bact_Brachyspira_pilosicoli_95_1000_gene56438966.pdb
 0.488337 -0.792323 -0.365721    -0.440481
 0.752944  0.170704  0.635559     0.340605
-0.441137 -0.585734  0.679936    -6.054367
>../../../../class2/pro2//data/domains/Catalytic_domain/structures/ProRS-B_AF_Bact_Chlamydia_psittaci_6BC_gene12242703.pdb
-0.953112  0.205090 -0.222521     0.201500
 0.131711  0.943160  0.305126    -3.518734
 0.272451  0.261511 -0.925950    -7.518693
>../../../../class2/pro2//data/domains/Catalytic_domain/structures/ProRS-B_AF_Bact_Clostridium_acetobutylicum_DSM_1731_gene44999665.pdb
 0.969725 -0.078145  0.231360    -0.163874
 0.039554  0.985169  0.166968    -0.015772
-0.240976 -0.152761  0.958433    -6.897509
>../../../../class2/pro2//data/domains/Catalytic_domain/structures/ProRS-B_AF_Bact_Corynebacterium_ulcerans_809_gene75260584.pdb
-0.835935  0.456868  0.304114     0.113561
 0.456433  0.271017  0.847478    -1.017652
 0.304765  0.847244 -0.435082    -7.527397
>../../../../class2/pro2//data/domains/Catalytic_domain/structures/ProRS-B_AF_Bact_Prochlorococcus_marinus_subsp_marinus_str_CCMP1375_gene54199876.pdb
 0.956777  0.036814  0.288483    -0.914197
-0.031611  0.999243 -0.022676     0.104265
-0.289099  0.012577  0.957217    -8.129795
>../../../../class2/pro2//data/domains/Catalytic_domain/structures/ProRS-B_AF_Bact_Streptobacillus_moniliformis_DSM_12112_gene29673723.pdb
 0.694051  0.696210  0.183262    -0.397632
-0.499145  0.648792 -0.574390     0.701906
-0.518795  0.307181  0.797804    -5.828711
>../../../../class2/pro2//data/domains/Catalytic_domain/structures/ProRS-B_AF_Euk_Candida_albicans_SC5314_gene3640100.pdb
 0.957111  0.285343  0.050184    -0.938309
-0.257120  0.916396 -0.306769    -2.070968
-0.133523  0.280709  0.950460    -3.928136
>../../../../class2/pro2//data/domains/Catalytic_domain/structures/ProRS-B_PDB_Bact_S_aureus_5znj.pdb
 0.774459  0.053533  0.630356   -15.227015
-0.431262  0.773681  0.464146    -8.276901
-0.462847 -0.631310  0.622270   -19.048751
>../../../../class2/pro2//data/domains/Catalytic_domain/structures/ProRS_PDB_Bact_E_faecalis_2J3M.pdb
 0.542008  0.634723  0.550776   -15.745365
-0.545046  0.764362 -0.344494    28.593905
-0.639650 -0.113480  0.760243     1.154715
