>../../../../class2/gly2//data/domains/Catalytic_domain/structures/GlyRS-Bα_AF_Bact_Brachyspira_pilosicoli_95_1000_gene56440230.pdb
-0.578732  0.298618  0.758878     1.125760
-0.789849  0.026387 -0.612734   -21.811219
-0.202998 -0.954008  0.220592     2.762450
>../../../../class2/gly2//data/domains/Catalytic_domain/structures/GlyRS-Bα_AF_Bact_Chlamydia_pneumoniae_TW-183_gene45051002.pdb
 0.954013 -0.005805 -0.299710     1.472786
 0.096681  0.952342  0.289304    -0.029155
 0.283748 -0.304976  0.909108     0.977354
>../../../../class2/gly2//data/domains/Catalytic_domain/structures/GlyRS-Bα_AF_Bact_Lacticaseibacillus_paracasei_gene61269714.pdb
 0.701731 -0.475736 -0.530329     1.694712
-0.555703  0.100328 -0.825305   -22.187699
 0.445834  0.873848 -0.193965     4.493705
>../../../../class2/gly2//data/domains/Catalytic_domain/structures/GlyRS-Bα_AF_Bact_Prochlorococcus_marinus_subsp_marinus_str_CCMP1375_gene54200602.pdb
 0.856584  0.107991 -0.504582     1.420279
-0.396721 -0.487472 -0.777807   -22.421302
-0.329965  0.866435 -0.374719     4.736983
>../../../../class2/gly2//data/domains/Catalytic_domain/structures/GlyRS-Bα_AF_Bact_Salmonella_enterica_subsp_enterica_serovar_Typhimurium_str_LT2_gene1255180.pdb
 0.925648  0.162792 -0.341577     1.123422
 0.206786 -0.973630  0.096351   -20.828215
-0.316885 -0.159821 -0.934902     5.515528
>../../../../class2/gly2//data/domains/Catalytic_domain/structures/GlyRS-Bα_AF_Bact_Streptobacillus_moniliformis_DSM_12112_gene29673275.pdb
 0.844611  0.052219 -0.532827     1.314352
-0.513932 -0.199789 -0.834241   -21.983893
-0.150016  0.978446 -0.141907     4.511478
>../../../../class2/gly2//data/domains/Catalytic_domain/structures/GlyRS-Bα_AF_Euk_Ostreococcus_tauri_gene9837276.pdb
 0.527026 -0.327572 -0.784182     1.919811
 0.839651  0.058183  0.540001    -1.824815
-0.131263 -0.943033  0.305710     0.425147
>../../../../class2/gly2//data/domains/Catalytic_domain/structures/GlyRS-Bα_AF_Euk_Vulpes_lagopus_gene121489478.pdb
 0.524580 -0.752542 -0.398117     0.058039
 0.776960  0.231988  0.585247   -25.595674
-0.348064 -0.616330  0.706391     4.472569
>../../../../class2/gly2//data/domains/Catalytic_domain/structures/GlyRS-Bα_AF_Mito_Nymphaea_colorata_gene116265348.pdb
 1.000000 -0.000000  0.000000     0.000000
 0.000000  1.000000  0.000000     0.000000
-0.000000  0.000000  1.000000     0.000000
>../../../../class2/gly2//data/domains/Catalytic_domain/structures/GlyRS-Bα_PDB_Bact_A_aeolicus_5f5w.pdb
-0.178951 -0.367078 -0.912815    -4.885234
 0.073984  0.920143 -0.384529   -29.705608
 0.981072 -0.136346 -0.137502    53.410724
>../../../../class2/gly2//data/domains/Catalytic_domain/structures/GlyRS-Bα_PDB_Bact_C_jejuni_3ufg.pdb
 0.795757  0.523267 -0.304897   -33.566135
 0.315789  0.071075  0.946164   -31.588248
 0.516767 -0.849200 -0.108684    15.667351
>../../../../class2/gly2//data/domains/Catalytic_domain/structures/GlyRS-Bα_PDB_Bact_T_maritima_1j5w.pdb
 0.971301 -0.005311  0.237793   -39.730512
 0.166748 -0.697722 -0.696691    17.559045
 0.169614  0.716349 -0.676813   -38.441183
>../../../../class2/gly3//data/domains/Catalytic_domain/structures/GlyRS-E_AF_Arch_Methanosalsum_zhilinae_DSM_4017_gene10821854.pdb
-0.946468 -0.247107 -0.207691     4.352176
 0.307157 -0.887283 -0.344069   -20.824685
-0.099259 -0.389444  0.915686    13.525427
>../../../../class2/gly3//data/domains/Catalytic_domain/structures/GlyRS-E_AF_Euk_Cryptococcus_neoformans_var_neoformans_JEC21_gene3258293.pdb
-0.041517  0.865782 -0.498696     5.185048
 0.318730  0.484525  0.814646   -20.064953
 0.946936 -0.125128 -0.296066    13.383738
>../../../../class2/gly3//data/domains/Catalytic_domain/structures/GlyRS-E_AF_Euk_Girardinichthys_multiradiatus_gene124858359.pdb
-0.963254 -0.133967 -0.232797     5.515634
 0.232403 -0.850222 -0.472347   -18.999149
-0.134650 -0.509092  0.850114    12.751106
>../../../../class2/gly3//data/domains/Catalytic_domain/structures/GlyRS-E_AF_Euk_Plasmodium_yoelii_gene3801472.pdb
-0.795177 -0.596632 -0.108282     3.516024
 0.598251 -0.801047  0.020453   -20.353420
-0.098942 -0.048516  0.993910    14.806182
>../../../../class2/gly3//data/domains/Catalytic_domain/structures/GlyRS-E_AF_Euk_Schizosaccharomyces_pombe_gene2543181.pdb
-0.991230  0.105411 -0.079699     4.604372
-0.030603 -0.769808 -0.637542   -18.999533
-0.128557 -0.629512  0.766282    11.892356
>../../../../class2/gly3//data/domains/Catalytic_domain/structures/GlyRS-E_AF_Mito_Fusarium_poae_gene68345711.pdb
-0.994069  0.068700 -0.084298     4.694675
-0.004227 -0.799005 -0.601309   -18.938483
-0.108665 -0.597387  0.794557    12.185165
>../../../../class2/gly3//data/domains/Catalytic_domain/structures/GlyRS-E_PDB_Euk_H_sapiens_2q5h.pdb
 0.019509  0.486527  0.873448   112.883757
-0.563949  0.726730 -0.392206   -28.931640
-0.825579 -0.484928  0.288554   120.823841
