>structures/LysRS-I_AF_Arch_Candidatus_Bathyarchaeota_archaeon_proteinRJS75864.1.pdb
 0.532656 -0.842274 -0.082784    46.116810
-0.741928 -0.417644 -0.524515    37.665434
 0.407211  0.340806 -0.847367    72.910449
>structures/LysRS-I_AF_Arch_Candidatus_Nitrosopumilus_koreensis_AR1_gene13726042.pdb
-0.183494  0.906998 -0.379057    44.459690
 0.552341  0.414107  0.723488    33.790135
 0.813172 -0.076613 -0.576959    75.155958
>structures/LysRS-I_AF_Arch_Ferroplasma_acidarmanus_Fer1_gene16025146.pdb
 0.442685 -0.876386 -0.189676    45.564313
-0.804555 -0.294826 -0.515528    36.291877
 0.395880  0.380822 -0.835616    71.845995
>structures/LysRS-I_AF_Arch_Halorubrum_lacusprofundi_ATCC_49239_gene7400505.pdb
 0.273215 -0.774598  0.570396    47.376218
 0.683581  0.573528  0.451423    41.628987
-0.676809  0.266576  0.686197    70.124857
>structures/LysRS-I_AF_Bact_Cereibacter_sphaeroides_KD131_gene67447319.pdb
-0.557548 -0.781729 -0.279357    40.705267
 0.536244 -0.596037  0.597648    30.367428
-0.633705  0.183414  0.751517    72.253756
>structures/LysRS-I_AF_Bact_Cyanobacteria_bacterium_J007_proteinRMH73500.1.pdb
 0.771768 -0.551741  0.316159    47.983884
-0.483026 -0.832005 -0.272862    38.651222
 0.413595  0.057873 -0.908620    71.597260
>structures/LysRS-I_AF_Bact_Streptomyces_albidoflavus_gene15147364.pdb
-0.194731  0.932159 -0.305221    47.175716
 0.365025  0.357698  0.859540    38.218354
 0.910404  0.055966 -0.409917    68.723724
>structures/LysRS-I_AF_Bact_Treponema_denticola_ATCC_35405_gene2739918.pdb
 0.006208  0.913527 -0.406731    43.052396
 0.336530  0.381106  0.861108    37.575648
 0.941652 -0.142223 -0.305063    71.218088
>structures/LysRS-I_PDB_Arch_P_hori_1IRX.pdb
 1.000000  0.000000  0.000000     0.000000
 0.000000  1.000000  0.000000     0.000000
 0.000000  0.000000  1.000000     0.000000
