>../../../../class1/gln//data/domains/Catalytic_domain/structures/GlnRS_AF_Bact_Anaerostipes_hadrus_gene15230984.pdb
 0.452785  0.850152  0.268752    40.200526
 0.749659 -0.199808 -0.630942    15.974068
-0.482698  0.487153 -0.727794    13.732480
>../../../../class1/gln//data/domains/Catalytic_domain/structures/GlnRS_AF_Bact_Cutibacterium_avidum_44067_gene29843447.pdb
 0.695236  0.379607  0.610366    39.609798
 0.667696 -0.026662 -0.743956    15.869958
-0.266138  0.924764 -0.271998    14.327881
>../../../../class1/gln//data/domains/Catalytic_domain/structures/GlnRS_AF_Bact_Pasteurella_multocida_subsp_multocida_str_Pm70_gene1243875.pdb
 0.841936  0.456670  0.287394    38.426908
 0.366284 -0.092615 -0.925883    16.206480
-0.396206  0.884802 -0.245247    13.134816
>../../../../class1/gln//data/domains/Catalytic_domain/structures/GlnRS_AF_Bact_Porphyromonas_gingivalis_ATCC_33277_gene29257033.pdb
 0.241586  0.968323 -0.063139    40.182810
 0.796481 -0.235039 -0.557113    16.884284
-0.554306  0.084301 -0.828033    14.591142
>../../../../class1/gln//data/domains/Catalytic_domain/structures/GlnRS_AF_Bact_Thermus_thermophilus_HB8_gene3168786.pdb
 0.132715  0.294654  0.946344    41.395352
-0.953588 -0.222414  0.202981    17.202205
 0.270290 -0.929361  0.251461    15.446148
>../../../../class1/gln//data/domains/Catalytic_domain/structures/GlnRS_AF_Euk_Arabidopsis_thaliana_gene832718.pdb
-0.781806  0.592318 -0.194780    37.890271
-0.374682 -0.196591  0.906071    16.001524
 0.498390  0.781353  0.375627     7.781591
>../../../../class1/gln//data/domains/Catalytic_domain/structures/GlnRS_AF_Euk_Candida_dubliniensis_CD36_gene8049124.pdb
 0.413394  0.838538  0.354909    39.188534
 0.612548  0.032287 -0.789774    19.360132
-0.673714  0.543886 -0.500297    16.504295
>../../../../class1/gln//data/domains/Catalytic_domain/structures/GlnRS_AF_Euk_Encephalitozoon_romaleae_SJ-2008_gene20564565.pdb
-0.140962  0.763312  0.630464    39.330932
-0.712674 -0.520267  0.470552    19.157785
 0.687187 -0.382985  0.617330    15.094133
>../../../../class1/gln//data/domains/Catalytic_domain/structures/GlnRS_AF_Euk_Myodes_glareolus_gene125393344.pdb
 0.025472 -0.963336 -0.267086    38.478970
 0.742333  0.197170 -0.640364    18.718107
 0.669547 -0.181955  0.720139     7.599023
>../../../../class1/gln//data/domains/Catalytic_domain/structures/GlnRS_AF_Mito_Cyanidioschyzon_merolae_strain_10D_gene16997184.pdb
 0.119288  0.542954  0.831247    38.949759
-0.927103 -0.238707  0.288962    18.639525
 0.355318 -0.805121  0.474900    18.501886
>../../../../class1/gln//data/domains/Catalytic_domain/structures/GlnRS_Bact_D_radio_2HZ7.pdb
-0.594058  0.147721 -0.790743   105.306509
-0.161639  0.941025  0.297229   -42.747714
 0.788016  0.304386 -0.535145    17.226119
>../../../../class1/gln//data/domains/Catalytic_domain/structures/GlnRS_Bact_E_coli_1QTQ.pdb
 1.000000  0.000000  0.000000     0.000000
 0.000000  1.000000  0.000000     0.000000
 0.000000  0.000000  1.000000     0.000000
>../../../../class1/gln//data/domains/Catalytic_domain/structures/GlnRS_PDB_Euk_T_gondii_4P2B.pdb
 0.111990  0.696213 -0.709046    31.561280
-0.517016  0.650175  0.556747    -1.649189
 0.848618  0.304238  0.432766  -101.652428
>../../../../class1/glu2//data/domains/Catalytic_domain/structures/GlxRS_AF_Arch_Candidatus_Korarchaeum_cryptofilum_OPF8_gene6094352.pdb
-0.285584 -0.945630 -0.155647    40.437209
-0.665863  0.078983  0.741882    18.219088
-0.689252  0.315509 -0.652216    14.058040
>../../../../class1/glu2//data/domains/Catalytic_domain/structures/GlxRS_AF_Arch_Methanothrix_soehngenii_GP6_gene10459943.pdb
 0.018261  0.929340  0.368773    38.863479
-0.599604 -0.284970  0.747842    20.567482
 0.800089 -0.234774  0.552032    15.556092
>../../../../class1/glu2//data/domains/Catalytic_domain/structures/GlxRS_AF_Arch_Nitrosopumilus_maritimus_SCM1_gene5773999.pdb
 0.810214  0.264906  0.522856    41.064612
 0.472896  0.231597 -0.850136    19.936508
-0.346298  0.936049  0.062370    16.374926
>../../../../class1/glu2//data/domains/Catalytic_domain/structures/GlxRS_AF_Arch_Sulfolobus_islandicus_LAL14_1_gene15298417.pdb
-0.304049  0.562182 -0.769094    35.590757
 0.881140 -0.140935 -0.451363    21.224916
-0.362140 -0.814917 -0.452510    12.613546
>../../../../class1/glu2//data/domains/Catalytic_domain/structures/GlxRS_AF_Euk_Cyathus_striatus_proteinKAF9013924.1.pdb
 0.406928  0.376479  0.832270    43.870893
-0.800456 -0.291996  0.523458    12.685949
 0.440090 -0.879205  0.182534    18.714189
>../../../../class1/glu2//data/domains/Catalytic_domain/structures/GlxRS_AF_Euk_Lichtheimia_hyalospora_proteinKAI7879902.1.pdb
 0.340143 -0.687824  0.641249    33.459018
-0.905080 -0.054389  0.421750    16.361897
-0.255213 -0.723837 -0.641035    17.765272
>../../../../class1/glu2//data/domains/Catalytic_domain/structures/GlxRS_AF_Euk_Medicago_truncatula_gene11407510.pdb
 0.450387 -0.052874  0.891267    42.377367
-0.889765 -0.109278  0.443145    11.570104
 0.073965 -0.992604 -0.096263    12.080668
>../../../../class1/glu2//data/domains/Catalytic_domain/structures/GlxRS_AF_Euk_Xylariaceae_sp_FL0804_proteinKAI0483267.1.pdb
-0.366850 -0.192720 -0.910099    31.281005
 0.918104  0.082761 -0.387602    19.551219
 0.150019 -0.977758  0.146576    20.397731
>../../../../class1/glu2//data/domains/Catalytic_domain/structures/GlxRS_PDB_Arch_M_thermau_3AII.pdb
-0.967490  0.249983 -0.038362    30.682203
 0.252613  0.947836 -0.194404    -4.948553
-0.012236 -0.197775 -0.980171    83.775952
