>../../../../class1/gln//data/domains/Catalytic_domain/structures/GlnRS_AF_Bact_Anaerostipes_hadrus_gene15230984.pdb
-0.814320  0.456474  0.358489     0.902307
 0.454508  0.117375  0.882975     5.171497
 0.360977  0.881961 -0.303052    -1.939548
>../../../../class1/gln//data/domains/Catalytic_domain/structures/GlnRS_AF_Bact_Cutibacterium_avidum_44067_gene29843447.pdb
-0.630353  0.395792  0.667835     1.156413
 0.431974 -0.535954  0.725363     4.374502
 0.645022  0.745722  0.166868    -2.222062
>../../../../class1/gln//data/domains/Catalytic_domain/structures/GlnRS_AF_Bact_Pasteurella_multocida_subsp_multocida_str_Pm70_gene1243875.pdb
-0.377061  0.452217  0.808285     0.298993
 0.688166 -0.447293  0.571276     4.592782
 0.619881  0.771640 -0.142544    -3.701287
>../../../../class1/gln//data/domains/Catalytic_domain/structures/GlnRS_AF_Bact_Porphyromonas_gingivalis_ATCC_33277_gene29257033.pdb
-0.903455  0.366959  0.221606     0.340055
 0.393744  0.505931  0.767463     4.163007
 0.169511  0.780625 -0.601574    -1.370176
>../../../../class1/gln//data/domains/Catalytic_domain/structures/GlnRS_AF_Bact_Thermus_thermophilus_HB8_gene3168786.pdb
 0.996305 -0.084636  0.014574     0.533914
 0.077921  0.962197  0.260970     4.097821
-0.036111 -0.258871  0.965237     0.144104
>../../../../class1/gln//data/domains/Catalytic_domain/structures/GlnRS_AF_Euk_Candida_dubliniensis_CD36_gene8049124.pdb
-0.756471  0.263211  0.598725    -1.360180
 0.622755  0.010194  0.782350     1.523508
 0.199820  0.964684 -0.171628    -0.525533
>../../../../class1/gln//data/domains/Catalytic_domain/structures/GlnRS_AF_Euk_Dictyostelium_discoideum_AX4_gene8627167.pdb
 0.918697  0.383917 -0.092750    -4.433346
-0.331256  0.621081 -0.710301     1.572036
-0.215091  0.683276  0.697761     0.514018
>../../../../class1/gln//data/domains/Catalytic_domain/structures/GlnRS_AF_Euk_Encephalitozoon_romaleae_SJ-2008_gene20564565.pdb
 0.886547  0.437731 -0.149751    -1.632890
-0.462540  0.845301 -0.267438     2.793033
 0.009519  0.306363  0.951867    -0.999321
>../../../../class1/gln//data/domains/Catalytic_domain/structures/GlnRS_AF_Euk_Myodes_glareolus_gene125393344.pdb
-0.448755 -0.361530  0.817260    -4.012165
-0.702978 -0.421832 -0.572608     8.540548
 0.551761 -0.831477 -0.064849    -5.532688
>../../../../class1/gln//data/domains/Catalytic_domain/structures/GlnRS_AF_Mito_Cyanidioschyzon_merolae_strain_10D_gene16997184.pdb
 1.000000  0.000000  0.000000     0.000000
 0.000000  1.000000  0.000000     0.000000
 0.000000  0.000000  1.000000     0.000000
>../../../../class1/gln//data/domains/Catalytic_domain/structures/GlnRS_Bact_D_radio_2HZ7.pdb
 0.352993 -0.752180 -0.556436    64.459727
-0.921208 -0.383413 -0.066108    51.092703
-0.163620  0.535929 -0.828256    37.178330
>../../../../class1/gln//data/domains/Catalytic_domain/structures/GlnRS_Bact_E_coli_1QTQ.pdb
 0.119288 -0.927103  0.355318     6.060486
 0.542954 -0.238707 -0.805121    -1.802306
 0.831247  0.288962  0.474900   -46.549518
>../../../../class1/gln//data/domains/Catalytic_domain/structures/GlnRS_PDB_Euk_T_gondii_4P2B.pdb
 0.792022 -0.411589 -0.450883   -24.391133
-0.504357 -0.025002 -0.863133    97.946754
 0.343983  0.911026 -0.227390   -68.588818
>../../../../class1/glu2//data/domains/Catalytic_domain/structures/GlxRS_AF_Arch_Candidatus_Korarchaeum_cryptofilum_OPF8_gene6094352.pdb
 0.338765 -0.075152 -0.937865    -1.007154
 0.558576 -0.786066  0.264751     4.483196
-0.757120 -0.613557 -0.224314    -1.002631
>../../../../class1/glu2//data/domains/Catalytic_domain/structures/GlxRS_AF_Arch_Methanothrix_soehngenii_GP6_gene10459943.pdb
 0.841864  0.291781 -0.454015    -2.847039
-0.491877  0.761009 -0.422993     1.882256
 0.222088  0.579422  0.784186    -0.892941
>../../../../class1/glu2//data/domains/Catalytic_domain/structures/GlxRS_AF_Arch_Nitrosopumilus_maritimus_SCM1_gene5773999.pdb
-0.463205  0.148402  0.873738    -1.726490
 0.605153 -0.667306  0.434157     2.529944
 0.647481  0.729849  0.219294     1.083003
>../../../../class1/glu2//data/domains/Catalytic_domain/structures/GlxRS_AF_Arch_Sulfolobus_islandicus_LAL14_1_gene15298417.pdb
-0.981520 -0.093798  0.166797    -4.889835
-0.085735  0.994803  0.054919     2.370553
-0.171082  0.039604 -0.984461    -4.821700
>../../../../class1/glu2//data/domains/Catalytic_domain/structures/GlxRS_AF_Euk_Cyathus_striatus_proteinKAF9013924.1.pdb
 0.945980  0.010617 -0.324050     6.232041
 0.049007  0.983299  0.175278     3.755602
 0.320499 -0.181690  0.929661     2.596845
>../../../../class1/glu2//data/domains/Catalytic_domain/structures/GlxRS_AF_Euk_Lichtheimia_hyalospora_proteinKAI7879902.1.pdb
 0.789637 -0.292072 -0.539600     1.109108
 0.604962  0.223769  0.764165    -1.870009
-0.102445 -0.929850  0.353388    -5.700520
>../../../../class1/glu2//data/domains/Catalytic_domain/structures/GlxRS_AF_Euk_Medicago_truncatula_gene11407510.pdb
 0.905801 -0.255714 -0.337839     4.686976
 0.395315  0.796990  0.456655     8.664395
 0.152482 -0.547191  0.823001    -2.248789
>../../../../class1/glu2//data/domains/Catalytic_domain/structures/GlxRS_AF_Euk_Xylariaceae_sp_FL0804_proteinKAI0483267.1.pdb
-0.843056 -0.445714  0.300990    -1.129338
-0.536917  0.664966 -0.519174    -5.940304
 0.031255 -0.599299 -0.799915    -5.250911
>../../../../class1/glu2//data/domains/Catalytic_domain/structures/GlxRS_PDB_Arch_M_thermau_3AII.pdb
-0.346107 -0.920072 -0.183516    44.825180
-0.583366  0.057857  0.810146   -50.438219
-0.734775  0.387454 -0.556763    17.510475
