>../../../../class2//his/data/domains/HisRS_IM//structures/HisRS_AF_Arch_Candidatus_Methanomassiliicoccus_intestinalis_Issoire-Mx1_gene16154026.pdb
 1.000000 -0.000000  0.000000     0.000000
 0.000000  1.000000  0.000000     0.000000
-0.000000  0.000000  1.000000     0.000000
>../../../../class2//his/data/domains/HisRS_IM//structures/HisRS_AF_Arch_Candidatus_Nitrosopumilus_koreensis_AR1_gene13725657.pdb
-0.982875 -0.074416  0.168579    -2.677110
-0.106127  0.976474 -0.187713    -4.301980
-0.150644 -0.202389 -0.967649     3.330619
>../../../../class2//his/data/domains/HisRS_IM//structures/HisRS_AF_Arch_Desulfurococcus_amylolyticus_1221n_gene7171287.pdb
-0.662454  0.279247  0.695108    -4.163968
 0.589129 -0.378927  0.713681     3.945567
 0.462689  0.882290  0.086509     7.009774
>../../../../class2//his/data/domains/HisRS_IM//structures/HisRS_AF_Arch_Methanoregula_formicica_SMSP_gene14310605.pdb
 0.886903 -0.390091 -0.247453    -0.714079
 0.461947  0.745500  0.480452     3.886796
-0.002944 -0.540424  0.841387     3.480336
>../../../../class2//his/data/domains/HisRS_IM//structures/HisRS_AF_Bact_Chlamydia_muridarum_str_Nigg_gene1246198.pdb
-0.703736 -0.144314 -0.695650    -9.852415
 0.705769 -0.029643 -0.707822   -34.109073
 0.081527 -0.989088  0.122714    13.333622
>../../../../class2//his/data/domains/HisRS_IM//structures/HisRS_AF_Bact_Lacticaseibacillus_paracasei_gene61269730.pdb
-0.451070  0.826030  0.337950    -7.415002
 0.547242  0.555110 -0.626401   -28.263011
-0.705026 -0.097610 -0.702432     2.496378
>../../../../class2//his/data/domains/HisRS_IM//structures/HisRS_AF_Bact_Paracoccus_denitrificans_PD1222_gene75501415.pdb
-0.338072  0.058821  0.939280    -2.540626
 0.648921 -0.708282  0.277919    -0.711806
 0.681623  0.703475  0.201280     5.032014
>../../../../class2//his/data/domains/HisRS_IM//structures/HisRS_AF_Bact_Prochlorococcus_marinus_subsp_marinus_str_CCMP1375_gene54200127.pdb
 0.342646 -0.228951  0.911140    -0.769473
 0.926549  0.242619 -0.287476   -26.837377
-0.155242  0.942718  0.295266    13.592779
>../../../../class2//his/data/domains/HisRS_IM//structures/HisRS_AF_Bact_Streptobacillus_moniliformis_DSM_12112_gene29674169.pdb
-0.422346  0.882773  0.205756   -10.543934
 0.417575  0.390960 -0.820232   -30.223571
-0.804521 -0.260503 -0.533745     9.233914
>../../../../class2//his/data/domains/HisRS_IM//structures/HisRS_AF_Bact_Streptomyces_albidoflavus_gene15149169.pdb
-0.633100  0.733881  0.246177    -4.859522
 0.432161  0.598957 -0.674157   -29.617703
-0.642200 -0.320421 -0.696354    14.715340
>../../../../class2//his/data/domains/HisRS_IM//structures/HisRS_AF_Bact_Thermus_thermophilus_HB8_gene3168691.pdb
-0.218867  0.808980  0.545572    -3.563348
 0.470838  0.577287 -0.667121   -27.146875
-0.854639  0.110866 -0.507248     7.200439
>../../../../class2//his/data/domains/HisRS_IM//structures/HisRS_AF_Bact_Treponema_denticola_ATCC_35405_gene2741405.pdb
-0.441280 -0.527415  0.726020    -0.511557
-0.721623 -0.272357 -0.636461     0.724374
 0.533415 -0.804770 -0.260409     4.118895
>../../../../class2//his/data/domains/HisRS_IM//structures/HisRS_AF_Euk_Arabidopsis_thaliana_gene823753.pdb
-0.919080  0.054958  0.390219    -0.701764
 0.253617  0.840390  0.478982    -4.918852
-0.301612  0.539189 -0.786324     7.152025
>../../../../class2//his/data/domains/HisRS_IM//structures/HisRS_AF_Euk_Cryptococcus_gattii_WM276_gene10186972.pdb
-0.015932  0.458172 -0.888721    -3.918143
-0.306478 -0.848287 -0.431833    -1.190367
-0.951744  0.265494  0.153935     2.806388
>../../../../class2//his/data/domains/HisRS_IM//structures/HisRS_AF_Euk_Plasmodium_falciparum_3D7_gene812010.pdb
-0.254197  0.318706  0.913132     5.229075
-0.075912  0.934658 -0.347351    -7.508516
-0.964169 -0.157614 -0.213393    24.336369
>../../../../class2//his/data/domains/HisRS_IM//structures/HisRS_AF_Euk_Platysiphonia_delicata_gene33353157.pdb
 0.270010  0.345159 -0.898866   -49.569294
-0.676105  0.732640  0.078234     1.722035
 0.685548  0.586604  0.431184    22.943794
>../../../../class2//his/data/domains/HisRS_IM//structures/HisRS_PDB_Arch_T_acidophilum_1WU7.pdb
-0.221290  0.946876  0.233358   -64.731472
-0.463889  0.108279 -0.879251    66.629404
-0.857810 -0.302822  0.415285    -3.166121
>../../../../class2//his/data/domains/HisRS_IM//structures/HisRS_PDB_Bact_B_thailandensis_4e51.pdb
 0.445948 -0.172514  0.878276   -93.337961
 0.457050  0.887566 -0.057730     3.156053
-0.769569  0.427161  0.474655    -0.094247
>../../../../class2//his/data/domains/HisRS_IM//structures/HisRS_PDB_Bact_E_coli_1HTT.pdb
-0.519975  0.076748  0.850727   -40.342036
 0.694540 -0.541773  0.473388     9.346411
 0.497232  0.837014  0.228404   -10.531177
