>../../../../class2//his/data/domains/HisRS_IM//structures/HisRS_AF_Arch_Candidatus_Methanomassiliicoccus_intestinalis_Issoire-Mx1_gene16154026.pdb
 1.000000  0.000000  0.000000     0.000000
 0.000000  1.000000  0.000000     0.000000
 0.000000  0.000000  1.000000     0.000000
>../../../../class2//his/data/domains/HisRS_IM//structures/HisRS_AF_Arch_Candidatus_Nitrosopumilus_koreensis_AR1_gene13725657.pdb
-0.986975 -0.115808  0.111660    -3.589431
-0.135558  0.972452 -0.189635    -3.716455
-0.086623 -0.202301 -0.975485     1.540816
>../../../../class2//his/data/domains/HisRS_IM//structures/HisRS_AF_Arch_Desulfurococcus_amylolyticus_1221n_gene7171287.pdb
-0.613630  0.382053  0.691010    -5.970831
 0.518111 -0.465568  0.717501     5.854444
 0.595835  0.798300  0.087741     6.005562
>../../../../class2//his/data/domains/HisRS_IM//structures/HisRS_AF_Arch_Methanoregula_formicica_SMSP_gene14310605.pdb
 0.903939 -0.354978 -0.238506     0.102172
 0.427405  0.769177  0.475071     2.983434
 0.014813 -0.531373  0.847008     3.703767
>../../../../class2//his/data/domains/HisRS_IM//structures/HisRS_AF_Bact_Chlamydia_muridarum_str_Nigg_gene1246198.pdb
-0.800597 -0.598613  0.026569    -3.167433
-0.486241  0.623117 -0.612614    -0.063930
 0.350163 -0.503376 -0.789936     1.405498
>../../../../class2//his/data/domains/HisRS_IM//structures/HisRS_AF_Bact_Lacticaseibacillus_paracasei_gene61269730.pdb
-0.911172  0.231590  0.340781    -6.015951
 0.388913  0.756539  0.525733     3.460715
-0.136060  0.611567 -0.779406     0.482755
>../../../../class2//his/data/domains/HisRS_IM//structures/HisRS_AF_Bact_Paracoccus_denitrificans_PD1222_gene75501415.pdb
-0.283620  0.072101  0.956222    -3.255547
 0.667626 -0.700955  0.250875    -1.416662
 0.688357  0.709552  0.150668     3.622976
>../../../../class2//his/data/domains/HisRS_IM//structures/HisRS_AF_Bact_Prochlorococcus_marinus_subsp_marinus_str_CCMP1375_gene54200127.pdb
-0.252173  0.237662  0.938043    -1.971246
 0.476066 -0.813480  0.334083     4.936786
 0.842478  0.530818  0.091995     7.008915
>../../../../class2//his/data/domains/HisRS_IM//structures/HisRS_AF_Bact_Streptobacillus_moniliformis_DSM_12112_gene29674169.pdb
-0.915433  0.268750  0.299592    -7.876625
 0.380759  0.819490  0.428321     1.433938
-0.130402  0.506172 -0.852517     0.967038
>../../../../class2//his/data/domains/HisRS_IM//structures/HisRS_AF_Bact_Streptomyces_albidoflavus_gene15149169.pdb
-0.995194 -0.014613  0.096826    -2.896199
 0.037259  0.857919  0.512433     1.458977
-0.090557  0.513578 -0.853251     3.335782
>../../../../class2//his/data/domains/HisRS_IM//structures/HisRS_AF_Bact_Thermus_thermophilus_HB8_gene3168691.pdb
-0.782515  0.417614  0.461810    -5.492409
 0.613002  0.646676  0.453915     1.945388
-0.109080  0.638286 -0.762032    -0.275012
>../../../../class2//his/data/domains/HisRS_IM//structures/HisRS_AF_Bact_Treponema_denticola_ATCC_35405_gene2741405.pdb
-0.420981 -0.544823  0.725219    -1.020443
-0.732215 -0.267788 -0.626219     1.128417
 0.535383 -0.794643 -0.286194     3.346730
>../../../../class2//his/data/domains/HisRS_IM//structures/HisRS_AF_Euk_Arabidopsis_thaliana_gene823753.pdb
-0.982007  0.063812  0.177737    -3.484615
 0.153914  0.815787  0.557496    -1.273009
-0.109420  0.574821 -0.810930     2.566991
>../../../../class2//his/data/domains/HisRS_IM//structures/HisRS_AF_Euk_Cryptococcus_gattii_WM276_gene10186972.pdb
-0.031815  0.489059 -0.871670    -4.412155
-0.299422 -0.836722 -0.458522    -0.368307
-0.953590  0.246410  0.173056     1.962912
>../../../../class2//his/data/domains/HisRS_IM//structures/HisRS_AF_Euk_Plasmodium_falciparum_3D7_gene812010.pdb
-0.629659  0.316928  0.709286     7.263893
 0.137419  0.944043 -0.299832   -11.311123
-0.764621 -0.091323 -0.637977     8.623540
>../../../../class2//his/data/domains/HisRS_IM//structures/HisRS_AF_Euk_Platysiphonia_delicata_gene33353157.pdb
-0.914472  0.274023  0.297747    -8.766342
 0.391443  0.785510  0.479318     3.290274
-0.102539  0.554874 -0.825591    -0.024082
>../../../../class2//his/data/domains/HisRS_IM//structures/HisRS_AF_Mito_Fusarium_fujikuroi_IMI_58289_gene35396474.pdb
-0.881235 -0.457317  0.119524    -6.935532
-0.471624  0.833814 -0.286923    -5.057873
 0.031553 -0.309217 -0.950468     0.192897
>../../../../class2//his/data/domains/HisRS_IM//structures/HisRS_AF_Mito_Rattus_rattus_gene116884285.pdb
 0.985801 -0.069153  0.153014    -6.500595
 0.032693  0.972867  0.229045    -1.318490
-0.164702 -0.220791  0.961314     3.556204
>../../../../class2//his/data/domains/HisRS_IM//structures/HisRS_PDB_Arch_T_acidophilum_1WU7.pdb
-0.368066  0.924332  0.100687   -50.966709
-0.419907 -0.068628 -0.904969    70.775048
-0.829582 -0.375367  0.413393    -3.216338
>../../../../class2//his/data/domains/HisRS_IM//structures/HisRS_PDB_Bact_B_thailandensis_4e51.pdb
 0.360784  0.621483 -0.695409    26.401522
-0.612773  0.720063  0.325605   -11.055387
 0.703097  0.308655  0.640615   -29.458867
>../../../../class2//his/data/domains/HisRS_IM//structures/HisRS_PDB_Bact_E_coli_1HTT.pdb
 0.118890 -0.987918  0.099417    12.076028
-0.990191 -0.125371 -0.061681    -9.842820
 0.073400 -0.091109 -0.993132    30.422328
