>../../../../class2//his/data/domains/HisRS_IM//structures/HisRS_AF_Arch_Candidatus_Methanomassiliicoccus_intestinalis_Issoire-Mx1_gene16154026.pdb
-0.714067  0.401943 -0.573193    15.360605
 0.691786  0.530757 -0.489622    26.817915
 0.107426 -0.746150 -0.657054   -14.577790
>../../../../class2//his/data/domains/HisRS_IM//structures/HisRS_AF_Arch_Candidatus_Nitrosopumilus_koreensis_AR1_gene13725657.pdb
 0.602560  0.712935  0.358671    16.992496
-0.735452  0.670552 -0.097319    12.217160
-0.309890 -0.205145  0.928377    -1.179352
>../../../../class2//his/data/domains/HisRS_IM//structures/HisRS_AF_Arch_Desulfurococcus_amylolyticus_1221n_gene7171287.pdb
 0.381401 -0.910874 -0.157616    20.106169
-0.471934 -0.338474  0.814072    24.488903
-0.794866 -0.236103 -0.558966   -23.057407
>../../../../class2//his/data/domains/HisRS_IM//structures/HisRS_AF_Arch_Methanoregula_formicica_SMSP_gene14310605.pdb
-0.235792  0.944727 -0.227802    23.574020
 0.694698 -0.000058 -0.719302    23.239296
-0.679557 -0.327859 -0.656286   -38.076516
>../../../../class2//his/data/domains/HisRS_IM//structures/HisRS_AF_Bact_Chlamydia_muridarum_str_Nigg_gene1246198.pdb
 0.734673  0.678317 -0.011894     0.633529
-0.209873  0.210568 -0.954785    -2.501407
-0.645143  0.703951  0.297059     0.996305
>../../../../class2//his/data/domains/HisRS_IM//structures/HisRS_AF_Bact_Lacticaseibacillus_paracasei_gene61269730.pdb
 0.946910 -0.233791 -0.220687     4.358681
 0.246687  0.968553  0.032407     0.583519
 0.206171 -0.085127  0.974806     3.630605
>../../../../class2//his/data/domains/HisRS_IM//structures/HisRS_AF_Bact_Paracoccus_denitrificans_PD1222_gene75501415.pdb
 0.373817 -0.512640  0.772956    43.104016
 0.909916  0.041180 -0.412743   -18.779774
 0.179758  0.857615  0.481854   -31.629789
>../../../../class2//his/data/domains/HisRS_IM//structures/HisRS_AF_Bact_Prochlorococcus_marinus_subsp_marinus_str_CCMP1375_gene54200127.pdb
 0.298412 -0.349111 -0.888297    -0.574531
 0.820875 -0.380958  0.425483     6.905064
-0.486945 -0.856150  0.172894    -1.354266
>../../../../class2//his/data/domains/HisRS_IM//structures/HisRS_AF_Bact_Streptobacillus_moniliformis_DSM_12112_gene29674169.pdb
 0.951597 -0.244038 -0.186841     5.529668
 0.220367  0.965502 -0.138721    -1.678868
 0.214248  0.090833  0.972547     1.748531
>../../../../class2//his/data/domains/HisRS_IM//structures/HisRS_AF_Bact_Streptomyces_albidoflavus_gene15149169.pdb
 1.000000  0.000000  0.000000     0.000000
 0.000000  1.000000  0.000000     0.000000
 0.000000  0.000000  1.000000     0.000000
>../../../../class2//his/data/domains/HisRS_IM//structures/HisRS_AF_Bact_Thermus_thermophilus_HB8_gene3168691.pdb
 0.827456 -0.433326 -0.357134     3.526762
 0.471503  0.881570  0.022794    -0.712250
 0.304961 -0.187251  0.933775     3.488809
>../../../../class2//his/data/domains/HisRS_IM//structures/HisRS_AF_Bact_Treponema_denticola_ATCC_35405_gene2741405.pdb
-0.426835  0.748677 -0.507243    18.363410
-0.887355 -0.454902  0.075270    20.525361
-0.174393  0.482232  0.858510    -4.565807
>../../../../class2//his/data/domains/HisRS_IM//structures/HisRS_AF_Euk_Arabidopsis_thaliana_gene823753.pdb
 0.830898 -0.126363  0.541887    15.495022
-0.460129  0.391563  0.796844    20.201287
-0.312875 -0.911433  0.267206    -8.220018
>../../../../class2//his/data/domains/HisRS_IM//structures/HisRS_AF_Euk_Cryptococcus_gattii_WM276_gene10186972.pdb
 0.460106 -0.826521  0.324292    16.695921
 0.142000 -0.292045 -0.945804    19.621226
 0.876435  0.481220 -0.017006   -12.209713
>../../../../class2//his/data/domains/HisRS_IM//structures/HisRS_AF_Euk_Plasmodium_falciparum_3D7_gene812010.pdb
 0.904110  0.411998 -0.113327     6.999857
-0.348344  0.864254  0.362936    18.344586
 0.247472 -0.288657  0.924897    -0.654252
>../../../../class2//his/data/domains/HisRS_IM//structures/HisRS_AF_Euk_Platysiphonia_delicata_gene33353157.pdb
 0.963025 -0.166813 -0.211558     6.394508
 0.168395  0.985662 -0.010650     1.749385
 0.210301 -0.025369  0.977308     3.630338
>../../../../class2//his/data/domains/HisRS_IM//structures/HisRS_PDB_Arch_T_acidophilum_1WU7.pdb
 0.452911 -0.659869 -0.599537    79.656794
 0.195960  0.729696 -0.655091    33.657827
 0.869753  0.179213  0.459795   -70.871838
>../../../../class2//his/data/domains/HisRS_IM//structures/HisRS_PDB_Bact_B_thailandensis_4e51.pdb
-0.521184 -0.542377  0.658935   -25.780355
-0.055648  0.792042  0.607925   -27.980293
-0.851628  0.280172 -0.442982    25.252824
>../../../../class2//his/data/domains/HisRS_IM//structures/HisRS_PDB_Bact_E_coli_1HTT.pdb
 0.964399  0.072449 -0.254335    37.831244
 0.129771 -0.967634  0.216436    45.439746
-0.230423 -0.241736 -0.942586    -5.418465
