>../../../../class2/phe5//data/domains/Catalytic_domain/structures/Phe_Euk_3CMQ.H_sapiens.pdb
 1.000000  0.000000  0.000000     0.000000
 0.000000  1.000000  0.000000     0.000000
 0.000000  0.000000  1.000000     0.000000
>../../../../class2/phe5//data/domains/Catalytic_domain/structures/Phe_Euk_3TEG.H_sapiens.pdb
 0.999971  0.004718 -0.005962    -0.007519
-0.004697  0.999983  0.003545    -0.092230
 0.005978 -0.003516  0.999976    -0.033161
>../../../../class2/phe5//data/domains/Catalytic_domain/structures/Phenylalanyl.E.Evosea.NC_007088.5.pdb
 0.698088  0.545916  0.463301    -0.092640
 0.554296 -0.002445 -0.832316    25.171322
-0.453242  0.837836 -0.304306    12.057580
>../../../../class2/sep//data/domains/Catalytic_domain/structures/Sep_Arch_2DU4_A_fulgidus.pdb
-0.498757  0.731985 -0.464154   -52.038204
-0.505443 -0.680664 -0.530305    85.283446
-0.704108 -0.029890  0.709463    53.518673
>../../../../class2/sep//data/domains/Catalytic_domain/structures/Sep_Arch_2DU6_A_fulgidus.pdb
-0.508658  0.726464 -0.462078   -50.977117
-0.502426 -0.686295 -0.525897    85.320388
-0.699167 -0.035342  0.714084    53.582904
>../../../../class2/sep//data/domains/Catalytic_domain/structures/Sep_Arch_2ODR_M_maripadulis.pdb
 0.719307  0.597042  0.355159   -77.777291
 0.520444 -0.124500 -0.844771    27.222763
-0.460146  0.792490 -0.400281    53.450099
