>structures/Phe_Euk_3L4G.C_H_sapiens.pdb
 0.232439  0.556331  0.797790   -47.779076
-0.514120 -0.626013  0.586335   116.680805
 0.825623 -0.546447  0.140511    36.483543
>structures/Phenylalanyl.A.Candidatus_Thermoplasmatota.NC_021592.1.pdb
 1.000000  0.000000  0.000000     0.000000
 0.000000  1.000000  0.000000     0.000000
 0.000000  0.000000  1.000000     0.000000
>structures/Phenylalanyl.A.Euryarchaeota.NC_013741.1.pdb
 0.495251 -0.686261 -0.532703    -5.324279
 0.528458 -0.248713  0.811711    15.640226
-0.689535 -0.683512  0.239485     0.311145
>structures/Phenylalanyl.E.Apicomplexa.NC_011903.2.pdb
-0.961853 -0.207024 -0.178827    -5.804136
-0.218713  0.974602  0.048112     2.750006
 0.164325  0.085388 -0.982704   -12.749358
>structures/Phenylalanyl.E.Basidiomycota.NC_026480.1.pdb
-0.927186  0.359047 -0.106821     1.580605
 0.322766  0.910450  0.258655     6.159690
 0.190125  0.205343 -0.960045   -14.607784
