>structures/GlyRS-E_AF_Euk_Cryptococcus_neoformans_var_neoformans_JEC21_gene3258293.pdb
 0.999753  0.022217 -0.000774    -0.838613
-0.022222  0.999728 -0.007145     0.173939
 0.000615  0.007160  0.999974    -0.481870
>structures/GlyRS-E_AF_Euk_Plasmodium_yoelii_gene3801472.pdb
 0.355970 -0.926062  0.125278   -41.141092
 0.178325  0.198910  0.963657    46.326072
-0.917325 -0.320693  0.235946    -3.391082
>structures/GlyRS-E_AF_Euk_Schizosaccharomyces_pombe_gene2543181.pdb
 0.043008 -0.782091  0.621679     0.705037
-0.847124 -0.358430 -0.392311     1.437392
 0.529651 -0.509767 -0.677943     1.654415
