>../../../../class1/cys//data/domains/Catalytic_domain/structures/CysRS_AF_Arch_Aciduliprofundum_boonei_T469_gene8827372.pdb
 0.986452 -0.163172  0.016979     7.329902
 0.143800  0.909845  0.389235     3.408256
-0.078960 -0.381520  0.920982     0.596394
>../../../../class1/cys//data/domains/Catalytic_domain/structures/CysRS_AF_Arch_Candidatus_Nitrosopumilus_sediminis_gene13696907.pdb
 1.000000  0.000000  0.000000     0.000000
 0.000000  1.000000  0.000000     0.000000
 0.000000  0.000000  1.000000     0.000000
>../../../../class1/cys//data/domains/Catalytic_domain/structures/CysRS_AF_Arch_Methanospirillum_hungatei_JF-1_gene3922979.pdb
-0.107667  0.723653 -0.681714     5.452927
-0.541776 -0.617647 -0.570080     4.785630
-0.833599  0.307957  0.458558    -4.675965
>../../../../class1/cys//data/domains/Catalytic_domain/structures/CysRS_AF_Arch_Pyrobaculum_ferrireducens_gene11593896.pdb
-0.120905  0.414843 -0.901824     1.121099
-0.171161 -0.903594 -0.392710     3.451133
-0.977796  0.106877  0.180254    -0.402851
>../../../../class1/cys//data/domains/Catalytic_domain/structures/CysRS_AF_Bact_Bordetella_avium_197N_gene41394405.pdb
 0.217911  0.911656 -0.348423     1.718615
-0.479148 -0.211084 -0.851975     2.892125
-0.850254  0.352601  0.390820    -1.490619
>../../../../class1/cys//data/domains/Catalytic_domain/structures/CysRS_AF_Bact_Lactobacillus_amylovorus_GRL1118_gene66523130.pdb
-0.056457  0.732605 -0.678308     2.651296
-0.470983 -0.618590 -0.628905     4.200006
-0.880334  0.283965  0.379968    -1.027613
>../../../../class1/cys//data/domains/Catalytic_domain/structures/CysRS_AF_Bact_Mycobacterium_canettii_CIPT_140010059_gene45427568.pdb
-0.956741  0.287928 -0.041751     3.306453
 0.219154  0.807603  0.547493     2.818005
 0.191357  0.514660 -0.835768    -1.092662
>../../../../class1/cys//data/domains/Catalytic_domain/structures/CysRS_AF_Bact_Mycoplasma_hyopneumoniae_168-L_gene57101512.pdb
-0.115589  0.598924 -0.792420     2.928380
-0.263128 -0.787730 -0.556997     2.882152
-0.957811  0.144125  0.248647    -3.139152
>../../../../class1/cys//data/domains/Catalytic_domain/structures/CysRS_AF_Bact_Porphyromonas_gingivalis_ATCC_33277_gene29256960.pdb
 0.975161  0.168801  0.143416     6.365623
-0.178865  0.982020  0.060361     0.094552
-0.130649 -0.084514  0.987820    -0.055904
>../../../../class1/cys//data/domains/Catalytic_domain/structures/CysRS_AF_Bact_Prochlorococcus_marinus_subsp_marinus_str_CCMP1375_gene54200571.pdb
-0.069220 -0.078428 -0.994514     4.128904
 0.363920 -0.930191  0.048026     3.264141
-0.928854 -0.358599  0.092930    -2.200667
>../../../../class1/cys//data/domains/Catalytic_domain/structures/CysRS_AF_Bact_Streptobacillus_moniliformis_DSM_12112_gene29673427.pdb
 0.855303 -0.513828 -0.066624     7.866909
 0.444013  0.660598  0.605361     6.221608
-0.267039 -0.547349  0.793158     0.319906
>../../../../class1/cys//data/domains/Catalytic_domain/structures/CysRS_AF_Bact_Treponema_pallidum_subsp_pertenue_str_SamoaD_gene57878631.pdb
 0.995982  0.076437  0.046663     7.628725
-0.082180  0.987148  0.137060     1.730002
-0.035586 -0.140344  0.989463    -1.600582
>../../../../class1/cys//data/domains/Catalytic_domain/structures/CysRS_AF_Euk_Arabidopsis_thaliana_gene833874.pdb
-0.104085  0.704900 -0.701628     0.817512
-0.236590 -0.702758 -0.670937     2.632122
-0.966018  0.096164  0.239919     1.814512
>../../../../class1/cys//data/domains/Catalytic_domain/structures/CysRS_AF_Euk_Cyanidioschyzon_merolae_strain_10D_gene16993418.pdb
 0.093212 -0.173904 -0.980341    -4.155676
 0.510270 -0.837143  0.197019     3.018365
-0.854948 -0.518603  0.010707     5.381036
>../../../../class1/cys//data/domains/Catalytic_domain/structures/CysRS_AF_Euk_Drosophila_melanogaster_gene36784.pdb
 0.279137 -0.613816 -0.738453     0.807872
 0.642833 -0.451828  0.618561    -1.625904
-0.713336 -0.647365  0.268459     2.400296
>../../../../class1/cys//data/domains/Catalytic_domain/structures/CysRS_AF_Euk_Micromonas_commoda_gene8246535.pdb
-0.876459 -0.232647 -0.421540     0.180943
-0.194741  0.971995 -0.131539     1.992573
 0.440336 -0.033197 -0.897219     1.881752
>../../../../class1/cys//data/domains/Catalytic_domain/structures/CysRS_AF_Mito_Morone_saxatilis_gene118339815.pdb
 0.888879  0.396780  0.229041     1.248497
-0.402851  0.915008 -0.021706     5.782616
-0.218187 -0.072976  0.973175    -1.714776
>../../../../class1/cys//data/domains/Catalytic_domain/structures/CysRS_AF_Mito_Saccharomyces_cerevisiae_S288C_gene855474.pdb
 0.884599 -0.143105  0.443853     1.483619
-0.080567  0.890548  0.447697    -0.578587
-0.459340 -0.431793  0.776249     1.981963
>../../../../class1/cys//data/domains/Catalytic_domain/structures/CysRS_AF_Vir_Megavirus_chiliensis_gene11257271.pdb
-0.655186 -0.755376 -0.011770     0.610695
-0.627715  0.552995 -0.547878    -2.196572
 0.420363 -0.351574 -0.836475    -1.141005
>../../../../class1/cys//data/domains/Catalytic_domain/structures/CysRS_PDB_Bact_E_coli_1LI5.pdb
-0.412375 -0.188316 -0.891338   103.327831
-0.905939 -0.018370  0.423011    55.578844
-0.096033  0.981937 -0.163027   -73.924164
>../../../../class1/cys//data/domains/Catalytic_domain/structures/CysRS_PDB_Bact_M_smegmatis_3C8Z.pdb
-0.321924  0.499511  0.804272    39.813591
-0.212151 -0.865952  0.452902    32.250523
 0.922690 -0.024827  0.384742   -22.043522
>../../../../class1/ile//data/domains/Catalytic_domain/structures/IleRS_AF_Arch_Candidatus_Korarchaeum_cryptofilum_OPF8_gene6094904.pdb
-0.400129  0.562324  0.723663     8.100325
 0.833931 -0.104072  0.541968     1.946459
 0.380074  0.820342 -0.427297    -0.600624
>../../../../class1/ile//data/domains/Catalytic_domain/structures/IleRS_AF_Arch_Candidatus_Nitrosopumilus_sediminis_gene13697091.pdb
 0.819748 -0.563426  0.102784     9.324386
 0.386844  0.677044  0.626070     0.753042
-0.422333 -0.473458  0.772963     4.188064
>../../../../class1/ile//data/domains/Catalytic_domain/structures/IleRS_AF_Arch_Pyrobaculum_aerophilum_str_IM2_gene1465853.pdb
 0.762991  0.618220 -0.188810     3.906525
-0.646334  0.725180 -0.237416     0.441400
-0.009855  0.303181  0.952882    -1.511675
>../../../../class1/ile//data/domains/Catalytic_domain/structures/IleRS_AF_Arch_Thermoplasma_acidophilum_DSM_1728_gene1456418.pdb
-0.851660  0.314665 -0.419120     8.205363
 0.267374  0.948670  0.168930     2.661811
 0.450763  0.031810 -0.892077     0.532243
>../../../../class1/ile//data/domains/Catalytic_domain/structures/IleRS_AF_Bact_Chlamydia_muridarum_str_Nigg_gene1246458.pdb
 0.003248 -0.685201  0.728347     9.345264
-0.401316 -0.668018 -0.626656     3.869037
 0.915934 -0.290262 -0.277152     1.283806
>../../../../class1/ile//data/domains/Catalytic_domain/structures/IleRS_AF_Bact_Lactobacillus_acidophilus_La-14_gene56942445.pdb
 0.447422  0.797141 -0.405437     4.942181
-0.873724  0.292878 -0.388367     3.456741
-0.190840  0.528004  0.827521    -0.636343
>../../../../class1/ile//data/domains/Catalytic_domain/structures/IleRS_AF_Bact_Mycoplasma_hyopneumoniae_168-L_gene57100872.pdb
 0.389811  0.774777 -0.497763     6.453268
-0.904668  0.221161 -0.364229     2.891514
-0.172111  0.592291  0.787127    -2.985496
>../../../../class1/ile//data/domains/Catalytic_domain/structures/IleRS_AF_Bact_Orientia_tsutsugamushi_str_Ikeda_gene66653313.pdb
-0.070974 -0.306975 -0.949067     8.795741
 0.327887 -0.905773  0.268451     1.794570
-0.942047 -0.292134  0.164939    -0.506238
>../../../../class1/ile//data/domains/Catalytic_domain/structures/IleRS_AF_Bact_Porphyromonas_gingivalis_ATCC_33277_gene29255747.pdb
-0.068463 -0.270957 -0.960154    10.383789
 0.207226 -0.945284  0.251985     1.235338
-0.975895 -0.181717  0.120866    -2.734085
>../../../../class1/ile//data/domains/Catalytic_domain/structures/IleRS_AF_Bact_Streptobacillus_moniliformis_DSM_12112_gene29674186.pdb
 0.371605  0.849428 -0.374676     5.310575
-0.876060  0.187253 -0.444360    -2.909078
-0.307293  0.493365  0.813734    -2.350152
>../../../../class1/ile//data/domains/Catalytic_domain/structures/IleRS_AF_Bact_Thermus_thermophilus_HB8_gene3168241.pdb
 0.060895 -0.505729  0.860540    10.088945
-0.215804 -0.848420 -0.483335     4.957167
 0.974536 -0.156276 -0.160803    -0.593713
>../../../../class1/ile//data/domains/Catalytic_domain/structures/IleRS_AF_Bact_Treponema_pallidum_subsp_pertenue_str_SamoaD_gene57878975.pdb
 0.179069  0.420761  0.889322     8.046172
 0.639112 -0.736979  0.219996     3.714700
 0.747977  0.528982 -0.400884    -0.188570
>../../../../class1/ile//data/domains/Catalytic_domain/structures/IleRS_AF_Euk_Cyanidioschyzon_merolae_strain_10D_gene16992835.pdb
-0.539514 -0.837555  0.086179     6.436549
-0.522664  0.252904 -0.814163     3.476481
 0.660111 -0.484295 -0.574205    -0.847440
>../../../../class1/ile//data/domains/Catalytic_domain/structures/IleRS_AF_Euk_Ostreococcus_lucimarinus_CCE9901_gene5000489.pdb
 0.000957  0.712224  0.701951     5.641280
 0.808059 -0.414071  0.419029     3.891130
 0.589101  0.566817 -0.575915     0.788937
>../../../../class1/ile//data/domains/Catalytic_domain/structures/IleRS_AF_Euk_Trypanosoma_brucei_brucei_TREU927_gene3663037.pdb
-0.197453  0.808382  0.554554     5.988036
 0.898958 -0.076321  0.431334     3.087072
 0.391007  0.583689 -0.711632     0.127078
>../../../../class1/ile//data/domains/Catalytic_domain/structures/IleRS_AF_Euk_Ustilago_maydis_521_gene23568123.pdb
 0.003194  0.616123 -0.787643     7.816988
-0.876289 -0.377747 -0.299040     3.642912
-0.481776  0.691158  0.538696    -3.462848
>../../../../class1/ile//data/domains/Catalytic_domain/structures/IleRS_AF_Mito_Drosophila_melanogaster_gene39762.pdb
 0.355599 -0.566970 -0.743031     9.108576
 0.491167 -0.563006  0.664664     1.653271
-0.795176 -0.601306  0.078273    -4.077246
>../../../../class1/ile//data/domains/Catalytic_domain/structures/IleRS_AF_Mito_Homo_sapiens_gene55699.pdb
 0.389458  0.803346 -0.450507     5.952236
-0.909691  0.258941 -0.324672     3.182988
-0.144169  0.536268  0.831644    -2.205124
>../../../../class1/ile//data/domains/Catalytic_domain/structures/IleRS_AF_Vir_Megavirus_chiliensis_gene11256744.pdb
-0.168756 -0.022705 -0.985396    10.331796
 0.096892 -0.995275  0.006340     1.352196
-0.980884 -0.094408  0.170158    -0.780912
>../../../../class1/ile//data/domains/Catalytic_domain/structures/IleRS_PDB_Bact_S_aureus_1QU2.pdb
 0.483519  0.163072 -0.860010    51.768096
-0.727744  0.620850 -0.291433   -10.872049
 0.486412  0.766781  0.418868  -112.400120
>../../../../class1/ile//data/domains/Catalytic_domain/structures/IleRS_PDB_Bact_T_therm_1ILE.pdb
 0.273803 -0.055872  0.960161    44.812758
-0.168870 -0.985595 -0.009197    -1.605525
 0.946845 -0.159624 -0.279294    14.612375
>../../../../class1/ile//data/domains/Catalytic_domain/structures/IleRS_PDB_Euk_S_cere_7D5C.pdb
 0.148725 -0.916745 -0.370755    27.698353
-0.837330 -0.316205  0.445974    -9.808338
-0.526079  0.244117 -0.814646    30.033859
