>../../../../class1/cys//data/domains/Catalytic_domain/structures/CysRS_AF_Arch_Aciduliprofundum_boonei_T469_gene8827372.pdb
 0.986351 -0.163778  0.016964     7.324783
 0.144340  0.909635  0.389526     3.407730
-0.079227 -0.381761  0.920859     0.599147
>../../../../class1/cys//data/domains/Catalytic_domain/structures/CysRS_AF_Arch_Candidatus_Nitrosopumilus_sediminis_gene13696907.pdb
 1.000000  0.000000  0.000000     0.000000
 0.000000  1.000000  0.000000     0.000000
 0.000000  0.000000  1.000000     0.000000
>../../../../class1/cys//data/domains/Catalytic_domain/structures/CysRS_AF_Arch_Methanospirillum_hungatei_JF-1_gene3922979.pdb
-0.107552  0.723511 -0.681883     5.456380
-0.542394 -0.617502 -0.569649     4.787987
-0.833211  0.308582  0.458842    -4.688301
>../../../../class1/cys//data/domains/Catalytic_domain/structures/CysRS_AF_Arch_Pyrobaculum_ferrireducens_gene11593896.pdb
-0.121806  0.415848 -0.901240     1.123442
-0.171497 -0.903162 -0.393556     3.437709
-0.977626  0.106623  0.181328    -0.390611
>../../../../class1/cys//data/domains/Catalytic_domain/structures/CysRS_AF_Bact_Bordetella_avium_197N_gene41394405.pdb
 0.218108  0.911770 -0.348000     1.723097
-0.479384 -0.210507 -0.851985     2.887474
-0.850071  0.352650  0.391175    -1.500187
>../../../../class1/cys//data/domains/Catalytic_domain/structures/CysRS_AF_Bact_Lactobacillus_amylovorus_GRL1118_gene66523130.pdb
-0.056253  0.732611 -0.678319     2.651443
-0.471596 -0.618325 -0.628706     4.204902
-0.880019  0.284526  0.380279    -1.038233
>../../../../class1/cys//data/domains/Catalytic_domain/structures/CysRS_AF_Bact_Mycobacterium_canettii_CIPT_140010059_gene45427568.pdb
-0.956749  0.287929 -0.041562     3.301562
 0.219391  0.807949  0.546887     2.826885
 0.191045  0.514116 -0.836174    -1.095746
>../../../../class1/cys//data/domains/Catalytic_domain/structures/CysRS_AF_Bact_Mycoplasma_hyopneumoniae_168-L_gene57101512.pdb
-0.116048  0.598134 -0.792949     2.941653
-0.262774 -0.788386 -0.556235     2.878473
-0.957853  0.143816  0.248665    -3.140452
>../../../../class1/cys//data/domains/Catalytic_domain/structures/CysRS_AF_Bact_Porphyromonas_gingivalis_ATCC_33277_gene29256960.pdb
 0.974869  0.170202  0.143742     6.354407
-0.180384  0.981705  0.060961     0.089431
-0.130736 -0.085358  0.987736    -0.065430
>../../../../class1/cys//data/domains/Catalytic_domain/structures/CysRS_AF_Bact_Prochlorococcus_marinus_subsp_marinus_str_CCMP1375_gene54200571.pdb
-0.068995 -0.078424 -0.994530     4.130278
 0.363212 -0.930460  0.048174     3.271642
-0.929148 -0.357901  0.092681    -2.211335
>../../../../class1/cys//data/domains/Catalytic_domain/structures/CysRS_AF_Bact_Streptobacillus_moniliformis_DSM_12112_gene29673427.pdb
 0.854676 -0.514755 -0.067503     7.874487
 0.444942  0.659278  0.606118     6.241905
-0.267499 -0.548069  0.792505     0.300281
>../../../../class1/cys//data/domains/Catalytic_domain/structures/CysRS_AF_Bact_Treponema_pallidum_subsp_pertenue_str_SamoaD_gene57878631.pdb
 0.995964  0.076727  0.046573     7.633007
-0.082478  0.987033  0.137708     1.735597
-0.035403 -0.140993  0.989377    -1.609669
>../../../../class1/cys//data/domains/Catalytic_domain/structures/CysRS_AF_Euk_Arabidopsis_thaliana_gene833874.pdb
-0.103984  0.704668 -0.701876     0.821302
-0.237350 -0.702894 -0.670526     2.645146
-0.965843  0.096867  0.240343     1.802120
>../../../../class1/cys//data/domains/Catalytic_domain/structures/CysRS_AF_Euk_Cyanidioschyzon_merolae_strain_10D_gene16993418.pdb
 0.093741 -0.174228 -0.980233    -4.178823
 0.510263 -0.837017  0.197570     3.020838
-0.854894 -0.518698  0.010439     5.371471
>../../../../class1/cys//data/domains/Catalytic_domain/structures/CysRS_AF_Euk_Drosophila_melanogaster_gene36784.pdb
 0.279346 -0.613795 -0.738391     0.809786
 0.642327 -0.452145  0.618854    -1.617114
-0.713710 -0.647163  0.267952     2.393108
>../../../../class1/cys//data/domains/Catalytic_domain/structures/CysRS_AF_Euk_Micromonas_commoda_gene8246535.pdb
-0.876580 -0.232234 -0.421515     0.185750
-0.194139  0.972075 -0.131835     2.003293
 0.440360 -0.033732 -0.897187     1.873439
>../../../../class1/cys//data/domains/Catalytic_domain/structures/CysRS_AF_Mito_Morone_saxatilis_gene118339815.pdb
 0.889707  0.395263  0.228447     1.245615
-0.401497  0.915629 -0.020571     5.765246
-0.217304 -0.073419  0.973339    -1.725102
>../../../../class1/cys//data/domains/Catalytic_domain/structures/CysRS_AF_Mito_Saccharomyces_cerevisiae_S288C_gene855474.pdb
 0.884659 -0.142622  0.443889     1.487014
-0.081434  0.890162  0.448307    -0.558367
-0.459071 -0.432747  0.775876     1.969852
>../../../../class1/cys//data/domains/Catalytic_domain/structures/CysRS_AF_Vir_Megavirus_chiliensis_gene11257271.pdb
-0.655186 -0.755376 -0.011770     0.610695
-0.627715  0.552995 -0.547878    -2.196572
 0.420363 -0.351574 -0.836475    -1.141005
>../../../../class1/cys//data/domains/Catalytic_domain/structures/CysRS_PDB_Bact_E_coli_1LI5.pdb
-0.411335 -0.193177 -0.890778   103.621342
-0.906294 -0.017462  0.422287    55.597393
-0.097130  0.981009 -0.167892   -73.530825
>../../../../class1/cys//data/domains/Catalytic_domain/structures/CysRS_PDB_Bact_M_smegmatis_3C8Z.pdb
-0.320566  0.498002  0.805749    39.855881
-0.211226 -0.866804  0.451702    32.200302
 0.923375 -0.025395  0.383059   -22.113158
>../../../../class1/ile//data/domains/Catalytic_domain/structures/IleRS_AF_Arch_Candidatus_Korarchaeum_cryptofilum_OPF8_gene6094904.pdb
-0.400129  0.562324  0.723663     8.100325
 0.833931 -0.104072  0.541968     1.946459
 0.380074  0.820342 -0.427297    -0.600624
>../../../../class1/ile//data/domains/Catalytic_domain/structures/IleRS_AF_Arch_Candidatus_Nitrosopumilus_sediminis_gene13697091.pdb
 0.820089 -0.563989  0.096802     9.316564
 0.390913  0.675695  0.624998     0.769469
-0.417900 -0.474713  0.774601     4.187143
>../../../../class1/ile//data/domains/Catalytic_domain/structures/IleRS_AF_Arch_Pyrobaculum_aerophilum_str_IM2_gene1465853.pdb
 0.765786  0.615242 -0.187216     3.901836
-0.643034  0.728499 -0.236213     0.490407
-0.008942  0.301275  0.953495    -1.523106
>../../../../class1/ile//data/domains/Catalytic_domain/structures/IleRS_AF_Arch_Thermoplasma_acidophilum_DSM_1728_gene1456418.pdb
-0.850713  0.313736 -0.421732     8.174117
 0.266955  0.949039  0.167513     2.666167
 0.452794  0.029922 -0.891113     0.501372
>../../../../class1/ile//data/domains/Catalytic_domain/structures/IleRS_AF_Bact_Chlamydia_muridarum_str_Nigg_gene1246458.pdb
 0.003949 -0.684765  0.728753     9.346641
-0.402212 -0.668299 -0.625781     3.842526
 0.915538 -0.290642 -0.278060     1.292982
>../../../../class1/ile//data/domains/Catalytic_domain/structures/IleRS_AF_Bact_Lactobacillus_acidophilus_La-14_gene56942445.pdb
 0.447428  0.797876 -0.403983     4.949375
-0.873854  0.293958 -0.387256     3.472726
-0.190228  0.526292  0.828752    -0.651954
>../../../../class1/ile//data/domains/Catalytic_domain/structures/IleRS_AF_Bact_Mycoplasma_hyopneumoniae_168-L_gene57100872.pdb
 0.391204  0.773213 -0.499100     6.400384
-0.904535  0.223084 -0.363386     2.876133
-0.169633  0.593612  0.786670    -2.992708
>../../../../class1/ile//data/domains/Catalytic_domain/structures/IleRS_AF_Bact_Orientia_tsutsugamushi_str_Ikeda_gene66653313.pdb
-0.062063 -0.304851 -0.950376     8.779589
 0.325560 -0.906313  0.269457     1.842074
-0.943482 -0.292681  0.155496    -0.439846
>../../../../class1/ile//data/domains/Catalytic_domain/structures/IleRS_AF_Bact_Porphyromonas_gingivalis_ATCC_33277_gene29255747.pdb
-0.068463 -0.270957 -0.960154    10.383789
 0.207226 -0.945284  0.251985     1.235338
-0.975895 -0.181717  0.120866    -2.734085
>../../../../class1/ile//data/domains/Catalytic_domain/structures/IleRS_AF_Bact_Streptobacillus_moniliformis_DSM_12112_gene29674186.pdb
 0.374752  0.846031 -0.379200     5.330486
-0.875522  0.188387 -0.444941    -2.922619
-0.304997  0.498740  0.811317    -2.361245
>../../../../class1/ile//data/domains/Catalytic_domain/structures/IleRS_AF_Bact_Thermus_thermophilus_HB8_gene3168241.pdb
 0.061498 -0.503242  0.861954    10.072314
-0.215085 -0.849981 -0.480906     4.995434
 0.974657 -0.155819 -0.160512    -0.602087
>../../../../class1/ile//data/domains/Catalytic_domain/structures/IleRS_AF_Bact_Treponema_pallidum_subsp_pertenue_str_SamoaD_gene57878975.pdb
 0.177515  0.421713  0.889183     8.014199
 0.639809 -0.735976  0.221321     3.731061
 0.747752  0.529620 -0.400463    -0.187194
>../../../../class1/ile//data/domains/Catalytic_domain/structures/IleRS_AF_Euk_Cyanidioschyzon_merolae_strain_10D_gene16992835.pdb
-0.528003 -0.845415  0.080535     6.458210
-0.521374  0.247839 -0.816545     3.542304
 0.670359 -0.473127 -0.571637    -0.962729
>../../../../class1/ile//data/domains/Catalytic_domain/structures/IleRS_AF_Euk_Ostreococcus_lucimarinus_CCE9901_gene5000489.pdb
-0.002344  0.710798  0.703393     5.625920
 0.808127 -0.412957  0.419997     3.915223
 0.589004  0.569415 -0.573446     0.845442
>../../../../class1/ile//data/domains/Catalytic_domain/structures/IleRS_AF_Euk_Trypanosoma_brucei_brucei_TREU927_gene3663037.pdb
-0.201181  0.809704  0.551276     5.970685
 0.898130 -0.072173  0.433767     3.094484
 0.391010  0.582383 -0.712700     0.120424
>../../../../class1/ile//data/domains/Catalytic_domain/structures/IleRS_AF_Euk_Ustilago_maydis_521_gene23568123.pdb
 0.005251  0.618093 -0.786088     7.772393
-0.876219 -0.375970 -0.301474     3.646741
-0.481884  0.690368  0.539610    -3.479840
>../../../../class1/ile//data/domains/Catalytic_domain/structures/IleRS_AF_Mito_Drosophila_melanogaster_gene39762.pdb
 0.347346 -0.578132 -0.738319     9.112915
 0.488366 -0.560615  0.668737     1.601911
-0.800531 -0.592853  0.087613    -4.201111
>../../../../class1/ile//data/domains/Catalytic_domain/structures/IleRS_AF_Mito_Homo_sapiens_gene55699.pdb
 0.396879  0.792593 -0.462908     5.722294
-0.907149  0.261847 -0.329418     3.112647
-0.139883  0.550665  0.822922    -2.258980
>../../../../class1/ile//data/domains/Catalytic_domain/structures/IleRS_AF_Vir_Megavirus_chiliensis_gene11256744.pdb
-0.167467 -0.017665 -0.985719    10.311197
 0.095431 -0.995435  0.001626     1.429123
-0.981248 -0.093795  0.168388    -0.734497
>../../../../class1/ile//data/domains/Catalytic_domain/structures/IleRS_PDB_Bact_S_aureus_1QU2.pdb
 0.483704  0.163583 -0.859809    51.702760
-0.727682  0.621023 -0.291221   -10.911864
 0.486322  0.766532  0.419428  -112.440237
>../../../../class1/ile//data/domains/Catalytic_domain/structures/IleRS_PDB_Bact_T_therm_1ILE.pdb
 0.279943 -0.058825  0.958213    44.912960
-0.168477 -0.985641 -0.011288    -1.654833
 0.945118 -0.158277 -0.285834    14.328541
>../../../../class1/ile//data/domains/Catalytic_domain/structures/IleRS_PDB_Euk_S_cere_7D5C.pdb
 0.148756 -0.916259 -0.371944    27.761074
-0.837248 -0.316844  0.445674    -9.789805
-0.526201  0.245112 -0.814268    29.981213
