>../../../../class1/cys//data/domains/Catalytic_domain/structures/CysRS_AF_Arch_Aciduliprofundum_boonei_T469_gene8827372.pdb
 0.073094  0.545156  0.835142    -1.399390
 0.571954 -0.708908  0.412696     1.460661
 0.817023  0.447497 -0.363621     1.200129
>../../../../class1/cys//data/domains/Catalytic_domain/structures/CysRS_AF_Arch_Candidatus_Nitrosopumilus_sediminis_gene13696907.pdb
-0.008800  0.833362  0.552658    -4.553299
 0.690433 -0.394728  0.606211    -2.581435
 0.723343  0.386907 -0.571907    -5.104343
>../../../../class1/cys//data/domains/Catalytic_domain/structures/CysRS_AF_Arch_Methanospirillum_hungatei_JF-1_gene3922979.pdb
-0.911615 -0.350345 -0.214980    -3.226625
-0.365325  0.930292  0.033086    -3.551644
 0.188402  0.108700 -0.976058     3.368179
>../../../../class1/cys//data/domains/Catalytic_domain/structures/CysRS_AF_Arch_Pyrobaculum_ferrireducens_gene11593896.pdb
-0.685610 -0.691455 -0.227661    -1.975152
-0.603815  0.714842 -0.352716    -3.405054
 0.406629 -0.104361 -0.907613    -2.638463
>../../../../class1/cys//data/domains/Catalytic_domain/structures/CysRS_AF_Bact_Bordetella_avium_197N_gene41394405.pdb
-0.869621  0.022693 -0.493199    -3.031989
-0.168367  0.925433  0.339450    -3.372675
 0.464126  0.378231 -0.800955    -1.868111
>../../../../class1/cys//data/domains/Catalytic_domain/structures/CysRS_AF_Bact_Lactobacillus_amylovorus_GRL1118_gene66523130.pdb
-0.877124 -0.368391 -0.308126    -1.682843
-0.390532  0.920522  0.011139    -3.042060
 0.279533  0.130103 -0.951280    -1.047669
>../../../../class1/cys//data/domains/Catalytic_domain/structures/CysRS_AF_Bact_Mycobacterium_canettii_CIPT_140010059_gene45427568.pdb
 0.296555  0.954988 -0.007329    -2.917292
-0.625025  0.188277 -0.757559    -2.029798
-0.722080  0.229239  0.652725    -0.919908
>../../../../class1/cys//data/domains/Catalytic_domain/structures/CysRS_AF_Bact_Mycoplasma_hyopneumoniae_168-L_gene57101512.pdb
-0.746901 -0.580470 -0.324335    -3.926125
-0.557425  0.812527 -0.170520    -3.589036
 0.362513  0.053431 -0.930446    -0.088431
>../../../../class1/cys//data/domains/Catalytic_domain/structures/CysRS_AF_Bact_Porphyromonas_gingivalis_ATCC_33277_gene29256960.pdb
-0.227944  0.769075  0.597131    -4.552206
 0.662228 -0.327131  0.674121     1.721450
 0.713790  0.549099 -0.434735    -0.467349
>../../../../class1/cys//data/domains/Catalytic_domain/structures/CysRS_AF_Bact_Prochlorococcus_marinus_subsp_marinus_str_CCMP1375_gene54200571.pdb
-0.211817 -0.972032  0.101428    -3.067579
-0.753477  0.096327 -0.650379    -2.372553
 0.622419 -0.214185 -0.752808     0.407132
>../../../../class1/cys//data/domains/Catalytic_domain/structures/CysRS_AF_Bact_Streptobacillus_moniliformis_DSM_12112_gene29673427.pdb
 0.218770  0.248599  0.943577     0.775682
 0.248881 -0.949234  0.192386     0.550318
 0.943503  0.192750 -0.269536     2.820298
>../../../../class1/cys//data/domains/Catalytic_domain/structures/CysRS_AF_Bact_Treponema_pallidum_subsp_pertenue_str_SamoaD_gene57878631.pdb
-0.096518  0.746983  0.657800    -4.191279
 0.700849 -0.418267  0.577809     0.967559
 0.706750  0.516787 -0.483152     2.017788
>../../../../class1/cys//data/domains/Catalytic_domain/structures/CysRS_AF_Euk_Arabidopsis_thaliana_gene833874.pdb
-0.729474 -0.540715 -0.418921    -1.405652
-0.566337  0.820900 -0.073388    -1.977435
 0.383574  0.183715 -0.905052    -4.590546
>../../../../class1/cys//data/domains/Catalytic_domain/structures/CysRS_AF_Euk_Cyanidioschyzon_merolae_strain_10D_gene16993418.pdb
-0.046884 -0.983181  0.176514     0.900117
-0.651606 -0.103832 -0.751418    -3.468401
 0.757108 -0.150247 -0.635778   -10.129105
>../../../../class1/cys//data/domains/Catalytic_domain/structures/CysRS_AF_Euk_Drosophila_melanogaster_gene36784.pdb
 0.149361 -0.723563  0.673905    -4.814934
-0.490869 -0.645894 -0.584695     0.054877
 0.858335 -0.243468 -0.451647    -6.547151
>../../../../class1/cys//data/domains/Catalytic_domain/structures/CysRS_AF_Euk_Micromonas_commoda_gene8246535.pdb
 0.092775  0.794180 -0.600558    -1.866014
-0.262750 -0.562252 -0.784114    -2.101722
-0.960393  0.230543  0.156508    -5.249916
>../../../../class1/cys//data/domains/Catalytic_domain/structures/CysRS_AF_Mito_Morone_saxatilis_gene118339815.pdb
-0.451719  0.722009  0.524073    -0.786132
 0.645277 -0.141243  0.750778    -5.213745
 0.616090  0.677313 -0.402094    -1.041510
>../../../../class1/cys//data/domains/Catalytic_domain/structures/CysRS_AF_Mito_Saccharomyces_cerevisiae_S288C_gene855474.pdb
-0.321783  0.498810  0.804763    -4.048633
 0.373494 -0.714170  0.591999    -0.188515
 0.870033  0.491070  0.043505    -5.518155
>../../../../class1/cys//data/domains/Catalytic_domain/structures/CysRS_PDB_Bact_E_coli_1LI5.pdb
-0.805080  0.530506  0.265348     0.174295
 0.017991  0.468976 -0.883028     2.149527
-0.592894 -0.706134 -0.387107   133.471238
>../../../../class1/cys//data/domains/Catalytic_domain/structures/CysRS_PDB_Bact_M_smegmatis_3C8Z.pdb
 0.342790 -0.735504  0.584405     9.602512
 0.422668  0.676326  0.603270    -1.467813
-0.838956  0.040214  0.542712    48.919012
>../../../../class1/ile//data/domains/Catalytic_domain/structures/IleRS_AF_Arch_Candidatus_Korarchaeum_cryptofilum_OPF8_gene6094904.pdb
 0.908276  0.366010  0.202662    -3.376834
-0.375833  0.926624  0.010884     1.881220
-0.183808 -0.086053  0.979188     2.100767
>../../../../class1/ile//data/domains/Catalytic_domain/structures/IleRS_AF_Arch_Candidatus_Nitrosopumilus_sediminis_gene13697091.pdb
 0.096661  0.297346  0.949864    -1.634204
 0.144500 -0.948414  0.282188     6.204170
 0.984772  0.109979 -0.134642    -0.258361
>../../../../class1/ile//data/domains/Catalytic_domain/structures/IleRS_AF_Arch_Pyrobaculum_aerophilum_str_IM2_gene1465853.pdb
-0.548624  0.783608  0.291495    -5.860005
 0.756910  0.317434  0.571247    -0.779088
 0.355104  0.534035 -0.767273    -1.149943
>../../../../class1/ile//data/domains/Catalytic_domain/structures/IleRS_AF_Arch_Thermoplasma_acidophilum_DSM_1728_gene1456418.pdb
 0.499216  0.814839 -0.294653    -3.255376
-0.346484 -0.123959 -0.929830     3.294312
-0.794187  0.566278  0.220446     2.252813
>../../../../class1/ile//data/domains/Catalytic_domain/structures/IleRS_AF_Bact_Chlamydia_muridarum_str_Nigg_gene1246458.pdb
 0.222241 -0.750632 -0.622222     0.309993
 0.680283 -0.337785  0.650474     1.696035
-0.698443 -0.567850  0.435573     1.961502
>../../../../class1/ile//data/domains/Catalytic_domain/structures/IleRS_AF_Bact_Lactobacillus_acidophilus_La-14_gene56942445.pdb
-0.861435  0.485954  0.147573    -2.380162
 0.502972  0.776077  0.380424    -0.446660
 0.070341  0.401936 -0.912962     0.526824
>../../../../class1/ile//data/domains/Catalytic_domain/structures/IleRS_AF_Bact_Mycoplasma_hyopneumoniae_168-L_gene57100872.pdb
-0.870090  0.475391  0.130178    -4.189610
 0.491413  0.816229  0.303782    -0.908537
 0.038160  0.328289 -0.943806     2.464747
>../../../../class1/ile//data/domains/Catalytic_domain/structures/IleRS_AF_Bact_Orientia_tsutsugamushi_str_Ikeda_gene66653313.pdb
-0.263536 -0.919215  0.292563    -3.228678
-0.771504  0.018782 -0.635947     2.690926
 0.579077 -0.393308 -0.714128     2.845439
>../../../../class1/ile//data/domains/Catalytic_domain/structures/IleRS_AF_Bact_Porphyromonas_gingivalis_ATCC_33277_gene29255747.pdb
-0.348443 -0.892611  0.286066    -5.662492
-0.745471  0.078893 -0.661853     2.111344
 0.568209 -0.443872 -0.692905     5.077311
>../../../../class1/ile//data/domains/Catalytic_domain/structures/IleRS_AF_Bact_Streptobacillus_moniliformis_DSM_12112_gene29674186.pdb
-0.901218  0.423508  0.091904    -8.324301
 0.421965  0.809229  0.408771     0.800970
 0.098747  0.407172 -0.907998    -0.933683
>../../../../class1/ile//data/domains/Catalytic_domain/structures/IleRS_AF_Bact_Thermus_thermophilus_HB8_gene3168241.pdb
 0.346724 -0.786751 -0.510691    -1.160830
 0.730756 -0.114758  0.672924     2.119983
-0.588029 -0.606510  0.535133     4.489905
>../../../../class1/ile//data/domains/Catalytic_domain/structures/IleRS_AF_Bact_Treponema_pallidum_subsp_pertenue_str_SamoaD_gene57878975.pdb
 0.945467 -0.322795 -0.043535    -1.727748
 0.323060  0.912297  0.251687     1.522923
-0.041527 -0.252026  0.966829     2.591361
>../../../../class1/ile//data/domains/Catalytic_domain/structures/IleRS_AF_Euk_Cyanidioschyzon_merolae_strain_10D_gene16992835.pdb
-0.060981  0.005856 -0.998122    -2.787108
 0.266816 -0.963497 -0.021955     0.964029
-0.961816 -0.267654  0.057193     2.008031
>../../../../class1/ile//data/domains/Catalytic_domain/structures/IleRS_AF_Euk_Ostreococcus_lucimarinus_CCE9901_gene5000489.pdb
 0.999839 -0.017735 -0.002871    -0.406068
 0.017756  0.999814  0.007475    -0.089965
 0.002738 -0.007525  0.999968    -0.209606
>../../../../class1/ile//data/domains/Catalytic_domain/structures/IleRS_AF_Euk_Trypanosoma_brucei_brucei_TREU927_gene3663037.pdb
 0.962459  0.269003 -0.036201    -2.154820
-0.269693  0.932712 -0.239403     0.496165
-0.030635  0.240179  0.970245     0.518445
>../../../../class1/ile//data/domains/Catalytic_domain/structures/IleRS_AF_Euk_Ustilago_maydis_521_gene23568123.pdb
-0.994999  0.092671  0.037278    -3.323947
 0.088635  0.991201 -0.098305    -1.153857
-0.046060 -0.094509 -0.994458     3.491961
>../../../../class1/ile//data/domains/Catalytic_domain/structures/IleRS_AF_Mito_Drosophila_melanogaster_gene39762.pdb
-0.045838 -0.741925  0.668914    -6.337427
-0.442853 -0.585129 -0.679342     1.251456
 0.895422 -0.327371 -0.301743     5.093087
>../../../../class1/ile//data/domains/Catalytic_domain/structures/IleRS_AF_Mito_Prochlorococcus_marinus_subsp_marinus_str_CCMP1375_gene54199628.pdb
-0.007555 -0.788233  0.615330    -4.482363
-0.506632 -0.527507 -0.681954     1.902813
 0.862130 -0.316898 -0.395358     1.362185
>../../../../class1/ile//data/domains/Catalytic_domain/structures/IleRS_PDB_Bact_S_aureus_1QU2.pdb
-0.337215  0.941034  0.027234   -78.926700
 0.921292  0.335815 -0.196086   -33.046699
-0.193669 -0.041032 -0.980209    89.946826
>../../../../class1/ile//data/domains/Catalytic_domain/structures/IleRS_PDB_Bact_T_therm_1ILE.pdb
 0.361820 -0.915997 -0.173308     0.846784
 0.844275  0.243130  0.477584    37.613546
-0.395329 -0.319119  0.861323    18.873673
>../../../../class1/ile//data/domains/Catalytic_domain/structures/IleRS_PDB_Euk_S_cere_7D5C.pdb
-0.991896 -0.091557 -0.088091     4.497093
 0.112995 -0.318672 -0.941106    38.976652
 0.058092 -0.943433  0.326435    -3.497414
