>../../../../class2/phe1//data/domains/Catalytic_domain/structures/PheRS-Bα_AF_Bact_Brachyspira_pilosicoli_95_1000_gene56440383.pdb
 0.855433  0.503850 -0.119875     2.540923
-0.515611  0.806698 -0.288763     0.200436
-0.048791  0.308826  0.949866    -2.428858
>../../../../class2/phe1//data/domains/Catalytic_domain/structures/PheRS-Bα_AF_Bact_Chlamydia_psittaci_6BC_gene12243227.pdb
 0.855234 -0.019450 -0.517876     4.370239
 0.323686  0.800454  0.504480    -1.473308
 0.404724 -0.599078  0.690872     0.231417
>../../../../class2/phe1//data/domains/Catalytic_domain/structures/PheRS-Bα_AF_Bact_Ferrimonas_balearica_DSM_9799_gene67181906.pdb
-0.942484 -0.139986  0.303526     5.992140
 0.213907  0.445170  0.869521     0.322936
-0.256842  0.884436 -0.389621     1.935883
>../../../../class2/phe1//data/domains/Catalytic_domain/structures/PheRS-Bα_AF_Bact_Mycobacterium_intracellulare_ATCC_13950_gene11909689.pdb
-0.642797  0.116226  0.757168     8.892603
-0.138473 -0.989769  0.034374     2.582398
 0.753417 -0.082752  0.652315     8.273419
>../../../../class2/phe1//data/domains/Catalytic_domain/structures/PheRS-Bα_AF_Bact_Mycoplasma_capricolum_subsp_capricolum_ATCC_27343_gene23778662.pdb
-0.842978 -0.240652  0.481118     5.665113
 0.146570  0.757773  0.635843     0.849986
-0.517595  0.606520 -0.603514    -1.495611
>../../../../class2/phe1//data/domains/Catalytic_domain/structures/PheRS-Bα_AF_Bact_Porphyromonas_gingivalis_ATCC_33277_gene29256875.pdb
 1.000000  0.000000  0.000000     0.000000
 0.000000  1.000000  0.000000     0.000000
 0.000000  0.000000  1.000000     0.000000
>../../../../class2/phe1//data/domains/Catalytic_domain/structures/PheRS-Bα_AF_Bact_Prochlorococcus_marinus_subsp_marinus_str_CCMP1375_gene54200681.pdb
-0.433929 -0.114129  0.893689    10.980387
-0.880314  0.264786 -0.393620     0.384540
-0.191713 -0.957530 -0.215368     6.415861
>../../../../class2/phe1//data/domains/Catalytic_domain/structures/PheRS-Bα_AF_Bact_Staphylococcus_argenteus_gene66839332.pdb
-0.514215 -0.375092  0.771291     8.005998
-0.589532  0.807745 -0.000217    -3.840151
-0.622925 -0.454812 -0.636483     0.975595
>../../../../class2/phe1//data/domains/Catalytic_domain/structures/PheRS-Bα_PDB_Bact.A_E_coli_3PCO.pdb
-0.513035  0.648018  0.562910   -43.387339
-0.511442  0.295900 -0.806765    35.286177
-0.689364 -0.701795  0.179617   -27.648921
>../../../../class2/phe1//data/domains/Catalytic_domain/structures/PheRS-Bα_PDB_Bact.A_T_thermophilus_1PYS.pdb
-0.021739 -0.759136 -0.650569    50.719814
-0.909396  0.285365 -0.302599     3.828756
 0.415363  0.585047 -0.696559   -28.727570
>../../../../class2/ser2//data/domains/Catalytic_domain/structures/SerRS-A_AF_Arch_Conexivisphaera_calida_protein1635512986.pdb
 0.042183 -0.130480 -0.990553   -11.749427
 0.970768  0.239823  0.009750    -5.352212
 0.236285 -0.962008  0.136782     1.880421
>../../../../class2/ser2//data/domains/Catalytic_domain/structures/SerRS-A_AF_Arch_Ignisphaera_aggregans_protein304378874.pdb
 0.147906  0.418773 -0.895965   -13.155155
 0.823968 -0.553223 -0.122555    -3.903680
-0.546991 -0.720120 -0.426881     3.091408
>../../../../class2/ser2//data/domains/Catalytic_domain/structures/SerRS-A_AF_Arch_Methanosarcina_barkeri_protein805401349.pdb
 0.791303 -0.337897 -0.509574   -13.747913
 0.182324  0.925906 -0.330840    -5.354291
 0.583608  0.168887  0.794279     0.567926
>../../../../class2/ser2//data/domains/Catalytic_domain/structures/SerRS-A_AF_Arch_Unclassified_Thermoplasmata_protein1635512986.pdb
 0.077658 -0.261298 -0.962129   -13.605412
 0.881466  0.468893 -0.056196    -7.579619
 0.465820 -0.843720  0.266738     1.190077
>../../../../class2/ser2//data/domains/Catalytic_domain/structures/SerRS-A_PDB_Arch_M_barkeri_2cim.pdb
-0.583728 -0.192137  0.788888   -50.879185
-0.634497  0.714189 -0.295545    50.394636
-0.506630 -0.673065 -0.538803    69.174295
>../../../../class2/ser2//data/domains/Catalytic_domain/structures/SerRS-A_PDB_Arch_M_barkeri_2cjb.pdb
-0.599262 -0.229159  0.767053   -48.853182
-0.626656  0.730537 -0.271327    48.461865
-0.498184 -0.643275 -0.581387    72.550703
