>../../../../class1/arg//data/domains/Catalytic_domain/structures/ArgRS_AF_Arch_NC_002689.2.pdb
-0.195404  0.358480  0.912858     0.720780
 0.715936 -0.584005  0.382590     2.858253
 0.670264  0.728307 -0.142532    -0.407267
>../../../../class1/arg//data/domains/Catalytic_domain/structures/ArgRS_AF_Arch_NC_013158.1.pdb
 1.000000  0.000000  0.000000    -0.000000
 0.000000  1.000000  0.000000     0.000000
 0.000000  0.000000  1.000000     0.000000
>../../../../class1/arg//data/domains/Catalytic_domain/structures/ArgRS_AF_Arch_NC_018656.1.pdb
-0.353174  0.469011  0.809504     0.354745
 0.828211 -0.245695  0.503686     2.468612
 0.435126  0.848329 -0.301667     1.680834
>../../../../class1/arg//data/domains/Catalytic_domain/structures/ArgRS_AF_Arch_NC_020247.1.pdb
-0.791329  0.493748  0.360572    -0.004696
 0.565554  0.367104  0.738500     3.749605
 0.232266  0.788319 -0.569741     4.534929
>../../../../class1/arg//data/domains/Catalytic_domain/structures/ArgRS_AF_Bact_NC_002967.9.pdb
 0.328983 -0.578498 -0.746398     1.889350
 0.695480 -0.386249  0.605904     9.137337
-0.638809 -0.718437  0.275265     1.356226
>../../../../class1/arg//data/domains/Catalytic_domain/structures/ArgRS_AF_Bact_NC_005042.1.pdb
 0.100366 -0.125447  0.987011     3.224697
 0.115087 -0.983897 -0.136754     4.473060
 0.988272  0.127317 -0.084312     3.657962
>../../../../class1/arg//data/domains/Catalytic_domain/structures/ArgRS_AF_Bact_NC_008095.1.pdb
-0.819503  0.381664  0.427489     2.383533
 0.559549  0.371788  0.740729     0.922744
 0.123774  0.846230 -0.518241     1.248360
>../../../../class1/arg//data/domains/Catalytic_domain/structures/ArgRS_AF_Bact_NC_010729.1.pdb
 0.675205 -0.646841 -0.354535     4.825352
 0.632493  0.260396  0.729484     6.223585
-0.379541 -0.716792  0.584943     2.620311
>../../../../class1/arg//data/domains/Catalytic_domain/structures/ArgRS_AF_Bact_NC_013515.1.pdb
-0.759475  0.494796  0.422344     1.049857
 0.620186  0.354715  0.699676     1.557924
 0.196386  0.793318 -0.576263     1.008155
>../../../../class1/arg//data/domains/Catalytic_domain/structures/ArgRS_AF_Bact_NC_015687.1.pdb
-0.767907  0.427110  0.477384     0.051412
 0.614436  0.280469  0.737432     1.670947
 0.181073  0.859601 -0.477806     1.865262
>../../../../class1/arg//data/domains/Catalytic_domain/structures/ArgRS_AF_Bact_NC_017317.1.pdb
-0.998811 -0.028298  0.039693     2.612768
-0.013825  0.945262  0.326021     2.434801
-0.046746  0.325084 -0.944529     0.864068
>../../../../class1/arg//data/domains/Catalytic_domain/structures/ArgRS_AF_Bact_NC_021283.1.pdb
-0.756119  0.542075  0.366658    -0.384398
 0.629561  0.449505  0.633718     2.746314
 0.178708  0.710000 -0.681149     3.395290
>../../../../class1/arg//data/domains/Catalytic_domain/structures/ArgRS_AF_Euk_NC_001140.6.pdb
 0.106282 -0.273483  0.955987     4.321243
-0.035414 -0.961864 -0.271227     3.622811
 0.993705 -0.005029 -0.111914     4.944865
>../../../../class1/arg//data/domains/Catalytic_domain/structures/ArgRS_AF_Euk_NC_009356.1.pdb
 0.543265 -0.645316 -0.537057     3.689034
 0.665859 -0.058448  0.743785     5.568884
-0.511366 -0.761676  0.397937     1.080770
>../../../../class1/arg//data/domains/Catalytic_domain/structures/ArgRS_AF_Euk_NC_009411.2.pdb
 0.263244 -0.599473 -0.755867    -0.300217
 0.879908 -0.172054  0.442899     3.946019
-0.395556 -0.781684  0.482188     2.672565
>../../../../class1/arg//data/domains/Catalytic_domain/structures/ArgRS_PDB_Arch_2ZUF.pdb
-0.268695 -0.168443 -0.948383    34.150336
 0.007891  0.984173 -0.177036     9.382011
 0.963193 -0.055052 -0.263113   -10.924016
>../../../../class1/arg//data/domains/Catalytic_domain/structures/ArgRS_PDB_Bact_1IQ0.pdb
 0.890309 -0.336566 -0.306713    15.548796
-0.217328 -0.905970  0.363301    67.403674
-0.400147 -0.256793 -0.879739    23.327438
>../../../../class1/arg//data/domains/Catalytic_domain/structures/ArgRS_PDB_Bact_3FNR.pdb
 0.378746  0.061540  0.923452  -131.916783
-0.443259  0.887967  0.122624   -30.402172
-0.812449 -0.455772  0.363592    22.345804
>../../../../class1/arg//data/domains/Catalytic_domain/structures/ArgRS_PDB_Bact_4oby.pdb
-0.455528 -0.869456  0.191155    66.223618
-0.881346  0.470713  0.040732    -7.473962
-0.125394 -0.149919 -0.980714    33.901869
>../../../../class1/gln//data/domains/Catalytic_domain/structures/Gln_Bact_1QTQ_E_coli.pdb
-0.583246 -0.677849  0.447599    32.165196
 0.205231 -0.656123 -0.726212    22.084552
 0.785942 -0.331699  0.521797   -18.346772
>../../../../class1/gln//data/domains/Catalytic_domain/structures/Gln_Bact_2HZ7_D_radio.pdb
 0.802566 -0.595959  0.026846     7.535266
-0.596553 -0.801478  0.041924    58.230778
-0.003469 -0.049662 -0.998760    88.381301
>../../../../class1/gln//data/domains/Catalytic_domain/structures/Gln_Euk_4P2B_T_gondii.pdb
 0.672508 -0.702429  0.233080   -31.757735
-0.253888 -0.514788 -0.818862   103.637322
 0.695179  0.491514 -0.524537   -45.030058
>../../../../class1/gln//data/domains/Catalytic_domain/structures/Glutaminyl.B.Actinobacteria.NC_021085.1.pdb
-0.999756 -0.006035 -0.021232     5.108800
-0.019233 -0.233819  0.972090     9.115506
-0.010831  0.972261  0.233646    14.573181
>../../../../class1/gln//data/domains/Catalytic_domain/structures/Glutaminyl.B.Bacteroidota.NC_016610.1.pdb
-0.906212 -0.416777  0.071248     3.548400
-0.130268  0.435511  0.890708     8.654629
-0.402256  0.797889 -0.448958    15.124243
>../../../../class1/gln//data/domains/Catalytic_domain/structures/Glutaminyl.B.Deinococcus-Thermus.NC_006461.1.pdb
 0.622251 -0.364295 -0.692887     3.626765
 0.581814  0.807396  0.098002     8.016148
 0.523733 -0.464114  0.714355    16.406249
>../../../../class1/gln//data/domains/Catalytic_domain/structures/Glutaminyl.B.Firmicutes.NC_014624.2.pdb
-0.996386 -0.077757 -0.034194     4.368156
-0.020791 -0.167054  0.985728     9.911582
-0.082359  0.982877  0.164834    15.266315
>../../../../class1/gln//data/domains/Catalytic_domain/structures/Glutaminyl.B.Proteobacteria.NC_012751.1.pdb
 0.171589  0.358244 -0.917725     6.011778
 0.977947  0.050644  0.202618     8.143334
 0.119064 -0.932254 -0.341654    16.453340
>../../../../class1/gln//data/domains/Catalytic_domain/structures/Glutaminyl.E.Apicomplexa.NC_011913.2.pdb
 0.644092 -0.458696 -0.612163     2.538606
 0.460625  0.871482 -0.168354     7.593853
 0.610712 -0.173542  0.772602    10.216126
>../../../../class1/gln//data/domains/Catalytic_domain/structures/Glutaminyl.E.Ascomycota.NC_032095.1.pdb
-0.910882 -0.397946  0.109241     3.961838
 0.118675  0.000928  0.992933     5.929968
-0.395235  0.917408  0.046381    15.287261
>../../../../class1/gln//data/domains/Catalytic_domain/structures/Glutaminyl.E.Bacillariophyta.NC_011698.1.pdb
 0.344180  0.702872 -0.622504     6.358007
 0.757192 -0.599818 -0.258609    10.278270
-0.555158 -0.382347 -0.738654    16.711024
>../../../../class1/gln//data/domains/Catalytic_domain/structures/Glutaminyl.E.Rhodophyta.NC_010145.1.pdb
-0.550677  0.366320  0.750043     1.583320
-0.544305 -0.838827  0.010056     8.093316
 0.632840 -0.402715  0.661313    16.977047
