>../../../../class1/arg//data/domains/Catalytic_domain/structures/ArgRS_AF_Arch_Candidatus_Korarchaeum_cryptofilum_OPF8_gene6093502.pdb
-0.083580 -0.116249  0.989697    -8.167336
 0.009217 -0.993220 -0.115885     2.019669
 0.996458 -0.000563  0.084085     0.203616
>../../../../class1/arg//data/domains/Catalytic_domain/structures/ArgRS_AF_Arch_Candidatus_Nitrosopumilus_sediminis_gene13697696.pdb
 0.051375 -0.617138  0.785176    -5.930615
-0.415763 -0.728059 -0.545042     0.765035
 0.908021 -0.298446 -0.293987    -0.078075
>../../../../class1/arg//data/domains/Catalytic_domain/structures/ArgRS_AF_Arch_Desulfurococcus_mucosus_DSM_2162_gene10153309.pdb
-0.282063 -0.259614  0.923602   -11.787718
-0.037472 -0.958976 -0.281001    -3.362243
 0.958664 -0.113869  0.260763     1.574073
>../../../../class1/arg//data/domains/Catalytic_domain/structures/ArgRS_AF_Arch_Methanothermococcus_okinawensis_IH1_gene10773248.pdb
-0.345560  0.295153  0.890771    -4.785725
 0.206404 -0.902095  0.378976     0.431007
 0.915416  0.314818  0.250807     0.309985
>../../../../class1/arg//data/domains/Catalytic_domain/structures/ArgRS_AF_Bact_Anoxybacillus_flavithermus_WK1_gene7039015.pdb
-0.351997 -0.659453  0.664244    -3.615660
-0.816147 -0.131203 -0.562752     2.555875
 0.458259 -0.740208 -0.492028     0.724939
>../../../../class1/arg//data/domains/Catalytic_domain/structures/ArgRS_AF_Bact_Brachyspira_pilosicoli_95_1000_gene56439668.pdb
-0.224300  0.172007  0.959220    -4.232887
 0.626680 -0.728329  0.277144     0.453961
 0.746299  0.663287  0.055571    -3.413335
>../../../../class1/arg//data/domains/Catalytic_domain/structures/ArgRS_AF_Bact_Chlamydia_psittaci_6BC_gene12242456.pdb
-0.046137 -0.108517  0.993023    -5.708632
 0.227569 -0.969085 -0.095328     2.154055
 0.972668  0.221583  0.069406    -1.255473
>../../../../class1/arg//data/domains/Catalytic_domain/structures/ArgRS_AF_Bact_Corynebacterium_ulcerans_809_gene75260071.pdb
-0.151960  0.153755  0.976354    -4.799426
 0.539940 -0.814490  0.212301     0.116329
 0.827873  0.559434  0.040751    -2.635900
>../../../../class1/arg//data/domains/Catalytic_domain/structures/ArgRS_AF_Bact_Cupriavidus_taiwanensis_LMG_19424_gene29762022.pdb
-0.097301  0.032146  0.994736    -4.836694
 0.242342 -0.968630  0.055008    -0.552727
 0.965299  0.246418  0.086458    -0.796259
>../../../../class1/arg//data/domains/Catalytic_domain/structures/ArgRS_AF_Bact_Mycoplasma_hyopneumoniae_168-L_gene57100855.pdb
-0.016654 -0.042633  0.998952    -7.190161
 0.102523 -0.993897 -0.040708     0.198682
 0.994591  0.101738  0.020923     0.587575
>../../../../class1/arg//data/domains/Catalytic_domain/structures/ArgRS_AF_Bact_Prochlorococcus_marinus_subsp_marinus_str_CCMP1375_gene54199571.pdb
-0.624913 -0.717857  0.306862    -5.427621
-0.737726  0.414386 -0.532959    -3.545304
 0.255429 -0.559433 -0.788537    -0.162142
>../../../../class1/arg//data/domains/Catalytic_domain/structures/ArgRS_AF_Bact_Streptobacillus_moniliformis_DSM_12112_gene29674021.pdb
 0.763178 -0.407494 -0.501505    -4.526968
 0.635231  0.330795  0.697894     0.390498
-0.118493 -0.851189  0.511308    -1.481741
>../../../../class1/arg//data/domains/Catalytic_domain/structures/ArgRS_AF_Euk_Micromonas_commoda_gene8250062.pdb
-0.057632 -0.150921 -0.986865    -4.923197
 0.093948 -0.984941  0.145140     4.148355
-0.993908 -0.084349  0.070942    -0.106293
>../../../../class1/arg//data/domains/Catalytic_domain/structures/ArgRS_AF_Euk_Paulinella_chromatophora_gene6481434.pdb
-0.800597 -0.586567  0.122409    -7.856821
-0.581484  0.711224 -0.395016    -3.162995
 0.144643 -0.387427 -0.910483    -1.463405
>../../../../class1/arg//data/domains/Catalytic_domain/structures/ArgRS_AF_Euk_Polyodon_spathula_gene121324634.pdb
-0.496785  0.648789  0.576435    -6.733307
 0.485398 -0.342884  0.804251     8.767803
 0.719439  0.679340 -0.144582     0.150652
>../../../../class1/arg//data/domains/Catalytic_domain/structures/ArgRS_AF_Euk_Thalassiosira_pseudonana_CCMP1335_gene7449555.pdb
 0.817757 -0.441644 -0.369087    -1.246796
 0.575564  0.626926  0.525061     4.028774
-0.000500 -0.641805  0.766867     3.422932
>../../../../class1/arg//data/domains/Catalytic_domain/structures/ArgRS_AF_Mito_Caenorhabditis_elegans_gene174023.pdb
-0.980071 -0.197343  0.022732    -7.895197
-0.197996  0.961173 -0.192206    -1.787070
 0.016081 -0.192876 -0.981091     3.635493
>../../../../class1/arg//data/domains/Catalytic_domain/structures/ArgRS_AF_Mito_Saccharomyces_cerevisiae_S288C_gene851942.pdb
 0.628657  0.757700 -0.175160    -3.641603
-0.596886  0.325727 -0.733232     1.924722
-0.498515  0.565502  0.657031    -2.290034
>../../../../class1/arg//data/domains/Catalytic_domain/structures/ArgRS_AF_Vir_Megavirus_chiliensis_gene11257368.pdb
 1.000000  0.000000  0.000000     0.000000
 0.000000  1.000000  0.000000     0.000000
 0.000000  0.000000  1.000000     0.000000
>../../../../class1/arg//data/domains/Catalytic_domain/structures/ArgRS_PDB_Arch_2ZUF.pdb
-0.817350  0.549330 -0.173711    17.418808
-0.405771 -0.334820  0.850438   -16.820401
 0.409009  0.765593  0.496567   -22.212689
>../../../../class1/arg//data/domains/Catalytic_domain/structures/ArgRS_PDB_Bact_1IQ0.pdb
 0.452610 -0.410866  0.791412    18.300881
-0.225641  0.805867  0.547416   -53.370180
-0.862688 -0.426341  0.272036    37.588578
>../../../../class1/arg//data/domains/Catalytic_domain/structures/ArgRS_PDB_Bact_3FNR.pdb
 0.459114  0.884943  0.078046   -80.675227
 0.470464 -0.167673 -0.866343    86.900990
-0.753577  0.434468 -0.493315    77.238547
>../../../../class1/gln//data/domains/Catalytic_domain/structures/GlnRS_AF_Bact_Anaerostipes_hadrus_gene15230984.pdb
-0.213175 -0.816861  0.535999   -10.545647
 0.727205 -0.499038 -0.471311   -13.271135
 0.652479  0.289310  0.700408     4.692231
>../../../../class1/gln//data/domains/Catalytic_domain/structures/GlnRS_AF_Bact_Cutibacterium_avidum_44067_gene29843447.pdb
-0.495355 -0.867929  0.036380   -10.434738
 0.522500 -0.331141 -0.785709   -13.207107
 0.693987 -0.370196  0.617525     3.435755
>../../../../class1/gln//data/domains/Catalytic_domain/structures/GlnRS_AF_Bact_Pasteurella_multocida_subsp_multocida_str_Pm70_gene1243875.pdb
-0.408790 -0.861318  0.301698    -8.743750
 0.236601 -0.419300 -0.876474   -12.214776
 0.881425 -0.286912  0.375195     3.495508
>../../../../class1/gln//data/domains/Catalytic_domain/structures/GlnRS_AF_Bact_Porphyromonas_gingivalis_ATCC_33277_gene29257033.pdb
-0.055338 -0.612142  0.788809   -11.214546
 0.822068 -0.476319 -0.311968   -12.401013
 0.566694  0.631191  0.529581     3.702015
>../../../../class1/gln//data/domains/Catalytic_domain/structures/GlnRS_AF_Bact_Thermus_thermophilus_HB8_gene3168786.pdb
 0.058810  0.517031 -0.853944   -12.671065
-0.992789 -0.059215 -0.104224   -12.682942
-0.104454  0.853916  0.509820     3.857770
>../../../../class1/gln//data/domains/Catalytic_domain/structures/GlnRS_AF_Euk_Candida_dubliniensis_CD36_gene8049124.pdb
-0.021998 -0.927592  0.372948   -12.719583
 0.642412 -0.298947 -0.705647   -10.396978
 0.766043  0.224064  0.602472     1.819894
>../../../../class1/gln//data/domains/Catalytic_domain/structures/GlnRS_AF_Euk_Dictyostelium_discoideum_AX4_gene8627167.pdb
 0.112025 -0.498846 -0.859420   -13.742622
-0.841118 -0.508120  0.185296    -7.356826
-0.529123  0.702115 -0.476511     2.491235
>../../../../class1/gln//data/domains/Catalytic_domain/structures/GlnRS_AF_Euk_Encephalitozoon_romaleae_SJ-2008_gene20564565.pdb
-0.137540 -0.058667 -0.988757   -11.766670
-0.807839 -0.570970  0.146252   -10.387988
-0.573131  0.818872  0.031138     2.924245
>../../../../class1/gln//data/domains/Catalytic_domain/structures/GlnRS_AF_Euk_Myodes_glareolus_gene125393344.pdb
-0.726380  0.682427 -0.081642    -5.823017
 0.508356  0.453520 -0.732048    -8.733876
-0.462543 -0.573248 -0.676344     7.932816
>../../../../class1/gln//data/domains/Catalytic_domain/structures/GlnRS_AF_Mito_Cyanidioschyzon_merolae_strain_10D_gene16997184.pdb
-0.008271  0.267146 -0.963621   -13.764233
-0.985209 -0.167120 -0.037874   -11.397256
-0.171158  0.949054  0.264576     0.063512
>../../../../class1/gln//data/domains/Catalytic_domain/structures/GlnRS_Bact_D_radio_2HZ7.pdb
-0.096689 -0.607054  0.788757   -36.961257
-0.187303  0.789409  0.584595   -84.683998
-0.977532 -0.091213 -0.190030    47.597102
>../../../../class1/gln//data/domains/Catalytic_domain/structures/GlnRS_Bact_E_coli_1QTQ.pdb
-0.645539 -0.343226 -0.682257    30.403989
-0.241667  0.939223 -0.243838   -14.978475
 0.724484  0.007472 -0.689252   -15.401467
>../../../../class1/gln//data/domains/Catalytic_domain/structures/GlnRS_PDB_Euk_T_gondii_4P2B.pdb
-0.459662 -0.887950 -0.015985    78.698276
-0.723775  0.364122  0.586144     1.310123
-0.514647  0.280998 -0.810049    79.152174
