>../../../../class1/arg//data/domains/Catalytic_domain/structures/ArgRS_AF_Arch_Candidatus_Korarchaeum_cryptofilum_OPF8_gene6093502.pdb
 0.753810 -0.614937 -0.231566     4.488460
 0.655985  0.683809  0.319513     0.448925
-0.038134 -0.392756  0.918852    -2.798952
>../../../../class1/arg//data/domains/Catalytic_domain/structures/ArgRS_AF_Arch_Candidatus_Nitrosopumilus_sediminis_gene13697696.pdb
 0.364773 -0.572366 -0.734396     3.172245
 0.930878  0.207098  0.300959     1.378810
-0.020167 -0.793415  0.608347    -1.108020
>../../../../class1/arg//data/domains/Catalytic_domain/structures/ArgRS_AF_Arch_Desulfurococcus_mucosus_DSM_2162_gene10153309.pdb
 0.739072 -0.642541 -0.202273     2.728177
 0.629501  0.551897  0.546935     4.300353
-0.239795 -0.531555  0.812371    -8.050235
>../../../../class1/arg//data/domains/Catalytic_domain/structures/ArgRS_AF_Arch_Methanothermococcus_okinawensis_IH1_gene10773248.pdb
 0.884637 -0.401783  0.236617     2.740079
 0.402955  0.914082  0.045619     2.272286
-0.234616  0.054989  0.970532    -0.004096
>../../../../class1/arg//data/domains/Catalytic_domain/structures/ArgRS_AF_Bact_Anoxybacillus_flavithermus_WK1_gene7039015.pdb
-0.136066 -0.472301 -0.870872     4.488141
 0.811298 -0.557620  0.175656     1.362008
-0.568578 -0.682636  0.459050     1.675861
>../../../../class1/arg//data/domains/Catalytic_domain/structures/ArgRS_AF_Bact_Brachyspira_pilosicoli_95_1000_gene56439668.pdb
 1.000000  0.000000  0.000000     0.000000
 0.000000  1.000000  0.000000     0.000000
 0.000000  0.000000  1.000000     0.000000
>../../../../class1/arg//data/domains/Catalytic_domain/structures/ArgRS_AF_Bact_Chlamydia_psittaci_6BC_gene12242456.pdb
 0.873636 -0.406628 -0.267235     2.831343
 0.472988  0.838596  0.270257    -0.350463
 0.114209 -0.362505  0.924958    -1.344025
>../../../../class1/arg//data/domains/Catalytic_domain/structures/ArgRS_AF_Bact_Corynebacterium_ulcerans_809_gene75260071.pdb
 0.987112 -0.144201 -0.069396     0.561551
 0.148043  0.987516  0.053803     0.554667
 0.060772 -0.063383  0.996137    -0.705139
>../../../../class1/arg//data/domains/Catalytic_domain/structures/ArgRS_AF_Bact_Cupriavidus_taiwanensis_LMG_19424_gene29762022.pdb
 0.883247 -0.446851 -0.142124     1.517383
 0.467868  0.860008  0.203679     2.193571
 0.031214 -0.246394  0.968667    -0.792399
>../../../../class1/arg//data/domains/Catalytic_domain/structures/ArgRS_AF_Bact_Mycoplasma_hyopneumoniae_168-L_gene57100855.pdb
 0.803919 -0.539682 -0.249915     3.539892
 0.590221  0.775652  0.223614     2.435104
 0.073166 -0.327272  0.942093    -2.799690
>../../../../class1/arg//data/domains/Catalytic_domain/structures/ArgRS_AF_Bact_Prochlorococcus_marinus_subsp_marinus_str_CCMP1375_gene54199571.pdb
-0.124718  0.030335 -0.991728     0.062563
 0.607192 -0.788178 -0.100468     4.565671
-0.784706 -0.614700  0.079881    -2.385253
>../../../../class1/arg//data/domains/Catalytic_domain/structures/ArgRS_AF_Bact_Streptobacillus_moniliformis_DSM_12112_gene29674021.pdb
 0.144734 -0.307236  0.940563     1.411030
-0.400013 -0.887599 -0.228381     1.021401
 0.905009 -0.343183 -0.251364    -0.160960
>../../../../class1/arg//data/domains/Catalytic_domain/structures/ArgRS_AF_Euk_Micromonas_commoda_gene8250062.pdb
-0.654822 -0.654114  0.378606     4.966590
-0.749290  0.627391 -0.212004    -0.796809
-0.098859 -0.422510 -0.900951     0.397649
>../../../../class1/arg//data/domains/Catalytic_domain/structures/ArgRS_AF_Euk_Paulinella_chromatophora_gene6481434.pdb
-0.059948  0.314843 -0.947249    -0.047592
 0.403159 -0.860477 -0.311517     2.972337
-0.913164 -0.400566 -0.075348    -4.808216
>../../../../class1/arg//data/domains/Catalytic_domain/structures/ArgRS_AF_Euk_Polyodon_spathula_gene121324634.pdb
 0.958639  0.123278  0.256543     8.405884
 0.054557  0.805034 -0.590715    -4.316044
-0.279348  0.580279  0.765011    -0.061913
>../../../../class1/arg//data/domains/Catalytic_domain/structures/ArgRS_AF_Euk_Thalassiosira_pseudonana_CCMP1335_gene7449555.pdb
 0.164658  0.018030  0.986186     6.515772
-0.302373 -0.950770  0.067868     2.163087
 0.938860 -0.309371 -0.151100     4.075250
>../../../../class1/arg//data/domains/Catalytic_domain/structures/ArgRS_AF_Mito_Caenorhabditis_elegans_gene174023.pdb
 0.113437  0.523065 -0.844710     4.568641
-0.047033 -0.846417 -0.530439     5.389310
-0.992431  0.099901 -0.071414    -4.061612
>../../../../class1/arg//data/domains/Catalytic_domain/structures/ArgRS_AF_Mito_Saccharomyces_cerevisiae_S288C_gene851942.pdb
-0.905222  0.421748  0.051973     1.299665
 0.181962  0.274187  0.944305    -0.712919
 0.384008  0.864263 -0.324942     0.721896
>../../../../class1/arg//data/domains/Catalytic_domain/structures/ArgRS_PDB_Arch_2ZUF.pdb
 0.177892  0.229101  0.957009   -28.777099
 0.421628  0.860986 -0.284488     2.606608
-0.889148  0.454110  0.056567    16.914027
>../../../../class1/arg//data/domains/Catalytic_domain/structures/ArgRS_PDB_Bact_1IQ0.pdb
-0.859804  0.318372  0.399221   -11.119920
-0.376807 -0.923228 -0.075271    69.009482
 0.344608 -0.215147  0.913760    10.649573
>../../../../class1/arg//data/domains/Catalytic_domain/structures/ArgRS_PDB_Bact_3FNR.pdb
-0.373641  0.000069 -0.927573   132.592285
-0.756109  0.579231  0.304615   -22.273011
 0.537301  0.815163 -0.216372   -42.026145
>../../../../class1/gln//data/domains/Catalytic_domain/structures/GlnRS_AF_Bact_Anaerostipes_hadrus_gene15230984.pdb
 0.986216  0.131585  0.100316    -0.949043
-0.149010  0.442745  0.884179    14.533778
 0.071930 -0.886940  0.456250    -9.382849
>../../../../class1/gln//data/domains/Catalytic_domain/structures/GlnRS_AF_Bact_Cutibacterium_avidum_44067_gene29843447.pdb
 0.967893 -0.251058 -0.012390    -1.756093
-0.018941 -0.121995  0.992350    13.812777
-0.250649 -0.960254 -0.122833    -9.529672
>../../../../class1/gln//data/domains/Catalytic_domain/structures/GlnRS_AF_Bact_Pasteurella_multocida_subsp_multocida_str_Pm70_gene1243875.pdb
 0.914247 -0.235638 -0.329587    -1.570060
 0.338211 -0.004046  0.941062    13.312837
-0.223083 -0.971833  0.075997    -7.910369
>../../../../class1/gln//data/domains/Catalytic_domain/structures/GlnRS_AF_Bact_Porphyromonas_gingivalis_ATCC_33277_gene29257033.pdb
 0.936224  0.351404  0.000516    -0.887305
-0.254605  0.677314  0.690234    13.310607
 0.242202 -0.646345  0.723586   -10.222321
>../../../../class1/gln//data/domains/Catalytic_domain/structures/GlnRS_AF_Bact_Thermus_thermophilus_HB8_gene3168786.pdb
-0.698714  0.469674  0.539635    -0.699017
 0.679003  0.672919  0.293488    13.276491
-0.225287  0.571477 -0.789088   -11.338887
>../../../../class1/gln//data/domains/Catalytic_domain/structures/GlnRS_AF_Euk_Arabidopsis_thaliana_gene832718.pdb
-0.936588 -0.182487  0.299168     0.640877
-0.330806  0.178722 -0.926621    15.371223
 0.115629 -0.966828 -0.227756    -2.972217
>../../../../class1/gln//data/domains/Catalytic_domain/structures/GlnRS_AF_Euk_Candida_dubliniensis_CD36_gene8049124.pdb
 0.969160  0.234931 -0.074400    -0.759733
 0.022182  0.217518  0.975804    10.201322
 0.245430 -0.947361  0.205598   -11.356756
>../../../../class1/gln//data/domains/Catalytic_domain/structures/GlnRS_AF_Euk_Encephalitozoon_romaleae_SJ-2008_gene20564565.pdb
-0.876484  0.283024  0.389452    -0.238506
 0.202592  0.950666 -0.234925    11.113369
-0.436728 -0.127009 -0.890582   -10.418590
>../../../../class1/gln//data/domains/Catalytic_domain/structures/GlnRS_AF_Euk_Myodes_glareolus_gene125393344.pdb
 0.161583 -0.340592 -0.926223     2.915814
-0.792356 -0.604253  0.083968    14.090846
-0.588272  0.720330 -0.367507    -3.789962
>../../../../class1/gln//data/domains/Catalytic_domain/structures/GlnRS_AF_Mito_Cyanidioschyzon_merolae_strain_10D_gene16997184.pdb
-0.718000  0.548059  0.429077    -2.303095
 0.623568  0.780374  0.046685     9.774397
-0.309254  0.301078 -0.902061   -12.639534
>../../../../class1/gln//data/domains/Catalytic_domain/structures/GlnRS_Bact_D_radio_2HZ7.pdb
-0.826181  0.563344 -0.008234    -3.596866
-0.503661 -0.745044 -0.437304    91.684987
-0.252487 -0.357145  0.899276   -51.075969
>../../../../class1/gln//data/domains/Catalytic_domain/structures/GlnRS_Bact_E_coli_1QTQ.pdb
 0.575947  0.664884 -0.475620   -28.337797
 0.557550 -0.744975 -0.366264     8.821701
-0.597848 -0.054233 -0.799773    26.250973
>../../../../class1/gln//data/domains/Catalytic_domain/structures/GlnRS_PDB_Euk_T_gondii_4P2B.pdb
-0.698516  0.671095 -0.248411    39.649936
 0.123237 -0.229137 -0.965561    66.999414
-0.704903 -0.705073  0.077352    86.707903
