>../../../../class2/ala//data/domains/Catalytic_domain/structures/AlaRS_AF_Arch_Candidatus_Korarchaeum_cryptofilum_OPF8_gene6094822.pdb
 0.421097  0.837720  0.347709    -3.216939
-0.901783  0.427801  0.061433    -2.131918
-0.097287 -0.339427  0.935588    -0.223026
>../../../../class2/ala//data/domains/Catalytic_domain/structures/AlaRS_AF_Arch_Candidatus_Nitrosopumilus_koreensis_AR1_gene13725795.pdb
-0.828218 -0.532368 -0.175042    -3.896818
-0.207573  0.001290  0.978219     2.163357
-0.520547  0.846512 -0.111574    -4.612963
>../../../../class2/ala//data/domains/Catalytic_domain/structures/AlaRS_AF_Arch_Sulfolobus_islandicus_YG5714_gene7807284.pdb
 1.000000  0.000000  0.000000     0.000000
 0.000000  1.000000  0.000000     0.000000
 0.000000  0.000000  1.000000    -0.000000
>../../../../class2/ala//data/domains/Catalytic_domain/structures/AlaRS_AF_Arch_Thermoplasma_acidophilum_DSM_1728_gene1456391.pdb
-0.819918 -0.536706 -0.199203    -3.574161
-0.233365 -0.004399  0.972379     0.497169
-0.522758  0.843758 -0.121641    -3.591490
>../../../../class2/ala//data/domains/Catalytic_domain/structures/AlaRS_AF_Bact_Brucella_melitensis_bv_1_str_16M_gene29593597.pdb
-0.452598 -0.829855  0.326337   -11.480940
-0.170428  0.439721  0.881816     0.200982
-0.875277  0.343491 -0.340447    -8.239718
>../../../../class2/ala//data/domains/Catalytic_domain/structures/AlaRS_AF_Bact_Chlamydia_psittaci_6BC_gene12242512.pdb
 0.195808  0.511815 -0.836483    -8.437059
 0.372346 -0.827919 -0.419414     1.099731
-0.907203 -0.229336 -0.352686    -3.208245
>../../../../class2/ala//data/domains/Catalytic_domain/structures/AlaRS_AF_Bact_Lactobacillus_acidophilus_La-14_gene56942022.pdb
 0.357229 -0.519194 -0.776418    -9.478911
 0.917512  0.039482  0.395744     7.168122
-0.174813 -0.853744  0.490470     2.536815
>../../../../class2/ala//data/domains/Catalytic_domain/structures/AlaRS_AF_Bact_Nocardia_farcinica_IFM_10152_gene61134339.pdb
 0.210628  0.011879 -0.977494    -9.338557
 0.815480 -0.553565  0.168991     1.763389
-0.539100 -0.832721 -0.126283    -1.700067
>../../../../class2/ala//data/domains/Catalytic_domain/structures/AlaRS_AF_Bact_Porphyromonas_gingivalis_ATCC_33277_gene29256567.pdb
 0.170224  0.398683 -0.901152    -7.085018
 0.500441 -0.822765 -0.269473     1.785409
-0.848871 -0.405103 -0.339572    -2.245543
>../../../../class2/ala//data/domains/Catalytic_domain/structures/AlaRS_AF_Bact_Prochlorococcus_marinus_subsp_marinus_str_CCMP1375_gene54199407.pdb
-0.352520  0.620467  0.700536   -10.101036
 0.770267 -0.232729  0.593739     0.301326
 0.531431  0.748905 -0.395883    -0.835718
>../../../../class2/ala//data/domains/Catalytic_domain/structures/AlaRS_AF_Bact_Streptobacillus_moniliformis_DSM_12112_gene29672963.pdb
 0.248586  0.518811 -0.817949   -10.639206
 0.198594 -0.853816 -0.481205     2.050823
-0.948032 -0.042819 -0.315280     0.924599
>../../../../class2/ala//data/domains/Catalytic_domain/structures/AlaRS_AF_Bact_Treponema_pallidum_subsp_pertenue_str_SamoaD_gene57879528.pdb
 0.889768  0.342511 -0.301661     1.925088
-0.455497  0.624540 -0.634407    10.037252
-0.028892  0.701880  0.711709    -2.464795
>../../../../class2/ala//data/domains/Catalytic_domain/structures/AlaRS_AF_Euk_Cyanidioschyzon_merolae_strain_10D_gene16993235.pdb
 0.995539  0.094176 -0.005756    -5.812098
-0.086589  0.887705 -0.452197    -2.431588
-0.037477  0.450678  0.891899     4.705793
>../../../../class2/ala//data/domains/Catalytic_domain/structures/AlaRS_AF_Euk_Marasmius_oreades_gene66078979.pdb
-0.698255 -0.696666 -0.164610    -7.219572
-0.218478 -0.011582  0.975773     0.332176
-0.681694  0.717303 -0.144119     2.110663
>../../../../class2/ala//data/domains/Catalytic_domain/structures/AlaRS_AF_Euk_Plasmodium_berghei_ANKA_gene55150801.pdb
-0.020060 -0.137288 -0.990328   -10.118511
 0.634670 -0.767107  0.093487     4.892477
-0.772523 -0.626656  0.102521    -1.646245
>../../../../class2/ala//data/domains/Catalytic_domain/structures/AlaRS_AF_Euk_Saccharomyces_cerevisiae_S288C_gene854513.pdb
-0.960452 -0.215316 -0.176552    -3.830020
-0.216971  0.181333  0.959188    -1.575269
-0.174514  0.959561 -0.220879    -1.313974
>../../../../class2/ala//data/domains/Catalytic_domain/structures/AlaRS_AF_Mito_Caenorhabditis_elegans_gene174749.pdb
 0.156665  0.764277 -0.625569    -3.739761
-0.009808 -0.632155 -0.774780     1.706032
-0.987603  0.127516 -0.091541    -1.888300
>../../../../class2/ala//data/domains/Catalytic_domain/structures/AlaRS_AF_Mito_Gadus_morhua_gene115539928.pdb
-0.568783 -0.820276  0.060274    -4.411544
-0.665135  0.415623 -0.620365     0.373971
 0.483820 -0.392943 -0.781994    -3.176035
>../../../../class2/ala//data/domains/Catalytic_domain/structures/AlaRS_PDB_Bact_E_coli_3HXV.pdb
 0.627403  0.747384  0.218594   -41.157881
-0.320786 -0.007724  0.947120    -1.610520
 0.709550 -0.664348  0.234905     1.233961
>../../../../class2/gly3//data/domains/Catalytic_domain/structures/GlyRS-E_AF_Arch_Methanosalsum_zhilinae_DSM_4017_gene10821854.pdb
 0.545248 -0.831277 -0.108090    11.065816
-0.643457 -0.497681  0.581616    17.223377
-0.537278 -0.247574 -0.806250   -12.646907
>../../../../class2/gly3//data/domains/Catalytic_domain/structures/GlyRS-E_AF_Euk_Cryptococcus_neoformans_var_neoformans_JEC21_gene3258293.pdb
 0.445114  0.176700  0.877867    11.355419
 0.746050  0.469020 -0.472683    17.954642
-0.495260  0.865331  0.076940   -11.984997
>../../../../class2/gly3//data/domains/Catalytic_domain/structures/GlyRS-E_AF_Euk_Girardinichthys_multiradiatus_gene124858359.pdb
 0.474175 -0.849284 -0.232109    12.346739
-0.673497 -0.519692  0.525663    17.387656
-0.567063 -0.092931 -0.818415   -10.757993
>../../../../class2/gly3//data/domains/Catalytic_domain/structures/GlyRS-E_AF_Euk_Plasmodium_yoelii_gene3801472.pdb
 0.793799 -0.577537  0.190614    11.721817
-0.509690 -0.460736  0.726593    18.099262
-0.331812 -0.673923 -0.660097   -14.226285
>../../../../class2/gly3//data/domains/Catalytic_domain/structures/GlyRS-E_AF_Euk_Schizosaccharomyces_pombe_gene2543181.pdb
 0.262093 -0.845210 -0.465754    12.296235
-0.704202 -0.497502  0.506548    16.458756
-0.659853  0.195223 -0.725591   -11.183871
>../../../../class2/gly3//data/domains/Catalytic_domain/structures/GlyRS-E_AF_Mito_Fusarium_poae_gene68345711.pdb
 0.286109 -0.855018 -0.432535    12.416747
-0.686529 -0.497821  0.529954    16.742510
-0.668445  0.145323 -0.729426   -11.227454
>../../../../class2/gly3//data/domains/Catalytic_domain/structures/GlyRS-E_PDB_Euk_H_sapiens_2q5h.pdb
-0.642966  0.487370 -0.590817   -15.119104
-0.690180 -0.034277  0.722825   167.318942
 0.332032  0.872522  0.358412     1.802398
