>../../../../class1/trp//data/domains/Catalytic_domain/structures/Trp_Arch_3JXE_P_hori.pdb
 0.281649  0.556002  0.782008   -17.919840
-0.360533 -0.693957  0.623249     1.104483
 0.889207 -0.457477  0.005005    48.201586
>../../../../class1/trp//data/domains/Catalytic_domain/structures/Trp_Bact_1I6M_G_stearo.pdb
-0.981474 -0.104527 -0.160568    56.798357
 0.097216 -0.993864  0.052753    17.262814
-0.165097  0.036166  0.985614   -31.272643
>../../../../class1/trp//data/domains/Catalytic_domain/structures/Trp_Bact_3N9I_Y_pestis.pdb
 0.501186  0.030403  0.864806   -39.505624
-0.375139  0.908223  0.185477   -51.356855
-0.779797 -0.417381  0.466594    48.524861
>../../../../class1/trp//data/domains/Catalytic_domain/structures/Trp_Bact_3SZ3_V_chole.pdb
 0.715318 -0.364128 -0.596432     6.371983
 0.402905 -0.482452  0.777758     3.218373
-0.570953 -0.796650 -0.198398    21.817430
>../../../../class1/trp//data/domains/Catalytic_domain/structures/Trp_Euk_3HZR_E_hist.pdb
 0.798562 -0.059424 -0.598973    11.879817
-0.561868  0.283308 -0.777201    31.974017
 0.215878  0.957186  0.192850   -23.300882
>../../../../class1/trp//data/domains/Catalytic_domain/structures/Trp_Euk_3KT3_S_Cerevisiae.pdb
 0.312124 -0.073807 -0.947170    21.309848
 0.884981 -0.340007  0.318125   155.085017
-0.345525 -0.937522 -0.040806   -28.334445
>../../../../class1/trp//data/domains/Catalytic_domain/structures/Tryptophanyl.A.Candidatus_Korarchaeota.NC_010482.1.pdb
 0.462193 -0.534943  0.707258    -3.858970
 0.117669 -0.753508 -0.646822     2.036717
 0.878938  0.382179 -0.285320     0.848998
>../../../../class1/trp//data/domains/Catalytic_domain/structures/Tryptophanyl.A.Crenarchaeota.NC_014961.1.pdb
 0.852722 -0.286227  0.436966    -8.669322
-0.061263  0.775943  0.627821    -0.906384
-0.518760 -0.562127  0.644128    -1.095337
>../../../../class1/trp//data/domains/Catalytic_domain/structures/Tryptophanyl.A.Euryarchaeota.NC_000961.1.pdb
 0.152150 -0.810152 -0.566130    -8.243306
 0.230337 -0.527962  0.817436     0.539812
-0.961143 -0.254774  0.106278    -1.899632
>../../../../class1/trp//data/domains/Catalytic_domain/structures/Tryptophanyl.A.Thaumarchaeota.NC_018655.1.pdb
-0.733774 -0.402774 -0.547128    -7.728185
-0.098469  0.859864 -0.500936     0.878181
 0.672220 -0.313699 -0.670607    -1.492963
>../../../../class1/trp//data/domains/Catalytic_domain/structures/Tryptophanyl.B.Actinobacteria.NC_004551.1.pdb
-0.456541 -0.281152 -0.844111    -5.119187
 0.004065 -0.949406  0.314025     3.508930
-0.889693  0.139934  0.434586     0.233453
>../../../../class1/trp//data/domains/Catalytic_domain/structures/Tryptophanyl.B.Chlamydiae.NC_002620.2.pdb
 0.814308  0.423399  0.397034    -8.147429
-0.482095  0.874302  0.056405     2.911946
-0.323246 -0.237339  0.916069     0.309873
>../../../../class1/trp//data/domains/Catalytic_domain/structures/Tryptophanyl.B.Cyanobacteria.NC_005042.1.pdb
-0.140853  0.851189  0.505606    -5.844702
 0.930489 -0.060619  0.361269     4.438254
 0.338157  0.521347 -0.783484     1.630705
>../../../../class1/trp//data/domains/Catalytic_domain/structures/Tryptophanyl.B.Firmicutes.NC_004557.1.pdb
 0.602648 -0.788784  0.120974    -7.053536
 0.267813  0.342716  0.900456     5.284252
-0.751726 -0.510259  0.417784    -0.060946
>../../../../class1/trp//data/domains/Catalytic_domain/structures/Tryptophanyl.B.Proteobacteria.NC_014500.1.pdb
 0.031308 -0.997415  0.064674    -3.879819
-0.438825 -0.071853 -0.895695     0.333336
 0.898027 -0.000339 -0.439940     3.246736
>../../../../class1/trp//data/domains/Catalytic_domain/structures/Tryptophanyl.B.Spirochaetes.NC_002967.9.pdb
 0.024889 -0.953236 -0.301201    -5.443941
 0.093911 -0.297732  0.950019     4.596266
-0.995269 -0.051931  0.082109    -0.114432
>../../../../class1/trp//data/domains/Catalytic_domain/structures/Tryptophanyl.E.Ascomycota.NC_001136.10.pdb
-0.188565  0.944775 -0.268035    -5.668970
-0.907441 -0.271977 -0.320278     3.981746
-0.375491  0.182832  0.908614     0.289124
>../../../../class1/trp//data/domains/Catalytic_domain/structures/Tryptophanyl.E.Bacillariophyta.NC_012087.1.pdb
-0.338261  0.891589  0.301080    -8.334266
 0.940136  0.306050  0.149928     0.852123
 0.041528  0.333771 -0.941739    -0.746659
>../../../../class1/trp//data/domains/Catalytic_domain/structures/Tryptophanyl.E.Evosea.NC_007088.5.pdb
 0.258917  0.921251  0.290274    -5.900736
-0.895027  0.341820 -0.286504     5.033482
-0.363164 -0.185623  0.913048    -0.402489
>../../../../class1/tyr//data/domains/Catalytic_domain/structures/Tyr_Arch_1U7D_M_jannashii.pdb
 0.128175 -0.662544  0.737974    10.093109
-0.991518 -0.069476  0.109837     4.472621
-0.021501 -0.745794 -0.665830    44.959860
>../../../../class1/tyr//data/domains/Catalytic_domain/structures/Tyr_Bact_1H3F_T_therm.pdb
-0.409352  0.901899 -0.137872   -45.178051
 0.911955  0.399873 -0.091866   -17.031124
-0.027723 -0.163339 -0.986180    29.235430
>../../../../class1/tyr//data/domains/Catalytic_domain/structures/Tyr_Bact_1JIL_S_aureus.pdb
 0.304386  0.289695 -0.907428    59.217742
-0.006712 -0.951956 -0.306161    39.654966
-0.952525  0.099281 -0.287818    55.846337
>../../../../class1/tyr//data/domains/Catalytic_domain/structures/Tyr_Bact_1WQ4_E_coli.pdb
-0.291458  0.591730 -0.751603    35.903663
 0.952076  0.103254 -0.287907   -10.420789
-0.092757 -0.799496 -0.593466    41.560375
>../../../../class1/tyr//data/domains/Catalytic_domain/structures/Tyr_Euk_3P0I_L_major.pdb
-0.114666 -0.287133  0.951003   -46.324342
-0.603022  0.780881  0.163060   -48.061191
-0.789440 -0.554778 -0.262688    69.931161
>../../../../class1/tyr//data/domains/Catalytic_domain/structures/Tyrosyl.A.Candidatus_Thermoplasmatota.NC_020913.1.pdb
-0.145588 -0.814456 -0.561663    -6.922240
 0.413948 -0.565777  0.713122     0.948032
-0.898583 -0.128678  0.419513    -3.250026
>../../../../class1/tyr//data/domains/Catalytic_domain/structures/Tyrosyl.A.Crenarchaeota.NC_017954.1.pdb
-0.596258  0.385285 -0.704295   -11.841752
-0.506326 -0.861294 -0.042514     0.272212
-0.622985  0.331254  0.708633    -4.582502
>../../../../class1/tyr//data/domains/Catalytic_domain/structures/Tyrosyl.A.Euryarchaeota.NC_023013.1.pdb
-0.211117 -0.917159 -0.338007    -6.984586
-0.403745  0.396747 -0.824368    -0.709478
 0.890180 -0.037570 -0.454058    -0.251764
>../../../../class1/tyr//data/domains/Catalytic_domain/structures/Tyrosyl.A.Thaumarchaeota.NC_018656.1.pdb
 0.713542 -0.580408  0.392407    -6.478467
 0.268846  0.744045  0.611653    -0.845837
-0.646977 -0.330943  0.686948    -1.917800
>../../../../class1/tyr//data/domains/Catalytic_domain/structures/Tyrosyl.B.Actinobacteria.NC_020990.1.pdb
-0.450096  0.066095 -0.890531    -4.672322
 0.144103 -0.978810 -0.145481     2.203988
-0.881276 -0.193809  0.431034    -8.523290
>../../../../class1/tyr//data/domains/Catalytic_domain/structures/Tyrosyl.B.Bacteroidota.NC_010729.1.pdb
 0.867793 -0.231829  0.439535    -4.402766
 0.011168  0.893383  0.449158     1.672734
-0.496801 -0.384867  0.777860    -8.598621
>../../../../class1/tyr//data/domains/Catalytic_domain/structures/Tyrosyl.B.Chlamydiae.NC_002620.2.pdb
 0.746836 -0.664500 -0.025985     0.709089
 0.551118  0.596592  0.583392     5.097898
-0.372162 -0.450019  0.811775    -4.235221
>../../../../class1/tyr//data/domains/Catalytic_domain/structures/Tyrosyl.B.Cyanobacteria.NC_005042.1.pdb
 0.048607 -0.904745 -0.423170    -5.483382
 0.596207 -0.313632  0.739034     5.958623
-0.801358 -0.288220  0.524171    -5.563415
>../../../../class1/tyr//data/domains/Catalytic_domain/structures/Tyrosyl.B.Firmicutes.NC_014334.2.pdb
 0.882601  0.381961  0.274084    -6.369272
-0.288377  0.900303 -0.326026     1.589493
-0.371288  0.208712  0.904757    -9.606970
>../../../../class1/tyr//data/domains/Catalytic_domain/structures/Tyrosyl.B.Fusobacteria.NC_013515.1.pdb
 0.076648  0.874496 -0.478938    -9.773099
-0.740551 -0.271705 -0.614623    -3.659955
-0.667615  0.401788  0.626783    -7.325757
>../../../../class1/tyr//data/domains/Catalytic_domain/structures/Tyrosyl.B.Proteobacteria.NC_018507.1.pdb
 1.000000  0.000000  0.000000    -0.000000
 0.000000  1.000000  0.000000     0.000000
 0.000000  0.000000  1.000000     0.000000
>../../../../class1/tyr//data/domains/Catalytic_domain/structures/Tyrosyl.B.Spirochaetes.NC_014330.1.pdb
 0.534823 -0.271341  0.800211    -1.097530
 0.092629 -0.922500 -0.374717     2.801254
 0.839871  0.274530 -0.468241    -2.855281
>../../../../class1/tyr//data/domains/Catalytic_domain/structures/Tyrosyl.E.Apicomplexa.NC_036167.2.pdb
-0.332698  0.555916 -0.761754    -4.031999
-0.177575 -0.830250 -0.528348     3.728023
-0.926164 -0.040512  0.374939    -7.118131
>../../../../class1/tyr//data/domains/Catalytic_domain/structures/Tyrosyl.E.Ascomycota.NC_001139.9.pdb
-0.351796 -0.568019 -0.744038    -7.092183
 0.309532 -0.820724  0.480210     1.119122
-0.883419 -0.061368  0.464548    -2.827401
>../../../../class1/tyr//data/domains/Catalytic_domain/structures/Tyrosyl.E.Evosea.NC_007089.4.pdb
 0.403672 -0.140696  0.904021     0.604279
 0.032551 -0.985271 -0.167876     4.977170
 0.914324  0.097193 -0.393147    -5.123051
>../../../../class1/tyr//data/domains/Catalytic_domain/structures/Tyrosyl.E.Rhodophyta.NC_010143.1.pdb
 0.902886 -0.316250  0.291176    -0.616251
 0.277143  0.946010  0.168099     3.055399
-0.328616 -0.071077  0.941785    -7.002901
