>../../../../class2/lys//data/domains/Catalytic_domain/structures/LysRS-II_AF_Arch_Aciduliprofundum_boonei_T469_gene8827564.pdb
-0.059494  0.548832  0.833813    -0.507230
 0.983423  0.175553 -0.045383   -13.112332
-0.171286  0.817291 -0.550178     1.533673
>../../../../class2/lys//data/domains/Catalytic_domain/structures/LysRS-II_AF_Arch_Archaeoglobus_sulfaticallidus_PM70-1_gene15393615.pdb
 0.019599 -0.399949  0.916328     3.747778
 0.710904 -0.638865 -0.294051    -8.430573
 0.703015  0.657184  0.271805     3.875794
>../../../../class2/lys//data/domains/Catalytic_domain/structures/LysRS-II_AF_Arch_Candidatus_Woesearchaeota_archaeon_proteinMBS3172198.1.pdb
-0.409951 -0.692944  0.593102     1.820687
 0.089040 -0.677552 -0.730066    -9.431289
 0.907751 -0.246481  0.339462     2.532925
>../../../../class2/lys//data/domains/Catalytic_domain/structures/LysRS-II_AF_Arch_Thermogladius_calderae_1633_gene13013549.pdb
-0.439742  0.698809  0.564175    -1.358912
 0.741595  0.636863 -0.210813   -12.346084
-0.506620  0.325686 -0.798289     3.344359
>../../../../class2/lys//data/domains/Catalytic_domain/structures/LysRS-II_AF_Bact_Chlamydia_muridarum_str_Nigg_gene1245697.pdb
-0.410255  0.720771  0.558730    -0.352813
 0.734724  0.624166 -0.265703   -13.869879
-0.540251  0.301507 -0.785635     2.943482
>../../../../class2/lys//data/domains/Catalytic_domain/structures/LysRS-II_AF_Bact_Cupriavidus_taiwanensis_LMG_19424_gene29762375.pdb
-0.023549 -0.471251  0.881685     3.553478
 0.673164 -0.659505 -0.334519    -6.452730
 0.739118  0.585641  0.332760     6.473633
>../../../../class2/lys//data/domains/Catalytic_domain/structures/LysRS-II_AF_Bact_Leuconostoc_gelidum_JB7_gene61037106.pdb
 0.001015 -0.555987  0.831191    -0.697669
 0.783165 -0.516404 -0.346381   -10.520906
 0.621813  0.651311  0.434905     4.299455
>../../../../class2/lys//data/domains/Catalytic_domain/structures/LysRS-II_AF_Bact_Mycobacterium_intracellulare_ATCC_13950_gene11907187.pdb
 0.011389 -0.333641  0.942631     3.442625
 0.785316 -0.580571 -0.214979    -6.331514
 0.618990  0.742712  0.255401     5.172086
>../../../../class2/lys//data/domains/Catalytic_domain/structures/LysRS-II_AF_Bact_Mycoplasma_hyopneumoniae_168-L_gene57101062.pdb
 0.061778 -0.560500  0.825847    -1.803229
 0.749225 -0.520631 -0.409397   -11.372340
 0.659428  0.644037  0.387777     2.662509
>../../../../class2/lys//data/domains/Catalytic_domain/structures/LysRS-II_AF_Bact_Porphyromonas_gingivalis_ATCC_33277_gene29256363.pdb
-0.264235  0.420646  0.867892    -0.826072
 0.951450  0.260989  0.163180   -13.532492
-0.157869  0.868874 -0.469186     0.102447
>../../../../class2/lys//data/domains/Catalytic_domain/structures/LysRS-II_AF_Bact_Prochlorococcus_marinus_subsp_marinus_str_CCMP1375_gene54201108.pdb
 0.005520 -0.348579  0.937263    -1.083481
 0.885724 -0.433367 -0.166391   -11.660790
 0.464180  0.831075  0.306353     3.994771
>../../../../class2/lys//data/domains/Catalytic_domain/structures/LysRS-II_AF_Bact_Streptobacillus_moniliformis_DSM_12112_gene29673899.pdb
-0.000696 -0.086448  0.996256     2.573676
 0.922849 -0.383774 -0.032657    -5.604255
 0.385161  0.919372  0.080046     3.568497
>../../../../class2/lys//data/domains/Catalytic_domain/structures/LysRS-II_AF_Euk_Ostreococcus_tauri_gene9837657.pdb
-0.036171 -0.484846  0.873851     4.618867
 0.654693 -0.672144 -0.345831    -7.593382
 0.755029  0.559595  0.341738     5.280334
>../../../../class2/lys//data/domains/Catalytic_domain/structures/LysRS-II_AF_Euk_Solanum_lycopersicum_gene778357.pdb
 0.816658 -0.551493 -0.170074     0.899288
 0.119359 -0.126924  0.984705   -10.620506
-0.564645 -0.824467 -0.037828     5.807656
>../../../../class2/lys//data/domains/Catalytic_domain/structures/LysRS-II_AF_Euk_Theileria_annulata_gene3864794.pdb
 0.501297 -0.724762 -0.472674     1.146341
-0.127575 -0.602208  0.788080    -6.746820
-0.855819 -0.334761 -0.394347     6.553951
>../../../../class2/lys//data/domains/Catalytic_domain/structures/LysRS-II_AF_Euk_Zootoca_vivipara_gene118086243.pdb
-0.678152 -0.709188  0.192777    -1.077974
-0.059877 -0.208121 -0.976269   -12.603456
 0.732479 -0.673601  0.098673     7.199475
>../../../../class2/lys//data/domains/Catalytic_domain/structures/LysRS-II_AF_Mito_Malus_domestica_gene103446975.pdb
-0.138470 -0.553292  0.821397     3.803125
 0.557914 -0.728840 -0.396893    -7.259873
 0.818265  0.403312  0.409612     6.916988
>../../../../class2/lys//data/domains/Catalytic_domain/structures/LysRS-II_AF_Mito_Scheffersomyces_stipitis_CBS_6054_gene4837999.pdb
-0.057215 -0.619413  0.782978     3.714301
 0.661782 -0.610737 -0.434794    -7.510022
 0.747510  0.493284  0.444859     7.569759
>../../../../class2/lys//data/domains/Catalytic_domain/structures/LysRS-II_PDB_Bact_G_stearothermophilus_3E9H.pdb
 0.008594 -0.991166 -0.132348   -80.959053
-0.600996  0.100662 -0.792888    58.730850
 0.799206  0.086355 -0.594821   -22.134294
>../../../../class2/thr//data/domains/Catalytic_domain/structures/ThrRS_AF_Arch_Candidatus_Methanomethylophilus_alvus_Mx1201_gene15140074.pdb
 0.014294  0.853298 -0.521228     2.602150
-0.231230 -0.504330 -0.831976    -2.442161
-0.972794  0.132416  0.190099     0.489088
>../../../../class2/thr//data/domains/Catalytic_domain/structures/ThrRS_AF_Arch_Candidatus_Nitrosopumilus_koreensis_AR1_gene13725077.pdb
-0.504504 -0.462635  0.729003    -0.042708
 0.112290 -0.872316 -0.475873    -3.643976
 0.856076 -0.158220  0.492036     9.212284
>../../../../class2/thr//data/domains/Catalytic_domain/structures/ThrRS_AF_Arch_Pyrococcus_furiosus_DSM_3638_gene1469226.pdb
-0.559361 -0.356656  0.748272    -1.442466
 0.322287 -0.925254 -0.200092    -3.542538
 0.763705  0.129235  0.632497     7.436661
>../../../../class2/thr//data/domains/Catalytic_domain/structures/ThrRS_AF_Arch_Sulfolobus_islandicus_M164_gene7940156.pdb
 0.660074 -0.354131 -0.662490     3.041903
 0.588368 -0.304580  0.749035    -8.854046
-0.467038 -0.884207  0.007314     3.037341
>../../../../class2/thr//data/domains/Catalytic_domain/structures/ThrRS_AF_Bact_Bifidobacterium_longum_subsp_longum_JCM_1217_gene69578309.pdb
 0.156156 -0.917880  0.364845     0.266687
 0.978093  0.092218 -0.186626     1.171773
 0.137655  0.385995  0.912173     0.220797
>../../../../class2/thr//data/domains/Catalytic_domain/structures/ThrRS_AF_Bact_Brachyspira_pilosicoli_95_1000_gene56439092.pdb
 0.870809 -0.323943 -0.369801     2.696923
 0.479235  0.727136  0.491535    -0.177325
 0.109667 -0.605255  0.788442    -1.110141
>../../../../class2/thr//data/domains/Catalytic_domain/structures/ThrRS_AF_Bact_Brucella_abortus_2308_gene3787745.pdb
-0.547145 -0.829349  0.113196     2.131551
-0.834838  0.530895 -0.145592     0.297996
 0.060651 -0.174160 -0.982848    -1.023929
>../../../../class2/thr//data/domains/Catalytic_domain/structures/ThrRS_AF_Bact_Lactobacillus_acidophilus_La-14_gene56943112.pdb
-0.138149  0.644460  0.752055     1.802340
 0.420897 -0.649153  0.633597     4.680078
 0.896527  0.404068 -0.181572    -1.110042
>../../../../class2/thr//data/domains/Catalytic_domain/structures/ThrRS_AF_Bact_Mycoplasma_hyopneumoniae_168-L_gene57101460.pdb
 0.498790  0.564704 -0.657509     0.988919
-0.451740 -0.478045 -0.753262    -3.278471
-0.739689  0.672742  0.016655     0.055504
>../../../../class2/thr//data/domains/Catalytic_domain/structures/ThrRS_AF_Bact_Porphyromonas_gingivalis_ATCC_33277_gene29256174.pdb
 0.999997 -0.002283  0.000942    -0.162957
 0.002281  0.999996  0.001573     0.104184
-0.000946 -0.001570  0.999998     0.034616
>../../../../class2/thr//data/domains/Catalytic_domain/structures/ThrRS_AF_Bact_Prochlorococcus_marinus_subsp_marinus_str_CCMP1375_gene54200406.pdb
-0.989642  0.056323 -0.132043     1.383913
 0.108645 -0.307343 -0.945376     3.067270
-0.093829 -0.949931  0.298040     1.215801
>../../../../class2/thr//data/domains/Catalytic_domain/structures/ThrRS_AF_Bact_Streptobacillus_moniliformis_DSM_12112_gene29674242.pdb
-0.402408  0.041920  0.914500     1.798229
 0.168525 -0.978487  0.119010     0.935356
 0.899815  0.202007  0.386686    -0.515653
>../../../../class2/thr//data/domains/Catalytic_domain/structures/ThrRS_AF_Euk_Arabidopsis_thaliana_gene832741.pdb
-0.007554 -0.523922  0.851732    -1.731545
 0.988552 -0.132269 -0.072594     1.736287
 0.150692  0.841433  0.518924    -0.042752
>../../../../class2/thr//data/domains/Catalytic_domain/structures/ThrRS_AF_Euk_Cryptococcus_gattii_WM276_gene10188143.pdb
-0.118200 -0.887774  0.444843     0.099029
 0.908827 -0.277212 -0.311747     2.723135
 0.400077  0.367437  0.839600    -1.994826
>../../../../class2/thr//data/domains/Catalytic_domain/structures/ThrRS_AF_Euk_Cyanidioschyzon_merolae_strain_10D_gene16997242.pdb
-0.656389 -0.678777  0.329264     1.157432
-0.714048  0.418101 -0.561540     2.851198
 0.243495 -0.603699 -0.759116    -1.226504
>../../../../class2/thr//data/domains/Catalytic_domain/structures/ThrRS_AF_Euk_Zymoseptoria_tritici_IPO323_gene13396560.pdb
-0.690712  0.597373 -0.407508    -9.449299
-0.212304  0.371179  0.903965    11.630692
 0.691263  0.710895 -0.129553    -7.070132
>../../../../class2/thr//data/domains/Catalytic_domain/structures/ThrRS_AF_Mito_Cyanidioschyzon_merolae_strain_10D_gene16995590.pdb
-0.681870 -0.472516  0.558375     1.930528
 0.006679 -0.767346 -0.641198     0.894940
 0.731443 -0.433484  0.526387    -0.044871
>../../../../class2/thr//data/domains/Catalytic_domain/structures/ThrRS_AF_Mito_Oryza_sativa_Japonica_Group_gene4345200.pdb
-0.001283  0.787201 -0.616695    -0.371652
-0.742277  0.412493  0.528085     2.862365
 0.670092  0.458437  0.583792    -1.166617
>../../../../class2/thr//data/domains/Catalytic_domain/structures/ThrRS_PDB_Bact_E_coli_1evk.pdb
-0.529818  0.594303  0.605059   -24.862822
 0.230705  0.787509 -0.571493   -49.417031
-0.816130 -0.163197 -0.554346    48.662873
>../../../../class2/thr//data/domains/Catalytic_domain/structures/ThrRS_PDB_Bact_S_aureus_1nyr.pdb
 0.966348 -0.040492 -0.254032     3.364233
-0.247812  0.118362 -0.961551    46.763402
 0.069003  0.992145  0.104345   -54.727401
