>structures/TyrRS_AF_Arch_Candidatus_Korarchaeum_cryptofilum_OPF8_gene6094625.pdb
 0.909462  0.205182 -0.361633    54.997471
-0.333204 -0.160585 -0.929079    74.281888
-0.248703  0.965460 -0.077679    46.979439
>structures/TyrRS_AF_Arch_Desulfurococcus_amylolyticus_1221n_gene7171652.pdb
 0.751557 -0.350962 -0.558559    53.126891
-0.349552  0.506204 -0.788398    74.927332
 0.559442  0.787771  0.257762    48.452040
>structures/TyrRS_AF_Arch_Methanothermococcus_okinawensis_IH1_gene10772133.pdb
 0.187781  0.415279 -0.890102    51.623174
 0.982171 -0.087553  0.166356    73.510586
-0.008847 -0.905471 -0.424316    51.767845
>structures/TyrRS_AF_Arch_Thermoplasma_acidophilum_DSM_1728_gene1456112.pdb
-0.415292 -0.668509  0.616951    53.460441
 0.235175  0.576247  0.782708    74.751143
-0.878764  0.470144 -0.082094    42.218134
>structures/TyrRS_AF_Bact_Bifidobacterium_animalis_subsp_lactis_BLC1_gene66533077.pdb
 0.675805  0.149978 -0.721661    60.288254
-0.573159  0.722526 -0.386581    70.835002
 0.463441  0.674880  0.574248    48.051768
>structures/TyrRS_AF_Bact_Brachyspira_pilosicoli_95_1000_gene56440491.pdb
-0.727663 -0.441756  0.524747    55.115666
 0.478088  0.221947  0.849807    75.856819
-0.491873  0.869248  0.049695    45.198823
>structures/TyrRS_AF_Bact_Chlamydia_psittaci_6BC_gene12242888.pdb
 0.691560  0.115102 -0.713090    56.277754
-0.441880  0.848357 -0.291603    72.284480
 0.571391  0.516761  0.637550    44.500855
>structures/TyrRS_AF_Bact_Lactococcus_lactis_subsp_cremoris_KW2_gene61108704.pdb
 0.716520  0.093918 -0.691215    60.792501
-0.424521  0.844981 -0.325252    72.361281
 0.553516  0.526485  0.645316    46.936699
>structures/TyrRS_AF_Bact_Porphyromonas_gingivalis_ATCC_33277_gene29255602.pdb
-0.780686 -0.175093  0.599894    58.933434
 0.323559  0.708009  0.627720    72.689133
-0.534640  0.684153 -0.496080    41.553300
>structures/TyrRS_AF_Bact_Prochlorococcus_marinus_subsp_marinus_str_CCMP1375_gene54200747.pdb
 0.542157  0.346280 -0.765609    55.390164
 0.537600  0.557312  0.632763    71.766824
 0.645796 -0.754648  0.115990    47.822542
>structures/TyrRS_AF_Bact_Serratia_plymuthica_AS9_gene57666950.pdb
 0.617183 -0.230617 -0.752264    61.311995
 0.666724  0.660975  0.344372    69.284722
 0.417810 -0.714093  0.561700    46.828335
>structures/TyrRS_AF_Bact_Streptobacillus_moniliformis_DSM_12112_gene29673957.pdb
 0.593585 -0.189526 -0.782136    56.788230
 0.453722  0.881501  0.130738    72.895955
 0.664676 -0.432476  0.609238    55.090877
>structures/TyrRS_AF_Euk_Cryptococcus_neoformans_var_neoformans_JEC21_gene3254328.pdb
 0.607550  0.087601 -0.789436    59.173094
-0.221676  0.973108 -0.062619    71.096101
 0.762721  0.213043  0.610630    47.516982
>structures/TyrRS_AF_Euk_Drosophila_melanogaster_gene39829.pdb
-0.108156 -0.994081  0.010306    56.651422
 0.898290 -0.093282  0.429388    80.304842
-0.425885  0.055699  0.903061    41.245275
>structures/TyrRS_AF_Euk_Plasmodium_falciparum_3D7_gene2655248.pdb
 0.919679 -0.386609 -0.068737    52.692275
-0.100705 -0.063026 -0.992918    71.763504
 0.379539  0.920088 -0.096897    48.657245
>structures/TyrRS_AF_Euk_Seriola_dumerili_gene111223086.pdb
-0.065952 -0.291020 -0.954441    55.086025
 0.837432 -0.536236  0.105638    82.171838
-0.542548 -0.792312  0.279075    41.110154
>structures/TyrRS_AF_Mito_Aspergillus_fumigatus_Af293_gene3509181.pdb
-0.569419  0.728133 -0.381555    47.824750
-0.629552 -0.684728 -0.367167    64.194406
-0.528608  0.031137  0.848295    46.388643
>structures/TyrRS_AF_Mito_Cyanidioschyzon_merolae_strain_10D_gene16996209.pdb
 0.658256  0.272317 -0.701814    58.718378
-0.327256  0.943092  0.058994    70.135791
 0.677940  0.190840  0.709913    47.325506
>structures/TyrRS_AF_Vir_Megavirus_chiliensis_gene11257765.pdb
 0.096760  0.188087 -0.977374    49.291397
 0.864270 -0.502903 -0.011216    70.104781
-0.493634 -0.843630 -0.211219    50.009268
>structures/TyrRS_PDB_Arch_M_jannashii_1U7D.pdb
-0.127170  0.492233  0.861124    14.527613
 0.919461 -0.267143  0.288489    78.074508
 0.372047  0.828457 -0.418616    16.365015
>structures/TyrRS_PDB_E_coli_Bact_1WQ4.pdb
 0.067977  0.931617  0.357028    22.225866
-0.980120  0.129215 -0.150558   105.645661
-0.186396 -0.339696  0.921880     4.998612
>structures/TyrRS_PDB_Vir_Acanthamoeba_polyphaga_mimivirus_2J5B.pdb
 0.999432 -0.028479  0.017998     1.398017
 0.028571  0.999580 -0.004849    -0.928102
-0.017853  0.005361  0.999826     0.406186
