>../../../../class2/gly1//data/domains/Catalytic_domain/structures/GlyRS-A_AF_Arch_Candidatus_Nitrosopumilus_sediminis_gene13697160.pdb
-0.070387 -0.980802 -0.181858    38.109188
 0.832980  0.042510 -0.551667    76.430362
 0.548808 -0.190314  0.813997   -16.866592
>../../../../class2/gly1//data/domains/Catalytic_domain/structures/GlyRS-A_AF_Arch_Candidatus_Woesearchaeota_archaeon_proteinMBT4248212.1.pdb
 0.313609  0.772322  0.552420    36.143558
 0.585560  0.300685 -0.752801    75.176510
-0.747509  0.559560 -0.357943   -17.463733
>../../../../class2/gly1//data/domains/Catalytic_domain/structures/GlyRS-A_AF_Arch_Sulfolobus_islandicus_YN1551_gene7810979.pdb
 0.495237  0.752783  0.433656    39.079995
-0.628250 -0.034440  0.777249    76.605767
 0.600035 -0.657367  0.455880   -14.698456
>../../../../class2/gly1//data/domains/Catalytic_domain/structures/GlyRS-A_AF_Arch_Thermoplasma_acidophilum_DSM_1728_gene1455843.pdb
-0.328615 -0.882823 -0.335612    38.302222
 0.768632 -0.043488 -0.638212    76.368502
 0.548833 -0.467688  0.692857   -16.888798
>../../../../class2/gly1//data/domains/Catalytic_domain/structures/GlyRS-A_AF_Bact_Capnocytophaga_ochracea_DSM_7271_gene29675716.pdb
 0.217502  0.938540  0.268022    38.092376
-0.420299 -0.157776  0.893563    75.038695
 0.880932 -0.307001  0.360151   -17.557233
>../../../../class2/gly1//data/domains/Catalytic_domain/structures/GlyRS-A_AF_Bact_Corynebacterium_ulcerans_809_gene75260805.pdb
-0.787176  0.537589 -0.302245    36.782212
 0.283043 -0.120507 -0.951506    74.764916
-0.547942 -0.834552 -0.057300   -13.207363
>../../../../class2/gly1//data/domains/Catalytic_domain/structures/GlyRS-A_AF_Bact_Treponema_denticola_ATCC_35405_gene2741635.pdb
 0.830889 -0.486008  0.270961    35.954858
-0.524920 -0.523051  0.671473    73.600395
-0.184615 -0.700153 -0.689712   -15.103146
>../../../../class2/gly1//data/domains/Catalytic_domain/structures/GlyRS-A_PDB_Bact_T_thermophilus_1ati.pdb
-0.383806  0.213380 -0.898422    69.486348
-0.687500 -0.715563  0.123750   114.899053
-0.616471  0.665161  0.421336   -37.863809
>../../../../class2/sep//data/domains/Catalytic_domain/structures/SepRS_AF_Arch_Methanothrix_thermoacetophila_PT_gene4462697.pdb
 0.586625  0.261773  0.766385    31.577948
 0.761778  0.142853 -0.631892    63.577929
-0.274893  0.954499 -0.115612   -17.623903
>../../../../class2/sep//data/domains/Catalytic_domain/structures/SepRS_AF_Arch_unclassified_Candidatus_Bathyarchaeota_proteinUCD26266.1.pdb
-0.667059  0.736310  0.113490    22.921240
-0.549231 -0.588954  0.592856    65.075149
 0.503367  0.333138  0.797271   -18.454629
>../../../../class2/sep//data/domains/Catalytic_domain/structures/SepRS_AF_Arch_unclassified_Lokiarchaeota_proteinTFF69421.1.pdb
-0.303738 -0.774334 -0.555112    23.256060
-0.601316 -0.296138  0.742106    64.266524
-0.739028  0.559204 -0.375671   -22.974534
>../../../../class2/sep//data/domains/Catalytic_domain/structures/SepRS_AF_Arch_unclassified_Thermoprotei_proteinRLF12424.1.pdb
 0.524480  0.612013  0.591913    25.965064
-0.634030 -0.183259  0.751281    63.760758
 0.568267 -0.769322  0.291919   -15.396606
>../../../../class2/sep//data/domains/Catalytic_domain/structures/SepRS_PDB_Arch_2DU4_A_fulgidus.pdb
 0.999994 -0.003291  0.001055     0.317646
 0.003307  0.999872 -0.015644    -0.311737
-0.001003  0.015647  0.999877    -1.329713
>../../../../class2/sep//data/domains/Catalytic_domain/structures/SepRS_PDB_Arch_2ODR_M_maripadulis.pdb
-0.301901 -0.789335  0.534608    42.376389
 0.180679  0.503237  0.845049    20.936863
-0.936061  0.351714 -0.009311    42.980251
