>../../../../class2/gly1//data/domains/Catalytic_domain/structures/GlyRS-A_AF_Arch_Candidatus_Nitrosopumilus_sediminis_gene13697160.pdb
 1.000000 -0.000000  0.000000     0.000000
 0.000000  1.000000  0.000000     0.000000
-0.000000  0.000000  1.000000     0.000000
>../../../../class2/gly1//data/domains/Catalytic_domain/structures/GlyRS-A_AF_Arch_Candidatus_Woesearchaeota_archaeon_proteinMBT4248212.1.pdb
 0.054738  0.502936 -0.862589    -1.249167
-0.140938 -0.851343 -0.505323     1.980910
-0.988504  0.149231  0.024282     0.597609
>../../../../class2/gly1//data/domains/Catalytic_domain/structures/GlyRS-A_AF_Arch_Methanosalsum_zhilinae_DSM_4017_gene10821854.pdb
 0.881253  0.467837 -0.067246     2.762802
-0.402208  0.667569 -0.626562     1.038883
-0.248237  0.579207  0.776465    -0.717728
>../../../../class2/gly1//data/domains/Catalytic_domain/structures/GlyRS-A_AF_Arch_Sulfolobus_islandicus_YN1551_gene7810979.pdb
-0.222244 -0.440648  0.869734     1.345550
-0.628073 -0.617594 -0.473394    -1.448602
 0.745743 -0.651465 -0.139502     1.531261
>../../../../class2/gly1//data/domains/Catalytic_domain/structures/GlyRS-A_AF_Arch_Thermoplasma_acidophilum_DSM_1728_gene1455843.pdb
 0.964103 -0.233269 -0.126851    -0.027740
 0.253317  0.951230  0.176044    -0.178150
 0.079599 -0.201858  0.976175     0.002430
>../../../../class2/gly1//data/domains/Catalytic_domain/structures/GlyRS-A_AF_Bact_Capnocytophaga_ochracea_DSM_7271_gene29675716.pdb
 0.115610 -0.371257  0.921305    -1.596381
-0.406235 -0.864079 -0.297221     0.143920
 0.906426 -0.339905 -0.250714     0.141006
>../../../../class2/gly1//data/domains/Catalytic_domain/structures/GlyRS-A_AF_Bact_Corynebacterium_ulcerans_809_gene75260805.pdb
-0.017063 -0.604833 -0.796170     0.815483
 0.883342 -0.382167  0.271393     0.569406
-0.468418 -0.698660  0.540795     4.266686
>../../../../class2/gly1//data/domains/Catalytic_domain/structures/GlyRS-A_AF_Bact_Treponema_denticola_ATCC_35405_gene2741635.pdb
-0.596363 -0.786654  0.159771    -1.234750
-0.802618  0.587461 -0.103416     1.637451
-0.012507 -0.189908 -0.981722     3.393335
>../../../../class2/gly1//data/domains/Catalytic_domain/structures/GlyRS-A_PDB_Bact_T_thermophilus_1ati.pdb
-0.885931 -0.240382  0.396666    18.210534
 0.461114 -0.364258  0.809130   -25.293079
-0.050011  0.899741  0.433550   -44.003224
>../../../../class2/sep//data/domains/Catalytic_domain/structures/SepRS_AF_Arch_Methanothrix_thermoacetophila_PT_gene4462697.pdb
 0.449844  0.637776 -0.625206   -10.823641
-0.489895 -0.409113 -0.769824     5.795579
-0.746755  0.652586  0.128406     7.743899
>../../../../class2/sep//data/domains/Catalytic_domain/structures/SepRS_AF_Arch_unclassified_Candidatus_Bathyarchaeota_proteinUCD26266.1.pdb
-0.142962 -0.344477  0.927846    -9.594920
 0.538161 -0.813832 -0.219228    14.490620
 0.830629  0.467989  0.301731     7.605927
>../../../../class2/sep//data/domains/Catalytic_domain/structures/SepRS_AF_Arch_unclassified_Lokiarchaeota_proteinTFF69421.1.pdb
-0.895327  0.091678  0.435871   -13.082874
 0.385836  0.648546  0.656139    14.800086
-0.222529  0.755635 -0.616033     4.285298
>../../../../class2/sep//data/domains/Catalytic_domain/structures/SepRS_AF_Arch_unclassified_Thermoprotei_proteinRLF12424.1.pdb
-0.251359 -0.664095  0.704128    -7.806365
-0.645288 -0.427238 -0.633302    11.494028
 0.721402 -0.613552 -0.321143    11.050874
>../../../../class2/sep//data/domains/Catalytic_domain/structures/SepRS_PDB_Arch_2DU4_A_fulgidus.pdb
-0.057649  0.829785  0.555097   -51.936806
-0.982060  0.052861 -0.181010    30.257936
-0.179542 -0.555574  0.811851    63.046442
>../../../../class2/sep//data/domains/Catalytic_domain/structures/SepRS_PDB_Arch_2ODR_M_maripadulis.pdb
-0.355896  0.655063  0.666506   -12.901333
 0.471460  0.741646 -0.477166   -17.934706
-0.806885  0.144409 -0.572785    78.819732
