>../../../../class1/glu2//data/domains/Catalytic_domain/structures/GlxRS_AF_Arch_Candidatus_Korarchaeum_cryptofilum_OPF8_gene6094352.pdb
 0.050896 -0.972523  0.227177     3.234608
 0.151635 -0.217310 -0.964253    14.536485
 0.987125  0.083525  0.136408     0.756721
>../../../../class1/glu2//data/domains/Catalytic_domain/structures/GlxRS_AF_Arch_Methanothrix_soehngenii_GP6_gene10459943.pdb
-0.394984  0.913759  0.095038     1.616809
 0.874647  0.405678 -0.265363    12.734868
-0.281033 -0.021689 -0.959453    -1.377646
>../../../../class1/glu2//data/domains/Catalytic_domain/structures/GlxRS_AF_Arch_Nitrosopumilus_maritimus_SCM1_gene5773999.pdb
 0.900353 -0.216820  0.377298     2.766396
-0.303591  0.308204  0.901578    14.374954
-0.311765 -0.926283  0.211668    -2.458145
>../../../../class1/glu2//data/domains/Catalytic_domain/structures/GlxRS_AF_Arch_Sulfolobus_islandicus_LAL14_1_gene15298417.pdb
-0.055030  0.873552 -0.483609     0.213925
-0.994392 -0.091755 -0.052586    10.009909
-0.090310  0.478004  0.873703     1.756773
>../../../../class1/glu2//data/domains/Catalytic_domain/structures/GlxRS_AF_Euk_Cyathus_striatus_proteinKAF9013924.1.pdb
 0.071116  0.763688  0.641657     3.659106
 0.994213 -0.002347 -0.107397    22.654475
-0.080511  0.645581 -0.759436    -1.578809
>../../../../class1/glu2//data/domains/Catalytic_domain/structures/GlxRS_AF_Euk_Lichtheimia_hyalospora_proteinKAI7879902.1.pdb
 0.364814 -0.248134  0.897408    -4.798997
 0.737139 -0.511840 -0.441186    15.274134
 0.568802  0.822465 -0.003817     1.771788
>../../../../class1/glu2//data/domains/Catalytic_domain/structures/GlxRS_AF_Euk_Medicago_truncatula_gene11407510.pdb
 0.292755  0.453866  0.841606     5.466052
 0.920334 -0.372510 -0.119251    19.566977
 0.259383  0.809470 -0.526763     5.225739
>../../../../class1/glu2//data/domains/Catalytic_domain/structures/GlxRS_AF_Euk_Xylariaceae_sp_FL0804_proteinKAI0483267.1.pdb
-0.334733  0.313737 -0.888551    -7.818622
-0.805578 -0.584478  0.097103    13.161083
-0.488874  0.748301  0.448384    -1.166902
>../../../../class1/glu2//data/domains/Catalytic_domain/structures/GlxRS_PDB_Arch_M_thermau_3AII.pdb
-0.819673  0.375247  0.432812   -40.697577
-0.516469 -0.810940 -0.275021    61.596894
 0.247783 -0.448961  0.858509   -36.342543
>../../../../class1/met//data/domains/Catalytic_domain/structures/MetRS_AF_Arch_Aciduliprofundum_boonei_T469_gene8827030.pdb
 0.671306  0.739789  0.045393     2.436819
-0.681218  0.639970 -0.355499     8.573615
-0.292045  0.207727  0.933574    -1.543903
>../../../../class1/met//data/domains/Catalytic_domain/structures/MetRS_AF_Arch_Candidatus_Korarchaeum_cryptofilum_OPF8_gene6093355.pdb
-0.111431 -0.498685 -0.859591     4.411549
 0.352976 -0.828438  0.434854     6.706818
-0.928973 -0.254959  0.268338     1.043386
>../../../../class1/met//data/domains/Catalytic_domain/structures/MetRS_AF_Arch_Candidatus_Nitrosopumilus_sediminis_gene13696902.pdb
-0.738712 -0.670999 -0.063754     1.596168
-0.559778  0.663440 -0.496484     5.125640
 0.375437 -0.331070 -0.865702     0.110765
>../../../../class1/met//data/domains/Catalytic_domain/structures/MetRS_AF_Arch_Halalkalicoccus_jeotgali_B3_gene9420443.pdb
 0.747592  0.639832  0.178108     2.211195
-0.555448  0.749346 -0.360496     4.741257
-0.364121  0.170574  0.915598    -1.701301
>../../../../class1/met//data/domains/Catalytic_domain/structures/MetRS_AF_Bact_Bacillus_anthracis_str_Ames_Ancestor_gene45024892.pdb
-0.390761  0.697183  0.601034     2.752132
 0.505514 -0.383136  0.773086     5.080059
 0.769260  0.605923 -0.202721    -0.907323
>../../../../class1/met//data/domains/Catalytic_domain/structures/MetRS_AF_Bact_Brucella_suis_1330_gene45052047.pdb
-0.031954 -0.546155 -0.837074     1.601423
 0.479691 -0.743123  0.466545     3.618201
-0.876855 -0.386629  0.285732     2.321028
>../../../../class1/met//data/domains/Catalytic_domain/structures/MetRS_AF_Bact_Chlamydia_psittaci_6BC_gene12243105.pdb
 1.000000  0.000000  0.000000     0.000000
 0.000000  1.000000  0.000000     0.000000
 0.000000  0.000000  1.000000     0.000000
>../../../../class1/met//data/domains/Catalytic_domain/structures/MetRS_AF_Bact_Mycoplasma_hyopneumoniae_168-L_gene57101263.pdb
 0.954698  0.270931  0.123075    -0.326217
-0.289751  0.940581  0.177064     2.738330
-0.067789 -0.204704  0.976474     0.077599
>../../../../class1/met//data/domains/Catalytic_domain/structures/MetRS_AF_Bact_Nocardia_farcinica_IFM_10152_gene61135500.pdb
 0.407333 -0.770616 -0.490134     1.007186
 0.740688 -0.035214  0.670925     2.535085
-0.534285 -0.636326  0.556442     3.325898
>../../../../class1/met//data/domains/Catalytic_domain/structures/MetRS_AF_Bact_Prochlorococcus_marinus_subsp_marinus_str_CCMP1375_gene54200313.pdb
-0.986785 -0.091074 -0.134015     0.615740
-0.099731  0.993242  0.059356     3.040950
 0.127703  0.071937 -0.989200     1.832956
>../../../../class1/met//data/domains/Catalytic_domain/structures/MetRS_AF_Bact_Streptobacillus_moniliformis_DSM_12112_gene29673607.pdb
-0.195300 -0.283650  0.938829    -0.514733
 0.167938 -0.952796 -0.252934     6.182225
 0.966258  0.108267  0.233717     0.811229
>../../../../class1/met//data/domains/Catalytic_domain/structures/MetRS_AF_Bact_Treponema_denticola_ATCC_35405_gene2740824.pdb
-0.957089 -0.289339  0.016262     3.116081
-0.264423  0.848952 -0.457561     4.587926
 0.118584 -0.442226 -0.889030     2.474500
>../../../../class1/met//data/domains/Catalytic_domain/structures/MetRS_AF_Euk_Drosophila_melanogaster_gene37177.pdb
 0.661609  0.675960 -0.324579    -3.975366
-0.716398  0.441966 -0.539851    -2.285487
-0.221465  0.589699  0.776665    -1.778874
>../../../../class1/met//data/domains/Catalytic_domain/structures/MetRS_AF_Euk_Oryza_sativa_Japonica_Group_gene4341140.pdb
 0.252339  0.849241 -0.463805    -2.276733
-0.771122 -0.113067 -0.626567     2.049482
-0.584548  0.515758  0.626337    -4.393903
>../../../../class1/met//data/domains/Catalytic_domain/structures/MetRS_AF_Euk_Scheffersomyces_stipitis_CBS_6054_gene4836672.pdb
-0.544509 -0.838006 -0.035427    -2.814682
-0.632892  0.438216 -0.638291     4.227089
 0.550416 -0.325133 -0.768980     8.151592
>../../../../class1/met//data/domains/Catalytic_domain/structures/MetRS_AF_Euk_Trypanosoma_brucei_brucei_TREU927_gene3662741.pdb
 0.014312 -0.162476  0.986609    -1.317625
 0.058296 -0.984896 -0.163039     3.048307
 0.998197  0.059849 -0.004624     4.029219
>../../../../class1/met//data/domains/Catalytic_domain/structures/MetRS_AF_Mito_Arvicanthis_niloticus_gene117706247.pdb
-0.093733 -0.851871  0.515295    -1.863580
-0.464905 -0.420228 -0.779276     4.235021
 0.880385 -0.312608 -0.356650     2.199845
>../../../../class1/met//data/domains/Catalytic_domain/structures/MetRS_AF_Mito_Brachypodium_distachyon_gene100843706.pdb
 0.775327  0.626373  0.080772    -0.291148
-0.611842  0.776661 -0.149822     4.389087
-0.156577  0.066742  0.985408     0.535284
>../../../../class1/met//data/domains/Catalytic_domain/structures/MetRS_AF_Vir_Megavirus_chiliensis_gene11256705.pdb
-0.704269 -0.708896 -0.038373     2.721474
-0.551739  0.580550 -0.598787     5.370521
 0.446755 -0.400536 -0.799988    -1.347528
>../../../../class1/met//data/domains/Catalytic_domain/structures/MetRS_PDB_Arch_P_abyssi_1RQG.pdb
-0.181194 -0.005632  0.983431   -87.153571
 0.201008 -0.979085  0.031428    23.444700
 0.962686  0.203373  0.178536   -39.585864
>../../../../class1/met//data/domains/Catalytic_domain/structures/MetRS_PDB_Bact_E_coli_1PFV.pdb
 0.241124 -0.643013 -0.726907    27.936634
 0.923489 -0.078257  0.375558   -13.715256
-0.298374 -0.761847  0.574946    -9.669737
>../../../../class1/met//data/domains/Catalytic_domain/structures/MetRS_PDB_Bact_T_therm_1WOY.pdb
-0.378899 -0.907318  0.182237   -40.794679
 0.408196  0.012874  0.912803  -111.087782
-0.830549  0.420249  0.365486   -35.467855
