>../../../../class2//phe3/data/domains/PheRS-Aα_IM//structures/PheRS-Aα_AF_Arch_Candidatus_Nitrosopumilus_koreensis_AR1_gene13724458.pdb
 0.464253 -0.533107  0.707295   -17.309234
-0.519247 -0.810763 -0.270271     0.455533
 0.717532 -0.241787 -0.653213     6.319926
>../../../../class2//phe3/data/domains/PheRS-Aα_IM//structures/PheRS-Aα_AF_Arch_Haloterrigena_turkmenica_DSM_5511_gene8744248.pdb
-0.381380  0.646437  0.660808    -6.040381
 0.547989 -0.417602  0.724788     2.783381
 0.744485  0.638535 -0.194975     3.286803
>../../../../class2//phe3/data/domains/PheRS-Aα_IM//structures/PheRS-Aα_AF_Arch_Thermoplasma_volcanium_GSS1_gene1441177.pdb
 0.394617 -0.648907 -0.650536    -5.158383
 0.908894  0.171748  0.380020     5.207179
-0.134869 -0.741231  0.657562     4.362974
>../../../../class2//phe3/data/domains/PheRS-Aα_IM//structures/PheRS-Aα_AF_Arch_Thermosphaera_aggregans_DSM_11486_gene9165306.pdb
 0.083245 -0.255857  0.963124     0.441525
-0.395087 -0.895750 -0.203810     3.062528
 0.914864 -0.363551 -0.175652     1.209209
>../../../../class2//phe3/data/domains/PheRS-Aα_IM//structures/PheRS-Aα_AF_Euk_Cyanidioschyzon_merolae_strain_10D_gene16993638.pdb
-0.188376  0.103675 -0.976609    -8.813492
 0.297688 -0.941602 -0.157379     5.881892
-0.935893 -0.320372  0.146512    -4.812574
>../../../../class2//phe3/data/domains/PheRS-Aα_IM//structures/PheRS-Aα_AF_Euk_Megalobrama_amblycephala_gene125266654.pdb
 1.000000  0.000000  0.000000    -0.000000
 0.000000  1.000000  0.000000    -0.000000
 0.000000  0.000000  1.000000     0.000000
>../../../../class2//phe3/data/domains/PheRS-Aα_IM//structures/PheRS-Aα_AF_Euk_Plasmodium_falciparum_3D7_gene813233.pdb
-0.677481 -0.733474  0.055093    -4.048931
-0.682774  0.599256 -0.417986    -4.543541
 0.273568 -0.320794 -0.906781    -5.774551
>../../../../class2//phe3/data/domains/PheRS-Aα_IM//structures/PheRS-Aα_AF_Euk_Schizosaccharomyces_pombe_gene2543647.pdb
-0.873612  0.453875  0.175498    -8.270737
 0.451588  0.621793  0.639876     2.738683
 0.181300  0.638256 -0.748170    -4.520126
>../../../../class2//phe3/data/domains/PheRS-Aα_IM//structures/PheRS-Aα_PDB_Euk.B_H_sapiens_3L4G.C.pdb
-0.098936  0.979869 -0.173401  -122.955997
 0.346768  0.197283  0.916969    -2.019124
 0.932718  0.030591 -0.359306   -48.007030
