>../../../../class2/gly2//data/domains/Catalytic_domain/structures/GlyRS-Bα_AF_Bact_Brachyspira_pilosicoli_95_1000_gene56440230.pdb
-0.941608  0.304641 -0.143419   -17.507554
 0.334921  0.803504 -0.492148    -3.109399
-0.034691 -0.511445 -0.858616    -9.458199
>../../../../class2/gly2//data/domains/Catalytic_domain/structures/GlyRS-Bα_AF_Bact_Chlamydia_pneumoniae_TW-183_gene45051002.pdb
 0.546816  0.836556 -0.034164     1.198194
-0.574305  0.345078 -0.742358    -0.269357
-0.609235  0.425554  0.669132     1.484751
>../../../../class2/gly2//data/domains/Catalytic_domain/structures/GlyRS-Bα_AF_Bact_Lacticaseibacillus_paracasei_gene61269714.pdb
-0.155271 -0.281157 -0.947017   -17.749699
-0.682461 -0.662578  0.308606    -4.949407
-0.714240  0.694220 -0.089000    -9.577541
>../../../../class2/gly2//data/domains/Catalytic_domain/structures/GlyRS-Bα_AF_Bact_Prochlorococcus_marinus_subsp_marinus_str_CCMP1375_gene54200602.pdb
 0.161607 -0.466068 -0.869864   -18.123634
 0.007446 -0.880850  0.473337    -5.101356
-0.986827 -0.082971 -0.138881    -9.412430
>../../../../class2/gly2//data/domains/Catalytic_domain/structures/GlyRS-Bα_AF_Bact_Salmonella_enterica_subsp_enterica_serovar_Typhimurium_str_LT2_gene1255180.pdb
 0.703042 -0.710758  0.023544   -17.044124
 0.007878  0.040889  0.999133    -5.647351
-0.711105 -0.702247  0.034346    -8.083836
>../../../../class2/gly2//data/domains/Catalytic_domain/structures/GlyRS-Bα_AF_Bact_Streptobacillus_moniliformis_DSM_12112_gene29673275.pdb
 0.033355 -0.268510 -0.962699   -17.782433
-0.164940 -0.951507  0.259673    -4.830736
-0.985739  0.150126 -0.076025    -9.164961
>../../../../class2/gly2//data/domains/Catalytic_domain/structures/GlyRS-Bα_AF_Euk_Ostreococcus_tauri_gene9837276.pdb
 1.000000  0.000000  0.000000     0.000000
 0.000000  1.000000  0.000000     0.000000
 0.000000  0.000000  1.000000     0.000000
>../../../../class2/gly2//data/domains/Catalytic_domain/structures/GlyRS-Bα_AF_Euk_Vulpes_lagopus_gene121489478.pdb
 0.973802 -0.122720  0.191442   -21.533655
 0.204401  0.841311 -0.500417    -4.572772
-0.099651  0.526437  0.844354   -10.149640
>../../../../class2/gly2//data/domains/Catalytic_domain/structures/GlyRS-Bα_AF_Mito_Nymphaea_colorata_gene116265348.pdb
 0.527026  0.839651 -0.131263     0.576224
-0.327572  0.058183 -0.943033     1.135977
-0.784182  0.540001  0.305710     2.360910
>../../../../class2/gly2//data/domains/Catalytic_domain/structures/GlyRS-Bα_PDB_Bact_A_aeolicus_5f5w.pdb
-0.160045  0.597089 -0.786047   -33.922943
-0.862135  0.303264  0.405899   -49.381250
 0.480738  0.742641  0.466236     6.497193
>../../../../class2/gly2//data/domains/Catalytic_domain/structures/GlyRS-Bα_PDB_Bact_C_jejuni_3ufg.pdb
 0.616673  0.446893  0.648075   -45.691984
-0.729575  0.633668  0.257266    -4.490517
-0.295694 -0.631468  0.716808    16.413580
>../../../../class2/gly2//data/domains/Catalytic_domain/structures/GlyRS-Bα_PDB_Bact_T_maritima_1j5w.pdb
 0.630116 -0.682404 -0.370510    -0.606782
-0.467710 -0.714432  0.520417    51.395813
-0.619839 -0.154632 -0.769343    31.310001
>../../../../class2/pro1//data/domains/Catalytic_domain/structures/ProRS-A_AF_Arch_Candidatus_Nitrosopumilus_sediminis_gene13697692.pdb
 0.185944  0.892019  0.411979   -11.621699
-0.939371  0.038443  0.340741   -18.835159
 0.288110 -0.450360  0.845085    -9.290665
>../../../../class2/pro1//data/domains/Catalytic_domain/structures/ProRS-A_AF_Arch_Halogeometricum_borinquense_DSM_11551_gene9994169.pdb
-0.325954 -0.806513 -0.493246   -12.129313
 0.294863  0.408983 -0.863590   -19.408640
 0.898226 -0.426931  0.104501    -9.735918
>../../../../class2/pro1//data/domains/Catalytic_domain/structures/ProRS-A_AF_Arch_Picrophilus_torridus_DSM_9790_gene2845069.pdb
 0.064895 -0.978563 -0.195458   -13.522718
 0.384471  0.205267 -0.900026   -17.261766
 0.920853 -0.016741  0.389550    -8.536752
>../../../../class2/pro1//data/domains/Catalytic_domain/structures/ProRS-A_AF_Arch_Sulfurisphaera_tokodaii_str_7_gene1459472.pdb
-0.426016  0.875561 -0.227823   -12.525965
-0.883325 -0.348106  0.313940   -18.242574
 0.195567  0.334985  0.921704    -8.596343
>../../../../class2/pro1//data/domains/Catalytic_domain/structures/ProRS-A_AF_Bact_Bacillus_anthracis_str_Ames_Ancestor_gene45020455.pdb
-0.141069  0.928805  0.342668   -12.762828
 0.938515  0.235634 -0.252321   -18.647359
-0.315101  0.286004 -0.904938    -9.422035
>../../../../class2/pro1//data/domains/Catalytic_domain/structures/ProRS-A_AF_Bact_Mycoplasma_hyopneumoniae_168-L_gene57101275.pdb
-0.703577 -0.148647 -0.694898   -10.601807
 0.464614  0.643689 -0.608110   -18.377609
 0.537692 -0.750712 -0.383821    -8.163449
>../../../../class2/pro1//data/domains/Catalytic_domain/structures/ProRS-A_AF_Bact_Porphyromonas_gingivalis_ATCC_33277_gene29256199.pdb
-0.228243 -0.826832 -0.514057   -11.988870
 0.312889  0.437692 -0.842927   -17.412168
 0.921957 -0.353235  0.158807    -8.931457
>../../../../class2/pro1//data/domains/Catalytic_domain/structures/ProRS-A_AF_Bact_Thermus_thermophilus_HB8_gene3169620.pdb
-0.542203 -0.498476 -0.676415   -11.506456
 0.344466  0.602393 -0.720045   -18.184815
 0.766393 -0.623413 -0.154911    -8.410885
>../../../../class2/pro1//data/domains/Catalytic_domain/structures/ProRS-A_AF_Euk_Cryptococcus_gattii_WM276_gene10188341.pdb
-0.625190 -0.618623 -0.475860   -10.678133
 0.227768  0.438550 -0.869365   -20.669082
 0.746498 -0.651904 -0.133274    -7.219886
>../../../../class2/pro1//data/domains/Catalytic_domain/structures/ProRS-A_AF_Euk_Ostreococcus_tauri_gene9837972.pdb
-0.729810 -0.159735 -0.664727   -16.472294
 0.502778  0.533437 -0.680191   -20.584070
 0.463240 -0.830620 -0.308996    -4.509162
>../../../../class2/pro1//data/domains/Catalytic_domain/structures/ProRS-A_AF_Euk_Plasmodium_yoelii_gene3807174.pdb
 0.117415  0.989103  0.088816   -12.302935
 0.957225 -0.088906 -0.275345   -19.297468
-0.264449  0.117346 -0.957234   -12.768266
>../../../../class2/pro1//data/domains/Catalytic_domain/structures/ProRS-A_AF_Euk_Scheffersomyces_stipitis_CBS_6054_gene4840393.pdb
-0.209616 -0.957776 -0.196789    -8.770189
 0.244692  0.143473 -0.958927   -19.293999
 0.946672 -0.249159  0.204286    -5.277745
>../../../../class2/pro1//data/domains/Catalytic_domain/structures/ProRS-A_AF_Mito_Mauremys_reevesii_gene120369760.pdb
 0.599240 -0.171799  0.781919   -10.188304
 0.705241 -0.348949 -0.617146   -16.217919
 0.378875  0.921260 -0.087944   -10.140451
>../../../../class2/pro1//data/domains/Catalytic_domain/structures/ProRS-A_AF_Mito_Oryza_sativa_Japonica_Group_gene4342480.pdb
-0.639816 -0.494898 -0.587972   -14.820382
 0.371599  0.470467 -0.800359   -20.839607
 0.672718 -0.730573 -0.117108    -3.972720
>../../../../class2/pro1//data/domains/Catalytic_domain/structures/ProRS-A_PDB_Arch_M_janacshii_1nj8.pdb
-0.429232 -0.517425  0.740291    22.154875
 0.884929 -0.076924  0.459330  -119.175763
-0.180723  0.852264  0.490903   -51.365422
