>../../../../class1/glu1//data/domains/Catalytic_domain/structures/GluRS_AF_Bact_Bifidobacterium_animalis_subsp_lactis_BLC1_gene66532600.pdb
 0.985304 -0.170359 -0.012360     6.256798
 0.109997  0.688214 -0.717121     4.671859
 0.130674  0.705223  0.696839     5.574068
>../../../../class1/glu1//data/domains/Catalytic_domain/structures/GluRS_AF_Bact_Chlamydia_psittaci_6BC_gene12242467.pdb
 1.000000  0.000000  0.000000     0.000000
 0.000000  1.000000  0.000000     0.000000
 0.000000  0.000000  1.000000     0.000000
>../../../../class1/glu1//data/domains/Catalytic_domain/structures/GluRS_AF_Bact_[Eubacterium]_eligens_ATCC_27750_gene41357084.pdb
 0.843762 -0.301687 -0.443904     4.055661
 0.202109  0.944787 -0.257934     4.907587
 0.497209  0.127918  0.858149     6.734457
>../../../../class1/glu1//data/domains/Catalytic_domain/structures/GluRS_AF_Bact_Mycoplasma_hyopneumoniae_168-L_gene57101016.pdb
 0.842925 -0.235322 -0.483839     4.434467
 0.064517  0.936999 -0.343324     4.254422
 0.534148  0.258181  0.805002     5.044031
>../../../../class1/glu1//data/domains/Catalytic_domain/structures/GluRS_AF_Bact_Paracoccus_denitrificans_PD1222_gene75500422.pdb
 0.781327 -0.272515 -0.561484     3.513039
 0.164611  0.957762 -0.235785     4.910180
 0.602023  0.091799  0.793184     6.205516
>../../../../class1/glu1//data/domains/Catalytic_domain/structures/GluRS_AF_Bact_Porphyromonas_gingivalis_ATCC_33277_gene29255772.pdb
-0.398984  0.187974  0.897484     4.937135
-0.374193 -0.926935  0.027791     4.634683
 0.837133 -0.324743  0.440171     4.710797
>../../../../class1/glu1//data/domains/Catalytic_domain/structures/GluRS_AF_Bact_Prochlorococcus_marinus_subsp_marinus_str_CCMP1375_gene54199839.pdb
-0.252887 -0.495583  0.830931     4.929051
-0.966770  0.096167 -0.236872     4.770196
 0.037482 -0.863220 -0.503434     6.105451
>../../../../class1/glu1//data/domains/Catalytic_domain/structures/GluRS_AF_Bact_Treponema_pallidum_subsp_pertenue_str_SamoaD_gene57879197.pdb
 0.940666 -0.117281 -0.318422     6.695866
-0.032297  0.903170 -0.428066     5.647367
 0.337793  0.412951  0.845794     4.060385
>../../../../class1/glu1//data/domains/Catalytic_domain/structures/GluRS_AF_Euk_Arabidopsis_thaliana_gene836526.pdb
-0.825200 -0.490077  0.280838     5.973717
-0.212681  0.730194  0.649295     4.264230
-0.523270  0.476069 -0.706786     0.311563
>../../../../class1/glu1//data/domains/Catalytic_domain/structures/GluRS_AF_Euk_Cryptococcus_neoformans_var_grubii_H99_gene23890400.pdb
-0.234297  0.078218  0.969013     7.550301
-0.589277 -0.804199 -0.077567     6.715059
 0.773212 -0.589191  0.234514     5.721088
>../../../../class1/glu1//data/domains/Catalytic_domain/structures/GluRS_AF_Euk_Ostreococcus_tauri_proteinOUS48355.1.pdb
-0.981822 -0.029767  0.187458     3.028437
 0.171989  0.278242  0.944987     7.368309
-0.080288  0.960050 -0.268065     1.628048
>../../../../class1/glu1//data/domains/Catalytic_domain/structures/GluRS_AF_Euk_Plasmodium_knowlesi_strain_H_gene7321821.pdb
 0.957592 -0.078861 -0.277126     5.131513
-0.052168  0.898464 -0.435937     4.339273
 0.283366  0.431906  0.856248     4.057196
>../../../../class1/glu1//data/domains/Catalytic_domain/structures/GluRS_AF_Mito_Cyanidioschyzon_merolae_strain_10D_gene16997617.pdb
-0.979547 -0.070038  0.188631     5.185624
 0.165937  0.249049  0.954169     7.524481
-0.113806  0.965955 -0.232334     3.345093
>../../../../class1/glu1//data/domains/Catalytic_domain/structures/GluRS_AF_Mito_Drosophila_melanogaster_gene39828.pdb
-0.842041 -0.360122  0.401596     6.764073
-0.029137  0.773784  0.632780     1.367857
-0.538627  0.521125 -0.662050     5.112291
>../../../../class1/glu1//data/domains/Catalytic_domain/structures/GluRS_PDB_Bact_T_therm_1J09.pdb
-0.093629 -0.046449  0.994523     5.457188
-0.542310 -0.835337 -0.090070    52.195234
 0.834945 -0.547773  0.053022   -12.411723
>../../../../class1/trp1//data/domains/Catalytic_domain/structures/TrpRS-A_AF_Arch_Natrialba_magadii_ATCC_43099_gene8824932.pdb
 0.653998 -0.755987 -0.027773    -4.365515
 0.739718  0.646750 -0.185828     1.367251
 0.158446  0.100987  0.982190     9.336929
>../../../../class1/trp1//data/domains/Catalytic_domain/structures/TrpRS-A_AF_Arch_Nitrosopumilus_maritimus_SCM1_gene5773245.pdb
 0.734586 -0.663078  0.143914    -4.562279
 0.676129  0.697571 -0.237159     2.920323
 0.056865  0.271517  0.960752     7.373124
>../../../../class1/trp1//data/domains/Catalytic_domain/structures/TrpRS-A_AF_Arch_Sulfolobus_islandicus_M1627_gene7814138.pdb
-0.806231 -0.488000 -0.334437    -6.225178
-0.562599  0.457613  0.688529     0.140966
-0.182959  0.743267 -0.643490     5.834884
>../../../../class1/trp1//data/domains/Catalytic_domain/structures/TrpRS-A_AF_Arch_Thermoplasma_acidophilum_DSM_1728_gene1456706.pdb
 0.346943  0.824548 -0.446935    -7.995446
-0.346316 -0.330229 -0.878074     1.188473
-0.871605  0.459423  0.170983    12.394701
>../../../../class1/trp1//data/domains/Catalytic_domain/structures/TrpRS-A_AF_Euk_Cryptococcus_neoformans_var_neoformans_JEC21_gene3254069.pdb
-0.146517  0.989050 -0.017688    -3.523938
-0.012666 -0.019755 -0.999725     1.862394
-0.989127 -0.146253  0.015421     8.986711
>../../../../class1/trp1//data/domains/Catalytic_domain/structures/TrpRS-A_AF_Euk_Cyanidioschyzon_merolae_strain_10D_gene16993299.pdb
 0.871695  0.028509  0.489220    -3.603284
 0.302548  0.754022 -0.583023     2.698062
-0.385504  0.656231  0.648651     7.749547
>../../../../class1/trp1//data/domains/Catalytic_domain/structures/TrpRS-A_AF_Euk_Drosophila_melanogaster_gene45399.pdb
 0.877492 -0.302898  0.371834     2.014950
 0.473646  0.669034 -0.572759     2.036185
-0.075282  0.678709  0.730538     9.049466
>../../../../class1/trp1//data/domains/Catalytic_domain/structures/TrpRS-A_AF_Euk_Saccharomyces_cerevisiae_S288C_gene854056.pdb
-0.549189 -0.009962 -0.835639    -3.394245
 0.698817 -0.553849 -0.452666     1.702777
-0.458308 -0.832557  0.311130     9.606293
>../../../../class1/trp1//data/domains/Catalytic_domain/structures/TrpRS-A_AF_Vir_Megavirus_chiliensis_gene11257301.pdb
 0.771513 -0.537289  0.340716    -4.689943
 0.622756  0.747336 -0.231655     1.498623
-0.130164  0.390907  0.911180     8.412766
>../../../../class1/trp1//data/domains/Catalytic_domain/structures/TrpRS-A_PDB_Arch_P_hori_3JXE.pdb
-0.961029 -0.160235  0.225274   -40.220629
-0.271812  0.696313 -0.664279   -23.892711
-0.050420 -0.699623 -0.712731    31.791286
>../../../../class1/trp1//data/domains/Catalytic_domain/structures/TrpRS-A_PDB_Euk_S_Cerevisiae_3KT3.pdb
 0.743133  0.538760  0.396853   104.858811
-0.578223  0.815515 -0.024367  -111.944256
-0.336767 -0.211362  0.917559   -16.844809
