>structures/ProRS-B_AF_Bact_Acinetobacter_baylyi_ADP1_gene45233245.pdb
 0.977223  0.171610  0.124839    -0.361110
-0.157040  0.980457 -0.118501     0.275216
-0.142736  0.096197  0.985075    -0.859424
>structures/ProRS-B_AF_Bact_Brachyspira_pilosicoli_95_1000_gene56438966.pdb
 0.617630 -0.606000 -0.501295    -0.180922
 0.768768  0.330721  0.547375     0.157118
-0.165920 -0.723455  0.670137     0.657523
>structures/ProRS-B_AF_Bact_Chlamydia_psittaci_6BC_gene12242703.pdb
-0.985252  0.171067  0.003832     0.302273
 0.160870  0.918427  0.361403    -4.487852
 0.058305  0.356689 -0.932402    -1.453606
>structures/ProRS-B_AF_Bact_Clostridium_acetobutylicum_DSM_1731_gene44999665.pdb
 1.000000 -0.000000  0.000000     0.000000
 0.000000  1.000000  0.000000     0.000000
-0.000000  0.000000  1.000000     0.000000
>structures/ProRS-B_AF_Bact_Corynebacterium_ulcerans_809_gene75260584.pdb
-0.878197  0.267267  0.396659     0.034432
 0.444180  0.148113  0.883610    -1.373447
 0.177410  0.952172 -0.248786    -1.102871
>structures/ProRS-B_AF_Bact_Prochlorococcus_marinus_subsp_marinus_str_CCMP1375_gene54199876.pdb
 0.998237  0.056369  0.018585    -0.110241
-0.051914  0.980991 -0.186982     0.177022
-0.028772  0.185687  0.982188    -1.996248
>structures/ProRS-B_AF_Bact_Streptobacillus_moniliformis_DSM_12112_gene29673723.pdb
 0.787082  0.615976 -0.032779    -0.384190
-0.456290  0.545633 -0.702911     0.199457
-0.415091  0.568205  0.710522     0.800238
>structures/ProRS-B_AF_Euk_Candida_albicans_SC5314_gene3640100.pdb
 0.947432  0.268672 -0.173750    -1.654793
-0.316408  0.867416 -0.384026    -3.080345
 0.047536  0.418815  0.906827     2.156942
>structures/ProRS-B_PDB_Bact_S_aureus_5znj.pdb
 0.825199  0.155708  0.542957   -13.977041
-0.391874  0.850106  0.351788    -6.701558
-0.406795 -0.503066  0.762524   -14.762743
>structures/ProRS_PDB_Bact_E_faecalis_2J3M.pdb
 0.691453  0.658038  0.298126   -16.336373
-0.494459  0.731951 -0.468784    28.019091
-0.526691  0.176731  0.831482     6.951736
