>structures/ProRS-B_AF_Bact_Acinetobacter_baylyi_ADP1_gene45233245.pdb
 0.987557  0.116121  0.106057    -0.320493
-0.124744  0.989067  0.078641     0.250802
-0.095765 -0.090892  0.991245     1.207528
>structures/ProRS-B_AF_Bact_Brachyspira_pilosicoli_95_1000_gene56438966.pdb
 0.579958 -0.603887 -0.546781    -0.160219
 0.756727  0.150792  0.636102     0.429789
-0.301684 -0.782676  0.544431     2.721226
>structures/ProRS-B_AF_Bact_Chlamydia_psittaci_6BC_gene12242703.pdb
-0.993674  0.111947  0.008953     0.637881
 0.111763  0.977920  0.176583    -4.503182
 0.011013  0.176467 -0.984245     1.518466
>structures/ProRS-B_AF_Bact_Clostridium_acetobutylicum_DSM_1731_gene44999665.pdb
 0.998182 -0.053811 -0.027135     0.061719
 0.058009  0.979958  0.190572     0.152971
 0.016336 -0.191799  0.981298     2.074211
>structures/ProRS-B_AF_Bact_Corynebacterium_ulcerans_809_gene75260584.pdb
-0.904848  0.234028  0.355641     0.178899
 0.419077  0.342473  0.840884    -1.392133
 0.074994  0.909914 -0.407962     1.277059
>structures/ProRS-B_AF_Bact_Prochlorococcus_marinus_subsp_marinus_str_CCMP1375_gene54199876.pdb
 0.999999 -0.001578  0.000672     0.011177
 0.001575  0.999990  0.004137    -0.047290
-0.000679 -0.004136  0.999991     0.041524
>structures/ProRS-B_AF_Bact_Streptobacillus_moniliformis_DSM_12112_gene29673723.pdb
 0.821331  0.570280 -0.013975    -0.366334
-0.480266  0.678055 -0.556404     0.503112
-0.307831  0.463704  0.830794     2.807325
>structures/ProRS-B_AF_Euk_Candida_albicans_SC5314_gene3640100.pdb
 0.961185  0.210292 -0.178608    -1.443157
-0.246396  0.945537 -0.212718    -2.496121
 0.124148  0.248470  0.960651     4.781991
>structures/ProRS-B_AF_Mito_Drosophila_melanogaster_gene38331.pdb
-0.438054 -0.544230  0.715488    -4.387606
-0.898649  0.244567 -0.364165    -1.009081
 0.023205 -0.802497 -0.596205     9.951372
>structures/ProRS-B_AF_Mito_Mauremys_reevesii_gene120369760.pdb
 0.439681  0.415075 -0.796488    -3.948174
-0.036245 -0.877883 -0.477501    -0.434723
-0.897422  0.238817 -0.370944     5.205681
>structures/ProRS-B_AF_Mito_Schizosaccharomyces_pombe_gene2540642.pdb
 0.893604 -0.009786 -0.448750    -3.020837
-0.044934  0.992790 -0.111129    -1.645067
 0.446602  0.119469  0.886721     8.522481
>structures/ProRS-B_PDB_Bact_S_aureus_5znj.pdb
 0.854238  0.122535  0.505234   -13.215666
-0.414922  0.746232  0.520555   -10.009714
-0.313236 -0.654311  0.688303   -11.288636
>structures/ProRS_PDB_Bact_E_faecalis_2J3M.pdb
 0.730315  0.613005  0.301438   -17.954364
-0.545193  0.788925 -0.283484    28.007198
-0.411589  0.042690  0.910369     3.301336
