>structures/Asn_Arch_1X54_P_horikoshii.pdb
 0.006818  0.137344 -0.990500    29.891164
-0.936743  0.347521  0.041740    -7.859934
 0.349953  0.927559  0.131025    -2.893100
>structures/Asn_Bact_6pqh_E_anophelis.pdb
-0.285103  0.417475  0.862804    45.314208
 0.077731 -0.887129  0.454929    26.738452
 0.955340  0.196768  0.220472    26.055895
>structures/Asn_Euk_1asz_S_cerevisiae.pdb
 0.865654 -0.457045  0.204337   -36.880305
-0.477047 -0.876848  0.059702    94.284302
 0.151886 -0.149159 -0.977078   -12.751728
>structures/Asparaginyl.A.Candidatus_Korarchaeota.NC_010482.1.pdb
 0.568659  0.657862 -0.493806     0.332215
-0.801266  0.307258 -0.513386     0.356200
-0.186012  0.687612  0.701848     0.597591
>structures/Asparaginyl.A.Candidatus_Thermoplasmatota.NC_005877.1.pdb
-0.906459 -0.227559  0.355738    -2.199153
-0.364969  0.845923 -0.388860    -5.373939
-0.212438 -0.482319 -0.849846    -1.473123
>structures/Asparaginyl.A.Euryarchaeota.NC_003413.1.pdb
-0.564765 -0.395871  0.724104     1.918724
-0.734291 -0.159399 -0.659855     0.969297
 0.376639 -0.904366 -0.200662     3.276037
>structures/Asparaginyl.A.Thaumarchaeota.NC_018719.1.pdb
-0.362838 -0.275368  0.890237     1.087040
-0.528129 -0.726327 -0.439919     2.245974
 0.767743 -0.629779  0.118109     2.559975
>structures/Asparaginyl.B.Bacteroidota.NC_010729.1.pdb
-0.382495 -0.462105  0.800098     1.366765
-0.585990 -0.548185 -0.596749     2.199431
 0.714362 -0.697103 -0.061111     1.864120
>structures/Asparaginyl.B.Firmicutes.NC_018631.1.pdb
-0.903924 -0.311412  0.293161     0.105813
-0.391905  0.877574 -0.276179     0.099223
-0.171265 -0.364537 -0.915304     0.896816
>structures/Asparaginyl.B.Proteobacteria.NC_010554.1.pdb
-0.112637 -0.076946  0.990652    -0.537781
 0.035699 -0.996667 -0.073354     2.910929
 0.992995  0.027103  0.115008    -0.508300
>structures/Asparaginyl.B.Spirochaetes.NC_002967.9.pdb
-0.527697 -0.453256  0.718397     1.344194
-0.662883 -0.309102 -0.681940     1.764922
 0.531152 -0.836071 -0.137344     2.769106
>structures/Asparaginyl.E.Basidiomycota.NC_026491.1.pdb
-0.822067 -0.107109  0.559226     4.679091
-0.283019  0.929092 -0.238091    -4.724975
-0.494071 -0.353999 -0.794090    -2.105374
>structures/Asparaginyl.E.Microsporidia.NC_003238.2.pdb
 1.000000 -0.000000  0.000000     0.000000
 0.000000  1.000000  0.000000     0.000000
-0.000000  0.000000  1.000000     0.000000
>structures/Asparaginyl.E.Rhodophyta.NC_010139.1.pdb
-0.778322 -0.394683  0.488303     0.697453
-0.627745  0.504420 -0.592872    -4.576855
-0.012314 -0.767975 -0.640362     0.161644
