>../../../../class1/leu1//data/domains/Catalytic_domain/structures/LeuRS-B_AF_Bact_Bifidobacterium_longum_subsp_longum_JCM_1217_gene69578373.pdb
-0.594184 -0.631796  0.497775    -9.628442
 0.014359  0.610439  0.791933     1.123240
-0.804201  0.477701 -0.353641    -3.020065
>../../../../class1/leu1//data/domains/Catalytic_domain/structures/LeuRS-B_AF_Bact_Brachyspira_pilosicoli_95_1000_gene56439070.pdb
 0.020068 -0.407841  0.912832    -6.723555
-0.668885  0.673118  0.315445     3.192941
-0.743095 -0.616910 -0.259291    -2.016764
>../../../../class1/leu1//data/domains/Catalytic_domain/structures/LeuRS-B_AF_Bact_Chlamydia_psittaci_6BC_gene12243068.pdb
 0.018155  0.084515 -0.996257    -6.281791
 0.816774  0.573449  0.063531     2.428988
 0.576672 -0.814870 -0.058619    -2.845245
>../../../../class1/leu1//data/domains/Catalytic_domain/structures/LeuRS-B_AF_Bact_Clostridium_botulinum_A_str_ATCC_3502_gene5187707.pdb
 0.991684  0.075712 -0.104070    -9.381828
-0.072755 -0.337222 -0.938610     4.890651
-0.106158  0.938376 -0.328909    -4.994980
>../../../../class1/leu1//data/domains/Catalytic_domain/structures/LeuRS-B_AF_Bact_Mycoplasma_hyopneumoniae_168-L_gene57101518.pdb
-0.476516  0.548577  0.687020    -9.377310
-0.709643 -0.701295  0.067769     2.588997
 0.518980 -0.455246  0.723472    -2.629235
>../../../../class1/leu1//data/domains/Catalytic_domain/structures/LeuRS-B_AF_Bact_Orientia_tsutsugamushi_str_Ikeda_gene66652454.pdb
 0.050720  0.287159 -0.956539    -7.026014
 0.913131  0.374583  0.160870     2.107942
 0.404498 -0.881605 -0.243216    -3.921944
>../../../../class1/leu1//data/domains/Catalytic_domain/structures/LeuRS-B_AF_Bact_Porphyromonas_gingivalis_ATCC_33277_gene29256038.pdb
-0.265136 -0.525316  0.808546    -6.626443
-0.486346  0.796930  0.358288     1.963106
-0.832569 -0.298238 -0.466780    -2.674327
>../../../../class1/leu1//data/domains/Catalytic_domain/structures/LeuRS-B_AF_Bact_Thermus_thermophilus_HB8_gene3168656.pdb
 0.981266  0.188428 -0.040146    -3.683878
 0.029201 -0.351440 -0.935755     1.835244
-0.190431  0.917052 -0.350359    -7.920031
>../../../../class1/leu1//data/domains/Catalytic_domain/structures/LeuRS-B_AF_Euk_Bathycoccus_prasinos_gene19015540.pdb
-0.062849 -0.091478 -0.993822    -7.827207
 0.857221  0.505007 -0.100695     1.606125
 0.511098 -0.858254  0.046678    -3.121363
>../../../../class1/leu1//data/domains/Catalytic_domain/structures/LeuRS-B_AF_Euk_Plasmodium_falciparum_3D7_gene2655460.pdb
-0.607298 -0.718104  0.339877    -5.529239
-0.007703  0.433104  0.901311     3.656526
-0.794437  0.544746 -0.268554    -8.122923
>../../../../class1/leu1//data/domains/Catalytic_domain/structures/LeuRS-B_AF_Euk_Thalassiosira_pseudonana_CCMP1335_gene7441753.pdb
-0.072765 -0.570410  0.818130    -5.475256
-0.648628  0.650196  0.395635    -0.209675
-0.757619 -0.501873 -0.417296    -7.007512
>../../../../class1/leu1//data/domains/Catalytic_domain/structures/LeuRS-B_AF_Mito_Homo_sapiens_gene23395.pdb
 0.122675 -0.063363 -0.990422    -8.246996
 0.839086  0.539552  0.069412     3.826552
 0.529987 -0.839564  0.119356    -1.347724
>../../../../class1/leu1//data/domains/Catalytic_domain/structures/LeuRS-B_AF_Mito_Treponema_denticola_ATCC_35405_gene2739434.pdb
-0.959260  0.223129  0.173305    -7.216949
-0.093686 -0.829922  0.549957     2.547084
 0.266540  0.511316  0.817014    -3.827332
>../../../../class1/leu1//data/domains/Catalytic_domain/structures/LeuRS-B_PDB_Bact_T_therm_2V0C.pdb
-0.704853 -0.004804 -0.709337    21.630654
 0.015059 -0.999853 -0.008192   -32.690161
-0.709193 -0.016456  0.704822    -4.264847
>../../../../class1/trp2//data/domains/Catalytic_domain/structures/TrpRS-B_AF_Bact_Anoxybacillus_flavithermus_WK1_gene7038388.pdb
-0.951655 -0.291610  0.096518    -2.877552
-0.259804  0.931779  0.253555    -3.662813
-0.163872  0.216222 -0.962494    -2.760196
>../../../../class1/trp2//data/domains/Catalytic_domain/structures/TrpRS-B_AF_Bact_Brachyspira_pilosicoli_95_1000_gene56440833.pdb
 0.158129  0.676114 -0.719628     0.061449
-0.035314 -0.724459 -0.688413    -0.062946
-0.986787  0.134271 -0.090681     0.783664
>../../../../class1/trp2//data/domains/Catalytic_domain/structures/TrpRS-B_AF_Bact_Helicobacter_cinaedi_PAGU611_gene66538868.pdb
-0.884986 -0.447481  0.128684    -2.291213
-0.454871  0.889921 -0.033661    -4.568022
-0.099456 -0.088324 -0.991114    -2.417501
>../../../../class1/trp2//data/domains/Catalytic_domain/structures/TrpRS-B_AF_Bact_Mycoplasma_hyopneumoniae_168-L_gene57101461.pdb
-0.763192 -0.612449  0.206017    -0.231597
-0.640464  0.759257 -0.115479    -4.618597
-0.085695 -0.220079 -0.971711    -1.582672
>../../../../class1/trp2//data/domains/Catalytic_domain/structures/TrpRS-B_AF_Bact_Porphyromonas_gingivalis_ATCC_33277_gene29255389.pdb
 0.082098 -0.236375  0.968187     1.020493
-0.124380 -0.966302 -0.225367    -0.018822
 0.988832 -0.101921 -0.108732    -0.120063
>../../../../class1/trp2//data/domains/Catalytic_domain/structures/TrpRS-B_AF_Bact_Prochlorococcus_marinus_subsp_marinus_str_CCMP1375_gene54200405.pdb
 0.840663 -0.441131 -0.314148     4.546647
 0.530737  0.786468  0.315889     1.193969
 0.107718 -0.432286  0.895279     4.126389
>../../../../class1/trp2//data/domains/Catalytic_domain/structures/TrpRS-B_AF_Bact_Streptomyces_albidoflavus_gene15147734.pdb
 0.044916 -0.596115  0.801642    -0.481264
-0.551159 -0.684058 -0.477796    -0.650661
 0.833190 -0.420371 -0.359280     0.258029
>../../../../class1/trp2//data/domains/Catalytic_domain/structures/TrpRS-B_AF_Bact_Thermus_thermophilus_HB8_gene3168998.pdb
 1.000000  0.000000  0.000000     0.000000
 0.000000  1.000000  0.000000     0.000000
 0.000000  0.000000  1.000000     0.000000
>../../../../class1/trp2//data/domains/Catalytic_domain/structures/TrpRS-B_AF_Mito_Bufo_gargarizans_gene122922343.pdb
 0.801521  0.597965  0.001274     0.938632
-0.479756  0.644341 -0.595533     0.433729
-0.356929  0.476721  0.803330    -0.161385
>../../../../class1/trp2//data/domains/Catalytic_domain/structures/TrpRS-B_AF_Mito_Cyanidioschyzon_merolae_strain_10D_gene16992222.pdb
 0.210870  0.614299 -0.760376    -2.377775
-0.234216 -0.723456 -0.649426    -1.218483
-0.949040  0.315036 -0.008677    -5.065761
>../../../../class1/trp2//data/domains/Catalytic_domain/structures/TrpRS-B_PDB_Bact_G_stearo_1I6M.pdb
 0.093142 -0.418309 -0.903516    39.818651
 0.846023  0.511700 -0.149691   -51.288902
 0.524947 -0.750453  0.401561   -29.995965
>../../../../class1/trp2//data/domains/Catalytic_domain/structures/TrpRS-B_PDB_Bact_Y_pestis_3N9I.pdb
 0.617193  0.736749 -0.276178   -69.263319
-0.070042 -0.298169 -0.951940    39.193452
-0.783688  0.606874 -0.132425   -15.479195
