>structures/LysRS-II_AF_Arch_Aciduliprofundum_boonei_T469_gene8827564.pdb
 0.488488  0.675426 -0.552430    -6.565893
-0.792914  0.079327 -0.604148     5.435845
-0.364235  0.733149  0.574304    -4.468141
>structures/LysRS-II_AF_Arch_Archaeoglobus_sulfaticallidus_PM70-1_gene15393615.pdb
 0.977091  0.184322 -0.106385    -2.221935
-0.189056  0.981300 -0.036181     1.602159
 0.097726  0.055465  0.993667    -1.383846
>structures/LysRS-II_AF_Arch_Candidatus_Woesearchaeota_archaeon_proteinMBS3172198.1.pdb
 0.815365 -0.524004 -0.246170    -3.779033
 0.576053  0.691830  0.435355     2.246680
-0.057820 -0.496780  0.865948    -2.352497
>structures/LysRS-II_AF_Arch_Thermogladius_calderae_1633_gene13013549.pdb
 0.151945  0.561192 -0.813619    -4.977724
-0.624433 -0.583588 -0.519142     5.546580
-0.766157  0.586932  0.261754    -5.524095
>structures/LysRS-II_AF_Bact_Chlamydia_muridarum_str_Nigg_gene1245697.pdb
 0.071935  0.550049 -0.832028    -6.101103
-0.605068 -0.639096 -0.474815     6.004756
-0.792918  0.537589  0.286844    -2.210619
>structures/LysRS-II_AF_Bact_Cupriavidus_taiwanensis_LMG_19424_gene29762375.pdb
 0.999627 -0.025097 -0.010786    -0.372611
 0.025210  0.999628  0.010409     0.037299
 0.010520 -0.010677  0.999888    -0.298981
>structures/LysRS-II_AF_Bact_Leuconostoc_gelidum_JB7_gene61037106.pdb
 0.958143  0.280827  0.055671    -2.527902
-0.285934  0.948396  0.137066     5.239125
-0.014306 -0.147247  0.988996    -3.697208
>structures/LysRS-II_AF_Bact_Mycobacterium_intracellulare_ATCC_13950_gene11907187.pdb
 0.926529  0.362900 -0.099230     0.741572
-0.370755  0.925535 -0.076980     2.321357
 0.063905  0.108114  0.992082    -1.990505
>structures/LysRS-II_AF_Bact_Mycoplasma_hyopneumoniae_168-L_gene57101062.pdb
 0.963775  0.253783 -0.082051    -4.957928
-0.232851  0.950620  0.205187     5.670841
 0.130073 -0.178648  0.975277    -6.555453
>structures/LysRS-II_AF_Bact_Porphyromonas_gingivalis_ATCC_33277_gene29256363.pdb
 0.451101  0.779041 -0.435433    -6.431376
-0.712486  0.020533 -0.701386     6.247458
-0.537468  0.626636  0.564318    -5.124742
>structures/LysRS-II_AF_Bact_Prochlorococcus_marinus_subsp_marinus_str_CCMP1375_gene54201108.pdb
 0.888317  0.459230  0.000373    -3.330343
-0.455393  0.880999 -0.128287     6.435016
-0.059242  0.113790  0.991737    -4.110700
>structures/LysRS-II_AF_Bact_Streptobacillus_moniliformis_DSM_12112_gene29673899.pdb
 0.813149  0.573984 -0.096601     0.345144
-0.561130  0.728940 -0.392147     0.699584
-0.154670  0.373079  0.914816    -1.769541
>structures/LysRS-II_AF_Euk_Ostreococcus_tauri_gene9837657.pdb
 0.961046  0.236967 -0.142258     0.227400
-0.225410  0.969841  0.092729     2.867849
 0.159942 -0.057050  0.985476    -1.643196
>structures/LysRS-II_AF_Euk_Solanum_lycopersicum_gene778357.pdb
-0.606052 -0.583617  0.540456     0.000700
-0.645039 -0.036973 -0.763255     6.864127
 0.465430 -0.811187 -0.354048    -3.843811
>structures/LysRS-II_AF_Euk_Theileria_annulata_gene3864794.pdb
-0.884245 -0.412937  0.218158     2.492043
-0.450202  0.629442 -0.633342     3.615110
 0.124213 -0.658245 -0.742486    -3.899127
>structures/LysRS-II_AF_Euk_Zootoca_vivipara_gene118086243.pdb
 0.737440 -0.477365 -0.477812     1.005709
 0.606133  0.155648  0.779985     9.811327
-0.297967 -0.864810  0.404128    -4.749521
>structures/LysRS-II_AF_Mito_Malus_domestica_gene103446975.pdb
 0.999700 -0.024431 -0.001565     1.179410
 0.024424  0.990996  0.131649     2.312585
-0.001666 -0.131647  0.991295     0.594687
>structures/LysRS-II_AF_Mito_Scheffersomyces_stipitis_CBS_6054_gene4837999.pdb
 0.941659  0.334001 -0.041485     3.137497
-0.310311  0.909306  0.277254     5.570270
 0.130326 -0.248206  0.959901    -1.006259
>structures/LysRS-II_PDB_Bact_G_stearothermophilus_3E9H.pdb
 0.292516  0.261120 -0.919919    27.473780
 0.850808  0.368084  0.375021   -28.293569
 0.436533 -0.892374 -0.114492  -103.649857
