>structures/GluRS_AF_Bact_Bifidobacterium_animalis_subsp_lactis_BLC1_gene66532600.pdb
-0.948003  0.278719 -0.153644    -3.996537
 0.167809  0.847946  0.502819     3.303579
 0.270427  0.450891 -0.850627    -2.884069
>structures/GluRS_AF_Bact_Chlamydia_psittaci_6BC_gene12242467.pdb
-0.964554  0.203271 -0.168274     3.570514
-0.100750  0.305702  0.946782    -4.714379
 0.243895  0.930176 -0.274387    -6.466311
>structures/GluRS_AF_Bact_[Eubacterium]_eligens_ATCC_27750_gene41357084.pdb
-0.840221  0.426626  0.334692    -2.065473
 0.503450  0.384504  0.773754     3.685726
 0.201413  0.818625 -0.537853    -3.952500
>structures/GluRS_AF_Bact_Mycoplasma_hyopneumoniae_168-L_gene57101016.pdb
-0.851746  0.346212  0.393277    -2.793989
 0.522745  0.510525  0.682716     2.742589
 0.035587  0.787084 -0.615818    -4.457079
>structures/GluRS_AF_Bact_Paracoccus_denitrificans_PD1222_gene75500422.pdb
-0.779422  0.428696  0.456860    -1.033000
 0.600028  0.301068  0.741164     2.689994
 0.180188  0.851809 -0.491888    -3.856022
>structures/GluRS_AF_Bact_Porphyromonas_gingivalis_ATCC_33277_gene29255772.pdb
 0.240837 -0.290117 -0.926191    -2.616928
 0.738155 -0.564853  0.368874     0.560332
-0.630179 -0.772511  0.078114    -3.525210
>structures/GluRS_AF_Bact_Prochlorococcus_marinus_subsp_marinus_str_CCMP1375_gene54199839.pdb
 0.064983  0.577885 -0.813527    -2.363157
-0.202494 -0.790652 -0.577811     3.194577
-0.977125  0.202282  0.065639    -3.082403
>structures/GluRS_AF_Bact_Treponema_pallidum_subsp_pertenue_str_SamoaD_gene57879197.pdb
-0.970144  0.209413  0.122338    -3.530713
 0.233868  0.674165  0.700576     0.686581
 0.064233  0.708271 -0.703013    -1.391786
>structures/GluRS_AF_Euk_Arabidopsis_thaliana_gene836526.pdb
 0.823973  0.559808 -0.087655    -3.052339
-0.524606  0.695218 -0.491387    -2.240563
-0.214143  0.450874  0.866519    -1.754422
>structures/GluRS_AF_Euk_Cryptococcus_neoformans_var_grubii_H99_gene23890400.pdb
 0.112140 -0.155857 -0.981394    -5.668789
 0.603657 -0.773812  0.191868     3.222335
-0.789318 -0.613941  0.007309    -1.845098
>structures/GluRS_AF_Euk_Ostreococcus_tauri_proteinOUS48355.1.pdb
 1.000000 -0.000000  0.000000     0.000000
 0.000000  1.000000  0.000000     0.000000
-0.000000  0.000000  1.000000     0.000000
>structures/GluRS_AF_Euk_Plasmodium_knowlesi_strain_H_gene7321821.pdb
-0.976313  0.197661  0.087994    -2.062481
 0.202196  0.688779  0.696205     1.249701
 0.077005  0.697506 -0.712430    -2.598993
>structures/GluRS_AF_Mito_Cyanidioschyzon_merolae_strain_10D_gene16997617.pdb
 0.999643  0.010272  0.024664    -1.558154
-0.011225  0.999184  0.038801     1.179431
-0.024245 -0.039064  0.998943     0.674554
>structures/GluRS_AF_Mito_Drosophila_melanogaster_gene39828.pdb
 0.891570  0.414323 -0.182865    -4.128093
-0.449419  0.759570 -0.470187     0.331346
-0.055911  0.501388  0.863414    -5.461084
>structures/GluRS_PDB_Bact_T_therm_1J09.pdb
-0.050635 -0.017761 -0.998559     3.951919
 0.682442 -0.730620 -0.021610    -4.179887
-0.729184 -0.682553  0.049116    45.568234
