>structures/GluRS_AF_Bact_Bifidobacterium_animalis_subsp_lactis_BLC1_gene66532600.pdb
-0.957271  0.251587 -0.142602    -2.391241
 0.147124  0.848205  0.508826     2.546155
 0.248970  0.466104 -0.848976    -3.473601
>structures/GluRS_AF_Bact_Chlamydia_psittaci_6BC_gene12242467.pdb
-0.966536  0.183378 -0.179392     5.539553
-0.123576  0.279990  0.952016    -5.660134
 0.224807  0.942326 -0.247959    -7.028176
>structures/GluRS_AF_Bact_[Eubacterium]_eligens_ATCC_27750_gene41357084.pdb
-0.853366  0.406179  0.326780    -0.294818
 0.480733  0.370676  0.794666     2.696862
 0.201647  0.835235 -0.511586    -4.303860
>structures/GluRS_AF_Bact_Mycoplasma_hyopneumoniae_168-L_gene57101016.pdb
-0.860270  0.307302  0.406817    -1.274168
 0.509489  0.488663  0.708257     1.732827
 0.018852  0.816562 -0.576950    -5.447183
>structures/GluRS_AF_Bact_Paracoccus_denitrificans_PD1222_gene75500422.pdb
-0.791289  0.410541  0.453120     0.828504
 0.583849  0.287213  0.759361     1.719924
 0.181607  0.865428 -0.466963    -4.262516
>structures/GluRS_AF_Bact_Porphyromonas_gingivalis_ATCC_33277_gene29255772.pdb
 0.249470 -0.265407 -0.931302    -0.925060
 0.755627 -0.548109  0.358614    -0.282606
-0.605634 -0.793181  0.063812    -4.282814
>structures/GluRS_AF_Bact_Prochlorococcus_marinus_subsp_marinus_str_CCMP1375_gene54199839.pdb
 0.081457  0.587095 -0.805409    -0.520233
-0.175887 -0.786944 -0.591424     2.156496
-0.981034  0.189837  0.039160    -3.435003
>structures/GluRS_AF_Bact_Treponema_pallidum_subsp_pertenue_str_SamoaD_gene57879197.pdb
-0.975150  0.185012  0.121873    -1.752547
 0.214943  0.656783  0.722797    -0.550624
 0.053681  0.731031 -0.680229    -1.933280
>structures/GluRS_AF_Euk_Arabidopsis_thaliana_gene836526.pdb
 0.835110  0.542050 -0.093662    -1.177650
-0.505746  0.689617 -0.518314    -3.372355
-0.216361  0.480219  0.850046    -2.334502
>structures/GluRS_AF_Euk_Cryptococcus_neoformans_var_grubii_H99_gene23890400.pdb
 0.114493 -0.130956 -0.984755    -3.998786
 0.622737 -0.762872  0.173852     2.206605
-0.774009 -0.633148 -0.005792    -2.422273
>structures/GluRS_AF_Euk_Ostreococcus_tauri_proteinOUS48355.1.pdb
 0.999781 -0.014769 -0.014805     1.834592
 0.014318  0.999444 -0.030107    -1.133738
 0.015242  0.029889  0.999437    -0.442075
>structures/GluRS_AF_Euk_Plasmodium_knowlesi_strain_H_gene7321821.pdb
-0.979516  0.176872  0.096252    -0.359924
 0.191326  0.668422  0.718753     0.239681
 0.062790  0.722446 -0.688571    -3.170498
>structures/GluRS_AF_Mito_Cyanidioschyzon_merolae_strain_10D_gene16997617.pdb
 0.999950 -0.004140  0.009077     0.241027
 0.004071  0.999963  0.007603    -0.049579
-0.009109 -0.007565  0.999930     0.251977
>structures/GluRS_AF_Mito_Drosophila_melanogaster_gene39828.pdb
 0.899169  0.394772 -0.188813    -2.260135
-0.434163  0.750802 -0.497795    -0.706283
-0.054754  0.529577  0.846493    -5.990004
>structures/GluRS_PDB_Bact_T_therm_1J09.pdb
-0.047096  0.010382 -0.998836     4.683054
 0.700133 -0.712868 -0.040421    -6.358411
-0.712458 -0.701222  0.026305    44.892670
