>../../../../class1/glu1//data/domains/Catalytic_domain/structures/GluRS_AF_Bact_Bifidobacterium_animalis_subsp_lactis_BLC1_gene66532600.pdb
 0.976316 -0.009931  0.216120     1.617473
 0.085478  0.935379 -0.343161     0.983388
-0.198746  0.353507  0.914075     0.945882
>../../../../class1/glu1//data/domains/Catalytic_domain/structures/GluRS_AF_Bact_Chlamydia_psittaci_6BC_gene12242467.pdb
 0.957592 -0.052168  0.283366    -5.837198
-0.078861  0.898464  0.431906    -5.246331
-0.277126 -0.435937  0.856248    -0.160241
>../../../../class1/glu1//data/domains/Catalytic_domain/structures/GluRS_AF_Bact_[Eubacterium]_eligens_ATCC_27750_gene41357084.pdb
 0.938904 -0.298604 -0.171160    -0.263111
 0.327266  0.928521  0.175341     1.708100
 0.106568 -0.220644  0.969515     2.342366
>../../../../class1/glu1//data/domains/Catalytic_domain/structures/GluRS_AF_Bact_Mycoplasma_hyopneumoniae_168-L_gene57101016.pdb
 0.953970 -0.196623 -0.226451    -0.226962
 0.218999  0.972595  0.078092     0.430326
 0.204890 -0.124090  0.970887     1.076111
>../../../../class1/glu1//data/domains/Catalytic_domain/structures/GluRS_AF_Bact_Paracoccus_denitrificans_PD1222_gene75500422.pdb
 0.906514 -0.288777 -0.307961    -0.904283
 0.353379  0.918145  0.179255     1.528562
 0.230988 -0.271324  0.934360     2.048653
>../../../../class1/glu1//data/domains/Catalytic_domain/structures/GluRS_AF_Bact_Porphyromonas_gingivalis_ATCC_33277_gene29255772.pdb
-0.128800  0.137735  0.982059     0.057005
 0.055491 -0.987755  0.145812     0.628753
 0.990117  0.073276  0.119579     0.485979
>../../../../class1/glu1//data/domains/Catalytic_domain/structures/GluRS_AF_Bact_Prochlorococcus_marinus_subsp_marinus_str_CCMP1375_gene54199839.pdb
-0.181409 -0.723562  0.665995     0.442049
-0.832102 -0.247997 -0.496088     1.277618
 0.524115 -0.644171 -0.557088     1.612990
>../../../../class1/glu1//data/domains/Catalytic_domain/structures/GluRS_AF_Bact_Treponema_pallidum_subsp_pertenue_str_SamoaD_gene57879197.pdb
 0.998163 -0.041452 -0.044187     1.486358
 0.041647  0.999126  0.003500     1.121062
 0.044003 -0.005334  0.999017    -1.009848
>../../../../class1/glu1//data/domains/Catalytic_domain/structures/GluRS_AF_Euk_Arabidopsis_thaliana_gene836526.pdb
-0.927718 -0.371529  0.036120    -0.186350
-0.350634  0.900536  0.257080    -1.749163
-0.128040  0.225832 -0.965715    -3.403852
>../../../../class1/glu1//data/domains/Catalytic_domain/structures/GluRS_AF_Euk_Cryptococcus_neoformans_var_grubii_H99_gene23890400.pdb
 0.018116 -0.053760  0.998390     2.891747
-0.178435 -0.982697 -0.049677     2.617055
 0.983785 -0.177248 -0.027395    -0.230274
>../../../../class1/glu1//data/domains/Catalytic_domain/structures/GluRS_AF_Euk_Ostreococcus_tauri_proteinOUS48355.1.pdb
-0.973441  0.221598  0.057515    -2.732618
 0.194980  0.670794  0.715554     1.807009
 0.119984  0.707764 -0.696185    -2.811484
>../../../../class1/glu1//data/domains/Catalytic_domain/structures/GluRS_AF_Euk_Plasmodium_knowlesi_strain_H_gene7321821.pdb
 1.000000  0.000000  0.000000     0.000000
 0.000000  1.000000  0.000000     0.000000
 0.000000  0.000000  1.000000     0.000000
>../../../../class1/glu1//data/domains/Catalytic_domain/structures/GluRS_AF_Mito_Cyanidioschyzon_merolae_strain_10D_gene16997617.pdb
-0.979692  0.188263  0.069001    -0.181726
 0.176735  0.648252  0.740631     2.547752
 0.094703  0.737785 -0.668360    -1.973246
>../../../../class1/glu1//data/domains/Catalytic_domain/structures/GluRS_AF_Mito_Drosophila_melanogaster_gene39828.pdb
-0.956836 -0.238928  0.165464     2.013031
-0.193609  0.948633  0.250220    -2.361375
-0.216750  0.207384 -0.953945     1.741730
>../../../../class1/glu1//data/domains/Catalytic_domain/structures/GluRS_PDB_Bact_T_therm_1J09.pdb
 0.170136 -0.153688  0.973362    -6.658052
-0.113108 -0.984280 -0.135642    35.534948
 0.978908 -0.087017 -0.184845   -35.252184
>../../../../class1/leu2//data/domains/Catalytic_domain/structures/LeuRS-A_AF_Arch_Aciduliprofundum_boonei_T469_gene8828435.pdb
-0.728010 -0.593250  0.343593    -9.407050
-0.118222  0.602309  0.789460    -0.109751
-0.675296  0.534115 -0.508623     7.840478
>../../../../class1/leu2//data/domains/Catalytic_domain/structures/LeuRS-A_AF_Arch_Candidatus_Korarchaeum_cryptofilum_OPF8_gene6093520.pdb
 0.440767  0.678986 -0.587114   -11.665426
 0.530427 -0.724681 -0.439869     3.912582
-0.724135 -0.117541 -0.679568     9.263467
>../../../../class1/leu2//data/domains/Catalytic_domain/structures/LeuRS-A_AF_Arch_Candidatus_Nitrosopumilus_koreensis_AR1_gene13725794.pdb
-0.054203  0.279088  0.958735    -9.849450
-0.854533 -0.509669  0.100053     3.599001
 0.516561 -0.813847  0.266115     9.144592
>../../../../class1/leu2//data/domains/Catalytic_domain/structures/LeuRS-A_AF_Arch_Methanobrevibacter_smithii_ATCC_35061_gene5216355.pdb
-0.000306  0.159348  0.987222    -9.806694
-0.885049 -0.459593  0.073908     3.629413
 0.465497 -0.873718  0.141172     7.935296
>../../../../class1/leu2//data/domains/Catalytic_domain/structures/LeuRS-A_AF_Euk_Arabidopsis_thaliana_gene837489.pdb
 0.357111 -0.309537 -0.881283   -11.609234
 0.523995  0.847437 -0.085317     3.505330
 0.773241 -0.431320  0.464824     6.639016
>../../../../class1/leu2//data/domains/Catalytic_domain/structures/LeuRS-A_AF_Euk_Drosophila_melanogaster_gene326262.pdb
-0.102482  0.127246  0.986563   -10.259708
-0.865392 -0.500454 -0.025346     4.047661
 0.490504 -0.856361  0.161405     6.072256
>../../../../class1/leu2//data/domains/Catalytic_domain/structures/LeuRS-A_AF_Euk_Leishmania_major_strain_Friedlin_gene5650139.pdb
-0.159777  0.265099  0.950891   -11.898106
-0.857635 -0.514259 -0.000737     0.601930
 0.488809 -0.815635  0.309525     7.926051
>../../../../class1/leu2//data/domains/Catalytic_domain/structures/LeuRS-A_AF_Euk_Neurospora_crassa_OR74A_gene3879366.pdb
-0.024292  0.035985  0.999057   -11.161292
-0.920916 -0.389672 -0.008357     2.185479
 0.389004 -0.920250  0.042605     8.817050
>../../../../class1/leu2//data/domains/Catalytic_domain/structures/LeuRS-A_PDB_Arch_P_hori_1WKB.pdb
-0.397320 -0.639923  0.657750    61.148552
 0.607945 -0.720453 -0.333691   -52.900501
 0.687415  0.267294  0.675289   -89.800337
