>../../../../class1/glu1//data/domains/Catalytic_domain/structures/GluRS_AF_Bact_Bifidobacterium_animalis_subsp_lactis_BLC1_gene66532600.pdb
 0.926057  0.327469  0.187572     1.462717
-0.164610  0.797763 -0.580067    -0.961829
-0.339592  0.506299  0.792678    -1.820199
>../../../../class1/glu1//data/domains/Catalytic_domain/structures/GluRS_AF_Bact_Chlamydia_psittaci_6BC_gene12242467.pdb
 0.843762  0.202109  0.497209    -7.762317
-0.301687  0.944787  0.127918    -4.274542
-0.443904 -0.257934  0.858149    -2.713013
>../../../../class1/glu1//data/domains/Catalytic_domain/structures/GluRS_AF_Bact_[Eubacterium]_eligens_ATCC_27750_gene41357084.pdb
 1.000000  0.000000  0.000000     0.000000
 0.000000  1.000000  0.000000     0.000000
 0.000000  0.000000  1.000000     0.000000
>../../../../class1/glu1//data/domains/Catalytic_domain/structures/GluRS_AF_Bact_Mycoplasma_hyopneumoniae_168-L_gene57101016.pdb
 0.989204  0.126047 -0.074755    -0.558921
-0.131371  0.988775 -0.071169    -1.016071
 0.064945  0.080221  0.994659    -1.431742
>../../../../class1/glu1//data/domains/Catalytic_domain/structures/GluRS_AF_Bact_Paracoccus_denitrificans_PD1222_gene75500422.pdb
 0.992420 -0.002529 -0.122869    -0.804543
 0.008846  0.998665  0.050893     0.160498
 0.122576 -0.051594  0.991117    -0.223012
>../../../../class1/glu1//data/domains/Catalytic_domain/structures/GluRS_AF_Bact_Porphyromonas_gingivalis_ATCC_33277_gene29255772.pdb
 0.005309 -0.185645  0.982603    -0.389581
-0.128573 -0.974587 -0.183436    -0.684827
 0.991686 -0.125362 -0.029043    -2.024512
>../../../../class1/glu1//data/domains/Catalytic_domain/structures/GluRS_AF_Bact_Prochlorococcus_marinus_subsp_marinus_str_CCMP1375_gene54199839.pdb
-0.383962 -0.833415  0.397484     0.362336
-0.833876  0.128119 -0.536877    -0.408336
 0.396516 -0.537592 -0.744157    -0.874297
>../../../../class1/glu1//data/domains/Catalytic_domain/structures/GluRS_AF_Bact_Treponema_pallidum_subsp_pertenue_str_SamoaD_gene57879197.pdb
 0.955690  0.286424  0.067956     1.052831
-0.267673  0.941598 -0.204313    -0.315066
-0.122507  0.177070  0.976544    -3.559004
>../../../../class1/glu1//data/domains/Catalytic_domain/structures/GluRS_AF_Euk_Arabidopsis_thaliana_gene836526.pdb
-0.999559 -0.027454  0.011274    -1.794081
-0.019621  0.896302  0.443010    -1.877762
-0.022268  0.442594 -0.896446    -6.175556
>../../../../class1/glu1//data/domains/Catalytic_domain/structures/GluRS_AF_Euk_Cryptococcus_neoformans_var_grubii_H99_gene23890400.pdb
 0.063959 -0.381547  0.922134     2.916799
-0.387039 -0.861186 -0.329483     0.603068
 0.919842 -0.335828 -0.202754    -2.859299
>../../../../class1/glu1//data/domains/Catalytic_domain/structures/GluRS_AF_Euk_Ostreococcus_tauri_proteinOUS48355.1.pdb
-0.831435  0.514328  0.210198    -2.960280
 0.444452  0.388623  0.807115     2.080080
 0.333434  0.764486 -0.551709    -4.520349
>../../../../class1/glu1//data/domains/Catalytic_domain/structures/GluRS_AF_Euk_Plasmodium_knowlesi_strain_H_gene7321821.pdb
 0.938904  0.327266  0.106568    -0.561591
-0.298604  0.928521 -0.220644    -1.147745
-0.171160  0.175341  0.969515    -2.615494
>../../../../class1/glu1//data/domains/Catalytic_domain/structures/GluRS_AF_Mito_Cyanidioschyzon_merolae_strain_10D_gene16997617.pdb
-0.849038  0.474590  0.232159    -0.224427
 0.435281  0.379306  0.816491     1.761890
 0.299439  0.794286 -0.528626    -4.072429
>../../../../class1/glu1//data/domains/Catalytic_domain/structures/GluRS_AF_Mito_Drosophila_melanogaster_gene39828.pdb
-0.985190  0.106375  0.134480     0.735432
 0.152089  0.904301  0.398885    -4.255637
-0.079179  0.413430 -0.907087    -1.653388
>../../../../class1/glu1//data/domains/Catalytic_domain/structures/GluRS_PDB_Bact_T_therm_1J09.pdb
 0.226599 -0.476445  0.849502     1.132958
-0.372999 -0.848147 -0.376190    41.665517
 0.899736 -0.231619 -0.369903   -29.436673
>../../../../class1/leu2//data/domains/Catalytic_domain/structures/LeuRS-A_AF_Arch_Aciduliprofundum_boonei_T469_gene8828435.pdb
-0.799931 -0.330607  0.500809    -8.815589
 0.219913  0.614992  0.757247    -0.318552
-0.558345  0.715880 -0.419246     6.530446
>../../../../class1/leu2//data/domains/Catalytic_domain/structures/LeuRS-A_AF_Arch_Candidatus_Korarchaeum_cryptofilum_OPF8_gene6093520.pdb
 0.498347  0.435838 -0.749463    -9.854199
 0.523829 -0.840192 -0.140285     3.792114
-0.690835 -0.322680 -0.647012     8.790395
>../../../../class1/leu2//data/domains/Catalytic_domain/structures/LeuRS-A_AF_Arch_Candidatus_Nitrosopumilus_koreensis_AR1_gene13725794.pdb
-0.248931  0.031594  0.968006    -8.054589
-0.893656 -0.392803 -0.216991     3.018301
 0.373380 -0.919080  0.126015     8.493995
>../../../../class1/leu2//data/domains/Catalytic_domain/structures/LeuRS-A_AF_Arch_Methanobrevibacter_smithii_ATCC_35061_gene5216355.pdb
-0.221996 -0.072704  0.972333    -8.057421
-0.925466 -0.298236 -0.233596     3.329135
 0.306969 -0.951719 -0.001078     7.225854
>../../../../class1/leu2//data/domains/Catalytic_domain/structures/LeuRS-A_AF_Euk_Arabidopsis_thaliana_gene837489.pdb
 0.575409 -0.107132 -0.810819   -10.036346
 0.266777  0.961746  0.062248     3.731889
 0.773133 -0.252126  0.581977     6.135970
>../../../../class1/leu2//data/domains/Catalytic_domain/structures/LeuRS-A_AF_Euk_Leishmania_major_strain_Friedlin_gene5650139.pdb
-0.359395 -0.007868  0.933152   -10.835993
-0.857645 -0.391339 -0.333614     1.107436
 0.367804 -0.920213  0.133897     7.294842
>../../../../class1/leu2//data/domains/Catalytic_domain/structures/LeuRS-A_AF_Euk_Neurospora_crassa_OR74A_gene3879366.pdb
-0.258612 -0.191493  0.946810    -9.588979
-0.935287 -0.195479 -0.295001     2.082923
 0.241572 -0.961831 -0.128547     8.237970
>../../../../class1/leu2//data/domains/Catalytic_domain/structures/LeuRS-A_PDB_Arch_P_hori_1WKB.pdb
-0.130546 -0.791499  0.597066    32.809293
 0.537648 -0.562497 -0.628118   -48.781720
 0.833002  0.239014  0.498979  -108.370016
