>../../../../class1/cys//data/domains/Catalytic_domain/structures/CysRS_AF_Arch_Aciduliprofundum_boonei_T469_gene8827372.pdb
 0.057490  0.696346 -0.715400    -2.749163
-0.185833 -0.696597 -0.692978    -1.379732
-0.980898  0.172784  0.089357    -2.870507
>../../../../class1/cys//data/domains/Catalytic_domain/structures/CysRS_AF_Arch_Candidatus_Nitrosopumilus_sediminis_gene13696907.pdb
-0.068995  0.363212 -0.929148    -2.957991
-0.078424 -0.930460 -0.357901     2.576604
-0.994530  0.048174  0.092681     4.155026
>../../../../class1/cys//data/domains/Catalytic_domain/structures/CysRS_AF_Arch_Methanospirillum_hungatei_JF-1_gene3922979.pdb
 0.585914 -0.555945 -0.589602     2.648684
 0.810239  0.415128  0.413740    -0.698825
 0.014744 -0.720134  0.693678    -1.508114
>../../../../class1/cys//data/domains/Catalytic_domain/structures/CysRS_AF_Arch_Pyrobaculum_ferrireducens_gene11593896.pdb
 0.852572 -0.460261 -0.247550    -1.329161
 0.522376  0.764709  0.377284    -0.566675
 0.015655 -0.450976  0.892399     3.159331
>../../../../class1/cys//data/domains/Catalytic_domain/structures/CysRS_AF_Bact_Bordetella_avium_197N_gene41394405.pdb
 0.603017 -0.464535 -0.648520    -0.721236
 0.732992  0.001854  0.680234     0.255271
-0.314790 -0.885553  0.341619     2.443234
>../../../../class1/cys//data/domains/Catalytic_domain/structures/CysRS_AF_Bact_Lactobacillus_amylovorus_GRL1118_gene66523130.pdb
 0.653202 -0.536896 -0.533919    -0.607643
 0.755839  0.420341  0.502017    -1.096652
-0.045103 -0.731475  0.680375     1.716751
>../../../../class1/cys//data/domains/Catalytic_domain/structures/CysRS_AF_Bact_Mycobacterium_canettii_CIPT_140010059_gene45427568.pdb
-0.033138 -0.205834  0.978026    -1.158857
-0.203133 -0.956752 -0.208239     0.091153
 0.978590 -0.205570 -0.010106     0.919767
>../../../../class1/cys//data/domains/Catalytic_domain/structures/CysRS_AF_Bact_Mycoplasma_hyopneumoniae_168-L_gene57101512.pdb
 0.800759 -0.460863 -0.382610     0.849656
 0.598841  0.630075  0.494364     0.757863
 0.013238 -0.624989  0.780522     1.073942
>../../../../class1/cys//data/domains/Catalytic_domain/structures/CysRS_AF_Bact_Porphyromonas_gingivalis_ATCC_33277_gene29256960.pdb
-0.007388  0.424854 -0.905232    -3.255567
 0.145159 -0.895212 -0.421336     1.971952
-0.989381 -0.134515 -0.055057    -2.207815
>../../../../class1/cys//data/domains/Catalytic_domain/structures/CysRS_AF_Bact_Prochlorococcus_marinus_subsp_marinus_str_CCMP1375_gene54200571.pdb
 1.000000  0.000000  0.000000     0.000000
 0.000000  1.000000  0.000000     0.000000
 0.000000  0.000000  1.000000     0.000000
>../../../../class1/cys//data/domains/Catalytic_domain/structures/CysRS_AF_Bact_Streptobacillus_moniliformis_DSM_12112_gene29673427.pdb
 0.350530  0.786434 -0.508577    -1.500026
-0.384051 -0.374572 -0.843920    -4.040238
-0.854186  0.491139  0.170732    -3.359602
>../../../../class1/cys//data/domains/Catalytic_domain/structures/CysRS_AF_Bact_Treponema_pallidum_subsp_pertenue_str_SamoaD_gene57878631.pdb
-0.064124  0.482366 -0.873619    -1.281018
 0.012631 -0.874959 -0.484033     0.979622
-0.997862 -0.042073  0.050013    -3.482393
>../../../../class1/cys//data/domains/Catalytic_domain/structures/CysRS_AF_Euk_Arabidopsis_thaliana_gene833874.pdb
 0.820660 -0.390537 -0.417131    -3.757209
 0.571411  0.564247  0.595915    -0.453444
 0.002638 -0.727397  0.686212     3.683969
>../../../../class1/cys//data/domains/Catalytic_domain/structures/CysRS_AF_Euk_Cyanidioschyzon_merolae_strain_10D_gene16993418.pdb
 0.972538  0.193418  0.129456    -6.586631
-0.179950  0.977640 -0.108804    -1.709449
-0.147606  0.082521  0.985598     8.967534
>../../../../class1/cys//data/domains/Catalytic_domain/structures/CysRS_AF_Euk_Drosophila_melanogaster_gene36784.pdb
 0.878378  0.477364  0.023992    -5.993221
-0.364304  0.701145 -0.612926     3.138309
-0.309411  0.529641  0.789776     3.489786
>../../../../class1/cys//data/domains/Catalytic_domain/structures/CysRS_AF_Euk_Micromonas_commoda_gene8246535.pdb
-0.418467  0.397437  0.816658    -3.989560
 0.094835 -0.875137  0.474491     0.165711
 0.903267  0.276006  0.328525     4.242365
>../../../../class1/cys//data/domains/Catalytic_domain/structures/CysRS_AF_Mito_Morone_saxatilis_gene118339815.pdb
 0.004947  0.375601 -0.926768     0.544449
 0.384507 -0.856243 -0.344966    -2.345374
-0.923109 -0.354642 -0.148657     2.984456
>../../../../class1/cys//data/domains/Catalytic_domain/structures/CysRS_AF_Mito_Saccharomyces_cerevisiae_S288C_gene855474.pdb
 0.335269  0.736036 -0.588086    -5.245403
 0.170912 -0.661374 -0.730324     2.264526
-0.926490  0.144344 -0.347535     2.805073
>../../../../class1/cys//data/domains/Catalytic_domain/structures/CysRS_AF_Vir_Megavirus_chiliensis_gene11257271.pdb
-0.579485  0.573058  0.579484    -2.871878
 0.483889 -0.330211  0.810439     4.873628
 0.655781  0.750043 -0.085944     3.277598
>../../../../class1/cys//data/domains/Catalytic_domain/structures/CysRS_PDB_Bact_E_coli_1LI5.pdb
-0.214118 -0.904725  0.368276    78.847181
 0.910292 -0.321559 -0.260709   -30.986180
 0.354292  0.279416  0.892415  -102.755805
>../../../../class1/cys//data/domains/Catalytic_domain/structures/CysRS_PDB_Bact_M_smegmatis_3C8Z.pdb
-0.914556 -0.322386 -0.244242    26.646909
-0.113616  0.784334 -0.609845   -22.151699
 0.388173 -0.529988 -0.753946   -36.191396
>../../../../class1/leu1//data/domains/Catalytic_domain/structures/LeuRS-B_AF_Bact_Bifidobacterium_longum_subsp_longum_JCM_1217_gene69578373.pdb
-0.239321  0.423340 -0.873790     5.166876
-0.113101 -0.905970 -0.407954     0.535720
-0.964331  0.001194  0.264698    -9.828274
>../../../../class1/leu1//data/domains/Catalytic_domain/structures/LeuRS-B_AF_Bact_Brachyspira_pilosicoli_95_1000_gene56439070.pdb
-0.245292 -0.501419 -0.829705     3.564992
 0.735062 -0.654205  0.178047    -0.179922
-0.632073 -0.566211  0.529045    -6.696173
>../../../../class1/leu1//data/domains/Catalytic_domain/structures/LeuRS-B_AF_Bact_Chlamydia_psittaci_6BC_gene12243068.pdb
 0.047753 -0.869466  0.491678     3.074748
-0.822108 -0.313791 -0.475052     0.795872
 0.567326 -0.381527 -0.729779    -7.138823
>../../../../class1/leu1//data/domains/Catalytic_domain/structures/LeuRS-B_AF_Bact_Clostridium_botulinum_A_str_ATCC_3502_gene5187707.pdb
-0.601731  0.768498  0.217555     2.434785
 0.501061  0.151102  0.852119    -2.101687
 0.621979  0.621754 -0.475987   -10.522494
>../../../../class1/leu1//data/domains/Catalytic_domain/structures/LeuRS-B_AF_Bact_Mycoplasma_hyopneumoniae_168-L_gene57101518.pdb
 0.938002 -0.332212  0.098935     4.835195
 0.323539  0.941527  0.094065    -0.553536
-0.124400 -0.056224  0.990638    -9.086326
>../../../../class1/leu1//data/domains/Catalytic_domain/structures/LeuRS-B_AF_Bact_Orientia_tsutsugamushi_str_Ikeda_gene66652454.pdb
-0.123726 -0.947432  0.295067     2.868705
-0.854455 -0.049480 -0.517164     0.983836
 0.504578 -0.316108 -0.803416    -8.355891
>../../../../class1/leu1//data/domains/Catalytic_domain/structures/LeuRS-B_AF_Bact_Porphyromonas_gingivalis_ATCC_33277_gene29256038.pdb
-0.224731 -0.267070 -0.937107     3.749847
 0.487810 -0.863356  0.129068     1.429243
-0.843527 -0.428125  0.324302    -7.520931
>../../../../class1/leu1//data/domains/Catalytic_domain/structures/LeuRS-B_AF_Bact_Thermus_thermophilus_HB8_gene3168656.pdb
-0.690007  0.704953  0.164108    -1.683090
 0.426199  0.212463  0.879326     3.582811
 0.585017  0.676683 -0.447052    -8.810748
>../../../../class1/leu1//data/domains/Catalytic_domain/structures/LeuRS-B_AF_Euk_Bathycoccus_prasinos_gene19015540.pdb
 0.031524 -0.766666  0.641272     4.303052
-0.878362 -0.327412 -0.348256     0.931812
 0.476956 -0.552290 -0.683731    -8.596027
>../../../../class1/leu1//data/domains/Catalytic_domain/structures/LeuRS-B_AF_Euk_Plasmodium_falciparum_3D7_gene2655460.pdb
-0.211693  0.615336 -0.759308    -1.445294
-0.123805 -0.787540 -0.603699     0.930009
-0.969463 -0.033793  0.242898    -9.952257
>../../../../class1/leu1//data/domains/Catalytic_domain/structures/LeuRS-B_AF_Euk_Thalassiosira_pseudonana_CCMP1335_gene7441753.pdb
-0.215706 -0.318766 -0.922962     0.835724
 0.685611 -0.722472  0.089287     4.407825
-0.695276 -0.613533  0.374391    -9.931954
>../../../../class1/leu1//data/domains/Catalytic_domain/structures/LeuRS-B_AF_Mito_Homo_sapiens_gene23395.pdb
-0.036311 -0.804743  0.592512     4.186349
-0.781482 -0.346679 -0.518748    -1.271918
 0.622871 -0.481874 -0.616304    -7.189697
>../../../../class1/leu1//data/domains/Catalytic_domain/structures/LeuRS-B_AF_Mito_Treponema_denticola_ATCC_35405_gene2739434.pdb
 0.774452  0.583177  0.245212     2.934974
-0.382188  0.740169 -0.553248     0.456525
-0.504139  0.334747  0.796108    -8.396129
>../../../../class1/leu1//data/domains/Catalytic_domain/structures/LeuRS-B_PDB_Bact_T_therm_2V0C.pdb
-0.128574  0.411193  0.902435     1.275876
-0.188948  0.883161 -0.429331    44.120067
-0.973533 -0.225714 -0.035857     4.532657
