>../../../../class1/cys//data/domains/Catalytic_domain/structures/CysRS_AF_Arch_Aciduliprofundum_boonei_T469_gene8827372.pdb
-0.416301 -0.490886  0.765327    37.495374
 0.367267 -0.860795 -0.352345     8.135008
 0.831750  0.134398  0.538636   -30.584834
>../../../../class1/cys//data/domains/Catalytic_domain/structures/CysRS_AF_Arch_Candidatus_Nitrosopumilus_sediminis_gene13696907.pdb
-0.320566 -0.211226  0.923375    39.996719
 0.498002 -0.866804 -0.025395     7.501487
 0.805749  0.451702  0.383059   -38.188121
>../../../../class1/cys//data/domains/Catalytic_domain/structures/CysRS_AF_Arch_Methanospirillum_hungatei_JF-1_gene3922979.pdb
-0.623673  0.180874  0.760471    32.922053
 0.438363  0.886416  0.148678     6.193446
-0.647201  0.426089 -0.632122   -33.439261
>../../../../class1/cys//data/domains/Catalytic_domain/structures/CysRS_AF_Arch_Pyrobaculum_ferrireducens_gene11593896.pdb
-0.826509  0.154326  0.541357    38.448636
 0.112669  0.987579 -0.109515     5.099903
-0.551533 -0.029521 -0.833630   -35.775459
>../../../../class1/cys//data/domains/Catalytic_domain/structures/CysRS_AF_Bact_Bordetella_avium_197N_gene41394405.pdb
-0.755526  0.073604  0.650970    37.520866
 0.544655  0.622752  0.561722     5.943207
-0.364048  0.778950 -0.510594   -35.998204
>../../../../class1/cys//data/domains/Catalytic_domain/structures/CysRS_AF_Bact_Lactobacillus_amylovorus_GRL1118_gene66523130.pdb
-0.696343  0.157987  0.700105    37.342969
 0.402545  0.893566  0.198738     5.190962
-0.594192  0.420214 -0.685825   -34.635830
>../../../../class1/cys//data/domains/Catalytic_domain/structures/CysRS_AF_Bact_Mycobacterium_canettii_CIPT_140010059_gene45427568.pdb
 0.438307  0.215825 -0.872529    37.331508
-0.667996 -0.571291 -0.476874     6.760807
-0.601389  0.791863 -0.106230   -34.708434
>../../../../class1/cys//data/domains/Catalytic_domain/structures/CysRS_AF_Bact_Mycoplasma_hyopneumoniae_168-L_gene57101512.pdb
-0.790560  0.103820  0.603520    35.522646
 0.190140  0.978430  0.080754     6.537543
-0.582118  0.178594 -0.793248   -35.681679
>../../../../class1/cys//data/domains/Catalytic_domain/structures/CysRS_AF_Bact_Porphyromonas_gingivalis_ATCC_33277_gene29256960.pdb
-0.398139 -0.341392  0.851432    37.819362
 0.647538 -0.762028 -0.002749    10.554121
 0.649754  0.550240  0.524457   -32.978399
>../../../../class1/cys//data/domains/Catalytic_domain/structures/CysRS_AF_Bact_Prochlorococcus_marinus_subsp_marinus_str_CCMP1375_gene54200571.pdb
-0.914556 -0.113616  0.388173    35.901824
-0.322386  0.784334 -0.529988     6.783918
-0.244242 -0.609845 -0.753946   -34.287173
>../../../../class1/cys//data/domains/Catalytic_domain/structures/CysRS_AF_Bact_Streptobacillus_moniliformis_DSM_12112_gene29673427.pdb
-0.614943 -0.480147  0.625543    36.440518
 0.042599 -0.812329 -0.581642     5.954291
 0.787420 -0.331029  0.519990   -28.849769
>../../../../class1/cys//data/domains/Catalytic_domain/structures/CysRS_AF_Bact_Treponema_pallidum_subsp_pertenue_str_SamoaD_gene57878631.pdb
-0.334868 -0.363429  0.869358    35.590037
 0.568165 -0.813911 -0.121398     9.705584
 0.751699  0.453287  0.479040   -31.907070
>../../../../class1/cys//data/domains/Catalytic_domain/structures/CysRS_AF_Euk_Arabidopsis_thaliana_gene833874.pdb
-0.812633  0.008339  0.582716    40.913197
 0.176882  0.956258  0.232989     5.647288
-0.555283  0.292407 -0.778562   -35.823360
>../../../../class1/cys//data/domains/Catalytic_domain/structures/CysRS_AF_Euk_Cyanidioschyzon_merolae_strain_10D_gene16993418.pdb
-0.926452 -0.252225  0.279408    45.680786
-0.376002  0.654778 -0.655659     2.752358
-0.017577 -0.712494 -0.701458   -38.256550
>../../../../class1/cys//data/domains/Catalytic_domain/structures/CysRS_AF_Euk_Drosophila_melanogaster_gene36784.pdb
-0.883158 -0.310562  0.351545    42.291388
-0.398914  0.102974 -0.911188     9.233984
 0.246780 -0.944959 -0.214830   -37.443731
>../../../../class1/cys//data/domains/Catalytic_domain/structures/CysRS_AF_Euk_Micromonas_commoda_gene8246535.pdb
 0.725956 -0.159390 -0.669016    41.289318
-0.274711 -0.959004 -0.069613     5.897937
-0.630493  0.234322 -0.739981   -36.511851
>../../../../class1/cys//data/domains/Catalytic_domain/structures/CysRS_AF_Mito_Morone_saxatilis_gene118339815.pdb
-0.403798 -0.383516  0.830580    36.811211
 0.793799 -0.598206  0.109698     3.161767
 0.454787  0.703609  0.545989   -35.318689
>../../../../class1/cys//data/domains/Catalytic_domain/structures/CysRS_AF_Mito_Saccharomyces_cerevisiae_S288C_gene855474.pdb
-0.686078 -0.545059  0.481880    41.528270
 0.522370 -0.830080 -0.195186     8.661186
 0.506386  0.117807  0.854221   -36.483952
>../../../../class1/cys//data/domains/Catalytic_domain/structures/CysRS_PDB_Bact_E_coli_1LI5.pdb
 0.234638  0.971299  0.039032   -72.759385
 0.593577 -0.111362 -0.797035    11.991413
-0.769813  0.210183 -0.602670    42.431015
>../../../../class1/cys//data/domains/Catalytic_domain/structures/CysRS_PDB_Bact_M_smegmatis_3C8Z.pdb
 1.000000  0.000000  0.000000     0.000000
 0.000000  1.000000  0.000000     0.000000
 0.000000  0.000000  1.000000    -0.000000
>../../../../class1/leu1//data/domains/Catalytic_domain/structures/LeuRS-B_AF_Bact_Bifidobacterium_longum_subsp_longum_JCM_1217_gene69578373.pdb
-0.144082 -0.279415  0.949299    27.311173
 0.522664 -0.836071 -0.166759    11.109861
 0.840275  0.472137  0.266503   -28.769053
>../../../../class1/leu1//data/domains/Catalytic_domain/structures/LeuRS-B_AF_Bact_Brachyspira_pilosicoli_95_1000_gene56439070.pdb
-0.108112  0.311069  0.944218    30.057919
 0.991918 -0.029694  0.123356     9.248120
 0.066410  0.949923 -0.305345   -30.209925
>../../../../class1/leu1//data/domains/Catalytic_domain/structures/LeuRS-B_AF_Bact_Chlamydia_psittaci_6BC_gene12243068.pdb
 0.273967  0.685642 -0.674417    30.302399
-0.957225  0.262261 -0.122226    10.581185
 0.093070  0.679054  0.728164   -30.419981
>../../../../class1/leu1//data/domains/Catalytic_domain/structures/LeuRS-B_AF_Bact_Clostridium_botulinum_A_str_ATCC_3502_gene5187707.pdb
 0.725732 -0.483349 -0.489578    30.019017
 0.245640 -0.482666  0.840652    10.414110
-0.642631 -0.730347 -0.231556   -25.984074
>../../../../class1/leu1//data/domains/Catalytic_domain/structures/LeuRS-B_AF_Bact_Mycoplasma_hyopneumoniae_168-L_gene57101518.pdb
-0.945267  0.172378  0.277051    28.231269
 0.012219  0.867174 -0.497855     9.841637
-0.326070 -0.467220 -0.821817   -28.537512
>../../../../class1/leu1//data/domains/Catalytic_domain/structures/LeuRS-B_AF_Bact_Orientia_tsutsugamushi_str_Ikeda_gene66652454.pdb
 0.412679  0.748598 -0.518938    29.917849
-0.888778  0.455659 -0.049476    11.420260
 0.199422  0.481638  0.853379   -29.614935
>../../../../class1/leu1//data/domains/Catalytic_domain/structures/LeuRS-B_AF_Bact_Porphyromonas_gingivalis_ATCC_33277_gene29256038.pdb
-0.181775  0.180546  0.966624    29.441695
 0.910473 -0.340450  0.234805    10.982925
 0.371480  0.922766 -0.102497   -30.701483
>../../../../class1/leu1//data/domains/Catalytic_domain/structures/LeuRS-B_AF_Bact_Thermus_thermophilus_HB8_gene3168656.pdb
 0.804275 -0.412412 -0.427853    33.718502
 0.233549 -0.442682  0.865729    15.040255
-0.546440 -0.796209 -0.259720   -29.881585
>../../../../class1/leu1//data/domains/Catalytic_domain/structures/LeuRS-B_AF_Euk_Bathycoccus_prasinos_gene19015540.pdb
 0.261777  0.525453 -0.809550    28.591439
-0.943139  0.317309 -0.099020    11.147746
 0.204847  0.789439  0.578639   -29.743664
>../../../../class1/leu1//data/domains/Catalytic_domain/structures/LeuRS-B_AF_Euk_Thalassiosira_pseudonana_CCMP1335_gene7441753.pdb
-0.154525  0.143579  0.977500    30.843066
 0.978846 -0.112036  0.171195    15.519625
 0.134095  0.983277 -0.123229   -30.150594
>../../../../class1/leu1//data/domains/Catalytic_domain/structures/LeuRS-B_AF_Mito_Homo_sapiens_gene23395.pdb
 0.366916  0.590509 -0.718799    29.521376
-0.929658  0.260410 -0.260618     8.464760
 0.033285  0.763862  0.644520   -29.336659
>../../../../class1/leu1//data/domains/Catalytic_domain/structures/LeuRS-B_AF_Mito_Treponema_denticola_ATCC_35405_gene2739434.pdb
-0.854109 -0.497083  0.152992    30.022291
-0.273598  0.179258 -0.944992    11.124945
 0.442315 -0.848985 -0.289107   -29.275488
>../../../../class1/leu1//data/domains/Catalytic_domain/structures/LeuRS-B_PDB_Bact_T_therm_2V0C.pdb
-0.238363 -0.566514 -0.788825    31.410680
 0.434860  0.664003 -0.608274    37.748523
 0.868378 -0.488019  0.088081   -66.063027
