>../../../../class1/cys//data/domains/Catalytic_domain/structures/CysRS_AF_Arch_Aciduliprofundum_boonei_T469_gene8827372.pdb
-0.061498  0.170531 -0.983431     0.307892
 0.585661 -0.791681 -0.173905     3.916539
-0.808220 -0.586652 -0.051187    -5.387498
>../../../../class1/cys//data/domains/Catalytic_domain/structures/CysRS_AF_Arch_Candidatus_Nitrosopumilus_sediminis_gene13696907.pdb
-0.104085 -0.236590 -0.966018     2.460678
 0.704900 -0.702758  0.096164     1.098989
-0.701628 -0.670937  0.239919     1.904241
>../../../../class1/cys//data/domains/Catalytic_domain/structures/CysRS_AF_Arch_Methanospirillum_hungatei_JF-1_gene3922979.pdb
 0.944272 -0.225881 -0.239431     5.226460
 0.222952  0.974024 -0.039619     1.153106
 0.242161 -0.015971  0.970105    -6.379911
>../../../../class1/cys//data/domains/Catalytic_domain/structures/CysRS_AF_Arch_Pyrobaculum_ferrireducens_gene11593896.pdb
 0.997724  0.066265  0.012467     1.927845
-0.058114  0.938846 -0.339398    -0.506466
-0.034195  0.337902  0.940560    -1.353004
>../../../../class1/cys//data/domains/Catalytic_domain/structures/CysRS_AF_Bact_Bordetella_avium_197N_gene41394405.pdb
 0.913622 -0.381645 -0.140150     2.988169
 0.405406  0.829172  0.384862     0.153957
-0.030672 -0.408437  0.912271    -1.697649
>../../../../class1/cys//data/domains/Catalytic_domain/structures/CysRS_AF_Bact_Lactobacillus_amylovorus_GRL1118_gene66523130.pdb
 0.967627 -0.204781 -0.147521     2.213568
 0.206762  0.978389 -0.001951    -0.124947
 0.144732 -0.028614  0.989057    -2.984481
>../../../../class1/cys//data/domains/Catalytic_domain/structures/CysRS_AF_Bact_Mycobacterium_canettii_CIPT_140010059_gene45427568.pdb
-0.138757 -0.717763  0.682322     2.496498
-0.809022 -0.315214 -0.496109     1.387741
 0.571166 -0.620852 -0.536948    -2.601590
>../../../../class1/cys//data/domains/Catalytic_domain/structures/CysRS_AF_Bact_Mycoplasma_hyopneumoniae_168-L_gene57101512.pdb
 0.999447 -0.015673 -0.029341     4.475268
 0.011331  0.989700 -0.142707     0.849751
 0.031275  0.142296  0.989330    -2.918674
>../../../../class1/cys//data/domains/Catalytic_domain/structures/CysRS_AF_Bact_Porphyromonas_gingivalis_ATCC_33277_gene29256960.pdb
 0.073353 -0.165103 -0.983545     1.803120
 0.803510 -0.574393  0.156346     5.524077
-0.590754 -0.801757  0.090528    -2.744190
>../../../../class1/cys//data/domains/Catalytic_domain/structures/CysRS_AF_Bact_Prochlorococcus_marinus_subsp_marinus_str_CCMP1375_gene54200571.pdb
 0.821372  0.570389  0.002012     3.324554
-0.390809  0.565336 -0.726405     1.495257
-0.415471  0.595863  0.687264    -3.831928
>../../../../class1/cys//data/domains/Catalytic_domain/structures/CysRS_AF_Bact_Streptobacillus_moniliformis_DSM_12112_gene29673427.pdb
 0.064403  0.429046 -0.900984    -0.121948
 0.266690 -0.877420 -0.398761     2.291063
-0.961628 -0.214602 -0.170931    -7.769444
>../../../../class1/cys//data/domains/Catalytic_domain/structures/CysRS_AF_Bact_Treponema_pallidum_subsp_pertenue_str_SamoaD_gene57878631.pdb
-0.052624 -0.105586 -0.993017     2.860098
 0.757960 -0.651650  0.029122     5.038022
-0.650174 -0.751135  0.114323    -4.982672
>../../../../class1/cys//data/domains/Catalytic_domain/structures/CysRS_AF_Euk_Arabidopsis_thaliana_gene833874.pdb
 1.000000  0.000000  0.000000     0.000000
 0.000000  1.000000  0.000000     0.000000
 0.000000  0.000000  1.000000     0.000000
>../../../../class1/cys//data/domains/Catalytic_domain/structures/CysRS_AF_Euk_Cyanidioschyzon_merolae_strain_10D_gene16993418.pdb
 0.694454  0.717844  0.049336    -2.950286
-0.374032  0.418718 -0.827511    -3.454120
-0.614682  0.556215  0.559277     4.129942
>../../../../class1/cys//data/domains/Catalytic_domain/structures/CysRS_AF_Euk_Drosophila_melanogaster_gene36784.pdb
 0.507811  0.797408 -0.325989     0.432361
-0.325350 -0.172863 -0.929659     3.090359
-0.797669  0.578151  0.171655     3.010958
>../../../../class1/cys//data/domains/Catalytic_domain/structures/CysRS_AF_Euk_Micromonas_commoda_gene8246535.pdb
-0.288692 -0.175991  0.941108     0.128494
-0.441880 -0.847516 -0.294039     0.000014
 0.849352 -0.500743  0.166905     0.889840
>../../../../class1/cys//data/domains/Catalytic_domain/structures/CysRS_AF_Mito_Morone_saxatilis_gene118339815.pdb
 0.213231 -0.187330 -0.958874     2.645662
 0.888455 -0.371093  0.270070    -2.226752
-0.406424 -0.909504  0.087306    -3.342133
>../../../../class1/cys//data/domains/Catalytic_domain/structures/CysRS_AF_Mito_Saccharomyces_cerevisiae_S288C_gene855474.pdb
 0.364347  0.225308 -0.903597     0.555032
 0.635338 -0.769553  0.064295     2.784054
-0.680879 -0.597516 -0.423531     1.718584
>../../../../class1/cys//data/domains/Catalytic_domain/structures/CysRS_AF_Vir_Megavirus_chiliensis_gene11257271.pdb
-0.189420  0.289832  0.938146     3.961582
 0.022346 -0.953923  0.299218     3.058362
 0.981642  0.077642  0.174215     2.600109
>../../../../class1/cys//data/domains/Catalytic_domain/structures/CysRS_PDB_Bact_E_coli_1LI5.pdb
 0.347876 -0.924671  0.154812    49.916834
 0.337880 -0.030380 -0.940699    28.071797
 0.874540  0.379554  0.301859  -125.712966
>../../../../class1/cys//data/domains/Catalytic_domain/structures/CysRS_PDB_Bact_M_smegmatis_3C8Z.pdb
-0.812633  0.176882 -0.555283    12.356411
 0.008339  0.956258  0.292407     4.733565
 0.582716  0.232989 -0.778562   -53.047216
>../../../../class1/leu1//data/domains/Catalytic_domain/structures/LeuRS-B_AF_Bact_Bifidobacterium_longum_subsp_longum_JCM_1217_gene69578373.pdb
-0.260796 -0.169155 -0.950459     7.963982
 0.732559 -0.675902 -0.080714     7.050494
-0.628764 -0.717317  0.300188   -12.369206
>../../../../class1/leu1//data/domains/Catalytic_domain/structures/LeuRS-B_AF_Bact_Brachyspira_pilosicoli_95_1000_gene56439070.pdb
 0.225256 -0.779494 -0.584508     6.309949
 0.967521  0.249606  0.039988     4.950994
 0.114727 -0.574531  0.810402   -10.059408
>../../../../class1/leu1//data/domains/Catalytic_domain/structures/LeuRS-B_AF_Bact_Chlamydia_psittaci_6BC_gene12243068.pdb
-0.431374 -0.892491  0.131819     6.345861
-0.893568  0.442807  0.073880     6.063580
-0.124308 -0.085919 -0.988517    -9.520688
>../../../../class1/leu1//data/domains/Catalytic_domain/structures/LeuRS-B_AF_Bact_Clostridium_botulinum_A_str_ATCC_3502_gene5187707.pdb
-0.204484  0.715269  0.668264     4.196481
 0.058333 -0.672572  0.737729     7.189929
 0.977130  0.189836  0.095807   -13.287926
>../../../../class1/leu1//data/domains/Catalytic_domain/structures/LeuRS-B_AF_Bact_Mycoplasma_hyopneumoniae_168-L_gene57101518.pdb
 0.954670  0.268606  0.128283     7.084829
-0.099902  0.695087 -0.711950     6.110044
-0.280402  0.666861  0.690413   -12.348318
>../../../../class1/leu1//data/domains/Catalytic_domain/structures/LeuRS-B_AF_Bact_Orientia_tsutsugamushi_str_Ikeda_gene66652454.pdb
-0.593706 -0.803144 -0.049724     6.395943
-0.796041  0.577177  0.182170     7.109505
-0.117609  0.147738 -0.982009   -10.160532
>../../../../class1/leu1//data/domains/Catalytic_domain/structures/LeuRS-B_AF_Bact_Porphyromonas_gingivalis_ATCC_33277_gene29256038.pdb
 0.103795 -0.707280 -0.699272     7.331387
 0.977382 -0.057718  0.203455     6.466203
-0.184260 -0.704573  0.685292    -9.744617
>../../../../class1/leu1//data/domains/Catalytic_domain/structures/LeuRS-B_AF_Bact_Thermus_thermophilus_HB8_gene3168656.pdb
-0.323864  0.702767  0.633427     4.036634
 0.080054 -0.646755  0.758485    10.617842
 0.942711  0.296355  0.153202    -7.026335
>../../../../class1/leu1//data/domains/Catalytic_domain/structures/LeuRS-B_AF_Euk_Bathycoccus_prasinos_gene19015540.pdb
-0.475010 -0.816293  0.328681     7.504805
-0.853322  0.518523  0.054552     6.723397
-0.214959 -0.254558 -0.942864   -10.932878
>../../../../class1/leu1//data/domains/Catalytic_domain/structures/LeuRS-B_AF_Euk_Klebsormidium_nitens_protein971510658.pdb
 0.864805  0.481472  0.142467     6.628702
-0.207005  0.600384 -0.772456     7.148835
-0.457451  0.638532  0.618882   -10.820270
>../../../../class1/leu1//data/domains/Catalytic_domain/structures/LeuRS-B_AF_Euk_Plasmodium_falciparum_3D7_gene2655460.pdb
-0.247508  0.047608 -0.967716     2.766370
 0.722060 -0.656919 -0.216996     9.936706
-0.646042 -0.752456  0.128217    -9.391994
>../../../../class1/leu1//data/domains/Catalytic_domain/structures/LeuRS-B_AF_Euk_Thalassiosira_pseudonana_CCMP1335_gene7441753.pdb
 0.211376 -0.673111 -0.708690     6.561570
 0.977145  0.162230  0.137361    10.913150
 0.022512 -0.721528  0.692019    -8.363353
>../../../../class1/leu1//data/domains/Catalytic_domain/structures/LeuRS-B_AF_Mito_Homo_sapiens_gene23395.pdb
-0.470789 -0.861918  0.188294     6.006899
-0.881958  0.465241 -0.075504     4.403611
-0.022524 -0.201614 -0.979206   -11.283819
>../../../../class1/leu1//data/domains/Catalytic_domain/structures/LeuRS-B_AF_Mito_Treponema_denticola_ATCC_35405_gene2739434.pdb
 0.420434  0.899622 -0.117963     6.122789
-0.146327 -0.061080 -0.987349     6.841957
-0.895446  0.432376  0.105959   -10.556443
>../../../../class1/leu1//data/domains/Catalytic_domain/structures/LeuRS-B_PDB_Bact_T_therm_2V0C.pdb
-0.211377  0.842619  0.495290    29.659107
 0.654777  0.498301 -0.568299    22.450797
-0.725663  0.204179 -0.657057    25.146110
