>../../../../class2/asn//data/domains/Catalytic_domain/structures/AsnRS_AF_Arch_Candidatus_Korarchaeum_cryptofilum_OPF8_gene6094562.pdb
-0.970293  0.223624  0.092328   -13.593281
 0.190900  0.942112 -0.275649    -2.474306
-0.148625 -0.249835 -0.956814   -57.060588
>../../../../class2/asn//data/domains/Catalytic_domain/structures/AsnRS_AF_Arch_Candidatus_Nitrososphaera_gargensis_Ga92_gene13796664.pdb
 0.781525 -0.598014 -0.177761   -11.794685
 0.448862  0.341090  0.825942    -0.954467
-0.433292 -0.725284  0.534996   -55.641675
>../../../../class2/asn//data/domains/Catalytic_domain/structures/AsnRS_AF_Arch_Ferroplasma_acidarmanus_Fer1_gene16025664.pdb
-0.008121 -0.283652 -0.958893   -15.500723
-0.242654 -0.929704  0.277072     2.665499
-0.970079  0.234929 -0.061279   -63.048573
>../../../../class2/asn//data/domains/Catalytic_domain/structures/AsnRS_AF_Arch_Pyrococcus_sp_ST04_gene13021535.pdb
-0.002921 -0.297863 -0.954604   -14.620154
-0.155195 -0.942907  0.294688     3.030222
-0.987880  0.149011 -0.043472   -62.474607
>../../../../class2/asn//data/domains/Catalytic_domain/structures/AsnRS_AF_Bact_Clostridium_acetobutylicum_DSM_1731_gene44999755.pdb
 0.822367 -0.513342 -0.245343   -13.413891
 0.459838  0.345736  0.817934    -1.916032
-0.335056 -0.785460  0.520376   -54.905961
>../../../../class2/asn//data/domains/Catalytic_domain/structures/AsnRS_AF_Bact_Mycoplasma_hyopneumoniae_168-L_gene57101291.pdb
 0.159797 -0.488553 -0.857777   -13.259146
 0.118575 -0.853152  0.508008     3.787745
-0.980003 -0.182889 -0.078401   -62.553337
>../../../../class2/asn//data/domains/Catalytic_domain/structures/AsnRS_AF_Bact_Porphyromonas_gingivalis_ATCC_33277_gene29256423.pdb
 0.096271 -0.297809 -0.949759   -13.670306
-0.061311 -0.954153  0.292972     2.034563
-0.993465  0.030026 -0.110116   -61.520344
>../../../../class2/asn//data/domains/Catalytic_domain/structures/AsnRS_AF_Bact_Streptobacillus_moniliformis_DSM_12112_gene29673200.pdb
 0.872116 -0.435166 -0.223704   -13.085437
 0.413975  0.412505  0.811458    -1.876918
-0.260840 -0.800293  0.539901   -55.159179
>../../../../class2/asn//data/domains/Catalytic_domain/structures/AsnRS_AF_Bact_Thermus_thermophilus_HB8_gene3168522.pdb
 0.233934 -0.583001 -0.778065   -13.016352
 0.140789 -0.771522  0.620429     4.580845
-0.962005 -0.254683 -0.098405   -62.318778
>../../../../class2/asn//data/domains/Catalytic_domain/structures/AsnRS_AF_Bact_Treponema_pallidum_subsp_pertenue_str_SamoaD_gene57879132.pdb
 0.778060 -0.580417 -0.240290   -12.406589
 0.461548  0.268704  0.845442    -1.587662
-0.426142 -0.768709  0.476958   -54.879039
>../../../../class2/asn//data/domains/Catalytic_domain/structures/AsnRS_AF_Bact_unclassified_Blastocatellia_proteinRPI49177.1.pdb
 0.369264 -0.652177 -0.662049   -11.985076
 0.298907 -0.591194  0.749096     4.487665
-0.879942 -0.474506 -0.023367   -60.674584
>../../../../class2/asn//data/domains/Catalytic_domain/structures/AsnRS_AF_Euk_Candida_albicans_SC5314_gene3646227.pdb
-0.047480 -0.437532 -0.897949   -15.932682
-0.037633 -0.897541  0.439323     5.810287
-0.998163  0.054652  0.026150   -59.034799
>../../../../class2/asn//data/domains/Catalytic_domain/structures/AsnRS_AF_Euk_Cryptococcus_gattii_WM276_gene10190222.pdb
-0.129793 -0.498588 -0.857067   -15.960014
 0.054812 -0.866665  0.495871     6.343896
-0.990025  0.017383  0.139816   -55.657243
>../../../../class2/asn//data/domains/Catalytic_domain/structures/AsnRS_AF_Euk_Encephalitozoon_intestinalis_ATCC_50506_gene9698489.pdb
 0.034354 -0.167317 -0.985304   -15.005728
-0.153331 -0.975097  0.160237     1.542674
-0.987578  0.145573 -0.059153   -62.930849
>../../../../class2/asn//data/domains/Catalytic_domain/structures/AsnRS_AF_Euk_Vitis_vinifera_gene100257593.pdb
 0.921126 -0.340562 -0.188531   -11.358505
 0.283878  0.256314  0.923968    -4.391013
-0.266346 -0.904611  0.332776   -53.635567
>../../../../class2/asn//data/domains/Catalytic_domain/structures/AsnRS_AF_Mito_Solanum_lycopersicum_gene543755.pdb
 0.689355 -0.623168 -0.369393    -9.958613
 0.203828 -0.322462  0.924377    -3.132504
-0.695157 -0.712517 -0.095271   -52.929998
>../../../../class2/asn//data/domains/Catalytic_domain/structures/AsnRS_AF_Mito_Zeugodacus_cucurbitae_gene105213230.pdb
-0.073291 -0.457954  0.885950   -10.690150
 0.127087 -0.885385 -0.447149     0.838799
 0.989180  0.079821  0.123091   -53.144258
>../../../../class2/asn//data/domains/Catalytic_domain/structures/AsnRS_PDB_Arch_P_horikoshii_1X54.pdb
 0.262232  0.873935  0.409233   -26.203857
 0.889273 -0.054167 -0.454159    19.557239
-0.374738  0.483015 -0.791371   -37.051773
>../../../../class2/asn//data/domains/Catalytic_domain/structures/AsnRS_PDB_Bact_E_anophelis_6pqh.pdb
 1.000000  0.000000  0.000000     0.000000
 0.000000  1.000000  0.000000     0.000000
 0.000000  0.000000  1.000000     0.000000
>../../../../class2/asn//data/domains/Catalytic_domain/structures/AsnRS_PDB_Euk_S_cerevisiae_1asz.pdb
-0.128792 -0.001038 -0.991671   -13.989536
 0.841406  0.529126 -0.109830  -101.426738
 0.524833 -0.848543 -0.067273   -45.876459
>../../../../class2/gly3//data/domains/Catalytic_domain/structures/GlyRS-E_AF_Arch_Methanosalsum_zhilinae_DSM_4017_gene10821854.pdb
 0.175719 -0.082867 -0.980946   -10.780266
-0.456420 -0.889740 -0.006597    -2.701367
-0.872240  0.448883 -0.194167   -62.693457
>../../../../class2/gly3//data/domains/Catalytic_domain/structures/GlyRS-E_AF_Euk_Cryptococcus_neoformans_var_neoformans_JEC21_gene3258293.pdb
-0.714180  0.363213  0.598350   -10.676370
 0.532897  0.836390  0.128347    -1.784113
-0.453836  0.410522 -0.790888   -62.501004
>../../../../class2/gly3//data/domains/Catalytic_domain/structures/GlyRS-E_AF_Euk_Girardinichthys_multiradiatus_gene124858359.pdb
 0.181889  0.055576 -0.981747    -9.234020
-0.516588 -0.844125 -0.143493    -1.270497
-0.836692  0.533259 -0.124827   -62.677814
>../../../../class2/gly3//data/domains/Catalytic_domain/structures/GlyRS-E_AF_Euk_Plasmodium_yoelii_gene3801472.pdb
 0.333857 -0.360892 -0.870802   -12.156649
-0.148740 -0.932403  0.329396    -2.395518
-0.930815  0.019552 -0.364968   -64.126944
>../../../../class2/gly3//data/domains/Catalytic_domain/structures/GlyRS-E_AF_Euk_Schizosaccharomyces_pombe_gene2543181.pdb
 0.052794  0.224802 -0.972973    -8.976226
-0.691713 -0.694501 -0.197995    -2.014562
-0.720240  0.683471  0.118833   -63.104752
>../../../../class2/gly3//data/domains/Catalytic_domain/structures/GlyRS-E_AF_Mito_Fusarium_poae_gene68345711.pdb
 0.052509  0.176529 -0.982894    -9.188332
-0.668669 -0.724816 -0.165900    -1.891403
-0.741704  0.665942  0.079981   -63.246594
>../../../../class2/gly3//data/domains/Catalytic_domain/structures/GlyRS-E_PDB_Euk_H_sapiens_2q5h.pdb
 0.500284  0.799229 -0.333092   -98.949608
-0.699140  0.599812  0.389138   102.066680
 0.510803  0.038198  0.858849     6.504977
