>structures/GlyRS-E_AF_Arch_Methanosalsum_zhilinae_DSM_4017_gene10821854.pdb
 0.982689  0.184774 -0.013438    -2.790981
-0.183381  0.959842 -0.212306     2.314376
-0.026331  0.211095  0.977111     3.480691
>structures/GlyRS-E_AF_Euk_Cryptococcus_neoformans_var_neoformans_JEC21_gene3258293.pdb
-0.031807 -0.816538  0.576415    -1.036564
-0.790300 -0.332516 -0.514645     0.827188
 0.611894 -0.471910 -0.634733     2.261216
>structures/GlyRS-E_AF_Euk_Girardinichthys_multiradiatus_gene124858359.pdb
 0.998007  0.062118 -0.011113    -3.117905
-0.061358  0.996366  0.059075     2.922039
 0.014742 -0.058276  0.998192     2.371781
>structures/GlyRS-E_AF_Euk_Plasmodium_yoelii_gene3801472.pdb
 0.807062  0.590453 -0.004088     0.164095
-0.475941  0.646412 -0.596349    -0.059635
-0.349474  0.483236  0.802715     3.561434
>structures/GlyRS-E_AF_Euk_Schizosaccharomyces_pombe_gene2543181.pdb
 0.998144 -0.032984 -0.051190    -1.552235
 0.033222  0.999441  0.003810    -0.021839
 0.051036 -0.005504  0.998682    -0.208197
>structures/GlyRS-E_AF_Mito_Fusarium_poae_gene68345711.pdb
 0.999886 -0.014459 -0.004384    -0.150346
 0.014441  0.999888 -0.004046    -0.025689
 0.004442  0.003982  0.999982     0.112105
>structures/GlyRS-E_PDB_Euk_H_sapiens_2q5h.pdb
 0.079601 -0.412226 -0.907598  -122.030143
 0.866905 -0.420828  0.267169   -30.948608
-0.492076 -0.808068  0.323862    89.871413
