>structures/GlyRS-E_AF_Euk_Cryptococcus_neoformans_var_neoformans_JEC21_gene3258293.pdb
 1.000000  0.000000  0.000000     0.000000
 0.000000  1.000000  0.000000     0.000000
 0.000000  0.000000  1.000000     0.000000
>structures/GlyRS-E_AF_Euk_Girardinichthys_multiradiatus_gene124858359.pdb
 0.017457 -0.821332  0.570183    -1.479318
-0.804859 -0.349884 -0.479357     1.062235
 0.593209 -0.450549 -0.667165    -2.273658
>structures/GlyRS-E_AF_Euk_Plasmodium_yoelii_gene3801472.pdb
 0.125600 -0.233251  0.964271     1.500592
-0.340053 -0.923208 -0.179025    -1.236270
 0.931981 -0.305418 -0.195273     0.419460
>structures/GlyRS-E_AF_Euk_Schizosaccharomyces_pombe_gene2543181.pdb
-0.032782 -0.791130  0.610769    -0.869715
-0.848536 -0.300877 -0.435270     1.793826
 0.528121 -0.532529 -0.661439     1.865544
>structures/GlyRS-E_PDB_Euk_H_sapiens_2q5h.pdb
-0.988440 -0.149757  0.023635    83.536264
-0.117911  0.857327  0.501087    68.026296
-0.095304  0.492508 -0.865074  -108.151167
