>structures/GlyRS-E_AF_Arch_Methanosalsum_zhilinae_DSM_4017_gene10821854.pdb
 0.089226 -0.631851  0.769937    -0.309259
-0.733439 -0.564685 -0.378415     0.443721
 0.673874 -0.530937 -0.513809    -2.470593
>structures/GlyRS-E_AF_Euk_Cryptococcus_neoformans_var_neoformans_JEC21_gene3258293.pdb
 0.999974  0.000225 -0.007153     0.095207
-0.000251  0.999994 -0.003586     0.070786
 0.007152  0.003588  0.999968     0.079997
>structures/GlyRS-E_AF_Euk_Girardinichthys_multiradiatus_gene124858359.pdb
 0.019111 -0.822008  0.569155    -1.452292
-0.805226 -0.350093 -0.478588     1.050119
 0.592661 -0.449152 -0.668593    -2.288778
>structures/GlyRS-E_AF_Euk_Plasmodium_yoelii_gene3801472.pdb
 0.127969 -0.232771  0.964075     1.498421
-0.341996 -0.922803 -0.177410    -1.202618
 0.930947 -0.307007 -0.197697     0.354475
>structures/GlyRS-E_AF_Euk_Schizosaccharomyces_pombe_gene2543181.pdb
-0.030887 -0.791568  0.610300    -0.849689
-0.851244 -0.299185 -0.431129     1.875087
 0.523861 -0.532830 -0.664577     1.734957
>structures/GlyRS-E_PDB_Euk_H_sapiens_2q5h.pdb
-0.988193 -0.151278  0.024289    83.681721
-0.118496  0.855094  0.504750    68.607502
-0.097127  0.495912 -0.862924  -107.795573
