>structures/SerRS-A_AF_Arch_Conexivisphaera_calida_protein1635512986.pdb
 1.000000  0.000000  0.000000     0.000000
 0.000000  1.000000  0.000000     0.000000
 0.000000  0.000000  1.000000     0.000000
>structures/SerRS-A_AF_Arch_Ignisphaera_aggregans_protein304378874.pdb
 0.689702 -0.684262 -0.236849     1.630045
 0.686795  0.514561  0.513361    -0.236525
-0.229400 -0.516733  0.824841     1.714824
>structures/SerRS-A_AF_Arch_Unclassified_Thermoplasmata_protein1635512986.pdb
 0.974532  0.224246 -0.000781    -2.387990
-0.221389  0.961552 -0.162495    -0.087040
-0.035688  0.158530  0.986709     2.071098
>structures/SerRS-A_PDB_Arch_M_barkeri_2cim.pdb
-0.783441  0.520124 -0.340134    65.482261
 0.384627  0.835699  0.392006   -49.764563
 0.488141  0.176289 -0.854775    48.248837
>structures/SerRS-A_PDB_Arch_M_barkeri_2cjb.pdb
-0.776610  0.530010 -0.340537    65.497053
 0.374914  0.823240  0.426280   -52.199808
 0.506277  0.203382 -0.838045    46.640359
