>structures/PheRS-M_AF_Mito_Arabidopsis_thaliana_gene824983.pdb
-0.794154  0.428754 -0.430685   -27.469086
 0.553851  0.802326 -0.222536   -28.303596
 0.250137 -0.415263 -0.874636     6.731779
>structures/PheRS-M_AF_Mito_Babesia_bovis_T2Bo_gene5478469.pdb
-0.837337 -0.185650 -0.514199   -11.791758
-0.335514  0.917116  0.215240    -7.542486
 0.431621  0.352749 -0.830224   -14.414960
>structures/PheRS-M_AF_Mito_Candida_albicans_SC5314_gene3638806.pdb
-0.823944 -0.105729 -0.556721   -24.823965
-0.489628  0.627409  0.605493   -31.164395
 0.285274  0.771478 -0.568718     2.593629
>structures/PheRS-M_AF_Mito_Crassostrea_gigas_gene105329377.pdb
 0.850844 -0.128234  0.509529   -14.484490
-0.291916  0.690941  0.661351   -31.157349
-0.436862 -0.711447  0.550450     6.273038
>structures/PheRS-M_AF_Mito_Drosophila_melanogaster_gene36547.pdb
 1.000000 -0.000000  0.000000     0.000000
 0.000000  1.000000  0.000000     0.000000
-0.000000  0.000000  1.000000     0.000000
>structures/PheRS-M_AF_Mito_Syngnathus_acus_gene119139175.pdb
-0.148055  0.983169 -0.107049   -20.038978
-0.954462 -0.170395 -0.244882   -30.126981
-0.259001  0.065918  0.963625     5.010805
>structures/PheRS-M_PDB_Mito.H_sapiens_3CMQ.pdb
 0.417943 -0.290911 -0.860636    -1.688809
-0.629640  0.590150 -0.505248   -35.244771
 0.654887  0.753056  0.063480   -15.924498
