>../../../../class2/gly3//data/domains/Catalytic_domain/structures/GlyRS-E_AF_Arch_Methanosalsum_zhilinae_DSM_4017_gene10821854.pdb
 0.996202  0.032943  0.080595     3.422076
-0.030937  0.999183 -0.026015     4.669479
-0.081386  0.023422  0.996407    -2.404457
>../../../../class2/gly3//data/domains/Catalytic_domain/structures/GlyRS-E_AF_Euk_Cryptococcus_neoformans_var_neoformans_JEC21_gene3258293.pdb
 0.056403 -0.725371  0.686043     2.757484
-0.631262 -0.558269 -0.538372     3.916447
 0.773516 -0.402707 -0.489387    -2.675764
>../../../../class2/gly3//data/domains/Catalytic_domain/structures/GlyRS-E_AF_Euk_Girardinichthys_multiradiatus_gene124858359.pdb
 0.997301 -0.039211  0.062068     2.843325
 0.030919  0.991120  0.129329     3.147096
-0.066588 -0.127060  0.989657    -3.987989
>../../../../class2/gly3//data/domains/Catalytic_domain/structures/GlyRS-E_AF_Euk_Plasmodium_yoelii_gene3801472.pdb
 0.906083  0.416684  0.073408     4.332739
-0.362026  0.853327 -0.375193     4.011169
-0.218978  0.313380  0.924036    -0.866272
>../../../../class2/gly3//data/domains/Catalytic_domain/structures/GlyRS-E_AF_Euk_Schizosaccharomyces_pombe_gene2543181.pdb
 0.968535 -0.229859 -0.095420     3.731269
 0.248332  0.917939  0.309385     3.730076
 0.016475 -0.323346  0.946137    -4.153872
>../../../../class2/gly3//data/domains/Catalytic_domain/structures/GlyRS-E_AF_Mito_Fusarium_poae_gene68345711.pdb
 0.973986 -0.207393 -0.091319     3.519461
 0.224820  0.934883  0.274681     3.619528
 0.028405 -0.288066  0.957189    -3.995474
>../../../../class2/gly3//data/domains/Catalytic_domain/structures/GlyRS-E_PDB_Euk_H_sapiens_2q5h.pdb
-0.081945 -0.266512 -0.960342  -112.390060
 0.813648 -0.574355  0.089966   -47.369739
-0.575554 -0.774007  0.263913    83.016156
>../../../../class2/pro1//data/domains/Catalytic_domain/structures/ProRS-A_AF_Arch_Candidatus_Nitrosopumilus_sediminis_gene13697692.pdb
-0.096206 -0.685204  0.721969     0.190737
-0.651812 -0.504808 -0.565959    -0.423976
 0.752253 -0.525037 -0.398059    -0.641060
>../../../../class2/pro1//data/domains/Catalytic_domain/structures/ProRS-A_AF_Arch_Halogeometricum_borinquense_DSM_11551_gene9994169.pdb
 1.000000  0.000000  0.000000     0.000000
 0.000000  1.000000  0.000000     0.000000
 0.000000  0.000000  1.000000     0.000000
>../../../../class2/pro1//data/domains/Catalytic_domain/structures/ProRS-A_AF_Arch_Picrophilus_torridus_DSM_9790_gene2845069.pdb
 0.916001  0.393525  0.077979     1.178539
-0.347337  0.875209 -0.336700     1.679448
-0.200747  0.281332  0.938378    -0.634471
>../../../../class2/pro1//data/domains/Catalytic_domain/structures/ProRS-A_AF_Arch_Sulfurisphaera_tokodaii_str_7_gene1459472.pdb
 0.000641 -0.109553  0.993981     0.616178
-0.101119 -0.988893 -0.108927     0.094197
 0.994874 -0.100440 -0.011712    -0.678477
>../../../../class2/pro1//data/domains/Catalytic_domain/structures/ProRS-A_AF_Bact_Bacillus_anthracis_str_Ames_Ancestor_gene45020455.pdb
 0.056713  0.032691 -0.997855     0.504213
 0.630176 -0.776383  0.010380     0.610898
-0.774379 -0.629413 -0.064632    -0.321381
>../../../../class2/pro1//data/domains/Catalytic_domain/structures/ProRS-A_AF_Bact_Mycoplasma_hyopneumoniae_168-L_gene57101275.pdb
 0.855072 -0.420507 -0.303358     0.894828
 0.517893  0.721158  0.460129    -1.523005
 0.025281 -0.550550  0.834420    -1.520678
>../../../../class2/pro1//data/domains/Catalytic_domain/structures/ProRS-A_AF_Bact_Porphyromonas_gingivalis_ATCC_33277_gene29256199.pdb
 0.994218  0.105253  0.021252     0.558644
-0.105328  0.994435  0.002397     0.268873
-0.020881 -0.004622  0.999771    -1.686927
>../../../../class2/pro1//data/domains/Catalytic_domain/structures/ProRS-A_AF_Bact_Thermus_thermophilus_HB8_gene3169620.pdb
 0.965831 -0.219267 -0.138174     1.256423
 0.252567  0.915894  0.312005    -0.656287
 0.058140 -0.336243  0.939979    -1.161404
>../../../../class2/pro1//data/domains/Catalytic_domain/structures/ProRS-A_AF_Euk_Cryptococcus_gattii_WM276_gene10188341.pdb
 0.937793 -0.255789 -0.234768     1.449725
 0.282998  0.954882  0.090069    -2.780479
 0.201137 -0.150905  0.967870     0.859436
>../../../../class2/pro1//data/domains/Catalytic_domain/structures/ProRS-A_AF_Euk_Ostreococcus_tauri_gene9837972.pdb
 0.807072 -0.525082 -0.270045     5.359083
 0.590312  0.707524  0.388512     0.654596
-0.012937 -0.472967  0.880985     3.914821
>../../../../class2/pro1//data/domains/Catalytic_domain/structures/ProRS-A_AF_Euk_Plasmodium_yoelii_gene3807174.pdb
 0.021983 -0.237604 -0.971113    -2.536765
 0.399201 -0.888466  0.226419     1.553225
-0.916600 -0.392647  0.075320    -0.349783
>../../../../class2/pro1//data/domains/Catalytic_domain/structures/ProRS-A_AF_Euk_Scheffersomyces_stipitis_CBS_6054_gene4840393.pdb
 0.989586  0.132249 -0.056834     2.926360
-0.143370  0.940781 -0.307207    -4.428244
 0.012841  0.312156  0.949944    -1.089605
>../../../../class2/pro1//data/domains/Catalytic_domain/structures/ProRS-A_AF_Mito_Mauremys_reevesii_gene120369760.pdb
 0.370050  0.732714 -0.571133    -1.061922
-0.448079 -0.397772 -0.800626    -0.116497
-0.813811  0.552185  0.181119    -3.177971
>../../../../class2/pro1//data/domains/Catalytic_domain/structures/ProRS-A_AF_Mito_Oryza_sativa_Japonica_Group_gene4342480.pdb
 0.921081 -0.353898 -0.162378     5.428873
 0.381753  0.902876  0.197686    -0.993608
 0.076647 -0.244073  0.966723     3.367384
>../../../../class2/pro1//data/domains/Catalytic_domain/structures/ProRS-A_PDB_Arch_M_janacshii_1nj8.pdb
 0.290349  0.889817  0.352026   -83.576475
 0.778788 -0.005966 -0.627259   -48.640168
-0.556045  0.456278 -0.694711    60.559831
