>structures/IleRS_AF_Arch_Candidatus_Korarchaeum_cryptofilum_OPF8_gene6094904.pdb
-0.994965  0.045128 -0.089490    -3.973887
-0.006346  0.862735  0.505616     3.763122
 0.100023  0.503638 -0.858105    -1.550140
>structures/IleRS_AF_Arch_Candidatus_Nitrosopumilus_sediminis_gene13697091.pdb
 0.067392 -0.644244 -0.761845    -3.940247
 0.581904 -0.594883  0.554529     6.553672
-0.810461 -0.480691  0.334798     2.127928
>structures/IleRS_AF_Arch_Pyrobaculum_aerophilum_str_IM2_gene1465853.pdb
 0.842490 -0.515428 -0.156669    -4.145855
 0.538062  0.790815  0.291720    -0.182970
-0.026465 -0.330069  0.943586    -0.800900
>structures/IleRS_AF_Arch_Thermoplasma_acidophilum_DSM_1728_gene1456418.pdb
-0.680713 -0.731349 -0.041936    -4.447547
-0.451649  0.464073 -0.762004     3.967808
 0.576752 -0.499765 -0.646213    -1.793852
>structures/IleRS_AF_Bact_Chlamydia_muridarum_str_Nigg_gene1246458.pdb
 0.029309  0.476129  0.878887    -7.054418
 0.361155 -0.824911  0.434845     5.946429
 0.932045  0.304669 -0.196133    -0.975713
>structures/IleRS_AF_Bact_Lactobacillus_acidophilus_La-14_gene56942445.pdb
 0.994571 -0.084290 -0.061014    -5.842237
 0.083112  0.996306 -0.021596     1.315663
 0.062609  0.016408  0.997903    -1.245139
>structures/IleRS_AF_Bact_Mycoplasma_hyopneumoniae_168-L_gene57100872.pdb
 0.995652 -0.062203 -0.069339    -3.965318
 0.052634  0.989828 -0.132174     0.599216
 0.076855  0.127949  0.988798    -3.625888
>structures/IleRS_AF_Bact_Orientia_tsutsugamushi_str_Ikeda_gene66653313.pdb
-0.021480  0.800900 -0.598413    -3.903148
-0.483390 -0.532258 -0.695008     4.515300
-0.875141  0.274339  0.398580    -2.202291
>structures/IleRS_AF_Bact_Porphyromonas_gingivalis_ATCC_33277_gene29255747.pdb
 0.069924  0.798893 -0.597395    -1.689780
-0.504692 -0.488231 -0.711981     3.963838
-0.860463  0.351285  0.369056    -4.514834
>structures/IleRS_AF_Bact_Streptobacillus_moniliformis_DSM_12112_gene29674186.pdb
 1.000000  0.000000  0.000000    -0.000000
 0.000000  1.000000  0.000000     0.000000
 0.000000  0.000000  1.000000    -0.000000
>structures/IleRS_AF_Bact_Thermus_thermophilus_HB8_gene3168241.pdb
-0.086555  0.609384  0.788137    -5.792136
 0.486388 -0.664566  0.567256     5.545981
 0.869445  0.432439 -0.238875    -3.993386
>structures/IleRS_AF_Bact_Treponema_pallidum_subsp_pertenue_str_SamoaD_gene57878975.pdb
-0.738526  0.633026  0.232073    -5.704299
 0.620342  0.503146  0.601680     3.879244
 0.264112  0.588321 -0.764279    -2.462462
>structures/IleRS_AF_Euk_Cyanidioschyzon_merolae_strain_10D_gene16992835.pdb
 0.063822 -0.410135  0.909789    -5.125077
-0.219758 -0.895045 -0.388072     2.498857
 0.973464 -0.175166 -0.147254    -2.382639
>structures/IleRS_AF_Euk_Ostreococcus_lucimarinus_CCE9901_gene5000489.pdb
-0.891528  0.442533  0.096651    -7.357237
 0.437693  0.786691  0.435365     2.460760
 0.116629  0.430444 -0.895051     0.275487
>structures/IleRS_AF_Euk_Trypanosoma_brucei_brucei_TREU927_gene3663037.pdb
-0.984829  0.170323  0.033182    -6.050441
 0.173482  0.962132  0.210254     2.480391
 0.003886  0.212821 -0.977083    -0.773734
>structures/IleRS_AF_Euk_Ustilago_maydis_521_gene23568123.pdb
 0.927582  0.332755 -0.169901    -4.626568
-0.372824  0.794688 -0.479033     2.214445
-0.024382  0.507686  0.861197    -4.449666
>structures/IleRS_AF_Mito_Drosophila_melanogaster_gene39762.pdb
-0.093796  0.383746 -0.918663    -0.790182
 0.033648 -0.920982 -0.388150     2.920114
-0.995023 -0.067318  0.073472    -4.733196
>structures/IleRS_AF_Mito_Homo_sapiens_gene55699.pdb
 0.991397 -0.079462 -0.104010    -4.547266
 0.072854  0.995166 -0.065862     1.128564
 0.108740  0.057718  0.992393    -2.918259
>structures/IleRS_PDB_Bact_S_aureus_1QU2.pdb
 0.677040 -0.707994 -0.200899    57.789817
 0.510255  0.648301 -0.565107   -18.560537
 0.530336  0.280090  0.800183  -103.449476
>structures/IleRS_PDB_Bact_T_therm_1ILE.pdb
-0.034738  0.901121  0.432175     7.882774
 0.664657 -0.302108  0.683346    41.371384
 0.746341  0.310986 -0.588441    -1.705654
>structures/IleRS_PDB_Euk_S_cere_7D5C.pdb
 0.958692 -0.124319 -0.255839     2.464341
-0.265714 -0.712401 -0.649523    33.415165
-0.101513  0.690673 -0.716007    20.647389
