>structures/ProRS-B_AF_Bact_Acinetobacter_baylyi_ADP1_gene45233245.pdb
-0.986757  0.155178  0.047225     4.403828
 0.162189  0.939952  0.300308     2.374993
 0.002212  0.303991 -0.952672     2.584726
>structures/ProRS-B_AF_Bact_Brachyspira_pilosicoli_95_1000_gene56438966.pdb
-0.434827  0.615683  0.657160     1.938334
 0.675771 -0.259241  0.690020     5.135988
 0.595197  0.744129 -0.303335     1.737057
>structures/ProRS-B_AF_Bact_Chlamydia_psittaci_6BC_gene12242703.pdb
 1.000000 -0.000000  0.000000    -0.000000
 0.000000  1.000000  0.000000    -0.000000
-0.000000  0.000000  1.000000     0.000000
>structures/ProRS-B_AF_Bact_Clostridium_acetobutylicum_DSM_1731_gene44999665.pdb
-0.980557  0.189548  0.050795     0.446340
 0.187887  0.832141  0.521767     4.780575
 0.056631  0.521166 -0.851575     2.115357
>structures/ProRS-B_AF_Bact_Corynebacterium_ulcerans_809_gene75260584.pdb
 0.892031 -0.286705 -0.349401    -3.285294
 0.451524  0.530798  0.717202     1.956562
-0.020164 -0.797530  0.602943     0.640272
>structures/ProRS-B_AF_Bact_Prochlorococcus_marinus_subsp_marinus_str_CCMP1375_gene54199876.pdb
-0.993106  0.104025 -0.054026     0.396298
 0.080328  0.939630  0.332631     3.873779
 0.085366  0.325998 -0.941508     2.735006
>structures/ProRS-B_AF_Bact_Streptobacillus_moniliformis_DSM_12112_gene29673723.pdb
-0.866726 -0.496333 -0.049389     1.144749
-0.475843  0.852483 -0.216439     6.005433
 0.149529 -0.164092 -0.975046     1.474565
>structures/ProRS-B_AF_Euk_Candida_albicans_SC5314_gene3640100.pdb
-0.939562  0.309703  0.145969     6.171010
 0.312438  0.949928 -0.004391     0.360980
-0.140020  0.041481 -0.989279    -1.503092
>structures/ProRS-B_PDB_Bact_S_aureus_5znj.pdb
-0.930437 -0.214790 -0.296904    12.257333
-0.366132  0.511073  0.777657    -9.586826
-0.015294  0.832267 -0.554163    14.873727
>structures/ProRS_PDB_Bact_E_faecalis_2J3M.pdb
-0.714011 -0.578538 -0.394313    18.667788
-0.634693  0.772605  0.015713    31.598266
 0.295557  0.261487 -0.918842     7.683559
