>structures/ProRS-B_AF_Bact_Acinetobacter_baylyi_ADP1_gene45233245.pdb
 0.595449 -0.620515 -0.510295    26.959380
 0.701773  0.710939 -0.045618   -15.735187
 0.391095 -0.330948  0.858788     9.647928
>structures/ProRS-B_AF_Bact_Brachyspira_pilosicoli_95_1000_gene56438966.pdb
 0.063366 -0.060302 -0.996167    26.936584
 0.932581 -0.351842  0.080619   -12.363881
-0.355355 -0.934115  0.033942    11.551114
>structures/ProRS-B_AF_Bact_Chlamydia_psittaci_6BC_gene12242703.pdb
-0.709093 -0.638814  0.298501    31.028951
-0.581025  0.769212  0.265938   -15.654228
-0.399496  0.015138 -0.916610    13.680503
>structures/ProRS-B_AF_Bact_Clostridium_acetobutylicum_DSM_1731_gene44999665.pdb
 0.584743 -0.521369 -0.621490    28.457698
 0.735916  0.663278  0.135978   -11.952709
 0.341326 -0.536876  0.771531    11.716570
>structures/ProRS-B_AF_Bact_Corynebacterium_ulcerans_809_gene75260584.pdb
-0.925461 -0.378784 -0.006677    31.658758
-0.158300  0.370632  0.915190   -11.727971
-0.344184  0.848030 -0.402967    14.271635
>structures/ProRS-B_AF_Bact_Prochlorococcus_marinus_subsp_marinus_str_CCMP1375_gene54199876.pdb
 0.687889 -0.569603 -0.449846    29.356589
 0.654142  0.755080  0.044196   -12.050540
 0.314496 -0.324665  0.892012    11.208349
>structures/ProRS-B_AF_Bact_Streptobacillus_moniliformis_DSM_12112_gene29673723.pdb
 0.966912 -0.230135 -0.110088    27.145663
 0.169683  0.902398 -0.396087   -11.061961
 0.190496  0.364302  0.911589    12.201314
>structures/ProRS-B_AF_Euk_Candida_albicans_SC5314_gene3640100.pdb
 0.418429 -0.828031 -0.373205    26.403741
 0.754860  0.545552 -0.364088   -19.840785
 0.505079 -0.129372  0.853322    12.938213
>structures/ProRS-B_AF_Mito_Drosophila_melanogaster_gene38331.pdb
 0.414551 -0.222163  0.882492    23.756247
-0.880653 -0.342330  0.327507   -16.257063
 0.229343 -0.912937 -0.337561    20.910305
>structures/ProRS-B_AF_Mito_Mauremys_reevesii_gene120369760.pdb
 0.669794  0.740840 -0.050321    24.438166
 0.308755 -0.339496 -0.888489   -15.948332
-0.675312  0.579568 -0.456130    14.602084
>structures/ProRS-B_AF_Mito_Schizosaccharomyces_pombe_gene2540642.pdb
 0.374297 -0.625500 -0.684582    23.520366
 0.582112  0.733155 -0.351610   -15.158098
 0.721837 -0.266897  0.638528    16.577133
>structures/ProRS-B_PDB_Bact_S_aureus_5znj.pdb
 0.888961  0.064059 -0.453481    33.064330
 0.260604  0.743484  0.615888   -26.394053
 0.376608 -0.665679  0.644234    -5.051940
>structures/ProRS_PDB_Bact_E_faecalis_2J3M.pdb
 0.999975 -0.006812  0.001615    -0.072396
 0.006818  0.999970 -0.003616    -0.253634
-0.001590  0.003627  0.999992    -0.016416
