>../../../../class2/gly2//data/domains/Catalytic_domain/structures/GlyT_Bact_1j5w_T_maritima.pdb
 1.000000  0.000000  0.000000     0.000000
 0.000000  1.000000  0.000000     0.000000
 0.000000  0.000000  1.000000     0.000000
>../../../../class2/gly2//data/domains/Catalytic_domain/structures/GlyT_Bact_3ufg_C_jejuni.pdb
 0.915958  0.368622 -0.158553     7.111054
 0.139122 -0.662338 -0.736175    73.215496
-0.376386  0.652247 -0.657957    -1.051274
>../../../../class2/gly2//data/domains/Catalytic_domain/structures/GlyT_Bact_5f5w_A_aeolicus.pdb
 0.006560 -0.227011 -0.973870    41.605425
 0.654454 -0.735374  0.175825    98.640697
-0.756073 -0.638507  0.143744   -20.838604
>../../../../class2/pyl//data/domains/Catalytic_domain/structures/Pyl_Arch_2Q7E_M_mazei.pdb
 0.372951 -0.908622  0.187920    71.044562
 0.667494  0.122061 -0.734542    68.073320
 0.644484  0.399384  0.652023   -41.168410
>../../../../class2/pyl//data/domains/Catalytic_domain/structures/Pyl_Arch_2ZNJ_D_hafniense.pdb
 0.347941 -0.653933  0.671795    57.914710
 0.551513  0.722234  0.417387    45.139185
-0.758136  0.225277  0.611947    56.224381
>../../../../class2/pyl//data/domains/Catalytic_domain/structures/Pyl_Arch_6jp2_M_alvus.pdb
 0.956119  0.218966  0.194656     4.780654
-0.023915  0.720513 -0.693029    56.264415
-0.292002  0.657963  0.694132    -9.357099
>../../../../class2/pyl//data/domains/Catalytic_domain/structures/Pyrrolysyl.A.Euryarchaeota.NC_007955.1.pdb
-0.732877 -0.236845  0.637805    46.039782
 0.357043  0.664104  0.656876    62.892813
-0.579147  0.709133 -0.402143    -1.791456
