>../../../../class2/gly2//data/domains/Catalytic_domain/structures/GlyRS-Bα_AF_Bact_Brachyspira_pilosicoli_95_1000_gene56440230.pdb
-0.730277  0.130822  0.670508    40.086226
 0.409105 -0.702292  0.582597    56.775025
 0.547109  0.699765  0.459348     9.292760
>../../../../class2/gly2//data/domains/Catalytic_domain/structures/GlyRS-Bα_AF_Bact_Chlamydia_pneumoniae_TW-183_gene45051002.pdb
 0.991015  0.103071 -0.085239    43.799826
 0.130541 -0.884147  0.448601    40.276159
-0.029126 -0.455697 -0.889658    -4.496294
>../../../../class2/gly2//data/domains/Catalytic_domain/structures/GlyRS-Bα_AF_Bact_Lacticaseibacillus_paracasei_gene61269714.pdb
 0.660937 -0.294534 -0.690226    40.868280
 0.706489  0.554359  0.439953    58.310077
 0.253052 -0.778419  0.574481     8.541704
>../../../../class2/gly2//data/domains/Catalytic_domain/structures/GlyRS-Bα_AF_Bact_Prochlorococcus_marinus_subsp_marinus_str_CCMP1375_gene54200602.pdb
 0.709820  0.172061 -0.683045    40.631321
 0.034878  0.959932  0.278055    58.591873
 0.703519 -0.221192  0.675377     8.419253
>../../../../class2/gly2//data/domains/Catalytic_domain/structures/GlyRS-Bα_AF_Bact_Salmonella_enterica_subsp_enterica_serovar_Typhimurium_str_LT2_gene1255180.pdb
 0.879143 -0.034313 -0.475322    40.723888
-0.375374  0.564632 -0.735041    58.058601
 0.293603  0.824630  0.483512     6.733773
>../../../../class2/gly2//data/domains/Catalytic_domain/structures/GlyRS-Bα_AF_Bact_Streptobacillus_moniliformis_DSM_12112_gene29673275.pdb
 0.705114  0.184644 -0.684631    40.535005
 0.250069  0.838719  0.483752    58.168671
 0.663536 -0.512305  0.545219     8.288542
>../../../../class2/gly2//data/domains/Catalytic_domain/structures/GlyRS-Bα_AF_Euk_Ostreococcus_tauri_gene9837276.pdb
 0.630116 -0.467710 -0.619839    43.827856
-0.682404 -0.714432 -0.154632    41.146274
-0.370510  0.520417 -0.769343    -2.883947
>../../../../class2/gly2//data/domains/Catalytic_domain/structures/GlyRS-Bα_AF_Euk_Vulpes_lagopus_gene121489478.pdb
 0.571897 -0.801564 -0.174439    38.739839
-0.800866 -0.591603  0.092843    60.647483
-0.177619  0.086606 -0.980281    10.599134
>../../../../class2/gly2//data/domains/Catalytic_domain/structures/GlyRS-Bα_AF_Mito_Nymphaea_colorata_gene116265348.pdb
 0.971301  0.166748  0.169614    42.182510
-0.005311 -0.697722  0.716349    39.577619
 0.237793 -0.696691 -0.676813    -4.336607
>../../../../class2/gly2//data/domains/Catalytic_domain/structures/GlyRS-Bα_PDB_Bact_A_aeolicus_5f5w.pdb
 0.007081 -0.231279 -0.972862    41.694267
 0.654430 -0.734535  0.179385    98.626564
-0.756089 -0.637940  0.146155   -20.826887
>../../../../class2/gly2//data/domains/Catalytic_domain/structures/GlyRS-Bα_PDB_Bact_C_jejuni_3ufg.pdb
 0.914950  0.373169 -0.153663     7.002991
 0.144441 -0.658339 -0.738733    73.040870
-0.376834  0.653708 -0.656248    -1.065715
>../../../../class2/gly2//data/domains/Catalytic_domain/structures/GlyRS-Bα_PDB_Bact_T_maritima_1j5w.pdb
 1.000000  0.000000  0.000000     0.000000
 0.000000  1.000000  0.000000     0.000000
 0.000000  0.000000  1.000000     0.000000
>../../../../class2/pyl//data/domains/Catalytic_domain/structures/PylRS_AF_Arch_Candidatus_Methanomassiliicoccus_intestinalis_Issoire-Mx1_gene16153983.pdb
-0.810071 -0.123946  0.573082    46.742196
 0.452683 -0.753398  0.476938    62.365384
 0.372644  0.645777  0.666414     4.956502
>../../../../class2/pyl//data/domains/Catalytic_domain/structures/PylRS_AF_Arch_Methanosalsum_zhilinae_DSM_4017_gene10822650.pdb
-0.726682 -0.352404  0.589699    43.765783
-0.086694  0.898580  0.430160    60.278184
-0.681482  0.261466 -0.683533     0.160948
>../../../../class2/pyl//data/domains/Catalytic_domain/structures/PylRS_AF_Arch_Unclassified_Candidatus_Bathyarchaeota_proteinUCH69683.1.pdb
 0.520646  0.339522 -0.783360    47.927886
 0.715991 -0.673426  0.183996    60.688751
-0.465065 -0.656675 -0.593711     4.819757
>../../../../class2/pyl//data/domains/Catalytic_domain/structures/PylRS_AF_Bact_Unclassified_Actinobacteria_proteinMBU2601214.1.pdb
 0.522316  0.322932 -0.789241    48.556625
 0.723430 -0.657809  0.209609    61.013780
-0.451480 -0.680443 -0.577203     4.476477
>../../../../class2/pyl//data/domains/Catalytic_domain/structures/PylRS_AF_Bact_Unclassified_Aerophobetes_proteinMCD6471581.1.pdb
 0.494733  0.286384 -0.820502    48.149353
 0.614369 -0.783016  0.097142    61.370129
-0.614646 -0.552150 -0.563329     4.957710
>../../../../class2/pyl//data/domains/Catalytic_domain/structures/PylRS_AF_Bact_unclassified_Desulfosarcina_proteinMBC2741817.pdb
 0.712999  0.303930 -0.631869    41.289022
 0.382370 -0.923919 -0.012942    58.355066
-0.587729 -0.232380 -0.774967     3.496392
>../../../../class2/pyl//data/domains/Catalytic_domain/structures/PylRS_AF_Bact_unclassified_Lachnospiraceae_proteinHCE77498.1.pdb
-0.590104 -0.282245  0.756383    47.633946
-0.622728  0.755388 -0.203958    56.530491
-0.513797 -0.591377 -0.621519     2.396840
>../../../../class2/pyl//data/domains/Catalytic_domain/structures/PylRS_PDB_Arch_M_mazei_2Q7E.pdb
 0.383690 -0.905356  0.181969    70.882610
 0.661609  0.132031 -0.738133    67.821117
 0.644248  0.403606  0.649651   -41.280641
>../../../../class2/pyl//data/domains/Catalytic_domain/structures/PylRS_PDB_Bact_D_hafniense_2ZNJ.pdb
 0.349800 -0.647355  0.677179    57.947081
 0.545246  0.728484  0.414750    45.236348
-0.761805  0.224149  0.607791    56.277690
