>structures/CysRS_AF_Arch_Aciduliprofundum_boonei_T469_gene8827372.pdb
 1.000000  0.000000  0.000000     0.000000
 0.000000  1.000000  0.000000     0.000000
 0.000000  0.000000  1.000000     0.000000
>structures/CysRS_AF_Arch_Candidatus_Nitrosopumilus_sediminis_gene13696907.pdb
 0.997287  0.063861 -0.036623    -7.390708
-0.072956  0.923879 -0.375667    -2.249906
 0.009845  0.377320  0.926031    -1.686146
>structures/CysRS_AF_Arch_Methanospirillum_hungatei_JF-1_gene3922979.pdb
-0.082035  0.645115 -0.759669    -1.820654
-0.199801 -0.757409 -0.621620     4.373728
-0.976396  0.100788  0.191029    -3.980442
>structures/CysRS_AF_Arch_Pyrobaculum_ferrireducens_gene11593896.pdb
-0.090498  0.330879 -0.939324    -5.756652
 0.254436 -0.904211 -0.343024     0.525963
-0.962846 -0.270041 -0.002358    -0.381788
>structures/CysRS_AF_Bact_Bordetella_avium_197N_gene41394405.pdb
 0.268747  0.863529 -0.426724    -5.868471
-0.216257 -0.377618 -0.900354     2.240757
-0.938620  0.334249  0.085260    -2.559506
>structures/CysRS_AF_Bact_Lactobacillus_amylovorus_GRL1118_gene66523130.pdb
-0.015869  0.686037 -0.727394    -5.625076
-0.067828 -0.726548 -0.683760     1.018006
-0.997571  0.038487  0.058062    -1.104948
>structures/CysRS_AF_Bact_Mycobacterium_canettii_CIPT_140010059_gene45427568.pdb
-0.959994  0.240326  0.143720    -6.346886
 0.254538  0.535004  0.805594     1.879683
 0.116714  0.809947 -0.574772    -3.160606
>structures/CysRS_AF_Bact_Mycoplasma_hyopneumoniae_168-L_gene57101512.pdb
-0.035288  0.565155 -0.824230    -4.898873
 0.150641 -0.812312 -0.563432     1.512881
-0.987959 -0.144045 -0.056470    -3.176603
>structures/CysRS_AF_Bact_Porphyromonas_gingivalis_ATCC_33277_gene29256960.pdb
 0.967095  0.238864  0.087590    -1.047245
-0.182469  0.891117 -0.415470    -4.398417
-0.177294  0.385817  0.905380    -1.197587
>structures/CysRS_AF_Bact_Prochlorococcus_marinus_subsp_marinus_str_CCMP1375_gene54200571.pdb
-0.040444 -0.097830 -0.994381    -2.896667
 0.692431 -0.720220  0.042694     1.245082
-0.720350 -0.686813  0.096869    -2.387584
>structures/CysRS_AF_Bact_Streptobacillus_moniliformis_DSM_12112_gene29673427.pdb
 0.905077 -0.424030 -0.032175     1.858493
 0.404750  0.835771  0.371032     5.316358
-0.130437 -0.348835  0.928063     0.274848
>structures/CysRS_AF_Bact_Treponema_pallidum_subsp_pertenue_str_SamoaD_gene57878631.pdb
 0.999353 -0.016033  0.032192    -0.897158
 0.028231  0.904268 -0.426030    -3.835316
-0.022280  0.426664  0.904136    -1.451169
>structures/CysRS_AF_Euk_Arabidopsis_thaliana_gene833874.pdb
-0.065964  0.626853 -0.776340    -6.481450
 0.160380 -0.761258 -0.628303    -0.201761
-0.984849 -0.165955 -0.050319     0.475498
>structures/CysRS_AF_Euk_Cyanidioschyzon_merolae_strain_10D_gene16993418.pdb
 0.223301 -0.233313 -0.946415   -11.687497
 0.716228 -0.619313  0.321664     2.226837
-0.661176 -0.749677  0.028812     3.901343
>structures/CysRS_AF_Euk_Drosophila_melanogaster_gene36784.pdb
 0.429940 -0.573795 -0.697073    -8.344218
 0.760662 -0.185700  0.622020    -1.317244
-0.486358 -0.797668  0.356624    -1.407705
>structures/CysRS_AF_Euk_Micromonas_commoda_gene8246535.pdb
-0.924524 -0.156639 -0.347448    -7.687388
-0.264532  0.920016  0.289124    -1.726394
 0.274369  0.359213 -0.892013     0.511526
>structures/CysRS_AF_Mito_Morone_saxatilis_gene118339815.pdb
 0.865843  0.458453  0.200339    -5.330625
-0.364169  0.852072 -0.375972     4.700819
-0.343069  0.252576  0.904715    -0.868377
>structures/CysRS_AF_Mito_Saccharomyces_cerevisiae_S288C_gene855474.pdb
 0.887668 -0.021349  0.459989    -5.660176
-0.076099  0.978389  0.192262    -0.412371
-0.454153 -0.205669  0.866860    -0.455283
>structures/CysRS_AF_Vir_Megavirus_chiliensis_gene11257271.pdb
-0.739807 -0.672623 -0.016232    -6.905139
-0.658358  0.728671 -0.188691    -3.580176
 0.138746 -0.128908 -0.981902    -3.589163
>structures/CysRS_PDB_Bact_E_coli_1LI5.pdb
-0.526169 -0.359203 -0.770791   113.764317
-0.749545 -0.232219  0.619884    52.183493
-0.401657  0.903907 -0.147053   -44.362809
>structures/CysRS_PDB_Bact_M_smegmatis_3C8Z.pdb
-0.464210  0.419414  0.780129    36.477402
-0.532364 -0.836050  0.132699    31.022734
 0.707882 -0.353712  0.611384    -5.004797
