>structures/CysRS_AF_Arch_Aciduliprofundum_boonei_T469_gene8827372.pdb
-0.923632 -0.267972  0.274034    -7.761464
-0.161542  0.920536  0.355694     0.127114
-0.347574  0.284263 -0.893525    -1.817262
>structures/CysRS_AF_Arch_Candidatus_Nitrosopumilus_sediminis_gene13696907.pdb
-0.896082 -0.209872  0.391141    -0.870213
-0.229104  0.973399 -0.002573    -1.182868
-0.380196 -0.091918 -0.920327     1.746477
>structures/CysRS_AF_Arch_Methanospirillum_hungatei_JF-1_gene3922979.pdb
-0.138668 -0.368113  0.919383    -8.285970
-0.521997 -0.761755 -0.383731     3.077794
 0.841600 -0.533126 -0.086523     3.737833
>structures/CysRS_AF_Arch_Pyrobaculum_ferrireducens_gene11593896.pdb
-0.270876 -0.113364  0.955916    -2.744444
-0.112806 -0.982461 -0.148478     1.842600
 0.955982 -0.148052  0.253337     1.103797
>structures/CysRS_AF_Bact_Bordetella_avium_197N_gene41394405.pdb
-0.449359 -0.608813  0.653775    -3.543038
-0.574089 -0.363915 -0.733476     2.186087
 0.684469 -0.704920 -0.185985     3.153384
>structures/CysRS_AF_Bact_Lactobacillus_amylovorus_GRL1118_gene66523130.pdb
-0.239380 -0.416342  0.877130    -3.322691
-0.425910 -0.766809 -0.480213     1.828102
 0.872524 -0.488531  0.006235     1.640062
>structures/CysRS_AF_Bact_Mycobacterium_canettii_CIPT_140010059_gene45427568.pdb
 0.847873 -0.143886 -0.510301    -3.308884
 0.445965  0.714081  0.539633     1.330854
 0.286751 -0.685117  0.669619     3.077740
>structures/CysRS_AF_Bact_Mycoplasma_hyopneumoniae_168-L_gene57101512.pdb
-0.279715 -0.337695  0.898733    -4.577265
-0.220597 -0.888448 -0.402487     1.378674
 0.934396 -0.310840  0.174018     3.435385
>structures/CysRS_AF_Bact_Porphyromonas_gingivalis_ATCC_33277_gene29256960.pdb
-0.893483 -0.354950  0.275132    -6.014425
-0.384356  0.921255 -0.059666    -3.882107
-0.232288 -0.159059 -0.959553    -1.396275
>structures/CysRS_AF_Bact_Prochlorococcus_marinus_subsp_marinus_str_CCMP1375_gene54200571.pdb
-0.347173  0.096548  0.932818    -6.092274
 0.383034 -0.893337  0.235018     0.964000
 0.856012  0.438893  0.273162     1.777244
>structures/CysRS_AF_Bact_Streptobacillus_moniliformis_DSM_12112_gene29673427.pdb
-0.980073  0.072515  0.184926   -10.819967
 0.180556  0.713293  0.677210     4.844439
-0.082799  0.697105 -0.712172    -1.181098
>structures/CysRS_AF_Bact_Treponema_pallidum_subsp_pertenue_str_SamoaD_gene57878631.pdb
-0.937901 -0.111208  0.328595    -6.369707
-0.138773  0.988408 -0.061583    -3.492211
-0.317937 -0.103359 -0.942461    -1.060036
>structures/CysRS_AF_Euk_Arabidopsis_thaliana_gene833874.pdb
-0.251602 -0.422233  0.870871    -1.564276
-0.190094 -0.860731 -0.472236     1.101276
 0.948979 -0.284363  0.136297    -0.083410
>structures/CysRS_AF_Euk_Cyanidioschyzon_merolae_strain_10D_gene16993418.pdb
-0.573767  0.171379  0.800887     3.638957
 0.398056 -0.796252  0.455559     5.195649
 0.715782  0.580183  0.388645    -0.830031
>structures/CysRS_AF_Euk_Drosophila_melanogaster_gene36784.pdb
-0.714913  0.370051  0.593263    -0.024963
 0.487484 -0.344470  0.802309    -0.895387
 0.501257  0.862788  0.065873     1.228045
>structures/CysRS_AF_Euk_Micromonas_commoda_gene8246535.pdb
 1.000000 -0.000000  0.000000     0.000000
 0.000000  1.000000  0.000000     0.000000
-0.000000  0.000000  1.000000     0.000000
>structures/CysRS_AF_Mito_Morone_saxatilis_gene118339815.pdb
-0.794316 -0.584715  0.164833    -4.388830
-0.599164  0.798829 -0.053617     5.068764
-0.100323 -0.141351 -0.984863     2.217723
>structures/CysRS_AF_Mito_Saccharomyces_cerevisiae_S288C_gene855474.pdb
-0.929019 -0.328964 -0.169429    -1.277971
-0.369782  0.842160  0.392464     0.115109
 0.013580  0.427258 -0.904028     0.912931
>structures/CysRS_AF_Vir_Megavirus_chiliensis_gene11257271.pdb
 0.900805  0.384285 -0.202177    -1.476234
-0.430819  0.732760 -0.526742    -3.157060
-0.054272  0.561593  0.825632     2.890190
>structures/CysRS_PDB_Bact_E_coli_1LI5.pdb
 0.560328  0.638794  0.527234  -138.118562
-0.761602  0.147155  0.631116    17.307725
 0.325568 -0.755174  0.568962    14.223667
>structures/CysRS_PDB_Bact_M_smegmatis_3C8Z.pdb
 0.758400 -0.276332 -0.590313   -50.606056
-0.181739 -0.959415  0.215625    21.444090
-0.625939 -0.056247 -0.777841    -1.314968
