>../../../../class1/leu1//data/domains/Catalytic_domain/structures/LeuRS-B_AF_Bact_Bifidobacterium_longum_subsp_longum_JCM_1217_gene69578373.pdb
 0.719478  0.261391 -0.643449   -31.770952
 0.638134 -0.614461  0.463920    26.670193
-0.274110 -0.744387 -0.608894     6.143795
>../../../../class1/leu1//data/domains/Catalytic_domain/structures/LeuRS-B_AF_Bact_Brachyspira_pilosicoli_95_1000_gene56439070.pdb
 0.383036  0.294722 -0.875456   -35.127159
 0.732684  0.480230  0.482239    26.094354
 0.562546 -0.826147 -0.031993     5.306408
>../../../../class1/leu1//data/domains/Catalytic_domain/structures/LeuRS-B_AF_Bact_Chlamydia_psittaci_6BC_gene12243068.pdb
-0.422698 -0.082764  0.902484   -35.038527
-0.564532  0.803065 -0.190764    27.096541
-0.708964 -0.590116 -0.386177     5.992591
>../../../../class1/leu1//data/domains/Catalytic_domain/structures/LeuRS-B_AF_Bact_Clostridium_botulinum_A_str_ATCC_3502_gene5187707.pdb
-0.862271 -0.177656  0.474265   -32.324071
 0.349119 -0.886907  0.302511    28.462487
 0.366885  0.426421  0.826777     2.800340
>../../../../class1/leu1//data/domains/Catalytic_domain/structures/LeuRS-B_AF_Bact_Mycoplasma_hyopneumoniae_168-L_gene57101518.pdb
 0.557671 -0.162185 -0.814063   -32.411705
-0.609599  0.585611 -0.534274    26.351026
 0.563376  0.794201  0.227711     4.937741
>../../../../class1/leu1//data/domains/Catalytic_domain/structures/LeuRS-B_AF_Bact_Orientia_tsutsugamushi_str_Ikeda_gene66652454.pdb
-0.442321 -0.181586  0.878282   -34.069116
-0.397047  0.917741 -0.010217    27.923433
-0.804180 -0.353239 -0.478035     6.203985
>../../../../class1/leu1//data/domains/Catalytic_domain/structures/LeuRS-B_AF_Bact_Porphyromonas_gingivalis_ATCC_33277_gene29256038.pdb
 0.599017  0.281707 -0.749546   -34.324511
 0.742620  0.154661  0.651610    26.966954
 0.299488 -0.946954 -0.116557     6.495797
>../../../../class1/leu1//data/domains/Catalytic_domain/structures/LeuRS-B_AF_Bact_Thermus_thermophilus_HB8_gene3168656.pdb
-0.865824 -0.271824  0.420072   -35.930980
 0.430636 -0.832310  0.349018    32.622701
 0.254758  0.483086  0.837691     7.123867
>../../../../class1/leu1//data/domains/Catalytic_domain/structures/LeuRS-B_AF_Euk_Bathycoccus_prasinos_gene19015540.pdb
-0.348234  0.108336  0.931127   -33.182118
-0.523431  0.801554 -0.289019    27.027587
-0.777659 -0.588026 -0.222422     6.313867
>../../../../class1/leu1//data/domains/Catalytic_domain/structures/LeuRS-B_AF_Euk_Plasmodium_falciparum_3D7_gene2655460.pdb
 0.727935  0.384875 -0.567434   -35.351015
 0.619168 -0.724487  0.302902    32.488087
-0.294519 -0.571830 -0.765682     4.570188
>../../../../class1/leu1//data/domains/Catalytic_domain/structures/LeuRS-B_AF_Euk_Thalassiosira_pseudonana_CCMP1335_gene7441753.pdb
 0.456752  0.403730 -0.792704   -34.042718
 0.726555  0.344878  0.594287    31.586194
 0.513318 -0.847385 -0.135808     8.330858
>../../../../class1/leu1//data/domains/Catalytic_domain/structures/LeuRS-B_AF_Mito_Homo_sapiens_gene23395.pdb
-0.501945  0.049616  0.863475   -34.344274
-0.514729  0.785168 -0.344333    25.708973
-0.695058 -0.617292 -0.368572     4.435147
>../../../../class1/leu1//data/domains/Catalytic_domain/structures/LeuRS-B_AF_Mito_Treponema_denticola_ATCC_35405_gene2739434.pdb
 0.845540 -0.044839 -0.532026   -34.015041
-0.497723 -0.426815 -0.755050    27.912668
-0.193221  0.903227 -0.383206     5.673443
>../../../../class1/leu1//data/domains/Catalytic_domain/structures/LeuRS-B_PDB_Bact_T_therm_2V0C.pdb
 0.807213  0.341875  0.481175   -48.519757
 0.502198  0.030585 -0.864212    36.271845
-0.310169  0.939248 -0.147001    47.998092
>../../../../class1/trp1//data/domains/Catalytic_domain/structures/TrpRS-A_AF_Arch_Natrialba_magadii_ATCC_43099_gene8824932.pdb
-0.835787  0.548672  0.020462   -40.230949
 0.305931  0.496322 -0.812447    28.063438
-0.455923 -0.672773 -0.582676     7.281382
>../../../../class1/trp1//data/domains/Catalytic_domain/structures/TrpRS-A_AF_Arch_Nitrosopumilus_maritimus_SCM1_gene5773245.pdb
-0.899477  0.423865 -0.106204   -40.506049
 0.289026  0.394821 -0.872112    30.183321
-0.327726 -0.815141 -0.477641     7.382137
>../../../../class1/trp1//data/domains/Catalytic_domain/structures/TrpRS-A_AF_Arch_Sulfolobus_islandicus_M1627_gene7814138.pdb
 0.937929  0.309126  0.157262   -37.953030
-0.121537 -0.131733  0.983807    29.542855
 0.324836 -0.941853 -0.085986    10.116228
>../../../../class1/trp1//data/domains/Catalytic_domain/structures/TrpRS-A_AF_Arch_Thermoplasma_acidophilum_DSM_1728_gene1456706.pdb
-0.189983 -0.707383  0.680820   -37.008058
 0.334791 -0.698564 -0.632395    26.189634
 0.922942  0.107788  0.369541     4.375578
>../../../../class1/trp1//data/domains/Catalytic_domain/structures/TrpRS-A_AF_Euk_Cryptococcus_neoformans_var_neoformans_JEC21_gene3254069.pdb
 0.195370 -0.934305  0.298167   -41.233658
 0.706902 -0.076581 -0.703154    27.999875
 0.679795  0.348150  0.645500     7.462321
>../../../../class1/trp1//data/domains/Catalytic_domain/structures/TrpRS-A_AF_Euk_Cyanidioschyzon_merolae_strain_10D_gene16993299.pdb
-0.902141 -0.272885 -0.334180   -41.336581
 0.333048  0.051916 -0.941480    29.494590
 0.274265 -0.960645  0.044048     7.662695
>../../../../class1/trp1//data/domains/Catalytic_domain/structures/TrpRS-A_AF_Euk_Drosophila_melanogaster_gene45399.pdb
-0.970307  0.064966 -0.232987   -46.519726
 0.235265  0.029835 -0.971473    27.177599
-0.056162 -0.997441 -0.044233     8.537153
>../../../../class1/trp1//data/domains/Catalytic_domain/structures/TrpRS-A_AF_Euk_Saccharomyces_cerevisiae_S288C_gene854056.pdb
 0.352223  0.203644  0.913492   -41.396989
 0.899621  0.195507 -0.390459    27.486116
-0.258109  0.959326 -0.114341     7.135297
>../../../../class1/trp1//data/domains/Catalytic_domain/structures/TrpRS-A_AF_Vir_Megavirus_chiliensis_gene11257301.pdb
-0.901799  0.292202 -0.318398   -39.897829
 0.408286  0.334595 -0.849323    28.397318
-0.141639 -0.895915 -0.421039     7.811457
>../../../../class1/trp1//data/domains/Catalytic_domain/structures/TrpRS-A_PDB_Arch_P_hori_3JXE.pdb
 1.000000  0.000000  0.000000     0.000000
 0.000000  1.000000  0.000000     0.000000
 0.000000  0.000000  1.000000     0.000000
>../../../../class1/trp1//data/domains/Catalytic_domain/structures/TrpRS-A_PDB_Euk_S_Cerevisiae_3KT3.pdb
-0.531817 -0.738646 -0.414214  -111.406595
-0.281510  0.615498 -0.736149   -49.742809
 0.798701 -0.274891 -0.535268   127.323653
