>../../../../class2/asp1//data/domains/Catalytic_domain/structures/AspRS_AF_Arch_Candidatus_Methanomassiliicoccus_intestinalis_Issoire-Mx1_gene16154434.pdb
 0.922359  0.215903 -0.320375     1.554439
-0.285681 -0.177095 -0.941819    -1.064303
-0.260079  0.960220 -0.101665    17.419821
>../../../../class2/asp1//data/domains/Catalytic_domain/structures/AspRS_AF_Arch_unclassified_Euryarchaeota_proteinHHT76046.1.pdb
 0.844107  0.473630 -0.251312    -0.261734
-0.302739  0.034160 -0.952461     3.010263
-0.442530  0.880061  0.172221    22.587621
>../../../../class2/asp1//data/domains/Catalytic_domain/structures/AspRS_AF_Bact_Bacillus_anthracis_str_Ames_Ancestor_gene45024275.pdb
-0.045263 -0.437305  0.898174     2.324325
-0.976637 -0.169698 -0.131840    -3.341483
 0.210073 -0.883157 -0.419407    23.403143
>../../../../class2/asp1//data/domains/Catalytic_domain/structures/AspRS_AF_Bact_Brachyspira_pilosicoli_95_1000_gene56440011.pdb
 0.902181  0.405864 -0.146096    -0.672546
-0.296719  0.338075 -0.893120     2.299173
-0.313093  0.849105  0.425433    20.670080
>../../../../class2/asp1//data/domains/Catalytic_domain/structures/AspRS_AF_Bact_Chlamydia_muridarum_str_Nigg_gene1246197.pdb
 0.933159 -0.049143 -0.356088    -0.424585
-0.187412  0.778807 -0.598612     2.740509
 0.306742  0.625335  0.717541    20.372029
>../../../../class2/asp1//data/domains/Catalytic_domain/structures/AspRS_AF_Bact_Mycoplasma_hyopneumoniae_168-L_gene57101115.pdb
 0.813629  0.399286 -0.422586     0.845767
-0.087581 -0.634390 -0.768035     1.306886
-0.574750  0.661906 -0.481188    14.606657
>../../../../class2/asp1//data/domains/Catalytic_domain/structures/AspRS_AF_Bact_Nocardia_cyriacigeorgica_GUH-2_gene45501717.pdb
 0.109086  0.079883 -0.990817    -2.593715
 0.830849 -0.554530  0.046766     6.367888
-0.545702 -0.828321 -0.126862    20.248155
>../../../../class2/asp1//data/domains/Catalytic_domain/structures/AspRS_AF_Bact_Porphyromonas_gingivalis_ATCC_33277_gene29255515.pdb
-0.382803 -0.695352  0.608232    -1.946777
-0.250680  0.711863  0.656056     0.751047
-0.889169  0.098669 -0.446815    20.872439
>../../../../class2/asp1//data/domains/Catalytic_domain/structures/AspRS_AF_Bact_Prochlorococcus_marinus_subsp_marinus_str_CCMP1375_gene54201182.pdb
 0.940625 -0.170821 -0.293334     3.218966
-0.110994  0.661870 -0.741356    -2.054944
 0.320788  0.729896  0.603611    22.290064
>../../../../class2/asp1//data/domains/Catalytic_domain/structures/AspRS_AF_Bact_Xylella_fastidiosa_Temecula1_gene58016479.pdb
 0.154160  0.039587 -0.987253    -1.238519
 0.866481 -0.485587  0.115830     1.609500
-0.474812 -0.873292 -0.109159    23.408914
>../../../../class2/asp1//data/domains/Catalytic_domain/structures/AspRS_AF_Mito_Oryza_sativa_Japonica_Group_gene4324505.pdb
-0.922742  0.290916  0.252814    -5.639464
 0.276302  0.041989  0.960153     5.305608
 0.268709  0.955827 -0.119125    20.211527
>../../../../class2/asp1//data/domains/Catalytic_domain/structures/AspRS_AF_Mito_Oryzias_melastigma_gene112147132.pdb
 0.489757  0.788952 -0.371069     0.239915
 0.260863 -0.538712 -0.801087     1.635885
-0.831919  0.295539 -0.469646    23.382127
>../../../../class2/asp1//data/domains/Catalytic_domain/structures/AspRS_PDB_Bact_E_coli_1c0a.pdb
 0.012318  0.236271 -0.971609   -15.641276
-0.667423 -0.721604 -0.183937    66.992126
-0.744577  0.650740  0.148804    41.235600
>../../../../class2/pro2//data/domains/Catalytic_domain/structures/ProRS-B_AF_Bact_Acinetobacter_baylyi_ADP1_gene45233245.pdb
 0.927201 -0.315726 -0.201532     2.368233
 0.133157  0.780739 -0.610504     1.137861
 0.350096  0.539225  0.765943    20.562125
>../../../../class2/pro2//data/domains/Catalytic_domain/structures/ProRS-B_AF_Bact_Brachyspira_pilosicoli_95_1000_gene56438966.pdb
 0.270702 -0.389815 -0.880207     1.862982
 0.871587  0.487457  0.052173    -0.356932
 0.408725 -0.781300  0.471713    21.464901
>../../../../class2/pro2//data/domains/Catalytic_domain/structures/ProRS-B_AF_Bact_Chlamydia_psittaci_6BC_gene12242703.pdb
-0.920642 -0.355762  0.160783     4.711581
-0.078127  0.571392  0.816950    -2.398861
-0.382510  0.739558 -0.553842    19.077624
>../../../../class2/pro2//data/domains/Catalytic_domain/structures/ProRS-B_AF_Bact_Clostridium_acetobutylicum_DSM_1731_gene44999665.pdb
 0.842582 -0.398094 -0.362735     2.634771
 0.201304  0.857493 -0.473479    -0.008753
 0.499531  0.325925  0.802647    20.867404
>../../../../class2/pro2//data/domains/Catalytic_domain/structures/ProRS-B_AF_Bact_Corynebacterium_ulcerans_809_gene75260584.pdb
-0.977647 -0.185336  0.099287     3.572993
 0.154489 -0.312889  0.937141    -0.393819
-0.142620  0.931532  0.334527    20.203427
>../../../../class2/pro2//data/domains/Catalytic_domain/structures/ProRS-B_AF_Bact_Prochlorococcus_marinus_subsp_marinus_str_CCMP1375_gene54199876.pdb
 0.889701 -0.386865 -0.242420     2.637643
 0.167890  0.771028 -0.614271     0.854599
 0.424552  0.505817  0.750935    19.647334
>../../../../class2/pro2//data/domains/Catalytic_domain/structures/ProRS-B_AF_Bact_Streptobacillus_moniliformis_DSM_12112_gene29673723.pdb
 0.993964  0.108927 -0.013094     1.656348
-0.047796  0.322497 -0.945363    -0.180787
-0.098752  0.940282  0.325757    21.706718
>../../../../class2/pro2//data/domains/Catalytic_domain/structures/ProRS-B_AF_Euk_Candida_albicans_SC5314_gene3640100.pdb
 0.905621 -0.307897 -0.291635     1.444926
-0.090639  0.531260 -0.842346    -3.508832
 0.414289  0.789280  0.453213    21.090890
>../../../../class2/pro2//data/domains/Catalytic_domain/structures/ProRS-B_PDB_Bact_S_aureus_5znj.pdb
 0.999604  0.020672 -0.019071     0.663588
-0.021083  0.999544 -0.021602     0.941354
 0.018615  0.021996  0.999585    -0.034429
>../../../../class2/pro2//data/domains/Catalytic_domain/structures/ProRS_PDB_Bact_E_faecalis_2J3M.pdb
 0.956749  0.226450  0.182627   -25.101913
-0.018141  0.672984 -0.739435    17.074260
-0.290350  0.704140  0.647984    29.156318
