>../../../../class1/lys//data/domains/Catalytic_domain/structures/LysRS-I_AF_Arch_Candidatus_Bathyarchaeota_archaeon_proteinRJS75864.1.pdb
 0.107039  0.268434 -0.957333     0.261393
 0.126788 -0.958689 -0.254638     2.268517
-0.986138 -0.094122 -0.136652    -1.788743
>../../../../class1/lys//data/domains/Catalytic_domain/structures/LysRS-I_AF_Arch_Candidatus_Nitrosopumilus_koreensis_AR1_gene13726042.pdb
 0.972135 -0.011543 -0.234138     1.653147
 0.006033  0.999688 -0.024232    -1.184485
 0.234344  0.022144  0.971901    -4.488948
>../../../../class1/lys//data/domains/Catalytic_domain/structures/LysRS-I_AF_Arch_Ferroplasma_acidarmanus_Fer1_gene16025146.pdb
 0.193178  0.322988 -0.926478    -2.173019
 0.064646 -0.946402 -0.316455     1.529321
-0.979032  0.001239 -0.203704    -5.659586
>../../../../class1/lys//data/domains/Catalytic_domain/structures/LysRS-I_AF_Arch_Halorubrum_lacusprofundi_ATCC_49239_gene7400505.pdb
-0.516071  0.455709  0.725258    -1.824845
 0.535510 -0.489183  0.688425     3.970391
 0.668505  0.743660  0.008416    -0.753080
>../../../../class1/lys//data/domains/Catalytic_domain/structures/LysRS-I_AF_Bact_Cereibacter_sphaeroides_KD131_gene67447319.pdb
-0.281009 -0.092057  0.955280    -2.646990
-0.234188 -0.958721 -0.161278    -2.759126
 0.930693 -0.269036  0.247851    -3.022637
>../../../../class1/lys//data/domains/Catalytic_domain/structures/LysRS-I_AF_Bact_Cyanobacteria_bacterium_J007_proteinRMH73500.1.pdb
 0.105448 -0.146494 -0.983575     0.940012
 0.494570 -0.850363  0.179675     3.216484
-0.862717 -0.505393 -0.017218    -0.832933
>../../../../class1/lys//data/domains/Catalytic_domain/structures/LysRS-I_AF_Bact_Streptomyces_albidoflavus_gene15147364.pdb
 1.000000  0.000000  0.000000     0.000000
 0.000000  1.000000  0.000000     0.000000
 0.000000  0.000000  1.000000     0.000000
>../../../../class1/lys//data/domains/Catalytic_domain/structures/LysRS-I_AF_Bact_Treponema_denticola_ATCC_35405_gene2739918.pdb
 0.996325 -0.062005  0.059088     0.153784
 0.064144  0.997326 -0.035025    -0.075016
-0.056758  0.038686  0.997638    -0.084710
>../../../../class1/lys//data/domains/Catalytic_domain/structures/LysRS-I_PDB_Arch_P_hori_1IRX.pdb
-0.084845  0.363302  0.927800   -75.829336
 0.944421  0.326130 -0.041339   -51.221323
-0.317602  0.872726 -0.370781     6.566881
>../../../../class1/trp//data/domains/Catalytic_domain/structures/TrpRS_AF_Arch_Natrialba_magadii_ATCC_43099_gene8824932.pdb
-0.697834 -0.420477  0.579850     4.557901
-0.435671 -0.393393 -0.809588    -1.302437
 0.568523 -0.817582  0.091333    -9.321737
>../../../../class1/trp//data/domains/Catalytic_domain/structures/TrpRS_AF_Arch_Nitrosopumilus_maritimus_SCM1_gene5773245.pdb
-0.673246 -0.427828  0.603078     2.587811
-0.325692 -0.560648 -0.761314    -0.141441
 0.663826 -0.708969  0.238114    -9.491940
>../../../../class1/trp//data/domains/Catalytic_domain/structures/TrpRS_AF_Arch_Sulfolobus_islandicus_M1627_gene7814138.pdb
 0.532852 -0.036235 -0.845432     4.788497
 0.389258 -0.876608  0.282909     2.423538
-0.751364 -0.479840 -0.452997   -11.025337
>../../../../class1/trp//data/domains/Catalytic_domain/structures/TrpRS_AF_Arch_Thermoplasma_acidophilum_DSM_1728_gene1456706.pdb
-0.103065  0.382640  0.918131     6.726026
 0.946475 -0.246126  0.208822    -4.094280
 0.305880  0.890510 -0.336792   -12.472861
>../../../../class1/trp//data/domains/Catalytic_domain/structures/TrpRS_AF_Bact_Anoxybacillus_flavithermus_WK1_gene7038388.pdb
 0.380925 -0.017618 -0.924438     7.113058
 0.066473 -0.996709  0.046386     4.969976
-0.922213 -0.079119 -0.378500   -11.231908
>../../../../class1/trp//data/domains/Catalytic_domain/structures/TrpRS_AF_Bact_Brachyspira_pilosicoli_95_1000_gene56440833.pdb
-0.876021  0.058445  0.478719     7.638708
 0.327051  0.801506  0.500626     1.331749
-0.354436  0.595124 -0.721250    -6.797054
>../../../../class1/trp//data/domains/Catalytic_domain/structures/TrpRS_AF_Bact_Helicobacter_cinaedi_PAGU611_gene66538868.pdb
 0.478845 -0.207668 -0.852984     7.578305
 0.240206 -0.903549  0.354824     6.032016
-0.844398 -0.374797 -0.382777   -10.589454
>../../../../class1/trp//data/domains/Catalytic_domain/structures/TrpRS_AF_Bact_Mycoplasma_hyopneumoniae_168-L_gene57101461.pdb
 0.492395 -0.159966 -0.855545     7.296714
 0.445222 -0.798336  0.405510     6.190866
-0.747880 -0.580578 -0.321876    -8.551181
>../../../../class1/trp//data/domains/Catalytic_domain/structures/TrpRS_AF_Bact_Porphyromonas_gingivalis_ATCC_33277_gene29255389.pdb
 0.820852  0.367961 -0.436815     6.424284
-0.129020  0.864505  0.485783     1.940554
 0.556378 -0.342398  0.757105    -6.467033
>../../../../class1/trp//data/domains/Catalytic_domain/structures/TrpRS_AF_Bact_Prochlorococcus_marinus_subsp_marinus_str_CCMP1375_gene54200405.pdb
-0.472011 -0.457643  0.753505     7.973708
-0.309384 -0.714359 -0.627672     0.534291
 0.825523 -0.529390  0.195598    -0.911662
>../../../../class1/trp//data/domains/Catalytic_domain/structures/TrpRS_AF_Bact_Streptomyces_albidoflavus_gene15147734.pdb
 0.861515  0.151513 -0.484598     7.491171
 0.304703  0.609175  0.732162     1.897471
 0.406137 -0.778428  0.478647    -7.321618
>../../../../class1/trp//data/domains/Catalytic_domain/structures/TrpRS_AF_Bact_Thermus_thermophilus_HB8_gene3168998.pdb
-0.434961 -0.362619  0.824207     6.907827
 0.247569 -0.928212 -0.277728     1.510075
 0.865748  0.083247  0.493509    -7.181286
>../../../../class1/trp//data/domains/Catalytic_domain/structures/TrpRS_AF_Euk_Cryptococcus_neoformans_var_neoformans_JEC21_gene3254069.pdb
-0.422168 -0.181056  0.888253     3.960178
 0.880080  0.153054  0.449481    -1.527020
-0.217332  0.971490  0.094729    -8.148068
>../../../../class1/trp//data/domains/Catalytic_domain/structures/TrpRS_AF_Euk_Cyanidioschyzon_merolae_strain_10D_gene16993299.pdb
-0.549087 -0.401756  0.732868     2.913688
 0.248896 -0.915701 -0.315504    -0.538933
 0.797844  0.009169  0.602795    -8.561039
>../../../../class1/trp//data/domains/Catalytic_domain/structures/TrpRS_AF_Euk_Drosophila_melanogaster_gene45399.pdb
-0.578566 -0.268472  0.770185     3.399349
-0.099186 -0.914109 -0.393150    -1.058940
 0.809583 -0.303855  0.502243    -2.918616
>../../../../class1/trp//data/domains/Catalytic_domain/structures/TrpRS_AF_Euk_Saccharomyces_cerevisiae_S288C_gene854056.pdb
-0.745711  0.159935  0.646789     4.585935
 0.113270  0.987062 -0.113482    -1.534205
-0.656570 -0.011363 -0.754179    -8.007210
>../../../../class1/trp//data/domains/Catalytic_domain/structures/TrpRS_AF_Mito_Bufo_gargarizans_gene122922343.pdb
-0.475013 -0.119632  0.871809     6.097286
 0.745963 -0.580285  0.326816     1.452728
 0.466800  0.805579  0.364884    -6.465018
>../../../../class1/trp//data/domains/Catalytic_domain/structures/TrpRS_AF_Mito_Cyanidioschyzon_merolae_strain_10D_gene16992222.pdb
-0.786091  0.248676  0.565880     4.291023
 0.530195  0.741877  0.410502     3.483177
-0.317732  0.622719 -0.715030   -11.928103
>../../../../class1/trp//data/domains/Catalytic_domain/structures/TrpRS_PDB_Arch_P_hori_3JXE.pdb
 0.357377 -0.889982  0.283221    41.701106
 0.145567  0.352619  0.924376   -11.705135
-0.922547 -0.289123  0.255570   -40.021532
>../../../../class1/trp//data/domains/Catalytic_domain/structures/TrpRS_PDB_Bact_G_stearo_1I6M.pdb
 0.095027 -0.608014  0.788219   -17.845359
-0.909124 -0.375574 -0.180106    66.877545
 0.405542 -0.699473 -0.588449     8.199726
>../../../../class1/trp//data/domains/Catalytic_domain/structures/TrpRS_PDB_Euk_S_Cerevisiae_3KT3.pdb
 0.270767 -0.889323  0.368496    80.116397
 0.574155 -0.158061 -0.803344    74.676710
 0.772678  0.429093  0.467812   109.380510
