>structures/TyrRS_AF_Arch_Candidatus_Korarchaeum_cryptofilum_OPF8_gene6094625.pdb
 0.151345  0.616114 -0.772980     0.667582
 0.264732 -0.778686 -0.568828     0.513846
-0.952371 -0.118543 -0.280956     0.962563
>structures/TyrRS_AF_Arch_Desulfurococcus_amylolyticus_1221n_gene7171652.pdb
 0.523108  0.631828 -0.571972     0.447052
-0.386363 -0.422388 -0.819946    -0.419830
-0.759659  0.649909  0.023161     2.120818
>structures/TyrRS_AF_Arch_Methanothermococcus_okinawensis_IH1_gene10772133.pdb
 0.647713 -0.435831 -0.624916     1.267116
 0.641462  0.754523  0.138641    -3.588363
 0.411089 -0.490659  0.768283     2.825488
>structures/TyrRS_AF_Arch_Thermoplasma_acidophilum_DSM_1728_gene1456112.pdb
-0.631503  0.282403  0.722117    -3.143825
 0.688765 -0.223406  0.689705     4.163840
 0.356100  0.932919 -0.053428     1.260240
>structures/TyrRS_AF_Bact_Bifidobacterium_animalis_subsp_lactis_BLC1_gene66533077.pdb
 0.384775  0.883510 -0.267131     2.915203
-0.433855 -0.082328 -0.897213     0.559005
-0.814689  0.461121  0.351638    -3.876290
>structures/TyrRS_AF_Bact_Brachyspira_pilosicoli_95_1000_gene56440491.pdb
-0.489274  0.426358  0.760808     0.529143
 0.361124 -0.695016  0.621726     4.410513
 0.793852  0.578940  0.186085     3.481873
>structures/TyrRS_AF_Bact_Chlamydia_psittaci_6BC_gene12242888.pdb
 0.539447  0.804552 -0.248380    -0.186933
-0.487192  0.057645 -0.871391     1.483288
-0.686761  0.591078  0.423068     0.406338
>structures/TyrRS_AF_Bact_Lactococcus_lactis_subsp_cremoris_KW2_gene61108704.pdb
 0.549873  0.808803 -0.208513     3.660319
-0.435746  0.064807 -0.897734     1.570392
-0.712576  0.584498  0.388068    -2.825066
>structures/TyrRS_AF_Bact_Porphyromonas_gingivalis_ATCC_33277_gene29255602.pdb
-0.628752  0.647369  0.430794    -0.152458
 0.333623 -0.275843  0.901447     5.591404
 0.702400  0.710510 -0.042540    -1.432514
>structures/TyrRS_AF_Bact_Prochlorococcus_marinus_subsp_marinus_str_CCMP1375_gene54200747.pdb
 1.000000  0.000000  0.000000     0.000000
 0.000000  1.000000  0.000000     0.000000
 0.000000  0.000000  1.000000     0.000000
>structures/TyrRS_AF_Bact_Serratia_plymuthica_AS9_gene57666950.pdb
 0.972581 -0.227997  0.045866     2.587753
 0.220482  0.841200 -0.493731     0.411736
 0.073986  0.490306  0.868405    -5.162236
>structures/TyrRS_AF_Bact_Streptobacillus_moniliformis_DSM_12112_gene29673957.pdb
 0.996153  0.082045  0.030774     6.346003
-0.041900  0.754428 -0.655044    -4.386077
-0.076960  0.651235  0.754964     0.914568
>structures/TyrRS_AF_Euk_Cryptococcus_neoformans_var_neoformans_JEC21_gene3254328.pdb
 0.700098  0.705142 -0.112416     1.920402
-0.511838  0.385808 -0.767577     0.350229
-0.497879  0.594918  0.631022    -3.223689
>structures/TyrRS_AF_Euk_Drosophila_melanogaster_gene39829.pdb
 0.161413 -0.572488  0.803868     1.218908
 0.806188 -0.393325 -0.441991     9.100351
 0.569216  0.719412  0.398045     3.032771
>structures/TyrRS_AF_Euk_Plasmodium_falciparum_3D7_gene2655248.pdb
 0.654869  0.386889 -0.649202    -1.002316
-0.064501 -0.827278 -0.558077    -2.186525
-0.752985  0.407342 -0.516804     0.980436
>structures/TyrRS_AF_Euk_Seriola_dumerili_gene111223086.pdb
 0.082940 -0.950874 -0.298261     1.318136
 0.875272  0.212603 -0.434396     9.788231
 0.476466 -0.225031  0.849906     5.223273
>structures/TyrRS_AF_Mito_Aspergillus_fumigatus_Af293_gene3509181.pdb
-0.984915  0.087807  0.149104    -8.510077
-0.161290 -0.153786 -0.974852    -5.976922
-0.062668 -0.984195  0.165628     0.882880
>structures/TyrRS_AF_Mito_Cyanidioschyzon_merolae_strain_10D_gene16996209.pdb
 0.642038  0.766669 -0.002454     1.805588
-0.505688  0.421072 -0.752980    -0.777828
-0.576253  0.484682  0.658039    -2.362166
>structures/TyrRS_AF_Vir_Megavirus_chiliensis_gene11257765.pdb
 0.207983 -0.735870 -0.644390    -3.001936
 0.917634  0.374889 -0.131935    -5.419354
 0.338661 -0.563873  0.753230     3.336142
>structures/TyrRS_PDB_Arch_M_jannashii_1U7D.pdb
 0.676331  0.627122  0.386386   -38.260160
 0.145216 -0.627779  0.764726    13.777287
 0.722142 -0.461099 -0.515654    31.887764
>structures/TyrRS_PDB_E_coli_Bact_1WQ4.pdb
-0.566885  0.477683  0.671163   -27.012770
-0.322454  0.621048 -0.714369    40.245209
-0.758066 -0.621385 -0.198032    40.647645
>structures/TyrRS_PDB_Vir_Acanthamoeba_polyphaga_mimivirus_2J5B.pdb
 0.531494  0.565503  0.630650   -99.753214
 0.342983  0.537079 -0.770655   -20.988153
-0.774517  0.625901  0.091496    -7.163305
