>structures/TyrRS_AF_Arch_Candidatus_Korarchaeum_cryptofilum_OPF8_gene6094625.pdb
-0.191786 -0.690612 -0.697333   -10.196692
 0.112190 -0.721292  0.683485    -0.431086
-0.975003  0.052849  0.215813     0.832069
>structures/TyrRS_AF_Arch_Desulfurococcus_amylolyticus_1221n_gene7171652.pdb
-0.646409 -0.006074 -0.762967   -10.345773
-0.427903 -0.825024  0.369101    -0.650184
-0.631708  0.565066  0.530703     2.349588
>structures/TyrRS_AF_Arch_Methanothermococcus_okinawensis_IH1_gene10772133.pdb
 0.808468  0.399250  0.432411   -12.961649
-0.579153  0.670397  0.463842    -2.404987
-0.104698 -0.625433  0.773222     4.332517
>structures/TyrRS_AF_Arch_Thermoplasma_acidophilum_DSM_1728_gene1456112.pdb
 0.710429  0.255838  0.655620    -6.862990
 0.674546 -0.513196 -0.530676     3.940336
 0.200695  0.819253 -0.537164     0.685742
>structures/TyrRS_AF_Bact_Bifidobacterium_animalis_subsp_lactis_BLC1_gene66533077.pdb
-0.757668  0.183924 -0.626188   -13.104637
-0.257062 -0.966009  0.027300    -1.520585
-0.599882  0.181654  0.779194    -3.822311
>structures/TyrRS_AF_Bact_Brachyspira_pilosicoli_95_1000_gene56440491.pdb
 0.678354 -0.317953  0.662376    -6.377672
 0.355018 -0.647447 -0.674369    -0.550921
 0.643271  0.692617 -0.326319     1.453708
>structures/TyrRS_AF_Bact_Chlamydia_psittaci_6BC_gene12242888.pdb
-0.733235  0.345057 -0.585920   -10.380757
-0.431495 -0.902073  0.008738     0.540192
-0.525528  0.259229  0.810322     0.139270
>structures/TyrRS_AF_Bact_Lactococcus_lactis_subsp_cremoris_KW2_gene61108704.pdb
-0.706126  0.343788 -0.619029   -11.841024
-0.428420 -0.903485 -0.013068    -2.419497
-0.563776  0.255977  0.785260    -3.521859
>structures/TyrRS_AF_Bact_Porphyromonas_gingivalis_ATCC_33277_gene29255602.pdb
 0.614620  0.096504  0.782898    -7.837502
 0.483369 -0.830399 -0.277113     1.584507
 0.623376  0.548748 -0.557027    -3.153973
>structures/TyrRS_AF_Bact_Prochlorococcus_marinus_subsp_marinus_str_CCMP1375_gene54200747.pdb
 0.065348  0.870470  0.487864   -11.497199
-0.958927  0.190020 -0.210596     0.042405
-0.276021 -0.454064  0.847135     0.597730
>structures/TyrRS_AF_Bact_Serratia_plymuthica_AS9_gene57666950.pdb
 0.251688  0.967478 -0.025287   -13.950279
-0.922031  0.231761 -0.310072    -1.128818
-0.294127  0.101357  0.950377    -4.639961
>structures/TyrRS_AF_Bact_Streptobacillus_moniliformis_DSM_12112_gene29673957.pdb
-0.024425  0.977698 -0.208591   -14.843211
-0.949232 -0.088140 -0.301976    -7.056916
-0.313627  0.190625  0.930215     1.770642
>structures/TyrRS_AF_Euk_Cryptococcus_neoformans_var_neoformans_JEC21_gene3254328.pdb
-0.657726  0.655696 -0.370755   -13.117278
-0.650240 -0.742699 -0.159956    -0.912849
-0.380242  0.135873  0.914852    -2.868594
>structures/TyrRS_AF_Euk_Drosophila_melanogaster_gene39829.pdb
 0.990207 -0.047231 -0.131375    -1.676227
-0.111418  0.299662 -0.947517     0.418013
 0.084120  0.952876  0.291465    -1.560473
>structures/TyrRS_AF_Euk_Plasmodium_falciparum_3D7_gene2655248.pdb
-0.350773 -0.503201 -0.789776   -12.578310
-0.491279 -0.619108  0.612659     0.547907
-0.797247  0.602905 -0.030046     2.597821
>structures/TyrRS_AF_Euk_Seriola_dumerili_gene111223086.pdb
 1.000000  0.000000  0.000000    -0.000000
 0.000000  1.000000  0.000000     0.000000
 0.000000  0.000000  1.000000     0.000000
>structures/TyrRS_AF_Mito_Aspergillus_fumigatus_Af293_gene3509181.pdb
-0.221275 -0.592232 -0.774790   -17.052745
 0.934724  0.097748 -0.341667     7.027742
 0.278080 -0.799817  0.531944     6.289487
>structures/TyrRS_AF_Mito_Cyanidioschyzon_merolae_strain_10D_gene16996209.pdb
-0.701898  0.619388 -0.351707   -13.806081
-0.557372 -0.785059 -0.270220    -0.972786
-0.443482  0.006365  0.896261    -1.694556
>structures/TyrRS_PDB_Arch_M_jannashii_1U7D.pdb
 0.526690 -0.717757  0.455437    12.789931
-0.770805 -0.629153 -0.100133    32.654146
 0.358411 -0.298314 -0.884619    32.642782
>structures/TyrRS_PDB_E_coli_Bact_1WQ4.pdb
-0.648946  0.265099 -0.713156    42.203317
 0.674319 -0.233707 -0.700482    22.486558
-0.352366 -0.935470 -0.027098    24.463112
>structures/TyrRS_PDB_L_major_Euk_3P0I.pdb
-0.007718 -0.688525  0.725172   -11.204036
-0.949875  0.231704  0.209885    -7.680672
-0.312536 -0.687202 -0.655801    98.593485
