>structures/Tyr_Arch_1U7D_M_jannashii.pdb
 0.099283 -0.173820  0.979760   -15.233566
-0.918291  0.363230  0.157496   -20.642083
-0.383254 -0.915342 -0.123555    49.621646
>structures/Tyr_Bact_1H3F_T_therm.pdb
-0.320853  0.875708  0.360816   -54.573510
 0.922621  0.202880  0.328041   -21.375160
 0.214066  0.438150 -0.873041     3.478432
>structures/Tyr_Bact_1JIL_S_aureus.pdb
 0.749878  0.188902 -0.634034    22.171961
 0.283094 -0.957816  0.049450    -5.579492
-0.597947 -0.216573 -0.771723    95.746968
>structures/Tyr_Bact_1WQ4_E_coli.pdb
-0.184438  0.914874 -0.359150     9.510384
 0.954741  0.253533  0.155535   -39.909831
 0.233351 -0.314209 -0.920228    51.079308
>structures/Tyr_Euk_3P0I_L_major.pdb
 0.292012  0.075532  0.953427   -78.332526
-0.227024  0.973859 -0.007619   -62.420904
-0.929080 -0.214226  0.301526    19.795135
>structures/Tyrosyl.A.Candidatus_Thermoplasmatota.NC_020913.1.pdb
 0.343130 -0.647089 -0.680836    -4.596012
 0.741450 -0.258391  0.619262    -2.399379
-0.576640 -0.717293  0.391123     2.724172
>structures/Tyrosyl.A.Crenarchaeota.NC_017954.1.pdb
-0.197275  0.149323 -0.968909    -8.001001
-0.076018 -0.987686 -0.136739    -1.458112
-0.977397  0.046680  0.206197    -0.663674
>structures/Tyrosyl.A.Euryarchaeota.NC_023013.1.pdb
-0.650643 -0.755860 -0.073071    -6.195147
-0.642926  0.599512 -0.476689    -4.999556
 0.404117 -0.263175 -0.876030     4.302924
>structures/Tyrosyl.A.Thaumarchaeota.NC_018656.1.pdb
 0.946689 -0.322076 -0.006894    -4.941794
 0.316480  0.925818  0.206641    -4.666303
-0.060171 -0.197807  0.978392     3.231095
>structures/Tyrosyl.B.Actinobacteria.NC_020990.1.pdb
 0.051233  0.131980 -0.989927    -0.266992
 0.578000 -0.812264 -0.078379     0.529423
-0.814427 -0.568162 -0.117900     0.108790
>structures/Tyrosyl.B.Bacteroidota.NC_010729.1.pdb
 1.000000  0.000000  0.000000     0.000000
 0.000000  1.000000  0.000000     0.000000
 0.000000  0.000000  1.000000     0.000000
>structures/Tyrosyl.B.Chlamydiae.NC_002620.2.pdb
 0.844382 -0.342074 -0.412315     2.329243
 0.455074  0.864093  0.215061     0.129462
 0.282711 -0.369228  0.885294     7.042639
>structures/Tyrosyl.B.Cyanobacteria.NC_005042.1.pdb
 0.450444 -0.654996 -0.606696    -2.402663
 0.828178  0.052707  0.557981     2.950350
-0.333498 -0.753792  0.566195     3.587846
>structures/Tyrosyl.B.Firmicutes.NC_014334.2.pdb
 0.944772  0.232860 -0.230611    -0.908377
-0.327230  0.631536 -0.702910     0.744537
-0.018041  0.739553  0.672857    -1.520506
>structures/Tyrosyl.B.Fusobacteria.NC_013515.1.pdb
 0.362609  0.564185 -0.741761    -5.766427
-0.428924 -0.605587 -0.670290    -4.093959
-0.827369  0.561212  0.022401    -4.122871
>structures/Tyrosyl.B.Proteobacteria.NC_018507.1.pdb
 0.867793  0.011168 -0.496801    -0.469795
-0.231829  0.893383 -0.384867    -5.824407
 0.439535  0.449158  0.777860     7.872372
>structures/Tyrosyl.B.Spirochaetes.NC_014330.1.pdb
 0.055796 -0.396088  0.916516     0.031136
-0.368824 -0.861197 -0.349727    -2.002834
 0.927823 -0.318520 -0.194138     6.153673
>structures/Tyrosyl.E.Apicomplexa.NC_036167.2.pdb
 0.165349  0.473211 -0.865292    -0.366620
 0.276302 -0.864461 -0.419958     1.047645
-0.946740 -0.169642 -0.273687     2.125494
>structures/Tyrosyl.E.Ascomycota.NC_001139.9.pdb
 0.171934 -0.465002 -0.868454    -4.871115
 0.693387 -0.569089  0.441986    -2.458492
-0.699752 -0.678167  0.224580     3.178427
>structures/Tyrosyl.E.Evosea.NC_007089.4.pdb
-0.111420 -0.185253  0.976354     2.783393
-0.421627 -0.880851 -0.215248     0.399496
 0.899898 -0.435640  0.020037     6.463881
>structures/Tyrosyl.E.Rhodophyta.NC_010143.1.pdb
 0.952267 -0.215827 -0.215883     2.594904
 0.150782  0.947459 -0.282109    -0.351974
 0.265427  0.236092  0.934777     3.480014
