>../../../../class1/leu2//data/domains/Catalytic_domain/structures/LeuRS-A_AF_Arch_Aciduliprofundum_boonei_T469_gene8828435.pdb
-0.605166 -0.082740 -0.791788     1.646216
 0.623360 -0.667880 -0.406644     0.836695
-0.495174 -0.739656  0.455754    -7.670652
>../../../../class1/leu2//data/domains/Catalytic_domain/structures/LeuRS-A_AF_Arch_Candidatus_Korarchaeum_cryptofilum_OPF8_gene6093520.pdb
-0.775471  0.507873 -0.375113    -0.273561
-0.084723  0.505038  0.858929    -2.564539
 0.625673  0.697855 -0.348614   -10.236142
>../../../../class1/leu2//data/domains/Catalytic_domain/structures/LeuRS-A_AF_Arch_Candidatus_Nitrosopumilus_koreensis_AR1_gene13725794.pdb
 0.913235 -0.227807  0.337795     0.296364
 0.364902  0.826116 -0.429394    -2.532758
-0.181239  0.515400  0.837565    -8.516710
>../../../../class1/leu2//data/domains/Catalytic_domain/structures/LeuRS-A_AF_Arch_Methanobrevibacter_smithii_ATCC_35061_gene5216355.pdb
 0.891785 -0.341957  0.296285    -0.751816
 0.433058  0.834783 -0.339996    -1.862375
-0.131070  0.431512  0.892535    -7.953123
>../../../../class1/leu2//data/domains/Catalytic_domain/structures/LeuRS-A_AF_Euk_Arabidopsis_thaliana_gene837489.pdb
 0.314303 -0.927003  0.204643    -1.999432
-0.944544 -0.326971 -0.030443    -0.527458
 0.095133 -0.183726 -0.978363    -9.331376
>../../../../class1/leu2//data/domains/Catalytic_domain/structures/LeuRS-A_AF_Euk_Drosophila_melanogaster_gene326262.pdb
 0.885121 -0.305241  0.351266    -2.324564
 0.409435  0.869571 -0.276061    -1.278440
-0.221186  0.388168  0.894652    -8.145927
>../../../../class1/leu2//data/domains/Catalytic_domain/structures/LeuRS-A_AF_Euk_Leishmania_major_strain_Friedlin_gene5650139.pdb
 0.874977 -0.221668  0.430439     0.830977
 0.401320  0.829386 -0.388667     0.920375
-0.270845  0.512819  0.814653   -10.039921
>../../../../class1/leu2//data/domains/Catalytic_domain/structures/LeuRS-A_AF_Euk_Neurospora_crassa_OR74A_gene3879366.pdb
 0.873286 -0.414611  0.255870     0.696764
 0.472188  0.849648 -0.234814    -0.927972
-0.120043  0.325878  0.937760    -9.572058
>../../../../class1/leu2//data/domains/Catalytic_domain/structures/LeuRS-A_PDB_Arch_P_hori_1WKB.pdb
 0.058561  0.497115  0.865706   -23.968449
-0.794710  0.548038 -0.260942    84.334320
-0.604158 -0.672704  0.427155    90.815183
>../../../../class1/lys//data/domains/Catalytic_domain/structures/LysRS-I_AF_Arch_Candidatus_Bathyarchaeota_archaeon_proteinRJS75864.1.pdb
-0.131045  0.235921 -0.962896    -0.667344
 0.107622 -0.962146 -0.250384     3.421702
-0.985518 -0.136440  0.100694     2.882879
>../../../../class1/lys//data/domains/Catalytic_domain/structures/LysRS-I_AF_Arch_Candidatus_Nitrosopumilus_koreensis_AR1_gene13726042.pdb
 1.000000  0.000000  0.000000     0.000000
 0.000000  1.000000  0.000000     0.000000
 0.000000  0.000000  1.000000     0.000000
>../../../../class1/lys//data/domains/Catalytic_domain/structures/LysRS-I_AF_Arch_Ferroplasma_acidarmanus_Fer1_gene16025146.pdb
-0.045218  0.313127 -0.948634    -4.010170
 0.042526 -0.948141 -0.314991     2.608965
-0.998072 -0.054585  0.029557    -0.342137
>../../../../class1/lys//data/domains/Catalytic_domain/structures/LysRS-I_AF_Arch_Halorubrum_lacusprofundi_ATCC_49239_gene7400505.pdb
-0.335392  0.614143  0.714381    -2.340632
 0.557056 -0.482248  0.676111     5.360468
 0.759738  0.624712 -0.180370     4.241366
>../../../../class1/lys//data/domains/Catalytic_domain/structures/LysRS-I_AF_Bact_Cereibacter_sphaeroides_KD131_gene67447319.pdb
-0.053440 -0.167123  0.984487    -3.690087
-0.206626 -0.962707 -0.174642    -1.350419
 0.976959 -0.212754  0.016916     2.552897
>../../../../class1/lys//data/domains/Catalytic_domain/structures/LysRS-I_AF_Bact_Cyanobacteria_bacterium_J007_proteinRMH73500.1.pdb
-0.097594 -0.258884 -0.960965     0.065031
 0.467947 -0.864119  0.185270     4.479010
-0.878352 -0.431599  0.205477     3.531000
>../../../../class1/lys//data/domains/Catalytic_domain/structures/LysRS-I_AF_Bact_Streptomyces_albidoflavus_gene15147364.pdb
 0.972135  0.006033  0.234344    -0.547977
-0.011543  0.999688  0.022144     1.302601
-0.234138 -0.024232  0.971901     4.721176
>../../../../class1/lys//data/domains/Catalytic_domain/structures/LysRS-I_AF_Bact_Treponema_denticola_ATCC_35405_gene2739918.pdb
 0.954453 -0.048111  0.294458    -0.365546
 0.054184  0.998453 -0.012494     1.135141
-0.293401  0.027880  0.955583     4.695896
>../../../../class1/lys//data/domains/Catalytic_domain/structures/LysRS-I_PDB_Arch_P_hori_1IRX.pdb
-0.160937  0.558782  0.813549   -72.445199
 0.934797  0.350743 -0.055984   -49.624528
-0.316629  0.751493 -0.578795    30.759496
