>structures/GlyRS-E_AF_Euk_Cryptococcus_neoformans_var_neoformans_JEC21_gene3258293.pdb
 1.000000  0.000000  0.000000     0.000000
 0.000000  1.000000  0.000000     0.000000
 0.000000  0.000000  1.000000     0.000000
>structures/GlyRS-E_AF_Euk_Girardinichthys_multiradiatus_gene124858359.pdb
 0.049377 -0.770295  0.635773    -0.539710
-0.729634 -0.462510 -0.503706     0.680453
 0.682053 -0.439010 -0.584871     1.322679
>structures/GlyRS-E_AF_Euk_Plasmodium_yoelii_gene3801472.pdb
 0.096380 -0.248948  0.963709     1.245744
-0.363939 -0.909988 -0.198673    -1.863255
 0.926423 -0.331584 -0.178306     0.215298
>structures/GlyRS-E_AF_Euk_Schizosaccharomyces_pombe_gene2543181.pdb
-0.059648 -0.833922  0.548649    -1.536162
-0.845105 -0.250330 -0.472369     0.476322
 0.531262 -0.491842 -0.689820     1.422738
>structures/GlyRS-E_PDB_Euk_H_sapiens_2q5h.pdb
-0.968717 -0.223225  0.108435    94.546874
-0.137129  0.845655  0.515814    72.041734
-0.206841  0.484808 -0.849811   -95.599763
