>structures/GlyRS-E_AF_Arch_Methanosalsum_zhilinae_DSM_4017_gene10821854.pdb
 0.959429  0.251318  0.127806     0.354625
-0.206381  0.934829 -0.288965     0.613962
-0.192099  0.250865  0.948770     1.725195
>structures/GlyRS-E_AF_Euk_Cryptococcus_neoformans_var_neoformans_JEC21_gene3258293.pdb
-0.059090 -0.841561  0.536921    -0.413543
-0.801967 -0.280265 -0.527542     0.101907
 0.594439 -0.461765 -0.658343     1.506595
>structures/GlyRS-E_AF_Euk_Girardinichthys_multiradiatus_gene124858359.pdb
 0.978207  0.184872  0.094519    -0.385775
-0.177057  0.980493 -0.085349    -0.525803
-0.108454  0.066754  0.991858     0.185045
>structures/GlyRS-E_AF_Euk_Plasmodium_yoelii_gene3801472.pdb
 0.795595  0.605666  0.014020     1.102627
-0.468823  0.630166 -0.618947    -0.503780
-0.383710  0.485859  0.785307     3.102589
>structures/GlyRS-E_AF_Euk_Schizosaccharomyces_pombe_gene2543181.pdb
 0.999955 -0.006702 -0.006696     0.143611
 0.007009  0.998874  0.046916     0.411651
 0.006374 -0.046961  0.998876    -0.510102
>structures/GlyRS-E_AF_Mito_Fusarium_poae_gene68345711.pdb
 1.000000  0.000000  0.000000     0.000000
 0.000000  1.000000  0.000000     0.000000
 0.000000  0.000000  1.000000     0.000000
>structures/GlyRS-E_PDB_Euk_H_sapiens_2q5h.pdb
 0.053748 -0.438857 -0.896948  -117.524579
 0.932134 -0.300078  0.202678   -48.175726
-0.358101 -0.846970  0.392945    86.916037
