>structures/Asp_Arch_1b8a_T_kodarensis.pdb
-0.708033 -0.435956  0.555545    14.755522
-0.569721  0.817472 -0.084601    15.688313
-0.417260 -0.376406 -0.827171    45.260556
>structures/Aspartyl.B.Bacteroidota.NC_010729.1.pdb
 0.999475  0.028194  0.015938    -3.222006
 0.019545 -0.917473  0.397319   -19.671557
 0.025825 -0.396799 -0.917542     0.980996
>structures/Aspartyl.B.Chlamydiae.NC_002620.2.pdb
 0.074370 -0.831038  0.551221     0.164415
 0.967226  0.194682  0.163012   -17.154274
-0.242781  0.521032  0.818281    -1.399087
>structures/Aspartyl.B.Firmicutes.NC_015687.1.pdb
 0.636511 -0.349305  0.687633    -5.676145
 0.522730  0.850934 -0.051609   -21.607625
-0.567104  0.392296  0.724222     0.327244
>structures/Aspartyl.B.Fusobacteria.NC_013515.1.pdb
-0.027237  0.998622  0.044853    -5.131699
-0.345624  0.032694 -0.937803   -21.320851
-0.937978 -0.041045  0.344257     1.359966
>structures/Aspartyl.B.Spirochaetes.NC_014330.1.pdb
 0.464259 -0.885539 -0.016860    -5.395670
 0.867035  0.450506  0.212824   -20.985338
-0.180868 -0.113424  0.976945    -2.735156
>structures/Aspartyl.E.Apicomplexa.NC_011903.2.pdb
 1.000000  0.000000  0.000000     0.000000
 0.000000  1.000000  0.000000     0.000000
 0.000000  0.000000  1.000000     0.000000
>structures/Aspartyl.E.Evosea.NC_007087.3.pdb
-0.025818 -0.998118  0.055617    -0.974760
 0.951523 -0.007479  0.307486   -14.402392
-0.306492  0.060860  0.949926     1.596714
>structures/Aspartyl.E.Rhodophyta.NC_010136.1.pdb
 0.996998  0.057548  0.051802     2.608860
-0.060296  0.996764  0.053162     2.163961
-0.048575 -0.056126  0.997241     0.796399
>structures/Asp_Bact_1c0a_E_coli.pdb
 0.697914 -0.702480  0.139416   -17.752045
 0.505463  0.345239 -0.790770   -69.438491
 0.507369  0.622360  0.596025   -51.331739
>structures/Asp_Bact_1n9w_T_thermophilus.pdb
-0.299388 -0.875417  0.379488   -13.574341
-0.682303  0.474453  0.556198    -8.046243
-0.666955 -0.092407 -0.739346    68.275937
>structures/Asp_Euk_1EOV_S_cerevisiae.pdb
-0.068130 -0.784666  0.616163   -23.478695
-0.498201 -0.508326 -0.702425    44.205526
 0.864381 -0.354829 -0.356289    26.574977
