>structures/Aspartyl.B.Bacteroidota.NC_010729.1.pdb
 0.169598 -0.738032  0.653105    -4.954993
-0.793571 -0.495225 -0.353548     2.213497
 0.584364 -0.458324 -0.669670    -1.618279
>structures/Aspartyl.B.Chlamydiae.NC_002620.2.pdb
 1.000000  0.000000  0.000000     0.000000
 0.000000  1.000000  0.000000     0.000000
 0.000000  0.000000  1.000000     0.000000
>structures/Aspartyl.B.Firmicutes.NC_015687.1.pdb
 0.759367  0.609767 -0.227036    -6.535619
-0.650651  0.713657 -0.259512     3.814447
 0.003784  0.344786  0.938674    -2.842084
>structures/Aspartyl.B.Fusobacteria.NC_013515.1.pdb
-0.088648  0.052303 -0.994689    -3.689111
-0.563516 -0.826078  0.006784     5.849021
-0.821335  0.561124  0.102703    -2.808918
>structures/Aspartyl.B.Spirochaetes.NC_014330.1.pdb
 0.945799  0.318786 -0.061961    -5.366660
-0.246407  0.828727  0.502489     2.339824
 0.211535 -0.459986  0.862361    -3.472885
>structures/Aspartyl.E.Evosea.NC_007087.3.pdb
 0.983451 -0.169424 -0.064178    -0.861684
 0.176630  0.817810  0.547711     1.956215
-0.040310 -0.549983  0.834202     0.306843
>structures/Asp_Bact_1c0a_E_coli.pdb
 0.386118  0.142927 -0.911309   -37.197586
-0.201687  0.977101  0.067792   -22.263896
 0.900131  0.157624  0.406103   -60.980233
