>../../../../class1/glu1//data/domains/Catalytic_domain/structures/GluRS_AF_Bact_Bifidobacterium_animalis_subsp_lactis_BLC1_gene66532600.pdb
-0.955712  0.246929 -0.160124    -4.023076
 0.144661  0.867968  0.475083     3.054984
 0.256294  0.430879 -0.865249    -2.939583
>../../../../class1/glu1//data/domains/Catalytic_domain/structures/GluRS_AF_Bact_Chlamydia_psittaci_6BC_gene12242467.pdb
-0.981822  0.171989 -0.080288     1.836829
-0.029767  0.278242  0.960050    -3.523034
 0.187458  0.944987 -0.268065    -7.094240
>../../../../class1/glu1//data/domains/Catalytic_domain/structures/GluRS_AF_Bact_[Eubacterium]_eligens_ATCC_27750_gene41357084.pdb
-0.831435  0.444452  0.333434    -1.878540
 0.514328  0.388623  0.764486     4.169932
 0.210198  0.807115 -0.551709    -3.550536
>../../../../class1/glu1//data/domains/Catalytic_domain/structures/GluRS_AF_Bact_Mycoplasma_hyopneumoniae_168-L_gene57101016.pdb
-0.856026  0.368765  0.362259    -2.408946
 0.512446  0.513236  0.688468     2.456159
 0.067958  0.774985 -0.628316    -3.556568
>../../../../class1/glu1//data/domains/Catalytic_domain/structures/GluRS_AF_Bact_Paracoccus_denitrificans_PD1222_gene75500422.pdb
-0.782996  0.430297  0.449180    -1.233781
 0.604058  0.353685  0.714157     3.644185
 0.148432  0.830513 -0.536858    -3.425664
>../../../../class1/glu1//data/domains/Catalytic_domain/structures/GluRS_AF_Bact_Porphyromonas_gingivalis_ATCC_33277_gene29255772.pdb
 0.258924 -0.320335 -0.911232    -2.563583
 0.712841 -0.573227  0.404064     2.122088
-0.651779 -0.754186  0.079926    -3.010127
>../../../../class1/glu1//data/domains/Catalytic_domain/structures/GluRS_AF_Bact_Prochlorococcus_marinus_subsp_marinus_str_CCMP1375_gene54199839.pdb
 0.076612  0.576144 -0.813750    -2.671294
-0.224446 -0.785236 -0.577086     3.501929
-0.971470  0.226854  0.069155    -3.253818
>../../../../class1/glu1//data/domains/Catalytic_domain/structures/GluRS_AF_Bact_Treponema_pallidum_subsp_pertenue_str_SamoaD_gene57879197.pdb
-0.957277  0.235393  0.167959    -4.083051
 0.283700  0.652049  0.703098     1.721256
 0.055987  0.720709 -0.690973    -1.582778
>../../../../class1/glu1//data/domains/Catalytic_domain/structures/GluRS_AF_Euk_Arabidopsis_thaliana_gene836526.pdb
 0.816653  0.567446 -0.105278    -3.287716
-0.535163  0.676275 -0.506213    -2.222726
-0.216051  0.469741  0.855958    -2.014193
>../../../../class1/glu1//data/domains/Catalytic_domain/structures/GluRS_AF_Euk_Cryptococcus_neoformans_var_grubii_H99_gene23890400.pdb
 0.077535 -0.172500 -0.981953    -5.071157
 0.584355 -0.790142  0.184945     3.721685
-0.807785 -0.588149  0.039538    -0.842514
>../../../../class1/glu1//data/domains/Catalytic_domain/structures/GluRS_AF_Euk_Ostreococcus_tauri_proteinOUS48355.1.pdb
 1.000000  0.000000  0.000000     0.000000
 0.000000  1.000000  0.000000     0.000000
 0.000000  0.000000  1.000000     0.000000
>../../../../class1/glu1//data/domains/Catalytic_domain/structures/GluRS_AF_Euk_Plasmodium_knowlesi_strain_H_gene7321821.pdb
-0.973441  0.194980  0.119984    -2.675038
 0.221598  0.670794  0.707764     1.383278
 0.057515  0.715554 -0.696185    -3.093160
>../../../../class1/glu1//data/domains/Catalytic_domain/structures/GluRS_AF_Mito_Cyanidioschyzon_merolae_strain_10D_gene16997617.pdb
 0.999396  0.034655 -0.002449    -2.192680
-0.034552  0.998820  0.034139     1.635550
 0.003629 -0.034034  0.999414     0.115896
>../../../../class1/glu1//data/domains/Catalytic_domain/structures/GluRS_AF_Mito_Drosophila_melanogaster_gene39828.pdb
 0.865452  0.445831 -0.228534    -4.898059
-0.499050  0.727050 -0.471537     1.529425
-0.044070  0.522143  0.851719    -5.824912
>../../../../class1/glu1//data/domains/Catalytic_domain/structures/GluRS_PDB_Bact_T_therm_1J09.pdb
-0.063463 -0.060362 -0.996157     6.393257
 0.661740 -0.749726  0.003272    -1.724711
-0.747042 -0.658990  0.087523    46.510592
>../../../../class1/ile//data/domains/Catalytic_domain/structures/IleRS_AF_Arch_Candidatus_Korarchaeum_cryptofilum_OPF8_gene6094904.pdb
-0.177459  0.513262  0.839685     6.764308
 0.976859 -0.011641  0.213566     6.682567
 0.119390  0.858153 -0.499319    -5.859460
>../../../../class1/ile//data/domains/Catalytic_domain/structures/IleRS_AF_Arch_Candidatus_Nitrosopumilus_sediminis_gene13697091.pdb
 0.896291 -0.354159  0.266898     7.546799
 0.034582  0.655830  0.754116     6.447762
-0.442117 -0.666677  0.600062    -0.851565
>../../../../class1/ile//data/domains/Catalytic_domain/structures/IleRS_AF_Arch_Pyrobaculum_aerophilum_str_IM2_gene1465853.pdb
 0.583642  0.768799 -0.261363     2.221953
-0.780435  0.619980  0.080906     6.027679
 0.224240  0.156756  0.961844    -6.625867
>../../../../class1/ile//data/domains/Catalytic_domain/structures/IleRS_AF_Arch_Thermoplasma_acidophilum_DSM_1728_gene1456418.pdb
-0.745453  0.566641 -0.351024     7.070509
 0.592433  0.804591  0.040692     7.478673
 0.305489 -0.177624 -0.935482    -5.031488
>../../../../class1/ile//data/domains/Catalytic_domain/structures/IleRS_AF_Bact_Chlamydia_muridarum_str_Nigg_gene1246458.pdb
-0.100822 -0.839150  0.534474     8.750231
-0.136549 -0.520456 -0.842900     8.554272
 0.985489 -0.157965 -0.062112    -4.626175
>../../../../class1/ile//data/domains/Catalytic_domain/structures/IleRS_AF_Bact_Lactobacillus_acidophilus_La-14_gene56942445.pdb
 0.196643  0.839758 -0.506101     3.920725
-0.978270  0.202638 -0.043871     8.780808
 0.065715  0.503731  0.861357    -6.443540
>../../../../class1/ile//data/domains/Catalytic_domain/structures/IleRS_AF_Bact_Mycoplasma_hyopneumoniae_168-L_gene57100872.pdb
 0.127472  0.800360 -0.585811     5.297380
-0.988785  0.148887 -0.011743     7.110847
 0.077821  0.580738  0.810362    -8.480253
>../../../../class1/ile//data/domains/Catalytic_domain/structures/IleRS_AF_Bact_Orientia_tsutsugamushi_str_Ikeda_gene66653313.pdb
 0.033561 -0.520673 -0.853096     7.356464
 0.077304 -0.849668  0.521622     6.407481
-0.996443 -0.083454  0.011734    -5.820680
>../../../../class1/ile//data/domains/Catalytic_domain/structures/IleRS_AF_Bact_Porphyromonas_gingivalis_ATCC_33277_gene29255747.pdb
-0.004180 -0.504033 -0.863674     8.848264
-0.047560 -0.862604  0.503639     4.794085
-0.998860  0.043181 -0.020366    -7.626296
>../../../../class1/ile//data/domains/Catalytic_domain/structures/IleRS_AF_Bact_Streptobacillus_moniliformis_DSM_12112_gene29674186.pdb
 0.138000  0.862134 -0.487526     2.791311
-0.989182  0.095250 -0.111562     2.399313
-0.049745  0.497648  0.865952    -6.695009
>../../../../class1/ile//data/domains/Catalytic_domain/structures/IleRS_AF_Bact_Thermus_thermophilus_HB8_gene3168241.pdb
 0.007505 -0.710420  0.703738     9.624373
 0.043544 -0.702858 -0.709996     9.138683
 0.999023  0.035972  0.025659    -6.615668
>../../../../class1/ile//data/domains/Catalytic_domain/structures/IleRS_AF_Bact_Treponema_pallidum_subsp_pertenue_str_SamoaD_gene57878975.pdb
 0.335340  0.213857  0.917503     7.407724
 0.750411 -0.649446 -0.122893     8.547308
 0.569587  0.729716 -0.378266    -6.071809
>../../../../class1/ile//data/domains/Catalytic_domain/structures/IleRS_AF_Euk_Cyanidioschyzon_merolae_strain_10D_gene16992835.pdb
-0.663809 -0.734360 -0.141679     5.458245
-0.173738  0.335664 -0.925821     8.507387
 0.727443 -0.589953 -0.350402    -6.708241
>../../../../class1/ile//data/domains/Catalytic_domain/structures/IleRS_AF_Euk_Ostreococcus_lucimarinus_CCE9901_gene5000489.pdb
 0.228928  0.575972  0.784760     5.161503
 0.897094 -0.437799  0.059623     9.209814
 0.377908  0.690354 -0.616925    -5.232276
>../../../../class1/ile//data/domains/Catalytic_domain/structures/IleRS_AF_Euk_Trypanosoma_brucei_brucei_TREU927_gene3663037.pdb
 0.022992  0.752116  0.658630     4.980018
 0.991874 -0.099620  0.079135     8.514267
 0.125131  0.651458 -0.748294    -5.687462
>../../../../class1/ile//data/domains/Catalytic_domain/structures/IleRS_AF_Euk_Ustilago_maydis_521_gene23568123.pdb
-0.231231  0.483019 -0.844527     6.920071
-0.939695 -0.335729  0.065271     7.566262
-0.252005  0.808690  0.531521    -9.012470
>../../../../class1/ile//data/domains/Catalytic_domain/structures/IleRS_AF_Mito_Drosophila_melanogaster_gene39762.pdb
 0.468712 -0.705708 -0.531306     7.726883
 0.155798 -0.525994  0.836096     5.068551
-0.869504 -0.474664 -0.136592    -9.115276
>../../../../class1/ile//data/domains/Catalytic_domain/structures/IleRS_AF_Mito_Homo_sapiens_gene55699.pdb
 0.147912  0.832034 -0.534641     4.894701
-0.981477  0.190043  0.024221     7.937770
 0.121757  0.521156  0.844732    -7.958600
>../../../../class1/ile//data/domains/Catalytic_domain/structures/IleRS_AF_Vir_Megavirus_chiliensis_gene11256744.pdb
-0.127920 -0.288857 -0.948788     8.619367
-0.107777 -0.946933  0.302823     5.536240
-0.985911  0.140995  0.090000    -5.850356
>../../../../class1/ile//data/domains/Catalytic_domain/structures/IleRS_PDB_Bact_S_aureus_1QU2.pdb
 0.279107  0.316831 -0.906486    45.701088
-0.696999  0.716183  0.035711   -41.935431
 0.660524  0.621853  0.420722  -109.688695
>../../../../class1/ile//data/domains/Catalytic_domain/structures/IleRS_PDB_Bact_T_therm_1ILE.pdb
 0.222220 -0.305558  0.925879    41.583610
 0.029135 -0.947118 -0.319560    -1.594524
 0.974561  0.097988 -0.201566    11.933824
>../../../../class1/ile//data/domains/Catalytic_domain/structures/IleRS_PDB_Euk_S_cere_7D5C.pdb
-0.057690 -0.967877 -0.244715    22.662859
-0.957557 -0.015696  0.287816    -0.725127
-0.282412  0.250933 -0.925892    28.098644
