>structures/Ser_Bact_1ser_T_thermophilus.pdb
 0.973193  0.046534  0.225232  -134.680979
 0.007648 -0.985324  0.170526    51.091459
 0.229861 -0.164232 -0.959266    26.098221
>structures/Ser_Bact_2dq3_A_aeolicus.pdb
-0.732687 -0.592258 -0.335262    13.454936
-0.517407  0.804771 -0.290920   -48.879627
 0.442108 -0.039686 -0.896083     8.826042
>structures/Ser_Bact_6h9x_K_pneumoniae.pdb
 0.095264  0.222286 -0.970316     2.506126
-0.575705  0.807503  0.128466    25.693123
 0.812089  0.546378  0.204897    26.814545
>structures/Seryl.A.Candidatus_Korarchaeota.NC_010482.1.pdb
-0.177707 -0.299257 -0.937478    -1.083249
 0.412406 -0.887598  0.205160    -0.071652
-0.893500 -0.350163  0.281148     2.579208
>structures/Seryl.A.Crenarchaeota.NC_003106.2.pdb
-0.950738 -0.305627 -0.051856    -3.740752
-0.301051  0.950190 -0.080662    -3.256151
 0.073925 -0.061077 -0.995392    -0.903707
>structures/Seryl.A.Euryarchaeota.NC_018092.1.pdb
 0.636864  0.725190 -0.261732    -1.981316
-0.658560  0.335179 -0.673760     0.210018
-0.400877  0.601460  0.691045     0.071571
>structures/Seryl.A.Thaumarchaeota.NC_018656.1.pdb
-0.996960  0.075206 -0.020389    -2.291921
 0.068983  0.973538  0.217863     0.017597
 0.036234  0.215794 -0.975766    -2.632640
>structures/Seryl.B.Actinobacteria.NC_021064.1.pdb
 0.582601  0.811055  0.052593     1.735488
-0.713192  0.541192 -0.445499     2.023957
-0.389787  0.222040  0.893736     0.065124
>structures/Seryl.B.Bacteroidota.NC_010729.1.pdb
 0.981317  0.060274  0.182713     0.967612
-0.115608  0.943826  0.309559     3.385666
-0.153791 -0.324898  0.933161    -1.224004
>structures/Seryl.B.Chlamydiae.NC_017287.1.pdb
 1.000000  0.000000  0.000000     0.000000
 0.000000  1.000000  0.000000    -0.000000
 0.000000  0.000000  1.000000    -0.000000
>structures/Seryl.B.Cyanobacteria.NC_005042.1.pdb
-0.922064 -0.359376 -0.143692    -0.085353
-0.330554  0.924334 -0.190630    -0.332625
 0.201328 -0.128275 -0.971088    -1.540838
>structures/Seryl.B.Firmicutes.NC_015687.1.pdb
-0.927811 -0.317686 -0.195557     0.583171
-0.281522  0.940207 -0.191717    -1.150696
 0.244770 -0.122824 -0.961770     0.376729
>structures/Seryl.B.Fusobacteria.NC_013515.1.pdb
-0.998976 -0.044295  0.009207     1.764088
-0.044025  0.998647  0.027693    -2.314863
-0.010421  0.027259 -0.999574     0.166469
>structures/Seryl.B.Proteobacteria.NC_012751.1.pdb
-0.101778  0.207216 -0.972987    -0.747462
-0.311626 -0.935480 -0.166631     6.146450
-0.944738  0.286248  0.159785     0.045864
>structures/Seryl.B.Spirochaetes.NC_016842.1.pdb
 0.701553 -0.675611 -0.226656     2.631803
 0.678881  0.536930  0.500827    -0.387796
-0.216666 -0.505229  0.835344     0.762998
>structures/Seryl.E.Apicomplexa.NC_011904.2.pdb
 0.942656  0.304164  0.137422     1.043692
-0.315565  0.946309  0.070123     0.678945
-0.108715 -0.109468  0.988027    -1.820956
>structures/Seryl.E.Arthropoda.NT_033777.3.pdb
-0.954371  0.268126 -0.131471     5.044880
 0.141769  0.794288  0.590770     1.700950
 0.262826  0.545175 -0.796057    -1.625414
>structures/Seryl.E.Ascomycota.NC_001136.10.pdb
-0.966098 -0.229368  0.118512     0.826228
-0.255701  0.913482 -0.316494     1.423784
-0.035665 -0.336068 -0.941162     0.142285
>structures/Seryl.E.Evosea.NC_007087.3.pdb
 0.942663  0.333273  0.017756    -0.233299
-0.333639  0.942373  0.024879     3.153506
-0.008441 -0.029376  0.999533    -1.223638
