>structures/SerRS_AF_Arch_Candidatus_Methanomassiliicoccus_intestinalis_Issoire-Mx1_gene16154337.pdb
-0.244985 -0.554816  0.795086     1.670408
-0.733038 -0.430727 -0.526431     3.521757
 0.634537 -0.711796 -0.301180     0.657928
>structures/SerRS_AF_Arch_Methanospirillum_hungatei_JF-1_gene3924775.pdb
-0.975764  0.216150 -0.034118    -5.531349
 0.196220  0.933275  0.300823     0.134911
 0.096864  0.286838 -0.953069    -3.521560
>structures/SerRS_AF_Arch_Nitrosopumilus_maritimus_SCM1_gene5773574.pdb
 1.000000  0.000000  0.000000     0.000000
 0.000000  1.000000  0.000000     0.000000
 0.000000  0.000000  1.000000     0.000000
>structures/SerRS_AF_Arch_Thermoproteus_uzoniensis_768-20_gene10361450.pdb
 0.945877 -0.303093 -0.115979     3.267098
 0.324491  0.888492  0.324482     1.851048
 0.004699 -0.344554  0.938755    -0.135255
>structures/SerRS_AF_Bact_Bifidobacterium_longum_subsp_longum_JCM_1217_gene69578844.pdb
-0.062555  0.519342  0.852274    -3.069496
 0.351351 -0.787821  0.505856     4.022204
 0.934151  0.331091 -0.133189    -3.162491
>structures/SerRS_AF_Bact_Brucella_suis_1330_gene45051948.pdb
 0.739735 -0.619183 -0.263447    -1.118510
 0.672031  0.659937  0.335943     0.565113
-0.034152 -0.425554  0.904289    -0.202506
>structures/SerRS_AF_Bact_Chlamydia_psittaci_6BC_gene12242544.pdb
-0.888151 -0.437013  0.142152    -1.439590
-0.459090  0.857600 -0.231860     2.095978
-0.020584 -0.271188 -0.962306    -1.734062
>structures/SerRS_AF_Bact_Clostridium_acetobutylicum_DSM_1731_gene44996495.pdb
 0.998930 -0.019295  0.042039    -6.646448
 0.025890  0.986375 -0.162466     0.687351
-0.038331  0.163380  0.985818    -3.490921
>structures/SerRS_AF_Bact_Mycoplasma_hyopneumoniae_168-L_gene57101125.pdb
-0.989696 -0.138928 -0.034658    -2.711839
-0.143160  0.964683  0.221114     2.933371
 0.002715  0.223797 -0.974632    -1.078385
>structures/SerRS_AF_Bact_Prochlorococcus_marinus_subsp_marinus_str_CCMP1375_gene54200639.pdb
 0.708981 -0.630488 -0.315960    -1.680364
 0.668455  0.458011  0.585998     7.300839
-0.224752 -0.626667  0.746174     0.011616
>structures/SerRS_AF_Bact_Streptobacillus_moniliformis_DSM_12112_gene29673293.pdb
 0.868271 -0.446230 -0.216758    -1.363580
 0.494730  0.811189  0.311792    -0.292081
 0.036701 -0.377957  0.925095    -0.697810
>structures/SerRS_AF_Bact_Treponema_pallidum_subsp_pertenue_str_SamoaD_gene57879171.pdb
-0.971873  0.209048  0.108452    -2.597776
 0.231500  0.932587  0.276928     0.586902
-0.043250  0.294246 -0.954751    -1.717633
>structures/SerRS_AF_Euk_Cyanidioschyzon_merolae_strain_10D_gene16995416.pdb
-0.653961  0.672975  0.345600    -3.567396
 0.653867  0.273021  0.705632     2.412696
 0.380517  0.687433 -0.618582    -3.318213
>structures/SerRS_AF_Euk_Thunnus_albacares_gene122982782.pdb
-0.097632  0.581145  0.807922    -5.040992
 0.447573 -0.699436  0.557196     5.217687
 0.888902  0.416004 -0.191817    -1.591740
>structures/SerRS_AF_Euk_Trichomonas_vaginalis_G3_gene4762654.pdb
-0.959655 -0.135199 -0.246542    -1.044089
-0.164546  0.981028  0.102511     4.739213
 0.228005  0.138943 -0.963695    -1.655412
>structures/SerRS_AF_Euk_Vitis_vinifera_gene100261399.pdb
-0.250046  0.754331  0.607010    -5.406005
 0.571460 -0.391109  0.721434     4.610430
 0.781608  0.527274 -0.333275    -3.185533
>structures/SerRS_AF_Mito_Drechmeria_coniospora_gene63718051.pdb
-0.909149 -0.416366 -0.009377    -1.562589
-0.416152  0.909103 -0.018692     4.003869
 0.016307 -0.013092 -0.999781    -0.381609
>structures/SerRS_AF_Mito_Gambusia_affinis_gene122832256.pdb
 0.398067 -0.655104 -0.642169    -1.835222
 0.792519 -0.106972  0.600392     7.625301
-0.462014 -0.747927  0.476600    -0.991411
>structures/SerRS_PDB_Bact_K_pneumoniae_6h9x.pdb
 0.288265 -0.468784  0.834952   -10.771170
-0.714912  0.474727  0.513357    17.701384
-0.637028 -0.744900 -0.198292   -34.024629
>structures/SerRS_PDB_Bact_T_thermophilus_1ser.pdb
-0.803885  0.376166 -0.460726    98.120466
-0.526514 -0.810383  0.257026   105.459269
-0.276680  0.449198  0.849511   -33.858054
