>structures/Alanyl.A.Candidatus_Thermoplasmatota.NC_013926.1.pdb
-0.680384  0.472037  0.560588     8.226402
 0.433307 -0.357795  0.827181    -3.222149
 0.591036  0.805707  0.038901     1.403639
>structures/Alanyl.A.Crenarchaeota.NC_020247.1.pdb
 0.167329  0.360990 -0.917435    -0.201210
 0.063345 -0.932569 -0.355392     2.967932
-0.983864  0.001353 -0.178912    -0.976144
>structures/Alanyl.A.Thaumarchaeota.NC_010085.1.pdb
 0.118685 -0.810446  0.573665    -6.587916
-0.966691  0.037634  0.253164     2.461839
-0.226765 -0.584603 -0.778984    23.361216
>structures/Alanyl.B.Actinobacteria.NC_010572.1.pdb
 0.897422  0.312133 -0.311780     6.254701
-0.423635  0.412409 -0.806506    -4.718600
-0.123156  0.855858  0.502335     4.118344
>structures/Alanyl.B.Bacteroidota.NC_010729.1.pdb
 0.979804 -0.194119 -0.047975    -4.132473
 0.050024  0.470251 -0.881114     5.491066
 0.193601  0.860919  0.470464     4.794346
>structures/Alanyl.B.Chlamydiae.NC_017287.1.pdb
 0.889528 -0.327376 -0.318692    -2.470394
 0.079107  0.797366 -0.598289     2.772284
 0.449979  0.506984  0.735177     1.130806
>structures/Alanyl.B.Cyanobacteria.NC_005042.1.pdb
 1.000000  0.000000  0.000000     0.000000
 0.000000  1.000000  0.000000     0.000000
 0.000000  0.000000  1.000000     0.000000
>structures/Alanyl.B.Firmicutes.NC_008525.1.pdb
 0.896278  0.031300 -0.442386     0.350777
-0.443031  0.017716 -0.896331    -8.098467
-0.020218  0.999353  0.029745    -7.314792
>structures/Alanyl.B.Fusobacteria.NC_013515.1.pdb
 0.919757 -0.067729 -0.386599     0.111867
-0.173924  0.812675 -0.556156    -1.361820
 0.351847  0.578768  0.735684    -0.394070
>structures/Alanyl.B.Spirochaetes.NC_014330.1.pdb
 0.669087  0.605557 -0.430841     3.135870
 0.570949 -0.789945 -0.223616    -0.125135
-0.475753 -0.096370 -0.874284    -7.548242
