>structures/Ala_Bact_3HXV_E_coli.pdb
-0.217631 -0.272459 -0.937232    80.294862
-0.191076 -0.929774  0.314660   150.802785
-0.957145  0.247563  0.150287   -34.453927
>structures/Asn_Arch_1X54_P_horikoshii.pdb
-0.695493  0.600517  0.394549    25.195813
-0.138272  0.426985 -0.893624   137.657956
-0.705103 -0.676065 -0.213931   -29.515187
>structures/Asp_Arch_1b8a_T_kodarensis.pdb
 0.091324  0.961018  0.260969    21.195704
 0.731578  0.113050 -0.672319   107.898713
-0.675613  0.252318 -0.692736     9.868264
>structures/Asp_Bact_1c0a_E_coli.pdb
-0.992400  0.027239 -0.120004   100.602191
-0.117603 -0.497039  0.859722   141.787093
-0.036228  0.867301  0.496464   -67.354607
>structures/Glycyl.A.Candidatus_Thermoplasmatota.NC_002689.2.pdb
 0.872219  0.473089 -0.124178    40.763164
-0.306376  0.726352  0.615261   108.916064
 0.381271 -0.498598  0.778481   -33.872951
>structures/His_Bact_1HTT_E_coli.pdb
-0.455449 -0.547101 -0.702315    59.304087
 0.556427 -0.790751  0.255151   124.155017
-0.694950 -0.274579  0.664569   -57.871636
>structures/His_Bact_4e51_B_thailandensis.pdb
 0.485929 -0.133446  0.863751     7.777894
 0.872320  0.012830 -0.488768   131.267229
 0.054142  0.990973  0.122641   -33.477876
>structures/Lys_Bact_3E9H_G_stearothermophilus.pdb
 0.745446 -0.611574 -0.265117   -62.883474
-0.542335 -0.787716  0.292192    74.743842
-0.387534 -0.074031 -0.918878    17.131371
>structures/Phe_Bact_1EIY.B_T_thermophilus.pdb
-0.082703  0.287830 -0.954104    36.749539
 0.870320  0.487261  0.071555    71.592132
 0.485494 -0.824457 -0.290802    -2.703263
>structures/Phe_Bact_1PYS.A_T_thermophilus.pdb
 0.785024 -0.417509  0.457628    42.989459
-0.562035 -0.790687  0.242756   163.179031
 0.260488 -0.447773 -0.855363    -3.665139
>structures/Phe_Euk_3CMQ.H_sapiens.pdb
-0.378410 -0.267367  0.886183    21.093934
-0.221380  0.955733  0.193819    93.519352
-0.898775 -0.122840 -0.420848   -28.916637
>structures/Phe_Euk_3L4G.B_H_sapiens.pdb
 0.795254  0.105081  0.597100     5.724931
 0.048095 -0.992696  0.110643   226.014501
 0.604365 -0.059272 -0.794500   -49.772834
>structures/Phe_Euk_3L4G.C_H_sapiens.pdb
 1.000000 -0.000000  0.000000     0.000000
 0.000000  1.000000  0.000000     0.000000
-0.000000  0.000000  1.000000     0.000000
>structures/Pro_Arch_1nj8_M_janacshii.pdb
 0.886897  0.067842 -0.456959   -35.021774
-0.239712 -0.777987 -0.580753   196.876242
-0.394907  0.624607 -0.673732     1.742924
>structures/Pro_Bact_2J3M_E_faecalis.pdb
-0.125166  0.731754  0.669978    33.774033
-0.992066 -0.084317 -0.093247   137.046577
-0.011743 -0.676334  0.736502   -54.617848
>structures/Pyl_Arch_2Q7E_M_mazei.pdb
 0.322282  0.919281  0.225959   -10.858567
 0.885622 -0.377105  0.271044   104.295086
 0.334375  0.112761 -0.935670   -19.755963
>structures/Sep_Arch_2DU4_A_fulgidus.pdb
-0.638475  0.385267  0.666273    41.143307
-0.621277 -0.768961 -0.150711   190.734667
 0.454274 -0.510166  0.730319     0.763573
>structures/Ser_Arch_2cim_M_barkeri.pdb
 0.933556 -0.321168  0.159136    -2.793142
 0.138502  0.732727  0.666280    44.802625
-0.330591 -0.599969  0.728524   -88.031418
>structures/Seryl.B.Actinobacteria.NC_021064.1.pdb
-0.036611  0.466526  0.883749    28.294540
-0.599265 -0.717943  0.354173    97.548499
 0.799713 -0.516634  0.305858   -11.481849
>structures/Thr_Bact_1evk_E_coli.pdb
 0.650767 -0.108400 -0.751500    43.432789
 0.723169 -0.213104  0.656973    95.008792
-0.231364 -0.970997 -0.060290    31.502900
