>structures/Ala_Bact_3HXV_E_coli.pdb
 0.100509  0.372683  0.922499   -52.679456
 0.935610 -0.350788  0.039778     5.767623
 0.338427  0.859101 -0.383943   -10.930091
>structures/Asn_Arch_1X54_P_horikoshii.pdb
 1.000000  0.000000  0.000000     0.000000
 0.000000  1.000000  0.000000     0.000000
 0.000000  0.000000  1.000000     0.000000
>structures/Asp_Arch_1b8a_T_kodarensis.pdb
 0.324632 -0.880081  0.346514   -19.800140
 0.809356  0.448053  0.379725   -42.290436
-0.489445  0.157182  0.857751    17.462720
>structures/Asp_Bact_1c0a_E_coli.pdb
 0.736501 -0.556269 -0.384878   -27.090914
-0.614369 -0.788174 -0.036497    72.394042
-0.283049  0.263337 -0.922245    34.677405
>structures/Glycyl.A.Candidatus_Thermoplasmatota.NC_002689.2.pdb
-0.835490 -0.028212 -0.548781    -3.758989
 0.182414  0.927810 -0.325413     0.042718
 0.518345 -0.371984 -0.770030    32.771282
>structures/His_Bact_1HTT_E_coli.pdb
 0.789324  0.602142 -0.119970     3.965375
 0.325864 -0.576459 -0.749338    32.306728
-0.520366  0.552377 -0.651229    31.942773
>structures/His_Bact_4e51_B_thailandensis.pdb
 0.622452 -0.702687  0.344651   -18.230124
 0.751147  0.660045 -0.010875    -5.528199
-0.219843  0.265653  0.938668   -10.049521
>structures/Lys_Bact_3E9H_G_stearothermophilus.pdb
-0.674897 -0.334480 -0.657752    23.688738
-0.701151  0.568512  0.430328    83.234140
 0.230004  0.751610 -0.618207    98.555731
>structures/Phe_Bact_1EIY.B_T_thermophilus.pdb
 0.624742 -0.650970  0.431202    -1.590534
-0.273987  0.334363  0.901739   -18.919114
-0.731183 -0.681498  0.030533    72.959653
>structures/Phe_Bact_1PYS.A_T_thermophilus.pdb
-0.652704  0.714189  0.252810   -34.061859
 0.059382 -0.284439  0.956853     3.975021
 0.755283  0.639554  0.143244   -21.371522
>structures/Phe_Euk_3CMQ.H_sapiens.pdb
 0.929465  0.162853 -0.331018     8.095805
 0.272927  0.300143  0.914016   -21.877885
 0.248203 -0.939890  0.234525    38.419597
>structures/Phe_Euk_3L4G.B_H_sapiens.pdb
-0.992412  0.110679  0.053552    14.458225
 0.030933 -0.196789  0.979958    28.430069
 0.118999  0.974179  0.191872   -86.439755
>structures/Phe_Euk_3L4G.C_H_sapiens.pdb
-0.695493 -0.138272 -0.705103    15.746475
 0.600517  0.426985 -0.676065   -93.862578
 0.394549 -0.893624 -0.213931   106.759323
>structures/Pro_Arch_1nj8_M_janacshii.pdb
-0.950557  0.177286 -0.254973    82.242420
-0.310250 -0.506048  0.804774    24.430230
 0.013646  0.844088  0.536030   -35.970346
>structures/Pro_Bact_2J3M_E_faecalis.pdb
-0.206948 -0.975351  0.076565   -19.459564
 0.132948 -0.105569 -0.985485    16.500221
 0.969277 -0.193765  0.151518    -0.902171
>structures/Pyl_Arch_2Q7E_M_mazei.pdb
-0.250721 -0.881130 -0.400934    42.600415
-0.346589 -0.305006  0.887044    -0.195353
-0.903889  0.361360 -0.228918    31.476515
>structures/Sep_Arch_2DU4_A_fulgidus.pdb
-0.947075  0.317579 -0.046825     4.047285
-0.284240 -0.761825  0.582091    67.241077
 0.149188  0.564593  0.811774   -13.619478
>structures/Ser_Arch_2cim_M_barkeri.pdb
-0.985187  0.171482 -0.000866    20.039274
 0.135298  0.774184 -0.618331    53.882508
-0.105363 -0.609289 -0.785917   101.583077
>structures/Seryl.B.Actinobacteria.NC_021064.1.pdb
 0.269328 -0.700385  0.661002    -7.961745
 0.106389 -0.660525 -0.743228     7.411185
 0.957154  0.270495 -0.103384    45.118110
>structures/Thr_Bact_1evk_E_coli.pdb
-0.395757  0.765207  0.507774   -48.906819
 0.844371  0.520619 -0.126466   -49.371474
-0.361129  0.378700 -0.852157    31.204309
