>../../../../class2/phe4//data/domains/Catalytic_domain/structures/PheRS-Aβ_AF_Arch_Candidatus_Nitrosopumilus_koreensis_AR1_gene13724457.pdb
 0.987686 -0.007710  0.156261    -0.100428
-0.015728  0.988833  0.148199     3.260509
-0.155658 -0.148832  0.976535     0.859497
>../../../../class2/phe4//data/domains/Catalytic_domain/structures/PheRS-Aβ_AF_Arch_Halalkalicoccus_jeotgali_B3_gene9420006.pdb
-0.234547  0.340852 -0.910389     1.086850
-0.445215 -0.870185 -0.211097     5.586611
-0.864160  0.355806  0.355851    -0.448443
>../../../../class2/phe4//data/domains/Catalytic_domain/structures/PheRS-Aβ_AF_Arch_Sulfolobus_islandicus_YG5714_gene7807969.pdb
 1.000000  0.000000  0.000000     0.000000
 0.000000  1.000000  0.000000     0.000000
 0.000000  0.000000  1.000000     0.000000
>../../../../class2/phe4//data/domains/Catalytic_domain/structures/PheRS-Aβ_AF_Arch_Thermoplasma_volcanium_GSS1_gene1441711.pdb
-0.020931 -0.529179  0.848252     0.932292
-0.501036 -0.728655 -0.466932     5.626296
 0.865173 -0.434778 -0.249886     2.131509
>../../../../class2/phe4//data/domains/Catalytic_domain/structures/PheRS-Aβ_AF_Euk_Astyanax_mexicanus_gene103044481.pdb
-0.795733 -0.605314  0.020127    -3.397582
-0.503280  0.642384 -0.577972    -1.233655
 0.336925 -0.470040 -0.815809    -1.154151
>../../../../class2/phe4//data/domains/Catalytic_domain/structures/PheRS-Aβ_AF_Euk_Didymosphenia_geminata_gene19740299.pdb
 0.567445  0.801921 -0.186890     7.217921
-0.799522  0.482327 -0.357945     8.690469
-0.196901  0.352537  0.914848    -4.922423
>../../../../class2/phe4//data/domains/Catalytic_domain/structures/PheRS-Aβ_AF_Euk_Drosophila_melanogaster_gene42888.pdb
 0.606252  0.690906 -0.393837    -1.246045
-0.514509 -0.036872 -0.856692    -0.943145
-0.606415  0.722004  0.333123    -3.189427
>../../../../class2/phe4//data/domains/Catalytic_domain/structures/PheRS-Aβ_AF_Euk_Gracilariopsis_tenuifrons_gene68635617.pdb
-0.676997  0.729226  0.099522    12.361357
 0.495773  0.351908  0.793958     0.382170
 0.543952  0.586848 -0.599772     1.312065
>../../../../class2/phe4//data/domains/Catalytic_domain/structures/PheRS-Aβ_PDB_Euk.B_H_sapiens_3L4G.pdb
-0.175629  0.049208 -0.983226    19.681789
 0.900886  0.410735 -0.140365   -78.284928
 0.396938 -0.910426 -0.116468    67.586200
>../../../../class2/thr//data/domains/Catalytic_domain/structures/ThrRS_AF_Arch_Candidatus_Methanomethylophilus_alvus_Mx1201_gene15140074.pdb
-0.310721  0.712351 -0.629293    28.503197
-0.654167  0.320052  0.685297   -12.983406
 0.689578  0.624599  0.366549   -24.511742
>../../../../class2/thr//data/domains/Catalytic_domain/structures/ThrRS_AF_Arch_Candidatus_Nitrosopumilus_koreensis_AR1_gene13725077.pdb
-0.237860 -0.642958  0.728030    27.888461
 0.681727  0.423391  0.596648    -4.957570
-0.691861  0.638237  0.337614   -30.123850
>../../../../class2/thr//data/domains/Catalytic_domain/structures/ThrRS_AF_Arch_Pyrococcus_furiosus_DSM_3638_gene1469226.pdb
-0.270956 -0.478411  0.835288    26.160303
 0.497664  0.673155  0.546985    -6.347745
-0.823962  0.563902  0.055693   -29.680415
>../../../../class2/thr//data/domains/Catalytic_domain/structures/ThrRS_AF_Arch_Sulfolobus_islandicus_M164_gene7940156.pdb
 0.634384 -0.621080 -0.460235    28.252253
-0.772997 -0.514060 -0.371776    -7.096579
-0.005686  0.591609 -0.806205   -21.249943
>../../../../class2/thr//data/domains/Catalytic_domain/structures/ThrRS_AF_Bact_Bifidobacterium_longum_subsp_longum_JCM_1217_gene69578309.pdb
 0.399533 -0.747571  0.530576    27.160612
-0.464606  0.333811  0.820190   -14.916811
-0.790262 -0.574202 -0.213958   -28.663698
>../../../../class2/thr//data/domains/Catalytic_domain/structures/ThrRS_AF_Bact_Brachyspira_pilosicoli_95_1000_gene56439092.pdb
 0.948602 -0.312169 -0.052012    28.649816
-0.269684 -0.883366  0.383321   -15.305531
-0.165606 -0.349592 -0.922149   -26.104644
>../../../../class2/thr//data/domains/Catalytic_domain/structures/ThrRS_AF_Bact_Brucella_abortus_2308_gene3787745.pdb
-0.678637 -0.716718 -0.160520    28.298518
 0.575590 -0.383218 -0.722385   -15.383519
 0.456232 -0.582631  0.672602   -26.742463
>../../../../class2/thr//data/domains/Catalytic_domain/structures/ThrRS_AF_Bact_Lactobacillus_acidophilus_La-14_gene56943112.pdb
 0.173623  0.572773  0.801115    28.947989
 0.487488  0.656829 -0.575265   -18.094644
-0.855693  0.490414 -0.165179   -30.236048
>../../../../class2/thr//data/domains/Catalytic_domain/structures/ThrRS_AF_Bact_Mycoplasma_hyopneumoniae_168-L_gene57101460.pdb
 0.194524  0.603950 -0.772920    26.782189
-0.370263  0.774888  0.512302   -12.432489
 0.908331  0.186528  0.374354   -24.860915
>../../../../class2/thr//data/domains/Catalytic_domain/structures/ThrRS_AF_Bact_Porphyromonas_gingivalis_ATCC_33277_gene29256174.pdb
 0.932754  0.228746  0.278649    26.285824
-0.099289 -0.580034  0.808518   -14.689450
 0.346571 -0.781816 -0.518317   -27.325993
>../../../../class2/thr//data/domains/Catalytic_domain/structures/ThrRS_AF_Bact_Prochlorococcus_marinus_subsp_marinus_str_CCMP1375_gene54200406.pdb
-0.924173 -0.281958 -0.257688    28.875247
-0.046536 -0.586487  0.808621   -15.521362
-0.379128  0.759297  0.528894   -29.521656
>../../../../class2/thr//data/domains/Catalytic_domain/structures/ThrRS_AF_Bact_Streptobacillus_moniliformis_DSM_12112_gene29674242.pdb
-0.082291 -0.123290  0.988953    28.203307
 0.661131  0.735780  0.146741   -15.823762
-0.745744  0.665903  0.020963   -26.926234
>../../../../class2/thr//data/domains/Catalytic_domain/structures/ThrRS_AF_Euk_Arabidopsis_thaliana_gene832741.pdb
 0.253991 -0.316898  0.913818    25.476049
-0.445524  0.800266  0.401351   -15.106923
-0.858485 -0.509067  0.062074   -29.555738
>../../../../class2/thr//data/domains/Catalytic_domain/structures/ThrRS_AF_Euk_Cryptococcus_gattii_WM276_gene10188143.pdb
 0.219913 -0.779461  0.586582    26.427399
-0.213803  0.548172  0.808577   -17.789927
-0.951802 -0.303230 -0.046101   -27.716973
>../../../../class2/thr//data/domains/Catalytic_domain/structures/ThrRS_AF_Euk_Cyanidioschyzon_merolae_strain_10D_gene16997242.pdb
-0.711612 -0.701076 -0.045826    27.972082
 0.675509 -0.664815 -0.318917   -17.354095
 0.193119 -0.257901  0.946674   -28.160558
>../../../../class2/thr//data/domains/Catalytic_domain/structures/ThrRS_AF_Euk_Zymoseptoria_tritici_IPO323_gene13396560.pdb
-0.492828  0.852471 -0.174398    18.994454
 0.725972  0.292348 -0.622492   -26.298952
-0.479672 -0.433390 -0.762947   -34.523467
>../../../../class2/thr//data/domains/Catalytic_domain/structures/ThrRS_AF_Mito_Cyanidioschyzon_merolae_strain_10D_gene16995590.pdb
-0.458343 -0.719674  0.521527    28.513306
 0.646682  0.132491  0.751165   -14.940899
-0.609692  0.681553  0.404674   -27.807327
>../../../../class2/thr//data/domains/Catalytic_domain/structures/ThrRS_AF_Mito_Oryza_sativa_Japonica_Group_gene4345200.pdb
 0.004255  0.959889 -0.280349    26.697986
 0.971767  0.062168  0.227605   -17.064507
 0.235904 -0.273403 -0.932524   -28.826052
>../../../../class2/thr//data/domains/Catalytic_domain/structures/ThrRS_PDB_Bact_E_coli_1evk.pdb
-0.664302  0.703163  0.253506     4.988460
-0.746348 -0.642526 -0.173566    55.808268
 0.040839 -0.304504  0.951635   -22.912272
>../../../../class2/thr//data/domains/Catalytic_domain/structures/ThrRS_PDB_Bact_S_aureus_1nyr.pdb
 0.885146  0.232666 -0.402969    25.100820
 0.112861  0.732805  0.671013   -86.108674
 0.451419 -0.639424  0.622381   -34.012707
