>../../../../class2/gly1//data/domains/Catalytic_domain/structures/GlyRS-A_AF_Arch_Candidatus_Nitrosopumilus_sediminis_gene13697160.pdb
 0.055152 -0.139365 -0.988704     0.923890
 0.504954 -0.850358  0.148031     2.182728
-0.861382 -0.507415  0.023474    -0.095706
>../../../../class2/gly1//data/domains/Catalytic_domain/structures/GlyRS-A_AF_Arch_Candidatus_Woesearchaeota_archaeon_proteinMBT4248212.1.pdb
 1.000000 -0.000000  0.000000     0.000000
 0.000000  1.000000  0.000000     0.000000
-0.000000  0.000000  1.000000     0.000000
>../../../../class2/gly1//data/domains/Catalytic_domain/structures/GlyRS-A_AF_Arch_Sulfolobus_islandicus_YN1551_gene7810979.pdb
-0.657237  0.707429  0.259970    -0.235152
 0.539121  0.200237  0.818080     4.314695
 0.526677  0.677827 -0.512992    -0.498182
>../../../../class2/gly1//data/domains/Catalytic_domain/structures/GlyRS-A_AF_Arch_Thermoplasma_acidophilum_DSM_1728_gene1455843.pdb
-0.059250  0.052348 -0.996870     0.980956
 0.283503 -0.956622 -0.067084     2.297993
-0.957139 -0.286590  0.041839     0.034487
>../../../../class2/gly1//data/domains/Catalytic_domain/structures/GlyRS-A_AF_Bact_Capnocytophaga_ochracea_DSM_7271_gene29675716.pdb
-0.834398  0.435892  0.337311     0.685631
 0.534802  0.492296  0.686754     1.147796
 0.133294  0.753421 -0.643886     1.173801
>../../../../class2/gly1//data/domains/Catalytic_domain/structures/GlyRS-A_AF_Bact_Corynebacterium_ulcerans_809_gene75260805.pdb
 0.337407  0.712606 -0.615101    -3.282800
-0.824764 -0.091201 -0.558074     2.550678
-0.453785  0.695611  0.556960    -0.928914
>../../../../class2/gly1//data/domains/Catalytic_domain/structures/GlyRS-A_AF_Bact_Treponema_denticola_ATCC_35405_gene2741635.pdb
 0.087507  0.063955  0.994109    -2.735050
 0.376781 -0.925926  0.026402     0.559977
 0.922160  0.372251 -0.105123     0.198795
>../../../../class2/gly1//data/domains/Catalytic_domain/structures/GlyRS-A_PDB_Bact_T_thermophilus_1ati.pdb
-0.067638 -0.850680 -0.521314    49.075727
-0.851254  0.321731 -0.414554    26.003684
 0.520376  0.415731 -0.745906    -3.777105
>../../../../class2/pro1//data/domains/Catalytic_domain/structures/ProRS-A_AF_Arch_Candidatus_Nitrosopumilus_sediminis_gene13697692.pdb
-0.162461  0.497575  0.852071     2.388093
 0.526039 -0.686915  0.501428     2.160667
 0.834799  0.529686 -0.150147     3.285344
>../../../../class2/pro1//data/domains/Catalytic_domain/structures/ProRS-A_AF_Arch_Halogeometricum_borinquense_DSM_11551_gene9994169.pdb
 0.299755 -0.621531 -0.723772     1.501078
 0.777211 -0.280866  0.563078     2.295213
-0.553253 -0.731309  0.398870     3.302052
>../../../../class2/pro1//data/domains/Catalytic_domain/structures/ProRS-A_AF_Arch_Picrophilus_torridus_DSM_9790_gene2845069.pdb
 0.638183 -0.633314 -0.437763     1.328415
 0.689915  0.218097  0.690254     2.563328
-0.341673 -0.742527  0.576119     1.127434
>../../../../class2/pro1//data/domains/Catalytic_domain/structures/ProRS-A_AF_Arch_Sulfurisphaera_tokodaii_str_7_gene1459472.pdb
-0.653666  0.654896  0.379252     2.075610
 0.595706  0.136185  0.791573     2.554298
 0.466750  0.743347 -0.479144     2.561166
>../../../../class2/pro1//data/domains/Catalytic_domain/structures/ProRS-A_AF_Bact_Bacillus_anthracis_str_Ames_Ancestor_gene45020455.pdb
 0.178469  0.947414 -0.265622     1.673754
-0.569618 -0.120638 -0.813008     2.429268
-0.802300  0.296400  0.518134     2.402993
>../../../../class2/pro1//data/domains/Catalytic_domain/structures/ProRS-A_AF_Bact_Mycoplasma_hyopneumoniae_168-L_gene57101275.pdb
-0.088138 -0.175109 -0.980596     3.940512
 0.532426 -0.840284  0.102197     2.631518
-0.841875 -0.513088  0.167294     3.300831
>../../../../class2/pro1//data/domains/Catalytic_domain/structures/ProRS-A_AF_Bact_Porphyromonas_gingivalis_ATCC_33277_gene29256199.pdb
 0.375347 -0.591254 -0.713816     2.875770
 0.790403 -0.198072  0.579682     1.731899
-0.484126 -0.781784  0.392983     2.131573
>../../../../class2/pro1//data/domains/Catalytic_domain/structures/ProRS-A_AF_Bact_Thermus_thermophilus_HB8_gene3169620.pdb
 0.079894 -0.397663 -0.914046     3.333131
 0.713249 -0.617772  0.331110     2.854786
-0.696343 -0.678396  0.234277     2.690338
>../../../../class2/pro1//data/domains/Catalytic_domain/structures/ProRS-A_AF_Euk_Cryptococcus_gattii_WM276_gene10188341.pdb
-0.029529 -0.572506 -0.819369     3.314377
 0.768224 -0.537442  0.347833     4.555142
-0.639500 -0.619188  0.455683     4.867710
>../../../../class2/pro1//data/domains/Catalytic_domain/structures/ProRS-A_AF_Euk_Ostreococcus_tauri_gene9837972.pdb
-0.113114 -0.262781 -0.958202     0.077142
 0.452406 -0.872242  0.185801     8.454146
-0.884609 -0.412480  0.217547     1.280204
>../../../../class2/pro1//data/domains/Catalytic_domain/structures/ProRS-A_AF_Euk_Plasmodium_yoelii_gene3807174.pdb
 0.410685  0.766885 -0.493178     0.148614
-0.612639 -0.168507 -0.772191    -0.366308
-0.675286  0.619268  0.400620     3.434707
>../../../../class2/pro1//data/domains/Catalytic_domain/structures/ProRS-A_AF_Euk_Scheffersomyces_stipitis_CBS_6054_gene4840393.pdb
 0.382669 -0.774955 -0.503001     6.101940
 0.808647  0.017632  0.588031     5.323262
-0.446828 -0.631771  0.633411     4.458145
>../../../../class2/pro1//data/domains/Catalytic_domain/structures/ProRS-A_AF_Mito_Mauremys_reevesii_gene120369760.pdb
 0.980202  0.060101  0.188657     3.521714
-0.039204  0.992866 -0.112610    -0.127255
-0.194079  0.102984  0.975565     2.735879
>../../../../class2/pro1//data/domains/Catalytic_domain/structures/ProRS-A_AF_Mito_Oryza_sativa_Japonica_Group_gene4342480.pdb
-0.012350 -0.498197 -0.866976     1.542150
 0.654624 -0.659436  0.369611     8.736993
-0.755854 -0.562978  0.334276     2.324211
>../../../../class2/pro1//data/domains/Catalytic_domain/structures/ProRS-A_PDB_Arch_M_janacshii_1nj8.pdb
 0.002019 -0.059310  0.998238   -36.872907
-0.314409  0.947579  0.056936   -13.717731
-0.949285 -0.313970 -0.016734   109.524982
