>structures/PheRS-Bα_AF_Bact_Brachyspira_pilosicoli_95_1000_gene56440383.pdb
-0.513328 -0.209386  0.832257    -3.683407
 0.619075 -0.761968  0.190137     2.659047
 0.594341  0.612832  0.520765   -11.900650
>structures/PheRS-Bα_AF_Bact_Chlamydia_psittaci_6BC_gene12243227.pdb
-0.295737 -0.556475  0.776450    -2.613637
-0.257465 -0.736297 -0.625762     4.294066
 0.919919 -0.384970  0.074478    -8.895262
>structures/PheRS-Bα_AF_Bact_Ferrimonas_balearica_DSM_9799_gene67181906.pdb
 0.385265  0.692123 -0.610358    -2.577355
-0.298160 -0.532577 -0.792125     2.486137
-0.873311  0.487162  0.001180    -6.491509
>structures/PheRS-Bα_AF_Bact_Mycobacterium_intracellulare_ATCC_13950_gene11909689.pdb
 1.000000  0.000000  0.000000     0.000000
 0.000000  1.000000  0.000000     0.000000
 0.000000  0.000000  1.000000     0.000000
>structures/PheRS-Bα_AF_Bact_Mycoplasma_capricolum_subsp_capricolum_ATCC_27343_gene23778662.pdb
 0.132637  0.501464 -0.854951    -5.041567
-0.204528 -0.830160 -0.518654     2.293044
-0.969833  0.243654 -0.007546    -8.875755
>structures/PheRS-Bα_AF_Bact_Porphyromonas_gingivalis_ATCC_33277_gene29256875.pdb
-0.642797 -0.138473  0.753417    -0.159606
 0.116226 -0.989769 -0.082752     2.207067
 0.757168  0.034374  0.652315   -12.218839
>structures/PheRS-Bα_AF_Bact_Prochlorococcus_marinus_subsp_marinus_str_CCMP1375_gene54200681.pdb
 0.255699 -0.683370 -0.683830    -2.382533
 0.836937 -0.197576  0.510392     2.571522
-0.483895 -0.702829  0.521417     0.318112
>structures/PheRS-Bα_AF_Bact_Staphylococcus_argenteus_gene66839332.pdb
-0.053325 -0.213745 -0.975433    -4.029393
 0.569157 -0.809129  0.146189     7.015842
-0.820498 -0.547379  0.164801    -5.703115
>structures/PheRS-Bα_PDB_Bact.A_E_coli_3PCO.pdb
-0.113821 -0.986199 -0.120232     2.537225
 0.504531 -0.161629  0.848130   -35.355890
-0.855858  0.035874  0.515965   -62.017474
>structures/PheRS-Bα_PDB_Bact.A_T_thermophilus_1PYS.pdb
 0.443965  0.893824 -0.063037   -55.113052
 0.865873 -0.409851  0.286855     6.112298
 0.230562 -0.181936 -0.955898     7.297011
