>structures/PheRS-Bα_AF_Bact_Brachyspira_pilosicoli_95_1000_gene56440383.pdb
-0.146229 -0.881066 -0.449823   -22.945883
 0.433217  0.351756 -0.829813     1.749922
 0.889348 -0.316214  0.330256    58.757376
>structures/PheRS-Bα_AF_Bact_Chlamydia_psittaci_6BC_gene12243227.pdb
-0.884289  0.018257 -0.466583   -24.896580
 0.366263  0.646915 -0.668844     0.561522
 0.289628 -0.762343 -0.578747    61.609020
>structures/PheRS-Bα_AF_Bact_Ferrimonas_balearica_DSM_9799_gene67181906.pdb
 0.556958 -0.763544 -0.326800   -27.842144
-0.366754 -0.579141  0.728071     0.942074
-0.745177 -0.285650 -0.602590    61.291383
>structures/PheRS-Bα_AF_Bact_Mycobacterium_intracellulare_ATCC_13950_gene11909689.pdb
-0.114009  0.495983 -0.860815   -34.932920
-0.986571 -0.158526  0.039326    -0.982227
-0.116956  0.853739  0.507396    62.146779
>structures/PheRS-Bα_AF_Bact_Mycoplasma_capricolum_subsp_capricolum_ATCC_27343_gene23778662.pdb
 0.717960 -0.679138 -0.152659   -25.531232
-0.137499 -0.353358  0.925328     3.319737
-0.682369 -0.643358 -0.347078    60.161274
>structures/PheRS-Bα_AF_Bact_Porphyromonas_gingivalis_ATCC_33277_gene29256875.pdb
-0.515819 -0.505396 -0.691741   -23.231209
 0.646698  0.299875 -0.701325    -1.653702
 0.561882 -0.809105  0.172157    57.914237
>structures/PheRS-Bα_AF_Bact_Prochlorococcus_marinus_subsp_marinus_str_CCMP1375_gene54200681.pdb
 0.805144  0.582362 -0.112243   -33.586250
-0.403588  0.676672  0.615819     0.991277
 0.434581 -0.450522  0.779852    64.846706
>structures/PheRS-Bα_AF_Bact_Staphylococcus_argenteus_gene66839332.pdb
 0.993933  0.100790  0.044025   -26.077136
-0.074217  0.319215  0.944772     1.680146
 0.081170 -0.942307  0.324759    65.710166
>structures/PheRS-Bα_PDB_Bact.A_E_coli_3PCO.pdb
 0.999985 -0.002610 -0.004808     0.236535
 0.002637  0.999980  0.005722    -0.260139
 0.004793 -0.005735  0.999972     0.057831
>structures/PheRS-Bα_PDB_Bact.A_T_thermophilus_1PYS.pdb
 0.181192 -0.145033  0.972695   -32.142861
-0.572531 -0.819735 -0.015576    52.574436
 0.799611 -0.554076 -0.231566    78.008343
