>structures/Phe_Bact_2ALY.A_T_thermophilus.pdb
-0.111957 -0.297685 -0.948077    28.011834
-0.991543 -0.029553  0.126369    17.642005
-0.065637  0.954207 -0.291859   -43.826073
>structures/Phenylalanyl.A.Candidatus_Thermoplasmatota.NC_021592.1.pdb
 0.571420  0.658054 -0.490351    -1.606177
-0.028505 -0.581234 -0.813237     4.490769
-0.820163  0.478678 -0.313371    -1.613220
>structures/Phenylalanyl.A.Crenarchaeota.NC_012588.1.pdb
 0.937537  0.003963  0.347863   -15.773722
-0.112208 -0.943048  0.313160     8.023736
 0.329293 -0.332632 -0.883698   -26.321506
>structures/Phenylalanyl.B.Actinobacteria.NC_017317.1.pdb
 0.878878  0.476280 -0.027018     2.450847
-0.276522  0.462477 -0.842408     4.508417
-0.388727  0.747845  0.538163     1.380673
>structures/Phenylalanyl.B.Bacteroidota.NC_010729.1.pdb
-0.309881  0.559270 -0.768890    -1.042059
 0.521925 -0.575894 -0.629238     1.856914
-0.794712 -0.596292 -0.113439     2.471611
>structures/Phenylalanyl.B.Chlamydiae.NC_017287.1.pdb
 1.000000  0.000000  0.000000     0.000000
 0.000000  1.000000  0.000000     0.000000
 0.000000  0.000000  1.000000     0.000000
>structures/Phenylalanyl.B.Cyanobacteria.NC_005042.1.pdb
-0.772472  0.380539  0.508406     3.887517
 0.549128 -0.001857  0.835736     3.622566
 0.318975  0.924763 -0.207530    -1.340167
>structures/Phenylalanyl.B.Deinococcus-Thermus.NC_006461.1.pdb
-0.828971 -0.548846  0.107591     0.714323
-0.484837  0.801094  0.350972    -2.977170
-0.278821  0.238781 -0.930184    -0.267450
>structures/Phenylalanyl.B.Firmicutes.NC_014334.2.pdb
 0.718640  0.695184 -0.016636   -17.854739
 0.605656 -0.613979  0.506172    -3.002504
 0.341668 -0.373831 -0.862272   -25.295295
>structures/Phenylalanyl.B.Fusobacteria.NC_013515.1.pdb
 0.130948  0.862822 -0.488254     1.681225
-0.414917 -0.399590 -0.817418    -1.091083
-0.900387  0.309623  0.305674     0.225504
>structures/Phenylalanyl.B.Proteobacteria.NC_003103.1.pdb
-0.585635 -0.805470  0.090829     1.369054
-0.796559  0.551136 -0.248483    -0.808544
 0.150086 -0.217870 -0.964368    -0.083524
>structures/Phenylalanyl.B.Spirochaetes.NC_014330.1.pdb
 0.405228 -0.625078 -0.667134    -0.073306
 0.809179 -0.094375  0.579934     0.389421
-0.425465 -0.774836  0.467556     0.405197
>structures/Phenylalanyl.E.Apicomplexa.NC_011903.2.pdb
-0.833106  0.505068  0.225480     1.077921
-0.090973 -0.527226  0.844841    13.254780
 0.545581  0.683329  0.485183     4.145910
>structures/Phenylalanyl.E.Bacillariophyta.NC_025310.1.pdb
-0.532294  0.840414  0.101819   -11.116832
-0.483258 -0.202903 -0.851641    -2.617685
-0.695072 -0.502528  0.514141   -22.614212
>structures/Phenylalanyl.E.Basidiomycota.NC_026480.1.pdb
-0.495052  0.736074  0.461648     8.110938
-0.309837 -0.645949  0.697676    15.662828
 0.811742  0.202351  0.547841     1.718167
>structures/Phenylalanyl.E.Evosea.NC_007088.5.pdb
-0.656194 -0.622947 -0.425848    -6.065080
 0.705846 -0.307174 -0.638299     4.213388
 0.266817 -0.719431  0.641271     7.520201
