>structures/LeuRS-B_AF_Bact_Bifidobacterium_longum_subsp_longum_JCM_1217_gene69578373.pdb
-0.257119  0.258675 -0.931116     5.423527
-0.030410 -0.965198 -0.259746    -1.970220
-0.965901 -0.038471  0.256037     0.718165
>structures/LeuRS-B_AF_Bact_Brachyspira_pilosicoli_95_1000_gene56439070.pdb
-0.128003 -0.433776 -0.891882     0.376496
 0.749641 -0.631107  0.199357    -2.251634
-0.649349 -0.643073  0.405960     2.531028
>structures/LeuRS-B_AF_Bact_Chlamydia_psittaci_6BC_gene12243068.pdb
-0.097795 -0.842425  0.529865     1.035879
-0.846008 -0.210025 -0.490061    -1.296966
 0.524124 -0.496196 -0.692159     2.578168
>structures/LeuRS-B_AF_Bact_Clostridium_botulinum_A_str_ATCC_3502_gene5187707.pdb
-0.554840  0.725869  0.406530     0.563842
 0.627154  0.043848  0.777660    -1.175026
 0.546654  0.686434 -0.479560    -0.755396
>structures/LeuRS-B_AF_Bact_Mycoplasma_hyopneumoniae_168-L_gene57101518.pdb
 0.970660 -0.231042 -0.066626     1.365617
 0.238430  0.960695  0.142185     1.194049
 0.031157 -0.153899  0.987595     0.291016
>structures/LeuRS-B_AF_Bact_Orientia_tsutsugamushi_str_Ikeda_gene66652454.pdb
-0.303218 -0.857151  0.416354    -2.080511
-0.812394  0.004152 -0.583094     2.350346
 0.498070 -0.515048 -0.697604    -0.071663
>structures/LeuRS-B_AF_Bact_Porphyromonas_gingivalis_ATCC_33277_gene29256038.pdb
 0.014547 -0.280147 -0.959847    -0.071403
 0.490929 -0.834278  0.250938     0.657262
-0.871078 -0.474867  0.125396     0.839593
>structures/LeuRS-B_AF_Bact_Thermus_thermophilus_HB8_gene3168656.pdb
-0.666466  0.704883  0.242824    -2.111296
 0.513597  0.198002  0.834873     3.624901
 0.540408  0.681128 -0.493987     0.929843
>structures/LeuRS-B_AF_Euk_Bathycoccus_prasinos_gene19015540.pdb
-0.156999 -0.709268  0.687234     1.431445
-0.846665 -0.261584 -0.463392     1.782817
 0.508438 -0.654609 -0.559444     0.384174
>structures/LeuRS-B_AF_Euk_Klebsormidium_nitens_protein971510658.pdb
 1.000000  0.000000  0.000000     0.000000
 0.000000  1.000000  0.000000     0.000000
 0.000000  0.000000  1.000000     0.000000
>structures/LeuRS-B_AF_Euk_Plasmodium_falciparum_3D7_gene2655460.pdb
-0.114790  0.558508 -0.821518    -4.141176
-0.095709 -0.829355 -0.550463     1.750695
-0.988768  0.015439  0.148657    -1.736136
>structures/LeuRS-B_AF_Euk_Thalassiosira_pseudonana_CCMP1335_gene7441753.pdb
-0.014057 -0.365170 -0.930835     0.012610
 0.628890 -0.726972  0.275697     6.590479
-0.777367 -0.581517  0.239871    -1.567178
>structures/LeuRS-B_AF_Mito_Homo_sapiens_gene23395.pdb
-0.009010 -0.971616 -0.236392    21.984583
-0.927388  0.096535 -0.361431   -12.229419
 0.373992  0.215971 -0.901935    -2.290486
>structures/LeuRS-B_AF_Mito_Treponema_denticola_ATCC_35405_gene2739434.pdb
 0.832643  0.526539  0.171647    -0.314729
-0.365107  0.754946 -0.544751    -0.269192
-0.416416  0.390914  0.820843     1.010059
>structures/LeuRS-B_PDB_Bact_T_therm_2V0C.pdb
 0.105280  0.128998  0.986040   -23.307694
 0.022817  0.990976 -0.132080    22.738984
-0.994181  0.036404  0.101386    19.683553
