>../../../../class2//gly3/data/domains/GlyRS-E_IM//structures/GlyRS-E_AF_Euk_Cryptococcus_neoformans_var_neoformans_JEC21_gene3258293.pdb
 1.000000  0.000000  0.000000     0.000000
 0.000000  1.000000  0.000000     0.000000
 0.000000  0.000000  1.000000     0.000000
>../../../../class2//gly3/data/domains/GlyRS-E_IM//structures/GlyRS-E_AF_Euk_Girardinichthys_multiradiatus_gene124858359.pdb
 0.226776 -0.786502  0.574445    -6.916056
-0.732939 -0.526229 -0.431143     1.937770
 0.641384 -0.323260 -0.695794     0.409147
>../../../../class2//gly3/data/domains/GlyRS-E_IM//structures/GlyRS-E_AF_Euk_Plasmodium_yoelii_gene3801472.pdb
-0.105338  0.088772  0.990466     1.623870
-0.441297 -0.896738  0.033438     5.604125
 0.891157 -0.433567  0.133636    11.876197
>../../../../class2//gly3/data/domains/GlyRS-E_IM//structures/GlyRS-E_AF_Euk_Schizosaccharomyces_pombe_gene2543181.pdb
-0.073952 -0.878362  0.472240    -1.882335
-0.816299 -0.218707 -0.534624    -2.097279
 0.572876 -0.425026 -0.700832    -1.473963
