>../../../../class1/glu1//data/domains/Catalytic_domain/structures/GluRS_AF_Bact_Bifidobacterium_animalis_subsp_lactis_BLC1_gene66532600.pdb
 1.000000  0.000000  0.000000     0.000000
 0.000000  1.000000  0.000000     0.000000
 0.000000  0.000000  1.000000     0.000000
>../../../../class1/glu1//data/domains/Catalytic_domain/structures/GluRS_AF_Bact_Chlamydia_psittaci_6BC_gene12242467.pdb
 0.985304  0.109997  0.130674    -7.407128
-0.170359  0.688214  0.705223    -6.080294
-0.012360 -0.717121  0.696839    -0.456612
>../../../../class1/glu1//data/domains/Catalytic_domain/structures/GluRS_AF_Bact_[Eubacterium]_eligens_ATCC_27750_gene41357084.pdb
 0.926057 -0.164610 -0.339592    -2.131011
 0.327469  0.797763  0.506299     1.209882
 0.187572 -0.580067  0.792678     0.610541
>../../../../class1/glu1//data/domains/Catalytic_domain/structures/GluRS_AF_Bact_Mycoplasma_hyopneumoniae_168-L_gene57101016.pdb
 0.912598 -0.102172 -0.395887    -2.033304
 0.279299  0.862924  0.421134    -0.430924
 0.298593 -0.494896  0.816039    -0.167004
>../../../../class1/glu1//data/domains/Catalytic_domain/structures/GluRS_AF_Bact_Paracoccus_denitrificans_PD1222_gene75500422.pdb
 0.881191 -0.140146 -0.451511    -2.780156
 0.377751  0.782987  0.494202     1.009029
 0.284266 -0.606045  0.742901     0.164894
>../../../../class1/glu1//data/domains/Catalytic_domain/structures/GluRS_AF_Bact_Porphyromonas_gingivalis_ATCC_33277_gene29255772.pdb
-0.319176  0.035748  0.947021    -1.443305
 0.400791 -0.900435  0.169069    -0.394340
 0.858774  0.433520  0.273070    -0.538611
>../../../../class1/glu1//data/domains/Catalytic_domain/structures/GluRS_AF_Bact_Prochlorococcus_marinus_subsp_marinus_str_CCMP1375_gene54199839.pdb
-0.356775 -0.607530  0.709662    -1.313725
-0.599023 -0.434149 -0.672820     0.570014
 0.716857 -0.665149 -0.209031     0.244253
>../../../../class1/glu1//data/domains/Catalytic_domain/structures/GluRS_AF_Bact_Treponema_pallidum_subsp_pertenue_str_SamoaD_gene57879197.pdb
 0.970245  0.033462 -0.239802     0.275502
 0.057887  0.929625  0.363933    -0.512633
 0.235103 -0.366986  0.900027    -1.849349
>../../../../class1/glu1//data/domains/Catalytic_domain/structures/GluRS_AF_Euk_Arabidopsis_thaliana_gene836526.pdb
-0.912147 -0.327260  0.246755    -1.218111
-0.360025  0.927484 -0.100775    -4.047538
-0.195882 -0.180759 -0.963824    -3.395128
>../../../../class1/glu1//data/domains/Catalytic_domain/structures/GluRS_AF_Euk_Cryptococcus_neoformans_var_grubii_H99_gene23890400.pdb
-0.183734 -0.110209  0.976778     1.590093
 0.171146 -0.982104 -0.078617     1.243579
 0.967962  0.152727  0.199308    -1.460758
>../../../../class1/glu1//data/domains/Catalytic_domain/structures/GluRS_AF_Euk_Ostreococcus_tauri_proteinOUS48355.1.pdb
-0.955712  0.144661  0.256294    -3.533442
 0.246929  0.867968  0.430879    -0.391611
-0.160124  0.475083 -0.865249    -4.639034
>../../../../class1/glu1//data/domains/Catalytic_domain/structures/GluRS_AF_Euk_Plasmodium_knowlesi_strain_H_gene7321821.pdb
 0.976316  0.085478 -0.198746    -1.475233
-0.009931  0.935379  0.353507    -1.238153
 0.216120 -0.343161  0.914075    -0.876714
>../../../../class1/glu1//data/domains/Catalytic_domain/structures/GluRS_AF_Mito_Cyanidioschyzon_merolae_strain_10D_gene16997617.pdb
-0.959050  0.102562  0.264017    -1.151207
 0.219339  0.858694  0.463180     0.518414
-0.179205  0.502122 -0.846026    -3.586506
>../../../../class1/glu1//data/domains/Catalytic_domain/structures/GluRS_AF_Mito_Drosophila_melanogaster_gene39828.pdb
-0.905125 -0.198010  0.376218     0.005642
-0.253001  0.962037 -0.102347    -2.722006
-0.341670 -0.187820 -0.920861     2.000375
>../../../../class1/glu1//data/domains/Catalytic_domain/structures/GluRS_PDB_Bact_T_therm_1J09.pdb
-0.030130 -0.220563  0.974907     1.859294
 0.237453 -0.949008 -0.207365    19.775964
 0.970932  0.225247  0.080967   -46.814547
>../../../../class1/met//data/domains/Catalytic_domain/structures/MetRS_AF_Arch_Aciduliprofundum_boonei_T469_gene8827030.pdb
-0.475297  0.425316  0.770194    -5.519993
-0.273011 -0.903479  0.330440     2.213882
 0.836396 -0.053214  0.545537     2.362202
>../../../../class1/met//data/domains/Catalytic_domain/structures/MetRS_AF_Arch_Candidatus_Korarchaeum_cryptofilum_OPF8_gene6093355.pdb
-0.744552 -0.559896  0.363537    -3.468076
-0.313796  0.774195  0.549685     2.280698
-0.589215  0.295193 -0.752121     5.921248
>../../../../class1/met//data/domains/Catalytic_domain/structures/MetRS_AF_Arch_Candidatus_Nitrosopumilus_sediminis_gene13696902.pdb
 0.129282 -0.112220 -0.985237    -4.886657
 0.983769  0.139204  0.113234     5.194123
 0.124442 -0.983885  0.128395     5.242079
>../../../../class1/met//data/domains/Catalytic_domain/structures/MetRS_AF_Arch_Halalkalicoccus_jeotgali_B3_gene9420443.pdb
-0.495610  0.425373  0.757250    -7.027970
-0.407755 -0.883761  0.229569     4.189711
 0.766881 -0.194996  0.611449     5.124547
>../../../../class1/met//data/domains/Catalytic_domain/structures/MetRS_AF_Bact_Bacillus_anthracis_str_Ames_Ancestor_gene45024892.pdb
 0.872107  0.484402  0.069165    -5.973149
 0.207835 -0.238740 -0.948582     3.644128
-0.442983  0.841640 -0.308883     5.348062
>../../../../class1/met//data/domains/Catalytic_domain/structures/MetRS_AF_Bact_Brucella_suis_1330_gene45052047.pdb
-0.675256 -0.631360  0.381332    -3.620590
-0.411056  0.751396  0.516175     6.016821
-0.612423  0.191802 -0.766909     6.805396
>../../../../class1/met//data/domains/Catalytic_domain/structures/MetRS_AF_Bact_Chlamydia_psittaci_6BC_gene12243105.pdb
 0.042270  0.311217  0.949398    -6.792839
-0.826506 -0.522996  0.208238     8.607865
 0.561339 -0.793485  0.235115     8.166429
>../../../../class1/met//data/domains/Catalytic_domain/structures/MetRS_AF_Bact_Mycoplasma_hyopneumoniae_168-L_gene57101263.pdb
-0.106905  0.136243  0.984891    -6.288688
-0.637033 -0.769930  0.037360     7.391070
 0.763387 -0.623414  0.169100     5.560926
>../../../../class1/met//data/domains/Catalytic_domain/structures/MetRS_AF_Bact_Nocardia_farcinica_IFM_10152_gene61135500.pdb
-0.257190 -0.646070  0.718642    -3.106110
-0.840715  0.516278  0.163264     7.140370
-0.476500 -0.562183 -0.675943     7.440919
>../../../../class1/met//data/domains/Catalytic_domain/structures/MetRS_AF_Bact_Prochlorococcus_marinus_subsp_marinus_str_CCMP1375_gene54200313.pdb
 0.049476  0.375159 -0.925639    -4.271033
 0.893397 -0.430968 -0.126918     6.764689
-0.446535 -0.820684 -0.356489     6.379716
>../../../../class1/met//data/domains/Catalytic_domain/structures/MetRS_AF_Bact_Streptobacillus_moniliformis_DSM_12112_gene29673607.pdb
 0.956353 -0.225155  0.186262    -4.385826
 0.292010  0.760111 -0.580483     6.054588
-0.010882  0.609538  0.792682     3.014994
>../../../../class1/met//data/domains/Catalytic_domain/structures/MetRS_AF_Bact_Treponema_denticola_ATCC_35405_gene2740824.pdb
-0.042748 -0.136755 -0.989682    -2.962914
 0.952584 -0.304275  0.000899     4.377850
-0.301258 -0.942717  0.143277     7.240258
>../../../../class1/met//data/domains/Catalytic_domain/structures/MetRS_AF_Euk_Drosophila_melanogaster_gene37177.pdb
-0.421056  0.746188  0.515670    -9.690069
-0.229737 -0.637719  0.735211    12.808081
 0.877458  0.191096  0.439942     7.488060
>../../../../class1/met//data/domains/Catalytic_domain/structures/MetRS_AF_Euk_Oryza_sativa_Japonica_Group_gene4341140.pdb
-0.798152  0.494152  0.344627   -10.551583
 0.048697 -0.517247  0.854449     8.542775
 0.600485  0.698763  0.388778     4.482028
>../../../../class1/met//data/domains/Catalytic_domain/structures/MetRS_AF_Euk_Scheffersomyces_stipitis_CBS_6054_gene4836672.pdb
 0.251057 -0.208979 -0.945145     1.575895
 0.918766  0.358799  0.164717    10.626717
 0.304695 -0.909720  0.282082     5.206401
>../../../../class1/met//data/domains/Catalytic_domain/structures/MetRS_AF_Euk_Trypanosoma_brucei_brucei_TREU927_gene3662741.pdb
 0.958811 -0.283973 -0.006318    -2.398267
 0.190301  0.658729 -0.727916     9.135804
 0.210870  0.696732  0.685637     5.972824
>../../../../class1/met//data/domains/Catalytic_domain/structures/MetRS_AF_Mito_Arvicanthis_niloticus_gene117706247.pdb
 0.673201 -0.476565 -0.565407    -3.850072
 0.523736  0.847072 -0.090386     8.416478
 0.522015 -0.235277  0.819844     4.124777
>../../../../class1/met//data/domains/Catalytic_domain/structures/MetRS_AF_Mito_Brachypodium_distachyon_gene100843706.pdb
-0.310270  0.340705  0.887498    -5.067912
-0.365190 -0.904656  0.219621     6.746253
 0.877707 -0.255964  0.405109     4.739156
>../../../../class1/met//data/domains/Catalytic_domain/structures/MetRS_AF_Vir_Megavirus_chiliensis_gene11256705.pdb
 0.179361 -0.209039 -0.961318    -5.958581
 0.970122  0.199864  0.137543     3.656712
 0.163381 -0.957265  0.238641     5.422363
>../../../../class1/met//data/domains/Catalytic_domain/structures/MetRS_PDB_Arch_P_abyssi_1RQG.pdb
 0.965615 -0.132217  0.223847   -40.505236
 0.259065  0.561467 -0.785901    59.608598
-0.021773  0.816868  0.576413   -69.469015
>../../../../class1/met//data/domains/Catalytic_domain/structures/MetRS_PDB_Bact_E_coli_1PFV.pdb
 0.061384 -0.764197  0.642056   -19.589396
-0.748077  0.390629  0.536461    -9.176027
-0.660767 -0.513237 -0.547699    32.257215
>../../../../class1/met//data/domains/Catalytic_domain/structures/MetRS_PDB_Bact_T_therm_1WOY.pdb
-0.658463  0.382638  0.648085   -77.676293
-0.082343  0.819317 -0.567397    94.647158
-0.748095 -0.426975 -0.507983    61.466823
