>../../../../class1/glu1//data/domains/Catalytic_domain/structures/GluRS_AF_Bact_Bifidobacterium_animalis_subsp_lactis_BLC1_gene66532600.pdb
-0.490512 -0.409745  0.769095    -5.718846
 0.424040 -0.883256 -0.200122     7.654305
 0.761307  0.227965  0.606996     1.232232
>../../../../class1/glu1//data/domains/Catalytic_domain/structures/GluRS_AF_Bact_Chlamydia_psittaci_6BC_gene12242467.pdb
-0.432773 -0.883412  0.179694    -0.024173
 0.555163 -0.418209 -0.718954    10.168326
 0.710283 -0.211385  0.671428    -5.692606
>../../../../class1/glu1//data/domains/Catalytic_domain/structures/GluRS_AF_Bact_[Eubacterium]_eligens_ATCC_27750_gene41357084.pdb
-0.445161 -0.680666  0.581829    -4.850654
 0.061873 -0.671590 -0.738335     5.401972
 0.893310 -0.292678  0.341081     0.616573
>../../../../class1/glu1//data/domains/Catalytic_domain/structures/GluRS_AF_Bact_Mycoplasma_hyopneumoniae_168-L_gene57101016.pdb
-0.321282 -0.682995  0.655969    -4.689711
 0.082635 -0.710271 -0.699061     7.240200
 0.943371 -0.170390  0.284636    -0.032075
>../../../../class1/glu1//data/domains/Catalytic_domain/structures/GluRS_AF_Bact_Paracoccus_denitrificans_PD1222_gene75500422.pdb
-0.346851 -0.714652  0.607426    -4.918675
-0.017833 -0.642489 -0.766087     5.461234
 0.937751 -0.276550  0.210104    -0.005262
>../../../../class1/glu1//data/domains/Catalytic_domain/structures/GluRS_AF_Bact_Porphyromonas_gingivalis_ATCC_33277_gene29255772.pdb
 0.659318  0.669304 -0.342538    -5.543612
-0.654936  0.735010  0.175554     7.436623
 0.369268  0.108595  0.922956    -0.059615
>../../../../class1/glu1//data/domains/Catalytic_domain/structures/GluRS_AF_Bact_Prochlorococcus_marinus_subsp_marinus_str_CCMP1375_gene54199839.pdb
 0.969308 -0.037424 -0.242986    -5.223790
 0.244205  0.260756  0.934008     6.555709
 0.028406 -0.964679  0.261891     0.640979
>../../../../class1/glu1//data/domains/Catalytic_domain/structures/GluRS_AF_Bact_Treponema_pallidum_subsp_pertenue_str_SamoaD_gene57879197.pdb
-0.324763 -0.671880  0.665662    -7.264782
 0.303548 -0.740623 -0.599447     8.565544
 0.895761  0.007382  0.444475     0.439980
>../../../../class1/glu1//data/domains/Catalytic_domain/structures/GluRS_AF_Euk_Arabidopsis_thaliana_gene836526.pdb
 0.459934 -0.353622 -0.814501    -6.001374
-0.020764 -0.921312  0.388269    11.468453
-0.887710 -0.161666 -0.431085    -2.558021
>../../../../class1/glu1//data/domains/Catalytic_domain/structures/GluRS_AF_Euk_Cryptococcus_neoformans_var_grubii_H99_gene23890400.pdb
 0.762408  0.566365 -0.312993    -8.352591
-0.411547  0.797651  0.440888     7.394118
 0.499363 -0.207325  0.841221     1.856710
>../../../../class1/glu1//data/domains/Catalytic_domain/structures/GluRS_AF_Euk_Ostreococcus_tauri_proteinOUS48355.1.pdb
 0.249819 -0.059262 -0.966477    -7.435159
-0.590267 -0.800547 -0.103487     7.504716
-0.767578  0.596333 -0.234972    -4.165812
>../../../../class1/glu1//data/domains/Catalytic_domain/structures/GluRS_AF_Euk_Plasmodium_knowlesi_strain_H_gene7321821.pdb
-0.321548 -0.682296  0.656566    -5.399157
 0.368898 -0.728870 -0.576769     8.299310
 0.872079  0.056748  0.486064    -0.580955
>../../../../class1/glu1//data/domains/Catalytic_domain/structures/GluRS_AF_Mito_Cyanidioschyzon_merolae_strain_10D_gene16997617.pdb
 0.246997 -0.015075 -0.968899    -8.218974
-0.560069 -0.818175 -0.130046     7.429187
-0.790769  0.574771 -0.210530    -1.570894
>../../../../class1/glu1//data/domains/Catalytic_domain/structures/GluRS_AF_Mito_Drosophila_melanogaster_gene39828.pdb
 0.309261 -0.436621 -0.844819    -3.230262
-0.076969 -0.896947  0.435387     9.804517
-0.947857 -0.069624 -0.310997     2.042743
>../../../../class1/glu1//data/domains/Catalytic_domain/structures/GluRS_PDB_Bact_T_therm_1J09.pdb
 0.658235  0.668816 -0.345561   -50.514213
-0.415795  0.705651  0.573734     0.292585
 0.627568 -0.233969  0.742575   -21.894947
>../../../../class1/met//data/domains/Catalytic_domain/structures/MetRS_AF_Arch_Aciduliprofundum_boonei_T469_gene8827030.pdb
 0.988923  0.116937 -0.091419    -2.168701
-0.123402  0.989985 -0.068573     2.705700
 0.082484  0.079095  0.993449    -0.729153
>../../../../class1/met//data/domains/Catalytic_domain/structures/MetRS_AF_Arch_Candidatus_Korarchaeum_cryptofilum_OPF8_gene6093355.pdb
 0.029966  0.192716 -0.980797    -0.538777
 0.029157 -0.980989 -0.191863     2.957407
-0.999126 -0.022847 -0.035015     2.864816
>../../../../class1/met//data/domains/Catalytic_domain/structures/MetRS_AF_Arch_Candidatus_Nitrosopumilus_sediminis_gene13696902.pdb
-0.367698 -0.752550  0.546321    -1.403056
-0.823526 -0.009388 -0.567201    -0.074394
 0.431976 -0.658469 -0.616292     1.691369
>../../../../class1/met//data/domains/Catalytic_domain/structures/MetRS_AF_Arch_Halalkalicoccus_jeotgali_B3_gene9420443.pdb
 1.000000  0.000000  0.000000     0.000000
 0.000000  1.000000  0.000000     0.000000
 0.000000  0.000000  1.000000     0.000000
>../../../../class1/met//data/domains/Catalytic_domain/structures/MetRS_AF_Bact_Bacillus_anthracis_str_Ames_Ancestor_gene45024892.pdb
-0.847155  0.524505  0.084990    -0.161277
 0.261575  0.272446  0.925933     0.467439
 0.462501  0.806640 -0.368001     1.216890
>../../../../class1/met//data/domains/Catalytic_domain/structures/MetRS_AF_Bact_Brucella_suis_1330_gene45052047.pdb
 0.032792  0.146964 -0.988598    -1.152653
 0.189651 -0.972074 -0.138217    -0.436870
-0.981304 -0.182956 -0.059748     4.024578
>../../../../class1/met//data/domains/Catalytic_domain/structures/MetRS_AF_Bact_Chlamydia_psittaci_6BC_gene12243105.pdb
 0.745414 -0.563877 -0.355529     0.364464
 0.646313  0.741936  0.178353    -4.750655
 0.163210 -0.362730  0.917491     3.075887
>../../../../class1/met//data/domains/Catalytic_domain/structures/MetRS_AF_Bact_Mycoplasma_hyopneumoniae_168-L_gene57101263.pdb
 0.899137 -0.239835 -0.366103    -1.337392
 0.377682  0.847861  0.372140    -2.602704
 0.221152 -0.472875  0.852925     1.784294
>../../../../class1/met//data/domains/Catalytic_domain/structures/MetRS_AF_Bact_Nocardia_farcinica_IFM_10152_gene61135500.pdb
 0.096259 -0.316789 -0.943599    -1.453462
 0.729296 -0.622719  0.283459    -1.435022
-0.677393 -0.715448  0.171090     5.080606
>../../../../class1/met//data/domains/Catalytic_domain/structures/MetRS_AF_Bact_Prochlorococcus_marinus_subsp_marinus_str_CCMP1375_gene54200313.pdb
-0.730020 -0.641591  0.235440    -1.520076
-0.683087  0.695850 -0.221778    -1.515293
-0.021540 -0.322728 -0.946247     3.524925
>../../../../class1/met//data/domains/Catalytic_domain/structures/MetRS_AF_Bact_Streptobacillus_moniliformis_DSM_12112_gene29673607.pdb
-0.596272  0.269883  0.756057    -3.680002
 0.160457 -0.882725  0.441645    -0.002640
 0.786583  0.384655  0.483040     1.163879
>../../../../class1/met//data/domains/Catalytic_domain/structures/MetRS_AF_Bact_Treponema_denticola_ATCC_35405_gene2740824.pdb
-0.611180 -0.538189  0.580355    -0.806571
-0.791189  0.395148 -0.466774     0.927756
 0.021886 -0.744453 -0.667316     4.400619
>../../../../class1/met//data/domains/Catalytic_domain/structures/MetRS_AF_Euk_Drosophila_melanogaster_gene37177.pdb
 0.977272  0.051614 -0.205612    -0.666819
-0.148830  0.857737 -0.492074    -9.395636
 0.150963  0.511492  0.845923     1.758132
>../../../../class1/met//data/domains/Catalytic_domain/structures/MetRS_AF_Euk_Oryza_sativa_Japonica_Group_gene4341140.pdb
 0.829799  0.519957 -0.202676    -0.941523
-0.506479  0.549176 -0.664744    -5.560673
-0.234334  0.654255  0.719054    -1.733194
>../../../../class1/met//data/domains/Catalytic_domain/structures/MetRS_AF_Euk_Scheffersomyces_stipitis_CBS_6054_gene4836672.pdb
-0.257800 -0.753089  0.605307    -7.103271
-0.749753 -0.239232 -0.616959    -2.136518
 0.609434 -0.612883 -0.502956     8.330955
>../../../../class1/met//data/domains/Catalytic_domain/structures/MetRS_AF_Euk_Trypanosoma_brucei_brucei_TREU927_gene3662741.pdb
-0.399920  0.403519  0.822944    -3.783084
 0.212856 -0.832434  0.511612    -2.534757
 0.891491  0.379772  0.247015     4.946781
>../../../../class1/met//data/domains/Catalytic_domain/structures/MetRS_AF_Mito_Arvicanthis_niloticus_gene117706247.pdb
-0.142770 -0.289408  0.946499    -4.097826
-0.263097 -0.910793 -0.318176    -2.154893
 0.954147 -0.294447  0.053892     2.875877
>../../../../class1/met//data/domains/Catalytic_domain/structures/MetRS_AF_Mito_Brachypodium_distachyon_gene100843706.pdb
 0.975252  0.012041 -0.220770    -2.341784
 0.011667  0.994322  0.105768    -1.311819
 0.220790 -0.105726  0.969574     1.677311
>../../../../class1/met//data/domains/Catalytic_domain/structures/MetRS_PDB_Arch_P_abyssi_1RQG.pdb
-0.599321  0.472109  0.646473   -63.004248
 0.204425 -0.690539  0.693805   -51.440578
 0.773967  0.547968  0.317344   -56.444386
>../../../../class1/met//data/domains/Catalytic_domain/structures/MetRS_PDB_Bact_E_coli_1PFV.pdb
-0.245447 -0.172515 -0.953936    32.282544
 0.789968 -0.605950 -0.093674     1.301307
-0.561878 -0.776571  0.285010     3.768401
>../../../../class1/met//data/domains/Catalytic_domain/structures/MetRS_PDB_Bact_T_therm_1WOY.pdb
-0.213027 -0.834605 -0.507991    45.095647
-0.084827 -0.502163  0.860603  -119.872426
-0.973357  0.226423  0.036177     3.688309
