>structures/AspRS_AF_Arch_Candidatus_Methanomassiliicoccus_intestinalis_Issoire-Mx1_gene16154434.pdb
 0.990744 -0.104476  0.086665     3.561680
 0.131372  0.898701 -0.418423    -4.165163
-0.034170  0.425936  0.904108     0.191028
>structures/AspRS_AF_Arch_unclassified_Euryarchaeota_proteinHHT76046.1.pdb
 0.995623  0.071302  0.060427    -1.447561
-0.059532  0.982209 -0.178106     0.627769
-0.072051  0.173729  0.982154    -1.451192
>structures/AspRS_AF_Bact_Bacillus_anthracis_str_Ames_Ancestor_gene45024275.pdb
 0.249641 -0.123445  0.960438     2.252930
-0.117857 -0.988341 -0.096397    -0.793458
 0.961139 -0.089130 -0.261279     3.349126
>structures/AspRS_AF_Bact_Brachyspira_pilosicoli_95_1000_gene56440011.pdb
 0.999989  0.004658 -0.000282     0.047124
-0.004658  0.999989  0.000329    -0.120435
 0.000283 -0.000328  1.000000    -0.043769
>structures/AspRS_AF_Bact_Chlamydia_muridarum_str_Nigg_gene1246197.pdb
 0.819812 -0.497579 -0.283412    -1.588031
 0.572621  0.709190  0.411284    -2.547784
-0.003654 -0.499464  0.866327    -2.697705
>structures/AspRS_AF_Bact_Mycoplasma_hyopneumoniae_168-L_gene57101115.pdb
 0.868966  0.475543  0.136955     0.052595
-0.194874  0.583210 -0.788600    -6.393147
-0.454887  0.658577  0.599461    -6.303465
>structures/AspRS_AF_Bact_Nocardia_cyriacigeorgica_GUH-2_gene45501717.pdb
-0.060343  0.512910 -0.856319    -5.559716
-0.183252 -0.848994 -0.495609    -1.127312
-0.981212  0.127015  0.145222    -5.750202
>structures/AspRS_AF_Bact_Porphyromonas_gingivalis_ATCC_33277_gene29255515.pdb
-0.054267 -0.918903  0.390733    -1.849649
-0.997730  0.034277 -0.057958    -3.592617
 0.039865 -0.392991 -0.918678    -0.236432
>structures/AspRS_AF_Bact_Prochlorococcus_marinus_subsp_marinus_str_CCMP1375_gene54201182.pdb
 0.773607 -0.608823 -0.175690     3.558049
 0.632371  0.759474  0.152662     0.335313
 0.040488 -0.229202  0.972536     1.987392
>structures/AspRS_AF_Bact_Xylella_fastidiosa_Temecula1_gene58016479.pdb
-0.063990  0.402916 -0.912997    -2.298487
-0.085845 -0.913704 -0.397210    -0.497650
-0.994251  0.052959  0.093057    -0.037778
>structures/AspRS_AF_Mito_Oryza_sativa_Japonica_Group_gene4324505.pdb
-0.996446 -0.000254 -0.084232    -7.135307
-0.024124  0.958964  0.282499    -3.211389
 0.080704  0.283528 -0.955562    -4.070047
>structures/AspRS_AF_Mito_Oryzias_melastigma_gene112147132.pdb
 0.631775  0.772827  0.059986    -1.137133
-0.414099  0.401911 -0.816694     2.550731
-0.655273  0.491127  0.573944     1.061188
>structures/AspRS_PDB_Bact_E_coli_1c0a.pdb
 0.417998  0.312740 -0.852919   -41.884837
-0.867210  0.417029 -0.272090    31.743619
 0.270598  0.853394  0.445529   -45.746585
