>../../../../class1//arg/data/domains/Protozyme//structures/ArgRS_AF_Bact_Prochlorococcus_marinus_subsp_marinus_str_CCMP1375_gene54199571.pdb
 0.684579  0.728813  0.013522    -0.873464
-0.712636  0.673055 -0.197854    -1.269121
-0.153299  0.125811  0.980138     5.674378
>../../../../class1//cys/data/domains/Protozyme//structures/CysRS_AF_Arch_Aciduliprofundum_boonei_T469_gene8827372.pdb
 0.744292 -0.629700 -0.222504     6.588674
 0.646496  0.595745  0.476582     3.043787
-0.167548 -0.498565  0.850506     1.103192
>../../../../class1//gln/data/domains/Protozyme//structures/GlnRS_AF_Euk_Candida_dubliniensis_CD36_gene8049124.pdb
-0.312956  0.864584 -0.393132     7.731472
 0.214335 -0.338956 -0.916062    -7.127989
-0.925267 -0.370949 -0.079232     4.176437
>../../../../class1//glu1/data/domains/Protozyme//structures/GluRS_AF_Bact_Bifidobacterium_animalis_subsp_lactis_BLC1_gene66532600.pdb
-0.662515 -0.467781 -0.585025     4.527390
-0.689146  0.686700  0.231348    -8.671043
 0.293517  0.556439 -0.777318     3.409697
>../../../../class1//glu2/data/domains/Protozyme//structures/GlxRS_AF_Euk_Xylariaceae_sp_FL0804_proteinKAI0483267.1.pdb
 0.126809 -0.914557 -0.384064     6.812651
 0.984582  0.069021  0.160729    -2.814193
-0.120488 -0.398525  0.909209    11.898341
>../../../../class1//ile/data/domains/Protozyme//structures/IleRS_AF_Arch_Candidatus_Nitrosopumilus_sediminis_gene13697091.pdb
 0.544961 -0.769173 -0.333751     8.979192
 0.737612  0.250527  0.627028     1.339281
-0.398680 -0.587885  0.703879     6.085474
>../../../../class1//leu1/data/domains/Protozyme//structures/LeuRS-B_AF_Bact_Bifidobacterium_longum_subsp_longum_JCM_1217_gene69578373.pdb
 0.833076 -0.511252 -0.211201    11.687364
 0.538941  0.836181  0.101704     5.194310
 0.124606 -0.198552  0.972137    -8.820118
>../../../../class1//leu2/data/domains/Protozyme//structures/LeuRS-A_AF_Arch_Aciduliprofundum_boonei_T469_gene8828435.pdb
 0.972470  0.046874 -0.228266     9.021024
-0.061481  0.996462 -0.057302     1.318525
 0.224772  0.069759  0.971911    -3.053588
>../../../../class1//lys/data/domains/Protozyme//structures/LysRS-I_AF_Arch_Candidatus_Bathyarchaeota_archaeon_proteinRJS75864.1.pdb
 0.743870 -0.632553  0.215715     5.477482
 0.630373  0.771295  0.087939    -8.390399
-0.222006  0.070566  0.972488     2.143886
>../../../../class1//met/data/domains/Protozyme//structures/MetRS_AF_Bact_Brucella_suis_1330_gene45052047.pdb
 1.000000  0.000000  0.000000     0.000000
 0.000000  1.000000  0.000000     0.000000
 0.000000  0.000000  1.000000     0.000000
>../../../../class1//trp1/data/domains/Protozyme//structures/TrpRS-A_AF_Arch_Natrialba_magadii_ATCC_43099_gene8824932.pdb
-0.359053  0.454465 -0.815195     7.619990
-0.155785  0.832002  0.532450     0.586816
 0.920224  0.318173 -0.227934    -3.105078
>../../../../class1//trp2/data/domains/Protozyme//structures/TrpRS-B_AF_Mito_Cyanidioschyzon_merolae_strain_10D_gene16992222.pdb
 0.812877 -0.042476  0.580885    12.578224
-0.249923 -0.926290  0.282003    -0.907201
 0.526089 -0.374411 -0.763575    -4.377039
>../../../../class1//tyr/data/domains/Protozyme//structures/TyrRS_AF_Bact_Chlamydia_psittaci_6BC_gene12242888.pdb
-0.726498  0.336554 -0.599110     8.525599
-0.379918  0.529762  0.758297    -3.783140
 0.572593  0.778514 -0.257008    -0.982146
>../../../../class1//val/data/domains/Protozyme//structures/ValRS_AF_Mito_Falco_naumanni_gene121082178.pdb
 0.215687  0.115382 -0.969621    17.859251
 0.259313 -0.964107 -0.057043     0.449195
-0.941401 -0.239132 -0.237866    -9.489246
