>../../../../class1//arg/data/domains/Protozyme//structures/ArgRS_AF_Bact_Streptobacillus_moniliformis_DSM_12112_gene29674021.pdb
 0.235119 -0.670390 -0.703773    -2.515661
 0.798570  0.546002 -0.253313    12.255646
 0.554080 -0.502453  0.663729     5.142893
>../../../../class1//cys/data/domains/Protozyme//structures/CysRS_AF_Arch_Aciduliprofundum_boonei_T469_gene8827372.pdb
-0.993580 -0.106969  0.036825   -10.424148
-0.011654  0.420556  0.907192     5.822893
-0.112528  0.900939 -0.419103     3.798951
>../../../../class1//gln/data/domains/Protozyme//structures/GlnRS_AF_Euk_Candida_dubliniensis_CD36_gene8049124.pdb
-0.210066 -0.447555  0.869234    -2.987239
-0.219874 -0.844671 -0.488044    -0.019163
 0.952642 -0.293643  0.079031    -2.115335
>../../../../class1//glu1/data/domains/Protozyme//structures/GluRS_AF_Bact_Bifidobacterium_animalis_subsp_lactis_BLC1_gene66532600.pdb
 1.000000  0.000000  0.000000     0.000000
 0.000000  1.000000 -0.000000     0.000000
-0.000000  0.000000  1.000000     0.000000
>../../../../class1//glu2/data/domains/Protozyme//structures/GlxRS_AF_Euk_Xylariaceae_sp_FL0804_proteinKAI0483267.1.pdb
-0.783425  0.468468  0.408391    -3.337596
 0.562051  0.253631  0.787255     7.500157
 0.265223  0.846292 -0.462004    -6.777598
>../../../../class1//ile/data/domains/Protozyme//structures/IleRS_AF_Arch_Candidatus_Nitrosopumilus_sediminis_gene13697091.pdb
-0.980988  0.193016 -0.020166    -9.575209
 0.018871  0.198294  0.979961     6.383840
 0.193147  0.960950 -0.198167    -1.935623
>../../../../class1//leu1/data/domains/Protozyme//structures/LeuRS-B_AF_Bact_Brachyspira_pilosicoli_95_1000_gene56439070.pdb
-0.385720 -0.593418  0.706452   -14.672228
-0.666676  0.708581  0.231205     0.962553
-0.637780 -0.381794 -0.668931     8.250481
>../../../../class1//leu2/data/domains/Protozyme//structures/LeuRS-A_AF_Arch_Aciduliprofundum_boonei_T469_gene8828435.pdb
-0.545260 -0.698486  0.463475   -11.742815
-0.347173  0.691417  0.633572     0.982856
-0.762996  0.184556 -0.619497     4.679742
>../../../../class1//lys/data/domains/Protozyme//structures/LysRS-I_AF_Arch_Candidatus_Bathyarchaeota_archaeon_proteinRJS75864.1.pdb
-0.992410 -0.102759  0.067545    -1.199383
-0.055698  0.865323  0.498111    -0.912824
-0.109633  0.490568 -0.864478     0.395357
>../../../../class1//met/data/domains/Protozyme//structures/MetRS_AF_Bact_Brucella_suis_1330_gene45052047.pdb
-0.660552 -0.692154  0.290851    -3.971926
-0.471110  0.683762  0.557248     6.146318
-0.584574  0.231069 -0.777741     7.256100
>../../../../class1//trp1/data/domains/Protozyme//structures/TrpRS-A_AF_Arch_Natrialba_magadii_ATCC_43099_gene8824932.pdb
 0.607482 -0.787223  0.106042   -10.326371
 0.578508  0.529948  0.620067     1.213531
-0.544328 -0.315334  0.777349     5.419630
>../../../../class1//trp2/data/domains/Protozyme//structures/TrpRS-B_AF_Mito_Cyanidioschyzon_merolae_strain_10D_gene16992222.pdb
-0.240915  0.550879 -0.799057   -12.926355
-0.248594 -0.830866 -0.497858    -2.688180
-0.938169  0.078699  0.337113     3.388595
>../../../../class1//tyr/data/domains/Protozyme//structures/TyrRS_AF_Vir_Megavirus_chiliensis_gene11257765.pdb
-0.558252  0.400086 -0.726832    -9.198133
-0.584764 -0.811199  0.002609     3.623645
-0.588562  0.426482  0.686810     8.469302
>../../../../class1//val/data/domains/Protozyme//structures/ValRS_AF_Mito_Falco_naumanni_gene121082178.pdb
-0.608993  0.520364  0.598623   -18.770536
-0.447791 -0.848497  0.282023    -7.244655
 0.654684 -0.096308  0.749742     4.075882
