>../../../../class2/asp2//data/domains/Catalytic_domain/structures/AsxRS_AF_Arch_Candidatus_Korarchaeum_cryptofilum_OPF8_gene6094477.pdb
 0.972150  0.234360 -0.000611    -8.012436
-0.078214  0.321981 -0.943510     6.162111
-0.220925  0.917281  0.331344     8.932179
>../../../../class2/asp2//data/domains/Catalytic_domain/structures/AsxRS_AF_Arch_Candidatus_Methanomassiliicoccus_intestinalis_Issoire-Mx1_gene16154831.pdb
 0.992433  0.120665 -0.022735    -9.675260
-0.072609  0.427406 -0.901139     5.475814
-0.099019  0.895971  0.432933     9.307521
>../../../../class2/asp2//data/domains/Catalytic_domain/structures/AsxRS_AF_Arch_Candidatus_Nitrosopumilus_koreensis_AR1_gene13725312.pdb
 0.907060 -0.369848 -0.201134    -5.035436
 0.156106  0.739161 -0.655188     2.958058
 0.390991  0.562897  0.728199    11.519319
>../../../../class2/asp2//data/domains/Catalytic_domain/structures/AsxRS_AF_Arch_Methanobacterium_lacus_gene10277817.pdb
 0.549735 -0.639688 -0.537207    -6.542216
 0.570228  0.757326 -0.318272     4.129428
 0.610435 -0.131366  0.781097    14.125157
>../../../../class2/asp2//data/domains/Catalytic_domain/structures/AsxRS_AF_Bact_Candidatus_Liptonbacteria_bacterium_proteinMBI4085034.1.pdb
-0.973431 -0.227090 -0.029348   -13.805091
-0.106032  0.333445  0.936788     7.607280
-0.202949  0.915011 -0.348665     4.547327
>../../../../class2/asp2//data/domains/Catalytic_domain/structures/AsxRS_AF_Bact_Clostridium_acetobutylicum_DSM_1731_gene45000055.pdb
 0.819267  0.505117 -0.271401   -10.606434
-0.118175 -0.314415 -0.941901     6.009572
-0.561103  0.803741 -0.197897     8.916242
>../../../../class2/asp2//data/domains/Catalytic_domain/structures/AsxRS_AF_Bact_Spirochaetes_bacterium_GWE1_32_154_proteinOHD39701.1.pdb
 0.772394 -0.496780 -0.395749    -8.548396
 0.411981  0.866091 -0.283122     4.991155
 0.483404  0.055640  0.873627     9.002493
>../../../../class2/asp2//data/domains/Catalytic_domain/structures/AsxRS_AF_Bact_Tropheryma_whipplei_TW08_27_gene67388547.pdb
 0.125418 -0.136894  0.982614    -9.028968
-0.924972 -0.374275  0.065918     5.048048
 0.358744 -0.917158 -0.173563     9.103366
>../../../../class2/asp2//data/domains/Catalytic_domain/structures/AsxRS_AF_Euk_Caenorhabditis_elegans_gene176334.pdb
 0.827078  0.466658 -0.313324   -13.173579
-0.139960 -0.368894 -0.918873     4.450029
-0.544383  0.803833 -0.239791     9.024484
>../../../../class2/asp2//data/domains/Catalytic_domain/structures/AsxRS_AF_Euk_Cryptococcus_neoformans_var_neoformans_JEC21_gene3258977.pdb
 0.667875 -0.742147 -0.056230   -18.052593
 0.672457  0.634084 -0.381757    10.604840
 0.318975  0.217154  0.922550    -0.739795
>../../../../class2/asp2//data/domains/Catalytic_domain/structures/AsxRS_AF_Euk_Thalassiosira_pseudonana_CCMP1335_gene7443135.pdb
 0.873185  0.420466 -0.246490   -10.884983
-0.161181 -0.228165 -0.960188     5.103435
-0.459967  0.878151 -0.131459     9.081651
>../../../../class2/asp2//data/domains/Catalytic_domain/structures/AsxRS_AF_Euk_Theileria_orientalis_strain_Shintoku_gene20715543.pdb
 0.766154  0.486766 -0.419603   -14.227647
-0.144735 -0.505452 -0.850629     4.432024
-0.626147  0.712444 -0.316802     9.441091
>../../../../class2/asp2//data/domains/Catalytic_domain/structures/AsxRS_PDB_Arch_T_kodarensis_1b8a.pdb
-0.292624 -0.602080  0.742880   -16.979615
-0.328403  0.792910  0.513269    -9.674571
-0.898066 -0.093769 -0.429749    54.901734
>../../../../class2/asp2//data/domains/Catalytic_domain/structures/AsxRS_PDB_Bact_T_thermophilus_1n9w.pdb
 0.050267 -0.947235  0.316574   -34.338695
-0.205081  0.300430  0.931495   -45.607872
-0.977453 -0.111747 -0.179158    54.704571
>../../../../class2/asp2//data/domains/Catalytic_domain/structures/AsxRS_PDB_Euk_S_cerevisiae_1EOV.pdb
-0.160441 -0.483134  0.860721   -51.204412
-0.867425 -0.347089 -0.356516    26.407425
 0.470992 -0.803810 -0.363395    40.523114
>../../../../class2/thr//data/domains/Catalytic_domain/structures/ThrRS_AF_Arch_Candidatus_Methanomethylophilus_alvus_Mx1201_gene15140074.pdb
-0.595207 -0.504238 -0.625678    -3.797865
-0.313955 -0.570812  0.758687     0.026900
-0.739703  0.648010  0.181444     4.794483
>../../../../class2/thr//data/domains/Catalytic_domain/structures/ThrRS_AF_Arch_Candidatus_Nitrosopumilus_koreensis_AR1_gene13725077.pdb
 0.493572 -0.807181 -0.323798    -1.238844
 0.733892  0.586333 -0.342952     6.008995
 0.466678 -0.068361  0.881781    11.241186
>../../../../class2/thr//data/domains/Catalytic_domain/structures/ThrRS_AF_Arch_Pyrococcus_furiosus_DSM_3638_gene1469226.pdb
 0.655383 -0.755151 -0.014813    -1.593319
 0.694347  0.610099 -0.381656     6.523458
 0.297245  0.239845  0.924186     9.088083
>../../../../class2/thr//data/domains/Catalytic_domain/structures/ThrRS_AF_Arch_Sulfolobus_islandicus_M164_gene7940156.pdb
 0.278946 -0.587070  0.759959    -8.690103
-0.918471  0.067936  0.389609     2.298608
-0.280356 -0.806681 -0.520256     9.077806
>../../../../class2/thr//data/domains/Catalytic_domain/structures/ThrRS_AF_Bact_Bifidobacterium_longum_subsp_longum_JCM_1217_gene69578309.pdb
 0.928348  0.343582  0.141847    -0.344469
-0.355566  0.932070  0.069413     1.017660
-0.108362 -0.114876  0.987452     2.425064
>../../../../class2/thr//data/domains/Catalytic_domain/structures/ThrRS_AF_Bact_Brachyspira_pilosicoli_95_1000_gene56439092.pdb
 0.380391  0.461631  0.801374    -2.423987
-0.862834 -0.134761  0.487194    -1.256083
 0.332898 -0.876776  0.347048     2.749145
>../../../../class2/thr//data/domains/Catalytic_domain/structures/ThrRS_AF_Bact_Brucella_abortus_2308_gene3787745.pdb
-0.677610  0.505826 -0.533840    -1.879901
 0.732465  0.529206 -0.428293    -0.847419
 0.065870 -0.681235 -0.729095     2.493007
>../../../../class2/thr//data/domains/Catalytic_domain/structures/ThrRS_AF_Bact_Lactobacillus_acidophilus_La-14_gene56943112.pdb
 0.758203 -0.499005  0.419670     2.038947
 0.336202 -0.252276 -0.907372    -1.680042
 0.558656  0.829066 -0.023510     0.667037
>../../../../class2/thr//data/domains/Catalytic_domain/structures/ThrRS_AF_Bact_Mycoplasma_hyopneumoniae_168-L_gene57101460.pdb
-0.762289 -0.225129 -0.606822    -4.614466
-0.594072 -0.128755  0.794040     1.560404
-0.256893  0.965784 -0.035594     3.909874
>../../../../class2/thr//data/domains/Catalytic_domain/structures/ThrRS_AF_Bact_Porphyromonas_gingivalis_ATCC_33277_gene29256174.pdb
-0.112199  0.911717  0.395200    -1.324331
-0.890414 -0.268793  0.367306     1.654431
 0.441106 -0.310680  0.841964     2.255692
>../../../../class2/thr//data/domains/Catalytic_domain/structures/ThrRS_AF_Bact_Prochlorococcus_marinus_subsp_marinus_str_CCMP1375_gene54200406.pdb
 0.173113 -0.662111 -0.729137     1.605806
 0.815134 -0.319203  0.483390    -0.112616
-0.552800 -0.678026  0.484451     3.136391
>../../../../class2/thr//data/domains/Catalytic_domain/structures/ThrRS_AF_Bact_Streptobacillus_moniliformis_DSM_12112_gene29674242.pdb
 0.551802 -0.819322  0.155651    -1.026736
 0.647956  0.303688 -0.698517    -0.543050
 0.525041  0.486298  0.698460     2.601346
>../../../../class2/thr//data/domains/Catalytic_domain/structures/ThrRS_AF_Euk_Arabidopsis_thaliana_gene832741.pdb
 0.962273  0.269206  0.039472     0.248459
-0.205605  0.814482 -0.542536     2.529283
-0.178203  0.513952  0.839105     1.167381
>../../../../class2/thr//data/domains/Catalytic_domain/structures/ThrRS_AF_Euk_Cryptococcus_gattii_WM276_gene10188143.pdb
 1.000000  0.000000  0.000000     0.000000
 0.000000  1.000000  0.000000     0.000000
 0.000000  0.000000  1.000000     0.000000
>../../../../class2/thr//data/domains/Catalytic_domain/structures/ThrRS_AF_Euk_Cyanidioschyzon_merolae_strain_10D_gene16997242.pdb
-0.479200  0.222130 -0.849133     0.425487
 0.867972  0.263613 -0.420871    -0.731314
 0.130354 -0.938705 -0.319125     1.111996
>../../../../class2/thr//data/domains/Catalytic_domain/structures/ThrRS_AF_Euk_Zymoseptoria_tritici_IPO323_gene13396560.pdb
 0.158347  0.551201  0.819209     7.419663
 0.929083 -0.364049  0.065364     4.141479
 0.334261  0.750763 -0.569758   -11.282862
>../../../../class2/thr//data/domains/Catalytic_domain/structures/ThrRS_AF_Mito_Cyanidioschyzon_merolae_strain_10D_gene16995590.pdb
 0.372992 -0.816893 -0.439958    -0.944386
 0.875656  0.466698 -0.124171    -0.475525
 0.306762 -0.338937  0.889392     3.046812
>../../../../class2/thr//data/domains/Catalytic_domain/structures/ThrRS_AF_Mito_Oryza_sativa_Japonica_Group_gene4345200.pdb
-0.415328  0.465566  0.781506     0.667845
 0.451708 -0.640156  0.621418     0.612441
 0.789597  0.611104  0.055575     0.477405
>../../../../class2/thr//data/domains/Catalytic_domain/structures/ThrRS_PDB_Bact_E_coli_1evk.pdb
-0.046905  0.587219 -0.808068   -24.697066
 0.103970 -0.801694 -0.588622    55.023067
-0.993474 -0.111624 -0.023450    47.394148
>../../../../class2/thr//data/domains/Catalytic_domain/structures/ThrRS_PDB_Bact_S_aureus_1nyr.pdb
-0.307564  0.510609 -0.802921    18.501105
-0.769474  0.362920  0.525547   -33.880414
 0.559745  0.779466  0.281279   -57.098193
