>../../../../class1//arg/data/domains/Variable_bundle//structures/ArgRS_AF_Arch_Candidatus_Korarchaeum_cryptofilum_OPF8_gene6093502.pdb
-0.440937 -0.289378  0.849609    16.572421
-0.288914 -0.850454 -0.439609     5.919292
 0.849767 -0.439304  0.291392    22.439949
>../../../../class1//arg/data/domains/Variable_bundle//structures/ArgRS_AF_Arch_Candidatus_Nitrosopumilus_sediminis_gene13697696.pdb
 0.860454 -0.495411  0.119105   -23.542501
 0.398799  0.800300  0.447749   -27.919663
-0.317139 -0.337769  0.886191    52.175502
>../../../../class1//arg/data/domains/Variable_bundle//structures/ArgRS_AF_Arch_Desulfurococcus_mucosus_DSM_2162_gene10153309.pdb
 0.679418  0.583939  0.444304   -14.187056
-0.105670  0.677079 -0.728284   -55.829018
-0.726102  0.447860  0.521725    31.645479
>../../../../class1//arg/data/domains/Variable_bundle//structures/ArgRS_AF_Arch_Methanothermococcus_okinawensis_IH1_gene10773248.pdb
 0.967025 -0.051117  0.249499   -41.890526
 0.189220  0.799911 -0.569507   -31.073302
-0.170466  0.597938  0.783206    31.573936
>../../../../class1//arg/data/domains/Variable_bundle//structures/ArgRS_AF_Bact_Anoxybacillus_flavithermus_WK1_gene7039015.pdb
 0.041118 -0.243196 -0.969105   -24.189513
 0.108187  0.965307 -0.237652   -13.461875
 0.993280 -0.095073  0.066002   -19.264230
>../../../../class1//arg/data/domains/Variable_bundle//structures/ArgRS_AF_Bact_Brachyspira_pilosicoli_95_1000_gene56439668.pdb
 0.579097  0.639291 -0.505919   -49.422689
 0.374686 -0.759842 -0.531272   -14.016801
-0.724056  0.118097 -0.679556     7.495679
>../../../../class1//arg/data/domains/Variable_bundle//structures/ArgRS_AF_Bact_Chlamydia_psittaci_6BC_gene12242456.pdb
-0.541916  0.782364  0.306975   -10.757374
-0.606062 -0.616841  0.502192    21.615648
 0.582251  0.086100  0.808437    15.133177
>../../../../class1//arg/data/domains/Variable_bundle//structures/ArgRS_AF_Bact_Corynebacterium_ulcerans_809_gene75260071.pdb
 0.448820  0.583779 -0.676581   -49.022582
 0.157133 -0.796882 -0.583342   -11.851453
-0.879699  0.155502 -0.449388    15.644466
>../../../../class1//arg/data/domains/Variable_bundle//structures/ArgRS_AF_Bact_Cupriavidus_taiwanensis_LMG_19424_gene29762022.pdb
 0.749323  0.430689 -0.503014   -47.081310
-0.007040 -0.754380 -0.656400   -13.331372
-0.662168  0.495397 -0.562242     9.887699
>../../../../class1//arg/data/domains/Variable_bundle//structures/ArgRS_AF_Bact_Mycoplasma_hyopneumoniae_168-L_gene57100855.pdb
-0.473889  0.416486  0.775866     1.276130
-0.034145 -0.889109  0.456419    11.508109
 0.879922  0.189800  0.435560     0.521392
>../../../../class1//arg/data/domains/Variable_bundle//structures/ArgRS_AF_Bact_Prochlorococcus_marinus_subsp_marinus_str_CCMP1375_gene54199571.pdb
 0.970845  0.023750  0.238530   -37.933374
-0.036680 -0.968641  0.245740   -10.923462
 0.236886 -0.247325 -0.939529    -4.374130
>../../../../class1//arg/data/domains/Variable_bundle//structures/ArgRS_AF_Bact_Streptobacillus_moniliformis_DSM_12112_gene29674021.pdb
-0.141761 -0.023406 -0.989624    -1.598072
 0.904004  0.404277 -0.139058    19.491760
 0.403338 -0.914337 -0.036151    12.354487
>../../../../class1//arg/data/domains/Variable_bundle//structures/ArgRS_AF_Euk_Micromonas_commoda_gene8250062.pdb
-0.095055  0.885223  0.455351   -45.543188
-0.423091  0.378126 -0.823416   -14.733035
-0.901087 -0.270925  0.338588    -2.419215
>../../../../class1//arg/data/domains/Variable_bundle//structures/ArgRS_AF_Euk_Paulinella_chromatophora_gene6481434.pdb
 0.933527 -0.267433  0.238761   -36.677418
-0.279838 -0.959859  0.019008   -12.987818
 0.224094 -0.084559 -0.970892    -5.105294
>../../../../class1//arg/data/domains/Variable_bundle//structures/ArgRS_AF_Euk_Polyodon_spathula_gene121324634.pdb
-0.057083 -0.078726 -0.995261   -47.780341
-0.418451  0.906984 -0.047743   -18.435089
 0.906444  0.413742 -0.084716    -0.159550
>../../../../class1//arg/data/domains/Variable_bundle//structures/ArgRS_AF_Euk_Thalassiosira_pseudonana_CCMP1335_gene7449555.pdb
-0.934665 -0.302832 -0.186264   -46.592391
 0.348528 -0.883911 -0.311817    -9.718616
-0.070212 -0.356363  0.931706    -0.069663
>../../../../class1//arg/data/domains/Variable_bundle//structures/ArgRS_AF_Mito_Caenorhabditis_elegans_gene174023.pdb
 0.185368  0.618562  0.763558    -1.697895
-0.638131 -0.515122  0.572222    -0.068915
 0.747280 -0.593321  0.299236    -5.093691
>../../../../class1//arg/data/domains/Variable_bundle//structures/ArgRS_AF_Mito_Saccharomyces_cerevisiae_S288C_gene851942.pdb
-0.820526  0.195515  0.537132   -40.621026
-0.035235  0.920597 -0.388921    11.283668
-0.570522 -0.338046 -0.748485    25.803779
>../../../../class1//arg/data/domains/Variable_bundle//structures/ArgRS_AF_Vir_Megavirus_chiliensis_gene11257368.pdb
 0.246247 -0.895829 -0.369936    -6.847919
 0.642106  0.436696 -0.630077    23.276313
 0.725991 -0.082383  0.682752    18.135205
>../../../../class1//arg/data/domains/Variable_bundle//structures/ArgRS_PDB_Arch_2ZUF.pdb
-0.193149 -0.724620 -0.661528    21.820408
 0.369506 -0.678306  0.635112   -34.847701
-0.908933 -0.121767  0.398765    55.012975
>../../../../class1//arg/data/domains/Variable_bundle//structures/ArgRS_PDB_Bact_1IQ0.pdb
 0.686866 -0.547142 -0.478383    21.114059
 0.720566  0.426747  0.546509   -19.261295
-0.094869 -0.720085  0.687370    66.936359
>../../../../class1//arg/data/domains/Variable_bundle//structures/ArgRS_PDB_Bact_3FNR.pdb
-0.229989 -0.132095 -0.964187   121.865263
 0.195848 -0.976758  0.087102    16.795034
-0.953283 -0.168802  0.250515    13.803845
>../../../../class1//cys/data/domains/Variable_bundle//structures/CysRS_AF_Arch_Aciduliprofundum_boonei_T469_gene8827372.pdb
-0.924524 -0.264532  0.274369    -7.704207
-0.156639  0.920016  0.359213     0.200419
-0.347448  0.289124 -0.892013    -1.715534
>../../../../class1//cys/data/domains/Variable_bundle//structures/CysRS_AF_Arch_Candidatus_Nitrosopumilus_sediminis_gene13696907.pdb
-0.899966 -0.199959  0.387398    -0.738107
-0.219984  0.975474 -0.007545    -1.322874
-0.376388 -0.092011 -0.921882     1.701200
>../../../../class1//cys/data/domains/Variable_bundle//structures/CysRS_AF_Arch_Methanospirillum_hungatei_JF-1_gene3922979.pdb
-0.138894 -0.369389  0.918836    -8.267174
-0.520998 -0.761793 -0.385010     3.067200
 0.842181 -0.532187 -0.086643     3.715363
>../../../../class1//cys/data/domains/Variable_bundle//structures/CysRS_AF_Arch_Pyrobaculum_ferrireducens_gene11593896.pdb
-0.272429 -0.119181  0.954766    -2.590215
-0.102887 -0.983001 -0.152063     1.656452
 0.956659 -0.139660  0.255535     1.027696
>../../../../class1//cys/data/domains/Variable_bundle//structures/CysRS_AF_Bact_Bordetella_avium_197N_gene41394405.pdb
-0.448800 -0.607295  0.655570    -3.569405
-0.577604 -0.362629 -0.731351     2.249594
 0.681874 -0.706890 -0.188028     3.240722
>../../../../class1//cys/data/domains/Variable_bundle//structures/CysRS_AF_Bact_Lactobacillus_amylovorus_GRL1118_gene66523130.pdb
-0.240626 -0.432124  0.869119    -3.081043
-0.417379 -0.762346 -0.494594     1.603066
 0.876296 -0.481764  0.003081     1.496235
>../../../../class1//cys/data/domains/Variable_bundle//structures/CysRS_AF_Bact_Mycobacterium_canettii_CIPT_140010059_gene45427568.pdb
 0.839599 -0.138275 -0.525313    -3.236340
 0.447249  0.724808  0.524044     1.624167
 0.308289 -0.674932  0.670391     3.557120
>../../../../class1//cys/data/domains/Variable_bundle//structures/CysRS_AF_Bact_Mycoplasma_hyopneumoniae_168-L_gene57101512.pdb
-0.277881 -0.347759  0.895459    -4.445712
-0.210014 -0.887629 -0.409890     1.205369
 0.937378 -0.301959  0.173621     3.241861
>../../../../class1//cys/data/domains/Variable_bundle//structures/CysRS_AF_Bact_Porphyromonas_gingivalis_ATCC_33277_gene29256960.pdb
-0.893483 -0.354950  0.275132    -6.014425
-0.384356  0.921255 -0.059666    -3.882107
-0.232288 -0.159059 -0.959553    -1.396275
>../../../../class1//cys/data/domains/Variable_bundle//structures/CysRS_AF_Bact_Prochlorococcus_marinus_subsp_marinus_str_CCMP1375_gene54200571.pdb
-0.342995  0.092250  0.934796    -6.007192
 0.385209 -0.893824  0.229547     0.931434
 0.856720  0.438826  0.271042     1.770035
>../../../../class1//cys/data/domains/Variable_bundle//structures/CysRS_AF_Bact_Streptobacillus_moniliformis_DSM_12112_gene29673427.pdb
-0.979532  0.075726  0.186500   -10.743917
 0.184262  0.710278  0.679376     4.891188
-0.081021  0.699836 -0.709694    -1.078393
>../../../../class1//cys/data/domains/Variable_bundle//structures/CysRS_AF_Bact_Treponema_pallidum_subsp_pertenue_str_SamoaD_gene57878631.pdb
-0.937901 -0.111208  0.328595    -6.369707
-0.138773  0.988408 -0.061583    -3.492211
-0.317937 -0.103359 -0.942461    -1.060036
>../../../../class1//cys/data/domains/Variable_bundle//structures/CysRS_AF_Euk_Arabidopsis_thaliana_gene833874.pdb
-0.251656 -0.423768  0.870109    -1.526888
-0.195813 -0.858156 -0.474580     1.199073
 0.947801 -0.289809  0.132981     0.052778
>../../../../class1//cys/data/domains/Variable_bundle//structures/CysRS_AF_Euk_Cyanidioschyzon_merolae_strain_10D_gene16993418.pdb
-0.530311  0.193145  0.825509     2.845349
 0.423435 -0.783220  0.455267     4.556988
 0.734488  0.590983  0.333566    -2.253289
>../../../../class1//cys/data/domains/Variable_bundle//structures/CysRS_AF_Euk_Drosophila_melanogaster_gene36784.pdb
-0.941287  0.182985  0.283718   -25.215699
 0.129132 -0.581337  0.803351    25.184720
 0.311937  0.792820  0.523575    20.929222
>../../../../class1//cys/data/domains/Variable_bundle//structures/CysRS_AF_Euk_Micromonas_commoda_gene8246535.pdb
 1.000000 -0.000000  0.000000     0.000000
 0.000000  1.000000  0.000000     0.000000
-0.000000  0.000000  1.000000     0.000000
>../../../../class1//cys/data/domains/Variable_bundle//structures/CysRS_AF_Mito_Morone_saxatilis_gene118339815.pdb
-0.798799 -0.579397  0.161921    -4.248469
-0.593371  0.803161 -0.053330     5.028246
-0.099149 -0.138679 -0.985362     2.246282
>../../../../class1//cys/data/domains/Variable_bundle//structures/CysRS_AF_Mito_Saccharomyces_cerevisiae_S288C_gene855474.pdb
-0.916127 -0.370409 -0.153325    -1.378553
-0.399711  0.814696  0.420121     1.014704
-0.030704  0.446170 -0.894422     1.937628
>../../../../class1//cys/data/domains/Variable_bundle//structures/CysRS_AF_Vir_Megavirus_chiliensis_gene11257271.pdb
 0.896131  0.393925 -0.204385    -1.359258
-0.440082  0.729384 -0.523762    -3.301849
-0.057248  0.559306  0.826982     2.848579
>../../../../class1//cys/data/domains/Variable_bundle//structures/CysRS_PDB_Bact_E_coli_1LI5.pdb
 0.574623  0.642266  0.507249  -138.871640
-0.751233  0.167998  0.638298    14.378620
 0.324741 -0.747844  0.579028    13.285353
>../../../../class1//cys/data/domains/Variable_bundle//structures/CysRS_PDB_Bact_M_smegmatis_3C8Z.pdb
 0.743648 -0.262540 -0.614866   -51.737083
-0.185957 -0.964605  0.186969    20.466775
-0.642190 -0.024700 -0.766148    -1.143550
>../../../../class1//leu2/data/domains/Variable_bundle//structures/LeuRS-A_AF_Arch_Aciduliprofundum_boonei_T469_gene8828435.pdb
 0.834096 -0.142059 -0.533014   -29.417612
 0.314903  0.915973  0.248656     1.250556
 0.452903 -0.375250  0.808744    17.255876
>../../../../class1//leu2/data/domains/Variable_bundle//structures/LeuRS-A_AF_Arch_Candidatus_Korarchaeum_cryptofilum_OPF8_gene6093520.pdb
-0.248323 -0.025967  0.968329   -29.534740
-0.212413 -0.973851 -0.080587     4.731512
 0.945101 -0.225698  0.236314    21.476923
>../../../../class1//leu2/data/domains/Variable_bundle//structures/LeuRS-A_AF_Arch_Candidatus_Nitrosopumilus_koreensis_AR1_gene13725794.pdb
 0.129845  0.428532 -0.894148   -28.750396
-0.487468 -0.757686 -0.433920     4.902499
-0.863432  0.492211  0.110514    20.019424
>../../../../class1//leu2/data/domains/Variable_bundle//structures/LeuRS-A_AF_Arch_Methanobrevibacter_smithii_ATCC_35061_gene5216355.pdb
 0.133538  0.566531 -0.813148   -28.670538
-0.569672 -0.627516 -0.530753     4.718334
-0.810951  0.534103  0.238940    21.220427
>../../../../class1//leu2/data/domains/Variable_bundle//structures/LeuRS-A_AF_Euk_Arabidopsis_thaliana_gene837489.pdb
-0.204162  0.374152 -0.904615   -16.262159
 0.958867 -0.109729 -0.261790     4.750013
-0.197212 -0.920853 -0.336360    -7.378237
>../../../../class1//leu2/data/domains/Variable_bundle//structures/LeuRS-A_AF_Euk_Drosophila_melanogaster_gene326262.pdb
-0.667423  0.606427  0.432195   -14.824388
-0.259805 -0.733533  0.628037     8.768494
 0.697888  0.306880  0.647129    -5.736537
>../../../../class1//leu2/data/domains/Variable_bundle//structures/LeuRS-A_AF_Euk_Leishmania_major_strain_Friedlin_gene5650139.pdb
-0.731018  0.626271  0.270919   -17.333985
-0.291799 -0.645811  0.705536     7.426769
 0.616819  0.436706  0.654845    -3.424958
>../../../../class1//leu2/data/domains/Variable_bundle//structures/LeuRS-A_AF_Euk_Neurospora_crassa_OR74A_gene3879366.pdb
-0.254673  0.479762  0.839625   -15.725026
-0.004312 -0.868809  0.495129    -2.388276
 0.967018  0.122475  0.223331    -2.327424
>../../../../class1//leu2/data/domains/Variable_bundle//structures/LeuRS-A_PDB_Arch_P_hori_1WKB.pdb
-0.428597  0.673635 -0.602097     4.021928
 0.856405  0.090565 -0.508299  -110.817548
-0.287880 -0.733494 -0.615720    83.508328
