>../../../../class1//arg/data/domains/Variable_bundle//structures/ArgRS_AF_Arch_Candidatus_Korarchaeum_cryptofilum_OPF8_gene6093502.pdb
 0.981212 -0.146535  0.125497    10.900521
 0.146352  0.989174  0.010734   -17.161429
-0.125711  0.007835  0.992036    20.349429
>../../../../class1//arg/data/domains/Variable_bundle//structures/ArgRS_AF_Arch_Candidatus_Nitrosopumilus_sediminis_gene13697696.pdb
-0.626637 -0.328982  0.706468    57.346462
-0.572273 -0.421091 -0.703695    18.015223
 0.528990 -0.845254  0.075604     4.074374
>../../../../class1//arg/data/domains/Variable_bundle//structures/ArgRS_AF_Arch_Desulfurococcus_mucosus_DSM_2162_gene10153309.pdb
 0.947957  0.258201 -0.186305    -2.924343
 0.097083 -0.791664 -0.603194    22.558065
-0.303236  0.553715 -0.775530    -2.516702
>../../../../class1//arg/data/domains/Variable_bundle//structures/ArgRS_AF_Arch_Methanothermococcus_okinawensis_IH1_gene10773248.pdb
-0.583189 -0.649441 -0.487973    30.964777
-0.227645  0.707291 -0.669266    -4.533462
 0.779787 -0.279223 -0.560326   -15.962381
>../../../../class1//arg/data/domains/Variable_bundle//structures/ArgRS_AF_Bact_Anoxybacillus_flavithermus_WK1_gene7039015.pdb
 0.997120  0.027433 -0.070703   -15.296721
 0.072166 -0.629827  0.773376    14.713321
-0.023314 -0.776251 -0.629993    -3.979125
>../../../../class1//arg/data/domains/Variable_bundle//structures/ArgRS_AF_Bact_Brachyspira_pilosicoli_95_1000_gene56439668.pdb
 0.633375  0.601514 -0.486844   -14.848534
-0.629713  0.034967 -0.776041     6.414913
-0.449776  0.798097  0.400928     3.358462
>../../../../class1//arg/data/domains/Variable_bundle//structures/ArgRS_AF_Bact_Chlamydia_psittaci_6BC_gene12242456.pdb
 0.798240 -0.006822  0.602301     9.819241
 0.584343  0.251369 -0.771593   -19.915819
-0.146136  0.967867  0.204640   -11.789607
>../../../../class1//arg/data/domains/Variable_bundle//structures/ArgRS_AF_Bact_Corynebacterium_ulcerans_809_gene75260071.pdb
 0.085947  0.889707 -0.448370   -14.331153
-0.208955  0.456123  0.865038    17.362062
 0.974141  0.019342  0.225111    -3.590440
>../../../../class1//arg/data/domains/Variable_bundle//structures/ArgRS_AF_Bact_Cupriavidus_taiwanensis_LMG_19424_gene29762022.pdb
-0.852840  0.493492 -0.170677    23.331269
 0.017938  0.354354  0.934939    24.633774
 0.521865  0.794292 -0.311059   -31.167837
>../../../../class1//arg/data/domains/Variable_bundle//structures/ArgRS_AF_Bact_Mycoplasma_hyopneumoniae_168-L_gene57100855.pdb
 0.451592  0.489677 -0.745842   -12.464558
-0.793844  0.602103 -0.085350    18.512332
 0.407280  0.630626  0.660632    -5.920705
>../../../../class1//arg/data/domains/Variable_bundle//structures/ArgRS_AF_Bact_Prochlorococcus_marinus_subsp_marinus_str_CCMP1375_gene54199571.pdb
-0.479946  0.719792 -0.501550    26.653395
 0.354299  0.682032  0.639770    14.376756
 0.802573  0.129356 -0.582360   -26.740162
>../../../../class1//arg/data/domains/Variable_bundle//structures/ArgRS_AF_Bact_Streptobacillus_moniliformis_DSM_12112_gene29674021.pdb
 0.302696  0.817463  0.490030    38.867940
-0.495748  0.574165 -0.651589    15.830364
-0.814008 -0.045698  0.579053   -19.448608
>../../../../class1//arg/data/domains/Variable_bundle//structures/ArgRS_AF_Euk_Micromonas_commoda_gene8250062.pdb
 0.852100 -0.513837 -0.099482    52.747438
-0.332367 -0.678083  0.655542    -2.321345
-0.404299 -0.525523 -0.748577    24.474662
>../../../../class1//arg/data/domains/Variable_bundle//structures/ArgRS_AF_Euk_Paulinella_chromatophora_gene6481434.pdb
-0.262835  0.911433 -0.316556    27.551359
 0.487457  0.408579  0.771653    15.943113
 0.832648  0.048510 -0.551674   -25.836901
>../../../../class1//arg/data/domains/Variable_bundle//structures/ArgRS_AF_Euk_Polyodon_spathula_gene121324634.pdb
 0.421089  0.821551  0.384367    13.731908
 0.713152 -0.038040 -0.699977   -21.071648
-0.560445  0.568865 -0.601909   -13.425156
>../../../../class1//arg/data/domains/Variable_bundle//structures/ArgRS_AF_Euk_Thalassiosira_pseudonana_CCMP1335_gene7449555.pdb
-0.150156 -0.468249  0.870744     0.828791
 0.272769  0.826925  0.491723    29.307661
-0.950289  0.311348  0.003556   -23.124003
>../../../../class1//arg/data/domains/Variable_bundle//structures/ArgRS_AF_Mito_Caenorhabditis_elegans_gene174023.pdb
-0.449781  0.696579  0.558994    46.300732
 0.319557  0.709955 -0.627572    -4.208925
-0.834014 -0.103640 -0.541922    17.505540
>../../../../class1//arg/data/domains/Variable_bundle//structures/ArgRS_AF_Mito_Saccharomyces_cerevisiae_S288C_gene851942.pdb
-0.287831 -0.554740 -0.780652    29.918730
 0.503885 -0.780918  0.369144    -2.298316
-0.814404 -0.287107  0.504297   -32.806728
>../../../../class1//arg/data/domains/Variable_bundle//structures/ArgRS_AF_Vir_Megavirus_chiliensis_gene11257368.pdb
-0.168898  0.407757  0.897334    -9.540208
 0.817612 -0.450471  0.358591    28.516070
 0.550440  0.794236 -0.257303    30.878398
>../../../../class1//arg/data/domains/Variable_bundle//structures/ArgRS_PDB_Arch_2ZUF.pdb
-0.332089  0.942813 -0.028657    20.875230
 0.277897  0.068761 -0.958147    19.796522
-0.901383 -0.326153 -0.284839    60.543240
>../../../../class1//arg/data/domains/Variable_bundle//structures/ArgRS_PDB_Bact_1IQ0.pdb
-0.461698 -0.612229  0.641881    56.055615
-0.830336  0.043727 -0.555545   -11.028726
 0.312053 -0.789471 -0.528544    42.483274
>../../../../class1//arg/data/domains/Variable_bundle//structures/ArgRS_PDB_Euk_S_cerevisiae_1BS2.pdb
 0.824907  0.431175  0.365537   -38.892051
 0.545940 -0.440049 -0.712956   -18.772455
-0.146555  0.787683 -0.598395   -80.416425
>../../../../class1//cys/data/domains/Variable_bundle//structures/CysRS_AF_Arch_Aciduliprofundum_boonei_T469_gene8827372.pdb
-0.030062  0.137114 -0.990099    -3.745743
 0.563377 -0.815893 -0.130094     3.836198
-0.825653 -0.561710 -0.052720    -3.279487
>../../../../class1//cys/data/domains/Variable_bundle//structures/CysRS_AF_Arch_Candidatus_Nitrosopumilus_sediminis_gene13696907.pdb
-0.053163 -0.242200 -0.968769    -2.059474
 0.624343 -0.765201  0.157045     1.566130
-0.779339 -0.596495  0.191896     4.057652
>../../../../class1//cys/data/domains/Variable_bundle//structures/CysRS_AF_Arch_Methanospirillum_hungatei_JF-1_gene3922979.pdb
 0.940270 -0.227629 -0.253137     0.949657
 0.249369  0.966732  0.056958    -0.357789
 0.231750 -0.116680  0.965752    -3.963407
>../../../../class1//cys/data/domains/Variable_bundle//structures/CysRS_AF_Arch_Pyrobaculum_ferrireducens_gene11593896.pdb
 0.992526  0.121363 -0.012752    -2.930692
-0.120436  0.957354 -0.262618    -0.050654
-0.019664  0.262191  0.964816     0.968411
>../../../../class1//cys/data/domains/Variable_bundle//structures/CysRS_AF_Bact_Bordetella_avium_197N_gene41394405.pdb
 0.891936 -0.408024 -0.194849    -0.731857
 0.448968  0.748061  0.488705    -0.977400
-0.053644 -0.523375  0.850412     0.554611
>../../../../class1//cys/data/domains/Variable_bundle//structures/CysRS_AF_Bact_Lactobacillus_amylovorus_GRL1118_gene66523130.pdb
 0.976251 -0.170139 -0.134116    -2.134550
 0.187377  0.973842  0.128537    -0.250387
 0.108738 -0.150615  0.982594     0.619787
>../../../../class1//cys/data/domains/Variable_bundle//structures/CysRS_AF_Bact_Mycobacterium_canettii_CIPT_140010059_gene45427568.pdb
-0.116136 -0.751771  0.649117    -1.121693
-0.756806 -0.356268 -0.548012     0.409527
 0.643239 -0.554900 -0.527569     0.753387
>../../../../class1//cys/data/domains/Variable_bundle//structures/CysRS_AF_Bact_Mycoplasma_hyopneumoniae_168-L_gene57101512.pdb
 1.000000  0.000000  0.000000     0.000000
 0.000000  1.000000  0.000000     0.000000
 0.000000  0.000000  1.000000     0.000000
>../../../../class1//cys/data/domains/Variable_bundle//structures/CysRS_AF_Bact_Porphyromonas_gingivalis_ATCC_33277_gene29256960.pdb
 0.110728 -0.232984 -0.966156    -2.713313
 0.729836 -0.640793  0.238168     6.346073
-0.674596 -0.731507  0.099087    -0.395293
>../../../../class1//cys/data/domains/Variable_bundle//structures/CysRS_AF_Bact_Prochlorococcus_marinus_subsp_marinus_str_CCMP1375_gene54200571.pdb
 0.812145  0.580515 -0.058504    -1.043319
-0.489979  0.624154 -0.608566     1.415047
-0.316766  0.522910  0.791344    -1.491883
>../../../../class1//cys/data/domains/Variable_bundle//structures/CysRS_AF_Bact_Streptobacillus_moniliformis_DSM_12112_gene29673427.pdb
 0.157209  0.473406 -0.866702    -3.334977
 0.196272 -0.875085 -0.442384     0.473800
-0.967865 -0.100562 -0.230488    -7.813880
>../../../../class1//cys/data/domains/Variable_bundle//structures/CysRS_AF_Bact_Treponema_pallidum_subsp_pertenue_str_SamoaD_gene57878631.pdb
-0.006062 -0.262822 -0.964825    -2.374923
 0.553709 -0.804310  0.215619     6.028379
-0.832688 -0.532925  0.150402    -0.816329
>../../../../class1//cys/data/domains/Variable_bundle//structures/CysRS_AF_Euk_Arabidopsis_thaliana_gene833874.pdb
 0.998961  0.043778 -0.012644    -4.087558
-0.042573  0.995596  0.083529     0.356706
 0.016245 -0.082904  0.996425     2.195900
>../../../../class1//cys/data/domains/Variable_bundle//structures/CysRS_AF_Euk_Cyanidioschyzon_merolae_strain_10D_gene16993418.pdb
 0.741445  0.669926  0.038192    -7.133701
-0.382701  0.468937 -0.796014    -4.828656
-0.551180  0.575584  0.604072     5.100946
>../../../../class1//cys/data/domains/Variable_bundle//structures/CysRS_AF_Euk_Drosophila_melanogaster_gene36784.pdb
 0.562743  0.773610 -0.291286    -2.961348
-0.355701 -0.091468 -0.930113     1.366176
-0.746188  0.627026  0.223701     4.534848
>../../../../class1//cys/data/domains/Variable_bundle//structures/CysRS_AF_Euk_Micromonas_commoda_gene8246535.pdb
-0.279715 -0.220597  0.934396    -4.186209
-0.337695 -0.888448 -0.310840     0.747018
 0.898733 -0.402487  0.174018     4.070820
>../../../../class1//cys/data/domains/Variable_bundle//structures/CysRS_AF_Mito_Morone_saxatilis_gene118339815.pdb
 0.260879 -0.144582 -0.954483    -2.005629
 0.831789 -0.468155  0.298259    -2.959200
-0.489969 -0.871738 -0.001870    -1.536438
>../../../../class1//cys/data/domains/Variable_bundle//structures/CysRS_AF_Mito_Saccharomyces_cerevisiae_S288C_gene855474.pdb
 0.364316  0.302260 -0.880859    -3.119921
 0.631955 -0.774992 -0.004561     0.982631
-0.684037 -0.555002 -0.473356     2.951962
>../../../../class1//cys/data/domains/Variable_bundle//structures/CysRS_AF_Vir_Megavirus_chiliensis_gene11257271.pdb
-0.211913  0.263030  0.941227    -0.271467
 0.085236 -0.954456  0.285917     3.059241
 0.973564  0.140816  0.179842     4.456166
>../../../../class1//cys/data/domains/Variable_bundle//structures/CysRS_PDB_Bact_E_coli_1LI5.pdb
 0.315766 -0.916030  0.247347    43.722865
 0.386675 -0.113822 -0.915165    27.678426
 0.866473  0.384621  0.318265  -124.579208
>../../../../class1//cys/data/domains/Variable_bundle//structures/CysRS_PDB_Bact_M_smegmatis_3C8Z.pdb
-0.756754  0.237261 -0.609122     3.990536
 0.100962  0.963049  0.249688    -0.822755
 0.645856  0.127454 -0.752746   -50.260471
>../../../../class1//leu2/data/domains/Variable_bundle//structures/LeuRS-A_AF_Arch_Aciduliprofundum_boonei_T469_gene8828435.pdb
-0.746835 -0.590077 -0.306669    10.123934
 0.050839 -0.510461  0.858397     5.435702
-0.663063  0.625490  0.411229    26.244271
>../../../../class1//leu2/data/domains/Variable_bundle//structures/LeuRS-A_AF_Arch_Candidatus_Korarchaeum_cryptofilum_OPF8_gene6093520.pdb
-0.605948  0.702830  0.372635    -4.239295
 0.115536 -0.385707  0.915359     8.270039
 0.787070  0.597712  0.152516    -6.907812
>../../../../class1//leu2/data/domains/Variable_bundle//structures/LeuRS-A_AF_Arch_Candidatus_Nitrosopumilus_koreensis_AR1_gene13725794.pdb
-0.761935  0.501579  0.409724    21.820255
 0.625054  0.403834  0.668001    -0.082110
 0.169595  0.765073 -0.621209   -20.206272
>../../../../class1//leu2/data/domains/Variable_bundle//structures/LeuRS-A_AF_Arch_Methanobrevibacter_smithii_ATCC_35061_gene5216355.pdb
 0.935041  0.282532 -0.214183    -3.462783
-0.328288  0.461817 -0.823986     9.457366
-0.133889  0.840774  0.524569    -7.764888
>../../../../class1//leu2/data/domains/Variable_bundle//structures/LeuRS-A_AF_Euk_Arabidopsis_thaliana_gene837489.pdb
-0.343340 -0.938781 -0.028425    -7.728907
-0.736091  0.250166  0.628957     3.789665
-0.583342  0.236869 -0.776920   -13.047804
>../../../../class1//leu2/data/domains/Variable_bundle//structures/LeuRS-A_AF_Euk_Drosophila_melanogaster_gene326262.pdb
 0.884556  0.294513  0.361695    -7.427705
 0.243167  0.370557 -0.896413    -0.776306
-0.398034  0.880880  0.256163   -13.013175
>../../../../class1//leu2/data/domains/Variable_bundle//structures/LeuRS-A_AF_Euk_Leishmania_major_strain_Friedlin_gene5650139.pdb
 0.845499  0.384140  0.370901    -4.349690
 0.281521  0.269548 -0.920918     0.558874
-0.453737  0.883052  0.119759   -14.317308
>../../../../class1//leu2/data/domains/Variable_bundle//structures/LeuRS-A_AF_Euk_Neurospora_crassa_OR74A_gene3879366.pdb
 0.735858  0.369678 -0.567319    -3.103139
-0.644286  0.640035 -0.418629    13.133268
 0.208347  0.673568  0.709153   -17.027602
>../../../../class1//leu2/data/domains/Variable_bundle//structures/LeuRS-A_PDB_Arch_P_hori_1WKB.pdb
-0.508074  0.704820  0.495065    39.779641
-0.233683  0.440420 -0.866846    22.440475
-0.829007 -0.556111 -0.059062   119.967644
