>../../../../class1/leu1//data/domains/Catalytic_domain/structures/LeuRS-B_AF_Bact_Bifidobacterium_longum_subsp_longum_JCM_1217_gene69578373.pdb
-0.190587  0.084924 -0.977990     0.182837
 0.041677 -0.994653 -0.094493     1.064889
-0.980785 -0.058769  0.186028    -0.261094
>../../../../class1/leu1//data/domains/Catalytic_domain/structures/LeuRS-B_AF_Bact_Brachyspira_pilosicoli_95_1000_gene56439070.pdb
 0.078971 -0.614425 -0.785013    -1.393247
 0.805578 -0.424522  0.413310     0.370688
-0.587203 -0.665029  0.461442     2.384723
>../../../../class1/leu1//data/domains/Catalytic_domain/structures/LeuRS-B_AF_Bact_Chlamydia_psittaci_6BC_gene12243068.pdb
-0.291422 -0.871447  0.394530    -1.538746
-0.826804  0.022033 -0.562059     1.647494
 0.481112 -0.489995 -0.726936     1.978521
>../../../../class1/leu1//data/domains/Catalytic_domain/structures/LeuRS-B_AF_Bact_Clostridium_botulinum_A_str_ATCC_3502_gene5187707.pdb
-0.445429  0.708130  0.547855    -2.979027
 0.652009 -0.162794  0.740529    -0.340922
 0.613578  0.687059 -0.389194    -1.521102
>../../../../class1/leu1//data/domains/Catalytic_domain/structures/LeuRS-B_AF_Bact_Mycoplasma_hyopneumoniae_168-L_gene57101518.pdb
 1.000000  0.000000  0.000000     0.000000
 0.000000  1.000000  0.000000     0.000000
 0.000000  0.000000  1.000000     0.000000
>../../../../class1/leu1//data/domains/Catalytic_domain/structures/LeuRS-B_AF_Bact_Orientia_tsutsugamushi_str_Ikeda_gene66652454.pdb
-0.466099 -0.860706  0.204785    -1.314194
-0.785700  0.296277 -0.543042     2.062566
 0.406727 -0.414011 -0.814351     0.667511
>../../../../class1/leu1//data/domains/Catalytic_domain/structures/LeuRS-B_AF_Bact_Porphyromonas_gingivalis_ATCC_33277_gene29256038.pdb
 0.060863 -0.473380 -0.878753    -0.487239
 0.566598 -0.708410  0.420859     1.889060
-0.821744 -0.523514  0.225100     1.352979
>../../../../class1/leu1//data/domains/Catalytic_domain/structures/LeuRS-B_AF_Bact_Thermus_thermophilus_HB8_gene3168656.pdb
-0.550747  0.690431  0.469023    -5.336171
 0.607207 -0.054134  0.792697     5.774381
 0.572693  0.721370 -0.389421     0.545520
>../../../../class1/leu1//data/domains/Catalytic_domain/structures/LeuRS-B_AF_Euk_Bathycoccus_prasinos_gene19015540.pdb
-0.312565 -0.761266  0.568135    -0.136127
-0.859005 -0.028783 -0.511158     1.421390
 0.405480 -0.647801 -0.644934     0.546853
>../../../../class1/leu1//data/domains/Catalytic_domain/structures/LeuRS-B_AF_Euk_Klebsormidium_nitens_protein971510658.pdb
 0.974447  0.220711  0.041707    -1.082093
-0.216117  0.971864 -0.093666     1.581806
-0.061207  0.082258  0.994730     0.140449
>../../../../class1/leu1//data/domains/Catalytic_domain/structures/LeuRS-B_AF_Euk_Plasmodium_falciparum_3D7_gene2655460.pdb
-0.139051  0.310665 -0.940294    -5.572768
 0.053691 -0.945756 -0.320409     3.920684
-0.988829 -0.095039  0.114828    -1.114109
>../../../../class1/leu1//data/domains/Catalytic_domain/structures/LeuRS-B_AF_Euk_Thalassiosira_pseudonana_CCMP1335_gene7441753.pdb
 0.102139 -0.473005 -0.875120    -2.196475
 0.735793 -0.556111  0.386457     5.716371
-0.669460 -0.683379  0.291233    -0.818636
>../../../../class1/leu1//data/domains/Catalytic_domain/structures/LeuRS-B_AF_Mito_Homo_sapiens_gene23395.pdb
-0.343710 -0.835981  0.427785    -1.374774
-0.774980 -0.004758 -0.631968    -0.278008
 0.530348 -0.548738 -0.646233     1.861615
>../../../../class1/leu1//data/domains/Catalytic_domain/structures/LeuRS-B_AF_Mito_Treponema_denticola_ATCC_35405_gene2739434.pdb
 0.660909  0.750271 -0.017098    -1.833413
-0.570164  0.487179 -0.661490     1.548435
-0.487967  0.446933  0.749759     0.793833
>../../../../class1/leu1//data/domains/Catalytic_domain/structures/LeuRS-B_PDB_Bact_T_therm_2V0C.pdb
-0.095883  0.676063  0.730578     8.553709
-0.076875  0.726738 -0.682599    42.541463
-0.992420 -0.121613 -0.017710    17.622649
>../../../../class1/leu2//data/domains/Catalytic_domain/structures/LeuRS-A_AF_Arch_Aciduliprofundum_boonei_T469_gene8828435.pdb
-0.105827 -0.118013 -0.987357    -3.493374
 0.627427 -0.778249  0.025771     3.670624
-0.771451 -0.616767  0.156404     3.217254
>../../../../class1/leu2//data/domains/Catalytic_domain/structures/LeuRS-A_AF_Arch_Candidatus_Korarchaeum_cryptofilum_OPF8_gene6093520.pdb
-0.896267  0.420099  0.142204    -5.614090
 0.355485  0.488718  0.796734     0.345046
 0.265209  0.764638 -0.587361     0.477469
>../../../../class1/leu2//data/domains/Catalytic_domain/structures/LeuRS-A_AF_Arch_Candidatus_Nitrosopumilus_koreensis_AR1_gene13725794.pdb
 0.986540 -0.031467 -0.160462    -5.515939
-0.015322  0.959203 -0.282303     0.970558
 0.162799  0.280962  0.945810     2.178715
>../../../../class1/leu2//data/domains/Catalytic_domain/structures/LeuRS-A_AF_Arch_Methanobrevibacter_smithii_ATCC_35061_gene5216355.pdb
 0.982618 -0.093832 -0.160181    -6.685841
 0.067608  0.984479 -0.161959     1.797603
 0.172892  0.148314  0.973710     2.425285
>../../../../class1/leu2//data/domains/Catalytic_domain/structures/LeuRS-A_AF_Euk_Arabidopsis_thaliana_gene837489.pdb
-0.152916 -0.858921  0.488745    -6.158833
-0.934376 -0.035384 -0.354526     3.374580
 0.321803 -0.510885 -0.797145     0.221183
>../../../../class1/leu2//data/domains/Catalytic_domain/structures/LeuRS-A_AF_Euk_Drosophila_melanogaster_gene326262.pdb
 0.994036 -0.034878 -0.103323    -7.389485
 0.021277  0.991295 -0.129927     3.286893
 0.106956  0.126954  0.986125     1.371340
>../../../../class1/leu2//data/domains/Catalytic_domain/structures/LeuRS-A_AF_Euk_Leishmania_major_strain_Friedlin_gene5650139.pdb
 0.998408 -0.025635 -0.050240    -3.097859
 0.011257  0.963388 -0.267875     3.441573
 0.055267  0.266883  0.962143     0.644662
>../../../../class1/leu2//data/domains/Catalytic_domain/structures/LeuRS-A_AF_Euk_Neurospora_crassa_OR74A_gene3879366.pdb
 0.971823 -0.151714 -0.180397    -4.207911
 0.148332  0.988414 -0.032175     1.803797
 0.183188  0.004510  0.983067     1.198069
>../../../../class1/leu2//data/domains/Catalytic_domain/structures/LeuRS-A_PDB_Arch_P_hori_1WKB.pdb
-0.084669  0.860283  0.502736   -22.246432
-0.906674  0.142736 -0.396950   115.122568
-0.413248 -0.489427  0.767911    70.585683
