>../../../../class1/leu1//data/domains/Catalytic_domain/structures/LeuRS-B_AF_Bact_Bifidobacterium_longum_subsp_longum_JCM_1217_gene69578373.pdb
-0.451599  0.773249  0.445134    -1.230692
 0.642788 -0.064037  0.763363    -0.350397
 0.618775  0.630861 -0.468116     2.592768
>../../../../class1/leu1//data/domains/Catalytic_domain/structures/LeuRS-B_AF_Bact_Brachyspira_pilosicoli_95_1000_gene56439070.pdb
-0.970936  0.210775  0.113387     1.250498
 0.239311  0.847833  0.473191    -0.283353
 0.003604  0.486573 -0.873633     0.398770
>../../../../class1/leu1//data/domains/Catalytic_domain/structures/LeuRS-B_AF_Bact_Chlamydia_psittaci_6BC_gene12243068.pdb
 1.000000  0.000000  0.000000     0.000000
 0.000000  1.000000  0.000000     0.000000
 0.000000  0.000000  1.000000     0.000000
>../../../../class1/leu1//data/domains/Catalytic_domain/structures/LeuRS-B_AF_Bact_Clostridium_botulinum_A_str_ATCC_3502_gene5187707.pdb
-0.115755  0.261231 -0.958311     0.374335
 0.103222 -0.956409 -0.273180     2.907835
-0.987900 -0.130541  0.083745     3.077200
>../../../../class1/leu1//data/domains/Catalytic_domain/structures/LeuRS-B_AF_Bact_Mycoplasma_hyopneumoniae_168-L_gene57101518.pdb
-0.291371 -0.826835  0.481089    -0.038567
-0.871431  0.021968 -0.490025    -0.407926
 0.394601 -0.562015 -0.726931     2.969102
>../../../../class1/leu1//data/domains/Catalytic_domain/structures/LeuRS-B_AF_Bact_Orientia_tsutsugamushi_str_Ikeda_gene66652454.pdb
 0.980117 -0.198390  0.003551    -1.147779
 0.193584  0.959995  0.202323     0.578106
-0.043548 -0.197613  0.979312     0.780423
>../../../../class1/leu1//data/domains/Catalytic_domain/structures/LeuRS-B_AF_Bact_Porphyromonas_gingivalis_ATCC_33277_gene29256038.pdb
-0.882298  0.470644  0.006719    -0.892700
 0.355201  0.656378  0.665582    -0.593452
 0.308842  0.589628 -0.746294     0.731448
>../../../../class1/leu1//data/domains/Catalytic_domain/structures/LeuRS-B_AF_Bact_Thermus_thermophilus_HB8_gene3168656.pdb
-0.075026  0.199253 -0.977072    -3.258109
 0.212244 -0.954191 -0.210884     4.001356
-0.974332 -0.223199  0.029299    -2.871806
>../../../../class1/leu1//data/domains/Catalytic_domain/structures/LeuRS-B_AF_Euk_Bathycoccus_prasinos_gene19015540.pdb
 0.996098 -0.074824 -0.046800    -1.051053
 0.065276  0.981516 -0.179906    -0.708712
 0.059397  0.176149  0.982570     1.602047
>../../../../class1/leu1//data/domains/Catalytic_domain/structures/LeuRS-B_AF_Euk_Plasmodium_falciparum_3D7_gene2655460.pdb
-0.485875  0.643835  0.591102    -2.260171
 0.610000 -0.234556  0.756890     4.986694
 0.625959  0.728327 -0.278774    -0.750041
>../../../../class1/leu1//data/domains/Catalytic_domain/structures/LeuRS-B_AF_Euk_Thalassiosira_pseudonana_CCMP1335_gene7441753.pdb
-0.961321  0.267030  0.067501    -4.655929
 0.249088  0.738275  0.626821     1.982419
 0.117546  0.619390 -0.776234    -0.487553
>../../../../class1/leu1//data/domains/Catalytic_domain/structures/LeuRS-B_AF_Mito_Homo_sapiens_gene23395.pdb
 0.995766 -0.012321  0.091095     1.526084
 0.017324  0.998372 -0.054344     0.120544
-0.090277  0.055692  0.994358     1.159712
>../../../../class1/leu1//data/domains/Catalytic_domain/structures/LeuRS-B_AF_Mito_Treponema_denticola_ATCC_35405_gene2739434.pdb
 0.051569 -0.398933  0.915529    -0.556735
-0.342484 -0.868219 -0.359027     0.768007
 0.938107 -0.295039 -0.181402     0.679787
>../../../../class1/leu1//data/domains/Catalytic_domain/structures/LeuRS-B_PDB_Bact_T_therm_2V0C.pdb
-0.387897 -0.852388  0.350671   -29.209161
 0.570969 -0.520889 -0.634561   -16.177509
 0.723553 -0.045922  0.688739   -30.286606
>../../../../class1/leu2//data/domains/Catalytic_domain/structures/LeuRS-A_AF_Arch_Aciduliprofundum_boonei_T469_gene8828435.pdb
-0.867588  0.365402  0.337300    -0.495740
 0.474290  0.404158  0.782116     1.036534
 0.149464  0.838533 -0.523950    -3.062979
>../../../../class1/leu2//data/domains/Catalytic_domain/structures/LeuRS-A_AF_Arch_Candidatus_Korarchaeum_cryptofilum_OPF8_gene6093520.pdb
 0.097446 -0.147274 -0.984284     1.743523
 0.648695 -0.740645  0.175042     4.308410
-0.754784 -0.655557  0.023363    -0.038844
>../../../../class1/leu2//data/domains/Catalytic_domain/structures/LeuRS-A_AF_Arch_Candidatus_Nitrosopumilus_koreensis_AR1_gene13725794.pdb
-0.197674 -0.642859  0.740039     2.014402
-0.935771 -0.101120 -0.337797     3.354255
 0.291989 -0.759281 -0.581580    -1.571702
>../../../../class1/leu2//data/domains/Catalytic_domain/structures/LeuRS-A_AF_Arch_Methanobrevibacter_smithii_ATCC_35061_gene5216355.pdb
-0.248643 -0.715310  0.653076     1.655402
-0.941169  0.019109 -0.337397     4.210232
 0.228863 -0.698546 -0.677979    -2.564930
>../../../../class1/leu2//data/domains/Catalytic_domain/structures/LeuRS-A_AF_Euk_Arabidopsis_thaliana_gene837489.pdb
 0.970775  0.028244 -0.238325    -0.839926
-0.037938  0.998625 -0.036187     4.947717
 0.236975  0.044171  0.970511    -1.772601
>../../../../class1/leu2//data/domains/Catalytic_domain/structures/LeuRS-A_AF_Euk_Drosophila_melanogaster_gene326262.pdb
-0.255436 -0.743832  0.617630     0.214102
-0.915911 -0.018402 -0.400960     5.401575
 0.309613 -0.668113 -0.676583    -3.021146
>../../../../class1/leu2//data/domains/Catalytic_domain/structures/LeuRS-A_AF_Euk_Leishmania_major_strain_Friedlin_gene5650139.pdb
-0.276177 -0.653784  0.704481    -1.516647
-0.893695 -0.094986 -0.438505     2.083055
 0.353604 -0.750696 -0.558050    -0.863260
>../../../../class1/leu2//data/domains/Catalytic_domain/structures/LeuRS-A_AF_Euk_Neurospora_crassa_OR74A_gene3879366.pdb
-0.310632 -0.766981  0.561469     0.412391
-0.934504  0.138414 -0.327938     2.771004
 0.173807 -0.626563 -0.759743    -0.821978
>../../../../class1/leu2//data/domains/Catalytic_domain/structures/LeuRS-A_PDB_Arch_P_hori_1WKB.pdb
 0.574159 -0.605999  0.550551   -54.342265
 0.263714 -0.499717 -0.825068   -14.302622
 0.775110  0.618909 -0.127106  -122.010175
