>../../../../class2/pyl//data/domains/Catalytic_domain/structures/PylRS_AF_Arch_Candidatus_Methanomassiliicoccus_intestinalis_Issoire-Mx1_gene16153983.pdb
-0.621436 -0.755495  0.207472     4.656733
-0.756038  0.508819 -0.411716    -2.161904
 0.205483 -0.412712 -0.887381    -4.224264
>../../../../class2/pyl//data/domains/Catalytic_domain/structures/PylRS_AF_Arch_Methanosalsum_zhilinae_DSM_4017_gene10822650.pdb
-0.142657 -0.051345  0.988439     4.455606
 0.010434 -0.998676 -0.050370    -0.011882
 0.989717  0.003128  0.143004     1.342249
>../../../../class2/pyl//data/domains/Catalytic_domain/structures/PylRS_AF_Arch_Unclassified_Candidatus_Bathyarchaeota_proteinUCH69683.1.pdb
 0.921242  0.362461 -0.141189     4.919155
-0.388436  0.876546 -0.284225    -0.238900
 0.020738  0.316683  0.948305    -4.851054
>../../../../class2/pyl//data/domains/Catalytic_domain/structures/PylRS_AF_Bact_Unclassified_Actinobacteria_proteinMBU2601214.1.pdb
 0.918808  0.370534 -0.135997     5.556329
-0.394701  0.861343 -0.319843    -0.169658
-0.001372  0.347553  0.937660    -4.937408
>../../../../class2/pyl//data/domains/Catalytic_domain/structures/PylRS_AF_Bact_Unclassified_Aerophobetes_proteinMCD6471581.1.pdb
 0.953626  0.213579 -0.212089     5.205176
-0.259883  0.939728 -0.222198    -0.847535
 0.151850  0.267012  0.951654    -5.291449
>../../../../class2/pyl//data/domains/Catalytic_domain/structures/PylRS_AF_Bact_unclassified_Desulfosarcina_proteinMBC2741817.pdb
 0.999969 -0.007779  0.001197    -0.097590
 0.007784  0.999961 -0.004135     0.065683
-0.001165  0.004144  0.999991     0.159683
>../../../../class2/pyl//data/domains/Catalytic_domain/structures/PylRS_AF_Bact_unclassified_Lachnospiraceae_proteinHCE77498.1.pdb
-0.345266  0.452998  0.821940     4.396150
 0.492875 -0.657780  0.569562     4.119778
 0.798665  0.601764  0.003838    -2.603716
>../../../../class2/pyl//data/domains/Catalytic_domain/structures/PylRS_PDB_Arch_M_mazei_2Q7E.pdb
 0.140664 -0.821800 -0.552140    51.147320
-0.644285 -0.499424  0.579200    11.460885
-0.751738  0.274263 -0.599724    15.265756
>../../../../class2/pyl//data/domains/Catalytic_domain/structures/PylRS_PDB_Bact_D_hafniense_2ZNJ.pdb
 0.911632 -0.300072  0.280862   -24.731752
-0.220043 -0.933500 -0.283125     6.498256
 0.347143  0.196304 -0.917037   -50.383217
>../../../../class2/ser2//data/domains/Catalytic_domain/structures/SerRS-A_AF_Arch_Conexivisphaera_calida_protein1635512986.pdb
 0.853745 -0.163738 -0.494277    -6.232549
 0.518871  0.188207  0.833877     2.576627
-0.043511 -0.968384  0.245639    -1.470764
>../../../../class2/ser2//data/domains/Catalytic_domain/structures/SerRS-A_AF_Arch_Ignisphaera_aggregans_protein304378874.pdb
 0.565463 -0.411322 -0.714889    -5.477939
 0.300528 -0.704426  0.643013     4.471553
-0.768072 -0.578444 -0.274713    -0.658405
>../../../../class2/ser2//data/domains/Catalytic_domain/structures/SerRS-A_AF_Arch_Methanosarcina_barkeri_protein805401349.pdb
 0.747329  0.586190 -0.312859    -7.818265
-0.514800  0.808501  0.285144     3.966284
 0.420095 -0.052037  0.905987    -2.544161
>../../../../class2/ser2//data/domains/Catalytic_domain/structures/SerRS-A_AF_Arch_Unclassified_Thermoplasmata_protein1635512986.pdb
 0.875574 -0.015598 -0.482832    -9.239680
 0.441398  0.431990  0.786481     2.917624
 0.196311 -0.901744  0.385124    -1.203933
>../../../../class2/ser2//data/domains/Catalytic_domain/structures/SerRS-A_PDB_Arch_M_barkeri_2cim.pdb
-0.965925  0.252836  0.055339    34.427766
 0.089098  0.525570 -0.846072    69.969930
-0.243002 -0.812311 -0.530189    52.661627
>../../../../class2/ser2//data/domains/Catalytic_domain/structures/SerRS-A_PDB_Arch_M_barkeri_2cjb.pdb
-0.968971  0.243865  0.040307    35.936473
 0.106302  0.558368 -0.822755    67.859494
-0.223147 -0.792941 -0.566966    55.044569
