>../../../../class2/pyl//data/domains/Catalytic_domain/structures/Pyl_Arch_2Q7E_M_mazei.pdb
 0.016485 -0.547667 -0.836534    90.668251
 0.396525  0.771624 -0.497357   -14.410403
 0.917876 -0.323508  0.229883   -41.378360
>../../../../class2/pyl//data/domains/Catalytic_domain/structures/Pyl_Arch_2ZNJ_D_hafniense.pdb
 1.000000 -0.000000  0.000000     0.000000
 0.000000  1.000000  0.000000     0.000000
-0.000000  0.000000  1.000000     0.000000
>../../../../class2/pyl//data/domains/Catalytic_domain/structures/Pyl_Arch_6jp2_M_alvus.pdb
 0.551231 -0.067578 -0.831611    37.751311
-0.657011  0.579196 -0.482564    25.287657
 0.514277  0.812382  0.274872   -72.473922
>../../../../class2/pyl//data/domains/Catalytic_domain/structures/Pyrrolysyl.A.Euryarchaeota.NC_007955.1.pdb
 0.362889 -0.250437  0.897548    49.623370
 0.589287  0.807821 -0.012854     7.513118
-0.721839  0.533578  0.440729   -36.357291
>../../../../class2/ser2//data/domains/Catalytic_domain/structures/Ser_Arch_2cim_M_barkeri.pdb
-0.986338 -0.157464  0.048406    76.346200
 0.150408 -0.740933  0.654519   -55.421610
-0.067198  0.652858  0.754494   -97.293436
>../../../../class2/ser2//data/domains/Catalytic_domain/structures/Ser_Arch_2cjb_M_barkeri.pdb
-0.987192 -0.159117  0.011546    79.531938
 0.130070 -0.760848  0.635762   -53.480922
-0.092376  0.629121  0.771799   -97.908300
