>../../../../class2/pyl//data/domains/Catalytic_domain/structures/Pyl_Arch_2Q7E_M_mazei.pdb
 0.172916 -0.984628 -0.024639    72.856003
 0.984739  0.173328 -0.015696     0.065183
 0.019725 -0.021549  0.999573   -15.140010
>../../../../class2/pyl//data/domains/Catalytic_domain/structures/Pyl_Arch_2ZNJ_D_hafniense.pdb
 0.555094 -0.667594  0.496173    32.532817
-0.066495  0.558990  0.826504    47.442952
-0.829125 -0.491781  0.265900    63.193137
>../../../../class2/pyl//data/domains/Catalytic_domain/structures/Pyl_Arch_6jp2_M_alvus.pdb
 1.000000  0.000000  0.000000     0.000000
 0.000000  1.000000  0.000000     0.000000
 0.000000  0.000000  1.000000     0.000000
>../../../../class2/pyl//data/domains/Catalytic_domain/structures/Pyrrolysyl.A.Euryarchaeota.NC_007955.1.pdb
-0.535835 -0.434123  0.724167    37.175724
-0.312175  0.898777  0.307810    18.582180
-0.784492 -0.061131 -0.617118     8.855629
>../../../../class2/ser2//data/domains/Catalytic_domain/structures/Ser_Arch_2cim_M_barkeri.pdb
-0.669092  0.738344 -0.084636    67.228144
 0.090737  0.194192  0.976758   -67.586355
 0.737619  0.645861 -0.196928     3.706559
>../../../../class2/ser2//data/domains/Catalytic_domain/structures/Ser_Arch_2cjb_M_barkeri.pdb
-0.671411  0.737000 -0.077710    67.098457
 0.061645  0.160037  0.985184   -67.469754
 0.738517  0.656673 -0.152883     0.250334
