>structures/LysRS-I_AF_Arch_Candidatus_Bathyarchaeota_archaeon_proteinRJS75864.1.pdb
-0.109889  0.240304 -0.964457    -0.906975
 0.106505 -0.961900 -0.251802     3.544430
-0.988221 -0.130390  0.080109     2.848932
>structures/LysRS-I_AF_Arch_Candidatus_Nitrosopumilus_koreensis_AR1_gene13726042.pdb
 0.999995 -0.002571 -0.001818    -0.003433
 0.002574  0.999995  0.001992    -0.011697
 0.001813 -0.001997  0.999996    -0.005588
>structures/LysRS-I_AF_Arch_Ferroplasma_acidarmanus_Fer1_gene16025146.pdb
 0.006136  0.287147 -0.957867    -3.595279
 0.035218 -0.957353 -0.286768     3.000255
-0.999361 -0.031975 -0.015987    -0.913049
>structures/LysRS-I_AF_Arch_Halorubrum_lacusprofundi_ATCC_49239_gene7400505.pdb
-0.346292  0.578424  0.738585    -2.032950
 0.523304 -0.534325  0.663814     5.219558
 0.778611  0.616378 -0.117659     4.251777
>structures/LysRS-I_AF_Bact_Cereibacter_sphaeroides_KD131_gene67447319.pdb
-0.097546 -0.146070  0.984453    -3.639101
-0.164304 -0.973234 -0.160686    -0.775677
 0.981575 -0.177424  0.070935     1.700384
>structures/LysRS-I_AF_Bact_Cyanobacteria_bacterium_J007_proteinRMH73500.1.pdb
-0.078670 -0.253040 -0.964252     0.419428
 0.477391 -0.858695  0.186391     4.683663
-0.875162 -0.445662  0.188352     3.215424
>structures/LysRS-I_AF_Bact_Streptomyces_albidoflavus_gene15147364.pdb
 0.973548 -0.001930  0.228473    -0.249528
 0.004718  0.999921 -0.011657     1.081860
-0.228433  0.012427  0.973480     4.662905
>structures/LysRS-I_AF_Bact_Treponema_denticola_ATCC_35405_gene2739918.pdb
 0.961150 -0.044166  0.272469    -0.116912
 0.056121  0.997766 -0.036238     1.106197
-0.270260  0.050122  0.961482     4.485585
>structures/LysRS-I_PDB_Arch_P_hori_1IRX.pdb
-0.145772  0.531629  0.834339   -73.510368
 0.937974  0.342426 -0.054310   -49.186059
-0.314572  0.774671 -0.548570    27.415632
