>structures/MetRS_AF_Arch_Aciduliprofundum_boonei_T469_gene8827030.pdb
-0.563509  0.150354  0.812312    17.495353
 0.578120 -0.630626  0.517773    21.810973
 0.590114  0.761383  0.268441    94.252927
>structures/MetRS_AF_Arch_Candidatus_Korarchaeum_cryptofilum_OPF8_gene6093355.pdb
-0.787780 -0.335581  0.516515    19.500691
-0.544046  0.772282 -0.328016    23.963246
-0.288819 -0.539413 -0.790960    96.739422
>structures/MetRS_AF_Arch_Candidatus_Nitrosopumilus_sediminis_gene13696902.pdb
 0.356878 -0.020739 -0.933921    18.861378
 0.724545 -0.624901  0.290746    26.092257
-0.589638 -0.780428 -0.207987    93.189713
>structures/MetRS_AF_Arch_Halalkalicoccus_jeotgali_B3_gene9420443.pdb
-0.659563  0.064642  0.748865    16.414678
 0.475971 -0.735174  0.482671    25.074026
 0.581747  0.674789  0.454126    94.901381
>structures/MetRS_AF_Bact_Bacillus_anthracis_str_Ames_Ancestor_gene45024892.pdb
 0.913638  0.373429 -0.160671    17.428802
-0.321568  0.422059 -0.847620    25.397214
-0.248714  0.826085  0.505692    94.313790
>structures/MetRS_AF_Bact_Brucella_suis_1330_gene45052047.pdb
-0.744811 -0.376080  0.551199    20.244402
-0.608542  0.721702 -0.329882    27.115802
-0.273740 -0.581128 -0.766392    94.277492
>structures/MetRS_AF_Bact_Chlamydia_psittaci_6BC_gene12243105.pdb
-0.193492  0.236668  0.952129    17.457906
-0.001509 -0.970539  0.240938    30.465272
 0.981101  0.045182  0.188148    91.872451
>structures/MetRS_AF_Bact_Mycoplasma_hyopneumoniae_168-L_gene57101263.pdb
-0.287744 -0.119231  0.950256    17.819128
 0.218748 -0.974174 -0.055993    27.152210
 0.932391  0.191755  0.306394    91.456591
>structures/MetRS_AF_Bact_Nocardia_farcinica_IFM_10152_gene61135500.pdb
-0.485111 -0.443440  0.753677    21.143000
-0.846919  0.023678 -0.531195    28.146208
 0.217708 -0.895991 -0.387044    93.750425
>structures/MetRS_AF_Bact_Prochlorococcus_marinus_subsp_marinus_str_CCMP1375_gene54200313.pdb
 0.317806  0.311257 -0.895611    20.002766
 0.172122 -0.947826 -0.268327    28.345048
-0.932402 -0.068879 -0.354800    93.143279
>structures/MetRS_AF_Bact_Streptobacillus_moniliformis_DSM_12112_gene29673607.pdb
 0.999829  0.007734 -0.016783    19.605372
-0.003889  0.975937  0.218017    24.301863
 0.018066 -0.217914  0.975801    91.533002
>structures/MetRS_AF_Bact_Treponema_denticola_ATCC_35405_gene2740824.pdb
 0.240255 -0.172817 -0.955202    20.440893
 0.259611 -0.936740  0.234775    26.536356
-0.935350 -0.304387 -0.180191    95.876979
>structures/MetRS_AF_Euk_Drosophila_melanogaster_gene37177.pdb
-0.538540  0.482267  0.690936    16.686534
 0.622546 -0.324849  0.711976    32.441830
 0.567813  0.813567 -0.125289    88.410541
>structures/MetRS_AF_Euk_Oryza_sativa_Japonica_Group_gene4341140.pdb
-0.767834  0.302106  0.564946    14.430550
 0.636448  0.258886  0.726575    27.173461
 0.073246  0.917447 -0.391056    89.134922
>structures/MetRS_AF_Euk_Scheffersomyces_stipitis_CBS_6054_gene4836672.pdb
 0.508975 -0.054138 -0.859077    26.732750
 0.706370 -0.544082  0.452788    27.381502
-0.491921 -0.837284 -0.238682    91.206949
>structures/MetRS_AF_Euk_Trypanosoma_brucei_brucei_TREU927_gene3662741.pdb
 0.958687 -0.097793 -0.267124    22.601225
 0.117406  0.991364  0.058427    28.461903
 0.259103 -0.087375  0.961889    92.035688
>structures/MetRS_AF_Mito_Arvicanthis_niloticus_gene117706247.pdb
 0.815026 -0.176935 -0.551749    20.754438
 0.566451  0.443682  0.694463    26.110029
 0.121927 -0.878544  0.461837    90.565523
>structures/MetRS_AF_Mito_Brachypodium_distachyon_gene100843706.pdb
-0.426338  0.090692  0.900006    19.092383
 0.543402 -0.769742  0.334979    26.440498
 0.723152  0.631880  0.278888    91.718515
>structures/MetRS_PDB_Arch_P_abyssi_1RQG.pdb
 0.999598 -0.015126 -0.023970     2.504437
 0.015238  0.999874  0.004507    -0.766438
 0.023898 -0.004870  0.999703     0.094384
>structures/MetRS_PDB_Bact_E_coli_1PFV.pdb
-0.152175 -0.583859  0.797466    -0.519624
-0.968015 -0.074797 -0.239482    41.353893
 0.199472 -0.808402 -0.553802   116.460253
>structures/MetRS_PDB_Bact_T_therm_1WOY.pdb
-0.675101  0.585850  0.448351   -24.535021
-0.472526  0.123323 -0.872646   139.368519
-0.566531 -0.800982  0.193574    51.724942
