>structures/IleRS_AF_Arch_Candidatus_Korarchaeum_cryptofilum_OPF8_gene6094904.pdb
-0.891573 -0.202719 -0.404973    13.256719
 0.431975 -0.112140 -0.894887    12.667250
 0.135997 -0.972795  0.187550    37.740226
>structures/IleRS_AF_Arch_Candidatus_Nitrosopumilus_sediminis_gene13697091.pdb
-0.346076 -0.462914 -0.816053    15.407380
-0.936240  0.226686  0.268456    14.738429
 0.060716  0.856927 -0.511849    32.243095
>structures/IleRS_AF_Arch_Pyrobaculum_aerophilum_str_IM2_gene1465853.pdb
 0.511077 -0.851241  0.119119    21.363006
-0.722617 -0.350477  0.595810    18.153682
-0.465429 -0.390582 -0.794242    37.836482
>structures/IleRS_AF_Arch_Thermoplasma_acidophilum_DSM_1728_gene1456418.pdb
-0.252113 -0.965787 -0.060787    17.617591
 0.965548 -0.255241  0.050681    13.386729
-0.064462 -0.045916  0.996863    31.369582
>structures/IleRS_AF_Bact_Chlamydia_muridarum_str_Nigg_gene1246458.pdb
-0.070536  0.816584  0.572901     8.702529
 0.596480  0.494866 -0.631917    12.578903
-0.799522  0.297151 -0.521982    43.705954
>structures/IleRS_AF_Bact_Lactobacillus_acidophilus_La-14_gene56942445.pdb
 0.916541 -0.387539  0.098823    10.448044
-0.304654 -0.516439  0.800298    13.572425
-0.259110 -0.763612 -0.591403    39.056800
>structures/IleRS_AF_Bact_Mycoplasma_hyopneumoniae_168-L_gene57100872.pdb
 0.914331 -0.378689  0.143506    13.371160
-0.317953 -0.451817  0.833527    12.539306
-0.250809 -0.807748 -0.533515    40.086708
>structures/IleRS_AF_Bact_Orientia_tsutsugamushi_str_Ikeda_gene66653313.pdb
-0.010261  0.982602 -0.185440    14.768573
-0.402408  0.165713  0.900337    11.970086
 0.915403  0.083861  0.393706    37.605685
>structures/IleRS_AF_Bact_Porphyromonas_gingivalis_ATCC_33277_gene29255747.pdb
-0.042690  0.979942 -0.194657    17.395479
-0.348503  0.167991  0.922131    10.807826
 0.936335  0.107205  0.334341    35.132331
>structures/IleRS_AF_Bact_Streptobacillus_moniliformis_DSM_12112_gene29674186.pdb
 0.924474 -0.355660  0.137309    17.126925
-0.320541 -0.530127  0.784996    14.172108
-0.206401 -0.769722 -0.604092    39.775514
>structures/IleRS_AF_Bact_Thermus_thermophilus_HB8_gene3168241.pdb
 0.063119  0.901543  0.428061    14.736356
 0.411008  0.367373 -0.834331    12.980561
-0.909444  0.228599 -0.347354    34.729029
>structures/IleRS_AF_Bact_Treponema_pallidum_subsp_pertenue_str_SamoaD_gene57878975.pdb
-0.841864  0.511060 -0.173441    13.234256
 0.126904 -0.124902 -0.984020    13.107289
-0.524557 -0.850421  0.040295    36.141312
>structures/IleRS_AF_Euk_Cyanidioschyzon_merolae_strain_10D_gene16992835.pdb
 0.298571 -0.131554  0.945277    11.935618
 0.822624  0.537645 -0.185006    12.029173
-0.483886  0.832845  0.268744    36.434808
>structures/IleRS_AF_Euk_Ostreococcus_lucimarinus_CCE9901_gene5000489.pdb
-0.987316  0.089253  0.131307    -0.799152
-0.144619 -0.164258 -0.975759     7.408493
-0.065521 -0.982371  0.175082    44.427215
>structures/IleRS_AF_Euk_Trypanosoma_brucei_brucei_TREU927_gene3663037.pdb
-0.958068 -0.177648 -0.224824    12.995698
 0.280113 -0.415418 -0.865427    15.051663
 0.060346 -0.892115  0.447761    38.847525
>structures/IleRS_AF_Euk_Ustilago_maydis_521_gene23568123.pdb
 0.984130  0.062438  0.166102    12.688539
-0.156312 -0.138038  0.978014    12.327099
 0.083994 -0.988457 -0.126088    42.114281
>structures/IleRS_AF_Mito_Drosophila_melanogaster_gene39762.pdb
-0.224235  0.658468 -0.718428    14.473357
-0.728144  0.376764  0.572586     8.641342
 0.647707  0.651513  0.394976    37.613228
>structures/IleRS_AF_Mito_Homo_sapiens_gene55699.pdb
 0.910217 -0.408313  0.069180    12.419223
-0.298793 -0.531819  0.792396    12.783473
-0.286755 -0.741923 -0.606071    37.713225
>structures/IleRS_AF_Vir_Megavirus_chiliensis_gene11256744.pdb
 0.349904  0.936704  0.012355    11.393065
-0.411807  0.141957  0.900146     9.524845
 0.841417 -0.320053  0.435412    41.712064
>structures/IleRS_PDB_Bact_S_aureus_1QU2.pdb
 0.390568 -0.838938 -0.378999    90.512709
 0.040376 -0.395691  0.917496   -44.006561
-0.919688 -0.373647 -0.120671   102.535994
>structures/IleRS_PDB_Bact_T_therm_1ILE.pdb
-0.010622  0.998098 -0.060727    15.420387
 0.189061 -0.057631 -0.980273   -10.174882
-0.981908 -0.021894 -0.188089     4.349809
>structures/IleRS_PDB_Euk_S_cere_7D5C.pdb
 1.000000  0.000000  0.000000     0.000000
 0.000000  1.000000  0.000000     0.000000
 0.000000  0.000000  1.000000     0.000000
