>structures/ArgRS_AF_Arch_Candidatus_Korarchaeum_cryptofilum_OPF8_gene6093502.pdb
-0.138231 -0.134103  0.981279    -7.425544
 0.004465 -0.990865 -0.134784     2.289318
 0.990390 -0.014250  0.137567     0.440605
>structures/ArgRS_AF_Arch_Candidatus_Nitrosopumilus_sediminis_gene13697696.pdb
-0.055180 -0.612113  0.788842    -4.830444
-0.430505 -0.698253 -0.571934     0.902194
 0.900900 -0.371160 -0.224988     0.191865
>structures/ArgRS_AF_Arch_Desulfurococcus_mucosus_DSM_2162_gene10153309.pdb
-0.313951 -0.269946  0.910255   -11.705164
-0.063681 -0.950583 -0.303870    -2.797251
 0.947301 -0.153366  0.281246     1.300848
>structures/ArgRS_AF_Arch_Methanothermococcus_okinawensis_IH1_gene10773248.pdb
-0.372859  0.317070  0.872034    -4.445842
 0.190312 -0.893693  0.406318     1.025756
 0.908162  0.317458  0.272879     0.538088
>structures/ArgRS_AF_Bact_Anoxybacillus_flavithermus_WK1_gene7039015.pdb
-0.378873 -0.638812  0.669608    -3.302193
-0.832062 -0.081608 -0.548647     3.075060
 0.405128 -0.765023 -0.500611     1.502975
>structures/ArgRS_AF_Bact_Brachyspira_pilosicoli_95_1000_gene56439668.pdb
-0.201984  0.148216  0.968109    -4.182197
 0.589957 -0.770608  0.241066     1.099717
 0.781763  0.619834  0.068209    -2.847341
>structures/ArgRS_AF_Bact_Chlamydia_psittaci_6BC_gene12242456.pdb
-0.028808 -0.105052  0.994049    -5.751414
 0.265183 -0.959632 -0.093730     1.969935
 0.963768  0.260905  0.055503    -1.558445
>structures/ArgRS_AF_Bact_Corynebacterium_ulcerans_809_gene75260071.pdb
-0.164088  0.091587  0.982185    -4.261020
 0.508595 -0.845284  0.163789     0.660349
 0.845226  0.526410  0.092120    -1.999044
>structures/ArgRS_AF_Bact_Cupriavidus_taiwanensis_LMG_19424_gene29762022.pdb
-0.150792 -0.004436  0.988556    -4.594821
 0.208793 -0.977574  0.027462    -0.167028
 0.966265  0.210544  0.148337    -0.059676
>structures/ArgRS_AF_Bact_Mycoplasma_hyopneumoniae_168-L_gene57100855.pdb
-0.043693 -0.063231  0.997042    -7.024250
 0.075607 -0.995342 -0.059810     0.431712
 0.996180  0.072770  0.048270     1.019308
>structures/ArgRS_AF_Bact_Prochlorococcus_marinus_subsp_marinus_str_CCMP1375_gene54199571.pdb
-0.613689 -0.721247  0.321229    -5.021780
-0.740709  0.385052 -0.550532    -3.454277
 0.273379 -0.575793 -0.770536    -0.062437
>structures/ArgRS_AF_Bact_Streptobacillus_moniliformis_DSM_12112_gene29674021.pdb
 0.782543 -0.367655 -0.502450    -3.829732
 0.615189  0.332497  0.714834     0.412898
-0.095749 -0.868490  0.486371    -1.278938
>structures/ArgRS_AF_Euk_Micromonas_commoda_gene8250062.pdb
-0.070518 -0.157921 -0.984931    -4.596570
 0.059961 -0.986274  0.153843     4.026168
-0.995707 -0.048209  0.079019    -0.338597
>structures/ArgRS_AF_Euk_Paulinella_chromatophora_gene6481434.pdb
-0.785932 -0.606203  0.121773    -7.574004
-0.593312  0.683946 -0.424498    -3.267460
 0.174046 -0.405876 -0.897203    -1.512096
>structures/ArgRS_AF_Euk_Polyodon_spathula_gene121324634.pdb
-0.497990  0.667363  0.553745    -6.654828
 0.493330 -0.307136  0.813814     8.751805
 0.713184  0.678450 -0.176279    -0.128026
>structures/ArgRS_AF_Euk_Thalassiosira_pseudonana_CCMP1335_gene7449555.pdb
 0.801085 -0.458135 -0.385195    -1.147157
 0.598379  0.597577  0.533708     4.302602
-0.014327 -0.658038  0.752848     3.332966
>structures/ArgRS_AF_Mito_Caenorhabditis_elegans_gene174023.pdb
-0.978310 -0.179294  0.103745    -7.979742
-0.193338  0.970121 -0.146580    -1.534640
-0.074364 -0.163459 -0.983743     3.830167
>structures/ArgRS_AF_Mito_Saccharomyces_cerevisiae_S288C_gene851942.pdb
 0.668010  0.719388 -0.190378    -2.962135
-0.598548  0.367414 -0.711862     2.132133
-0.442157  0.589481  0.676025    -1.879473
>structures/ArgRS_AF_Vir_Megavirus_chiliensis_gene11257368.pdb
 0.999997 -0.002189 -0.001139     0.023905
 0.002188  0.999997 -0.000912     0.017421
 0.001141  0.000909  0.999999    -0.005102
>structures/ArgRS_PDB_Arch_2ZUF.pdb
-0.856459  0.485059 -0.176625    19.183840
-0.384420 -0.370944  0.845353   -16.657351
 0.344528  0.791908  0.504165   -20.969707
>structures/ArgRS_PDB_Bact_1IQ0.pdb
 0.524593 -0.357858  0.772489    15.146945
-0.206893  0.826578  0.523415   -54.202339
-0.825831 -0.434403  0.359579    37.990507
>structures/ArgRS_PDB_Euk_S_cerevisiae_1BS2.pdb
-0.415161 -0.727324  0.546480    78.894546
-0.732292  0.623595  0.273636   -10.624498
-0.539805 -0.286580 -0.791506    28.371454
