>structures/ArgRS_AF_Arch_Candidatus_Korarchaeum_cryptofilum_OPF8_gene6093502.pdb
-0.782963 -0.550773  0.289169    51.623808
 0.312227  0.054114  0.948465    45.755441
-0.538037  0.832899  0.129596   117.548125
>structures/ArgRS_AF_Arch_Candidatus_Nitrosopumilus_sediminis_gene13697696.pdb
-0.898077 -0.366423  0.243293    52.315409
 0.424288 -0.575946  0.698761    48.181596
-0.115919  0.730767  0.672712   119.085072
>structures/ArgRS_AF_Arch_Desulfurococcus_mucosus_DSM_2162_gene10153309.pdb
-0.867734 -0.492592  0.066261    46.444272
 0.150651 -0.133622  0.979515    43.283298
-0.473647  0.859941  0.190157   121.010639
>structures/ArgRS_AF_Arch_Methanothermococcus_okinawensis_IH1_gene10773248.pdb
-0.738853 -0.533179  0.412089    52.304798
 0.035974  0.579448  0.814215    48.649748
-0.672906  0.616409 -0.408946   118.832632
>structures/ArgRS_AF_Bact_Anoxybacillus_flavithermus_WK1_gene7039015.pdb
-0.890126  0.218157  0.400103    53.166727
-0.005866 -0.883384  0.468614    49.710566
 0.455676  0.414779  0.787603   116.694947
>structures/ArgRS_AF_Bact_Brachyspira_pilosicoli_95_1000_gene56439668.pdb
-0.366063 -0.769971  0.522630    54.928473
 0.058951  0.541297  0.838763    47.382909
-0.928721  0.337850 -0.152758   120.578488
>structures/ArgRS_AF_Bact_Chlamydia_psittaci_6BC_gene12242456.pdb
-0.581416 -0.721714  0.375611    53.697993
 0.350176  0.194735  0.916218    46.407370
-0.734392  0.664234  0.139505   119.020812
>structures/ArgRS_AF_Bact_Corynebacterium_ulcerans_809_gene75260071.pdb
-0.435612 -0.765886  0.472927    54.053592
 0.134955  0.463887  0.875554    47.763774
-0.889960  0.445226 -0.098715   120.494973
>structures/ArgRS_AF_Bact_Cupriavidus_taiwanensis_LMG_19424_gene29762022.pdb
-0.668402 -0.647296  0.366397    52.070293
 0.253807  0.264548  0.930374    48.469830
-0.699158  0.714858 -0.012536   120.142227
>structures/ArgRS_AF_Bact_Mycoplasma_hyopneumoniae_168-L_gene57100855.pdb
-0.707344 -0.583342  0.399220    50.454732
 0.385138  0.155533  0.909659    46.697463
-0.592734  0.797196  0.114652   118.849260
>structures/ArgRS_AF_Bact_Prochlorococcus_marinus_subsp_marinus_str_CCMP1375_gene54199571.pdb
-0.857625  0.276779  0.433442    50.219677
-0.286888 -0.956979  0.043442    48.682655
 0.426819 -0.087092  0.900134   122.883301
>structures/ArgRS_AF_Bact_Streptobacillus_moniliformis_DSM_12112_gene29674021.pdb
 0.743852  0.628121 -0.228361    53.606337
 0.536103 -0.764792 -0.357333    48.502359
-0.399097  0.143378 -0.905629   120.362852
>structures/ArgRS_AF_Euk_Micromonas_commoda_gene8250062.pdb
 0.725381 -0.534665 -0.433538    54.388318
-0.506411  0.012081 -0.862208    47.602179
 0.466230  0.844977 -0.261997   116.743678
>structures/ArgRS_AF_Euk_Paulinella_chromatophora_gene6481434.pdb
-0.791416  0.357126  0.496107    50.179496
-0.508631 -0.834881 -0.210400    45.766123
 0.339051 -0.418850  0.842383   123.259360
>structures/ArgRS_AF_Euk_Polyodon_spathula_gene121324634.pdb
-0.502825 -0.337383  0.795827    55.648692
-0.213927  0.940612  0.263598    45.020368
-0.837498 -0.037705 -0.545139   112.454054
>structures/ArgRS_AF_Euk_Thalassiosira_pseudonana_CCMP1335_gene7449555.pdb
 0.684791  0.566175 -0.458810    53.457051
 0.591184 -0.799736 -0.104516    52.188689
-0.426102 -0.199670 -0.882366   114.887300
>structures/ArgRS_AF_Mito_Caenorhabditis_elegans_gene174023.pdb
-0.498924  0.523678  0.690533    46.974173
-0.859019 -0.404304 -0.314046    47.444115
 0.114726 -0.749866  0.651567   118.944240
>structures/ArgRS_AF_Mito_Saccharomyces_cerevisiae_S288C_gene851942.pdb
 0.331886  0.091023 -0.938918    55.312992
 0.501521  0.825982  0.257351    48.692624
 0.798954 -0.556298  0.228482   119.303718
>structures/ArgRS_AF_Vir_Megavirus_chiliensis_gene11257368.pdb
 0.466219  0.501515 -0.728781    54.275939
 0.880322 -0.181431  0.438311    52.524280
 0.087596 -0.845911 -0.526082   120.373073
>structures/ArgRS_PDB_Arch_2ZUF.pdb
-0.843124 -0.537198 -0.023669    70.061780
-0.533601  0.841293 -0.086581    63.202563
 0.066424 -0.060369 -0.995964   147.232833
>structures/ArgRS_PDB_Bact_1IQ0.pdb
 0.741268  0.565508  0.361556     6.375335
 0.136735 -0.654594  0.743513    92.283712
 0.657135 -0.501705 -0.562554   147.525256
>structures/ArgRS_PDB_Bact_3FNR.pdb
 0.999998 -0.000908 -0.001718     0.233782
 0.000906  0.999999 -0.001398     0.084473
 0.001719  0.001397  0.999998    -0.163299
