>structures/Pro_Arch_1nj8_M_janacshii.pdb
 0.170379  0.916519  0.361890   -75.304458
 0.861878  0.039409 -0.505581   -64.953797
-0.477637  0.398046 -0.783213    61.576487
>structures/Prolyl.A.Candidatus_Thermoplasmatota.NC_005877.1.pdb
 0.943552  0.325344  0.062142     0.589027
-0.266376  0.856848 -0.441424     0.798366
-0.196861  0.399953  0.895144     2.172259
>structures/Prolyl.A.Crenarchaeota.NC_007181.1.pdb
 0.019163 -0.680322  0.732662    -1.174101
-0.764061 -0.482603 -0.428142    -1.229706
 0.644859 -0.551594 -0.529056     2.333873
>structures/Prolyl.A.Euryarchaeota.NC_022084.1.pdb
 0.995969 -0.088632  0.013817    -0.517029
 0.089249  0.994576 -0.053420    -0.914642
-0.009007  0.054438  0.998477     1.659162
>structures/Prolyl.A.Thaumarchaeota.NC_018656.1.pdb
 0.009385 -0.594857  0.803777    -1.271211
-0.651439 -0.613471 -0.446409    -1.209577
 0.758643 -0.519422 -0.393270     1.030796
>structures/Prolyl.B.Bacteroidota.NC_010729.1.pdb
 1.000000  0.000000  0.000000     0.000000
 0.000000  1.000000  0.000000     0.000000
 0.000000  0.000000  1.000000     0.000000
>structures/Prolyl.E.Apicomplexa.NC_036186.2.pdb
 0.893811  0.411094 -0.179177    -0.318812
-0.436537  0.706146 -0.557488    -5.914782
-0.102655  0.576506  0.810619     0.225051
>structures/Prolyl.E.Ascomycota.NC_032095.1.pdb
-0.431063  0.614771  0.660486    -2.270005
 0.184668 -0.656384  0.731476    -0.438631
 0.883223  0.437283  0.169414     0.670860
>structures/Prolyl.E.Evosea.NC_007090.3.pdb
 0.885002  0.459012 -0.077970     3.599204
-0.378248  0.611185 -0.695256    -6.376239
-0.271477  0.644795  0.714521     0.257664
>structures/Prolyl.E.Rhodophyta.NC_010136.1.pdb
 0.747558  0.634246 -0.197205     1.784140
-0.524140  0.380954 -0.761676    -5.795495
-0.407964  0.672760  0.617219    -1.132169
