>../../../../class2//ala/data/domains/Protozyme//structures/AlaRS_AF_Bact_Nocardia_farcinica_IFM_10152_gene61134339.pdb
-0.959109 -0.240240  0.149651    23.681105
-0.092132 -0.234944 -0.967633   -13.102777
 0.267624 -0.941852  0.203203     2.971735
>../../../../class2//asn/data/domains/Protozyme//structures/AsnRS_AF_Arch_Candidatus_Korarchaeum_cryptofilum_OPF8_gene6094562.pdb
-0.892078 -0.265117 -0.365937     0.663682
-0.431713  0.739249  0.516850    -6.130225
 0.133494  0.619051 -0.773922     9.121683
>../../../../class2//asp1/data/domains/Protozyme//structures/AspRS_AF_Bact_Bacillus_anthracis_str_Ames_Ancestor_gene45024275.pdb
-0.823951 -0.387631 -0.413336    -2.722289
-0.522988  0.239388  0.818032     0.673924
-0.218147  0.890188 -0.399971     7.065195
>../../../../class2//asp2/data/domains/Protozyme//structures/AsxRS_AF_Euk_Caenorhabditis_elegans_gene176334.pdb
 0.080815 -0.968650 -0.234919     0.796026
 0.992438  0.100045 -0.071111    -7.653854
 0.092384 -0.227395  0.969410    11.797746
>../../../../class2//gly1/data/domains/Protozyme//structures/GlyRS-A_AF_Arch_Candidatus_Nitrosopumilus_sediminis_gene13697160.pdb
 0.028039  0.946069 -0.322751    -1.896678
 0.022328 -0.323390 -0.946002    -1.276626
-0.999357  0.019319 -0.030192     8.158112
>../../../../class2//gly2/data/domains/Protozyme//structures/GlyRS-Bα_AF_Bact_Brachyspira_pilosicoli_95_1000_gene56440230.pdb
 0.258769  0.959000  0.115574     8.250648
-0.705271  0.269336 -0.655783     0.381716
-0.660024  0.088186  0.746051    -0.867565
>../../../../class2//gly3/data/domains/Protozyme//structures/GlyRS-E_AF_Euk_Cryptococcus_neoformans_var_neoformans_JEC21_gene3258293.pdb
-0.951452  0.296622 -0.082180    -0.649042
 0.042051  0.389760  0.919956    -0.634269
 0.304910  0.871839 -0.383311     6.668842
>../../../../class2//his/data/domains/Protozyme//structures/HisRS_AF_Arch_Candidatus_Methanomassiliicoccus_intestinalis_Issoire-Mx1_gene16154026.pdb
 0.494033 -0.401065  0.771414     2.317758
-0.844883 -0.430852  0.317080    -4.108007
 0.205196 -0.808402 -0.551708     5.750824
>../../../../class2//lys/data/domains/Protozyme//structures/LysRS-II_AF_Arch_Aciduliprofundum_boonei_T469_gene8827564.pdb
-0.077979 -0.948108 -0.308238     2.788123
 0.979471 -0.015208 -0.201010    -7.036576
 0.185891 -0.317584  0.929830    11.204343
>../../../../class2//phe1/data/domains/Protozyme//structures/PheRS-Bα_AF_Bact_Brachyspira_pilosicoli_95_1000_gene56440383.pdb
-0.308787 -0.652653 -0.691877     4.158995
-0.927677  0.046115  0.370525    -6.647570
-0.209918  0.756252 -0.619691     7.190582
>../../../../class2//phe2/data/domains/Protozyme//structures/PheRS-Bβ_AF_Bact_Brachyspira_pilosicoli_95_1000_gene56440382.pdb
-0.943418 -0.271980  0.189711    22.196371
-0.113871 -0.271597 -0.955651   -24.822572
 0.311442 -0.923180  0.225259     1.953202
>../../../../class2//phe3/data/domains/Protozyme//structures/PheRS-Aα_AF_Arch_Candidatus_Nitrosopumilus_koreensis_AR1_gene13724458.pdb
 1.000000  0.000000  0.000000     0.000000
 0.000000  1.000000  0.000000     0.000000
 0.000000  0.000000  1.000000     0.000000
>../../../../class2//phe4/data/domains/Protozyme//structures/PheRS-Aβ_AF_Arch_Candidatus_Nitrosopumilus_koreensis_AR1_gene13724457.pdb
-0.958911 -0.280073  0.045261    27.788739
 0.094119 -0.464544 -0.880534   -26.976512
 0.267639 -0.840094  0.471817     5.849944
>../../../../class2//phe5/data/domains/Protozyme//structures/PheRS-M_AF_Mito_Arabidopsis_thaliana_gene824983.pdb
 0.206800 -0.726897 -0.654869     8.303911
-0.770090  0.291928 -0.567222    -4.880618
 0.603486  0.621610 -0.499405     7.110470
>../../../../class2//pro1/data/domains/Protozyme//structures/ProRS-A_AF_Euk_Ostreococcus_tauri_gene9837972.pdb
 0.037823  0.878972 -0.475370    -8.347078
-0.198788 -0.459585 -0.865601     0.043295
-0.979312  0.127237  0.157346     7.105652
>../../../../class2//pro2/data/domains/Protozyme//structures/ProRS-B_AF_Bact_Acinetobacter_baylyi_ADP1_gene45233245.pdb
-0.019891  0.962009 -0.272292     1.746999
 0.401221 -0.241773 -0.883497     5.348532
-0.915765 -0.126823 -0.381169     9.583760
>../../../../class2//pyl/data/domains/Protozyme//structures/PylRS_AF_Arch_Candidatus_Methanomassiliicoccus_intestinalis_Issoire-Mx1_gene16153983.pdb
 0.081264  0.939242  0.333497     2.141241
-0.603770  0.312613 -0.733304    -1.482438
-0.793005 -0.141765  0.592491     5.870969
>../../../../class2//sep/data/domains/Protozyme//structures/SepRS_AF_Arch_Methanothrix_thermoacetophila_PT_gene4462697.pdb
-0.175450 -0.551021 -0.815839     0.190136
 0.860015 -0.489115  0.145401    -9.756799
-0.479158 -0.676123  0.559701    18.528618
>../../../../class2//ser1/data/domains/Protozyme//structures/SerRS_AF_Bact_Chlamydia_psittaci_6BC_gene12242544.pdb
-0.289167  0.277278 -0.916242     5.850170
 0.011030 -0.956103 -0.292822     7.072335
-0.957215 -0.094780  0.273415    -0.608637
>../../../../class2//ser2/data/domains/Protozyme//structures/SerRS-A_AF_Arch_Ignisphaera_aggregans_protein304378874.pdb
 0.281100  0.370615  0.885227     8.895573
-0.046592 -0.916062  0.398320     6.312120
 0.958547 -0.153212 -0.240238    -1.683547
>../../../../class2//thr/data/domains/Protozyme//structures/ThrRS_AF_Mito_Oryza_sativa_Japonica_Group_gene4345200.pdb
-0.226725 -0.973618 -0.025759     1.107985
-0.743583  0.155955  0.650202     8.398841
-0.629031  0.166571 -0.759325    15.808478
