>../../../../class2//ala/data/domains/Protozyme//structures/AlaRS_AF_Bact_Nocardia_farcinica_IFM_10152_gene61134339.pdb
-0.958711 -0.242588  0.148405    23.653358
-0.090516 -0.234409 -0.967915   -13.138319
 0.269592 -0.941384  0.202772     2.905268
>../../../../class2//asn/data/domains/Protozyme//structures/AsnRS_AF_Arch_Candidatus_Korarchaeum_cryptofilum_OPF8_gene6094562.pdb
-0.881254 -0.271573 -0.386832     1.079797
-0.452251  0.722317  0.523190    -6.541997
 0.137331  0.636008 -0.759364     8.983261
>../../../../class2//asp1/data/domains/Protozyme//structures/AspRS_AF_Bact_Bacillus_anthracis_str_Ames_Ancestor_gene45024275.pdb
-0.822405 -0.380864 -0.422602    -2.751157
-0.527442  0.232065  0.817282     0.565495
-0.213203  0.895035 -0.391735     7.155274
>../../../../class2//asp2/data/domains/Protozyme//structures/AsxRS_AF_Euk_Caenorhabditis_elegans_gene176334.pdb
 0.056669 -0.973111 -0.223258     1.000295
 0.992131  0.079893 -0.096400    -7.910707
 0.111645 -0.216038  0.969981    11.604838
>../../../../class2//gly1/data/domains/Protozyme//structures/GlyRS-A_AF_Arch_Candidatus_Nitrosopumilus_sediminis_gene13697160.pdb
 0.019809  0.953680 -0.300169    -1.873244
 0.029626 -0.300656 -0.953272    -1.511507
-0.999365  0.009990 -0.034210     8.198699
>../../../../class2//gly2/data/domains/Protozyme//structures/GlyRS-Bα_AF_Bact_Brachyspira_pilosicoli_95_1000_gene56440230.pdb
 0.187874  0.975268  0.116429     8.312140
-0.693691  0.215673 -0.687224     0.866062
-0.695338  0.048346  0.717054    -1.032322
>../../../../class2//gly3/data/domains/Protozyme//structures/GlyRS-E_AF_Euk_Cryptococcus_neoformans_var_neoformans_JEC21_gene3258293.pdb
-0.953342  0.287911 -0.090813    -0.645495
 0.028713  0.385920  0.922085    -0.715477
 0.300525  0.876455 -0.376181     6.621275
>../../../../class2//his/data/domains/Protozyme//structures/HisRS_AF_Arch_Candidatus_Methanomassiliicoccus_intestinalis_Issoire-Mx1_gene16154026.pdb
 0.507947 -0.396703  0.764602     2.370750
-0.838003 -0.433006  0.332050    -4.207755
 0.199352 -0.809403 -0.552382     5.743222
>../../../../class2//lys/data/domains/Protozyme//structures/LysRS-II_AF_Arch_Aciduliprofundum_boonei_T469_gene8827564.pdb
-0.090018 -0.945825 -0.311948     2.896523
 0.976399 -0.022069 -0.214842    -7.116443
 0.196319 -0.323926  0.925490    11.054426
>../../../../class2//phe1/data/domains/Protozyme//structures/PheRS-Bα_AF_Bact_Brachyspira_pilosicoli_95_1000_gene56440383.pdb
-0.312009 -0.652706 -0.690380     4.150308
-0.926896  0.049575  0.372030    -6.626744
-0.208601  0.755987 -0.620459     7.203290
>../../../../class2//phe2/data/domains/Protozyme//structures/PheRS-Bβ_AF_Bact_Brachyspira_pilosicoli_95_1000_gene56440382.pdb
-0.941995 -0.270758  0.198334    22.389396
-0.122660 -0.272331 -0.954353   -24.677134
 0.312411 -0.923323  0.223323     1.881661
>../../../../class2//phe3/data/domains/Protozyme//structures/PheRS-Aα_AF_Arch_Candidatus_Nitrosopumilus_koreensis_AR1_gene13724458.pdb
 1.000000  0.000000  0.000000     0.000000
 0.000000  1.000000  0.000000     0.000000
 0.000000  0.000000  1.000000     0.000000
>../../../../class2//phe4/data/domains/Protozyme//structures/PheRS-Aβ_AF_Arch_Candidatus_Nitrosopumilus_koreensis_AR1_gene13724457.pdb
-0.962764 -0.267261  0.040694    27.725122
 0.088582 -0.454091 -0.886541   -27.022808
 0.255417 -0.849925  0.460857     5.804275
>../../../../class2//phe5/data/domains/Protozyme//structures/PheRS-M_AF_Mito_Arabidopsis_thaliana_gene824983.pdb
 0.207219 -0.729319 -0.652038     8.335320
-0.765572  0.294060 -0.572213    -4.883008
 0.609064  0.617756 -0.497412     7.184610
>../../../../class2//pro1/data/domains/Protozyme//structures/ProRS-A_AF_Euk_Ostreococcus_tauri_gene9837972.pdb
 0.047201  0.875991 -0.480012    -8.313897
-0.201223 -0.462358 -0.863559     0.191641
-0.978408  0.137350  0.154446     6.598267
>../../../../class2//pro2/data/domains/Protozyme//structures/ProRS-B_AF_Bact_Acinetobacter_baylyi_ADP1_gene45233245.pdb
-0.033403  0.966374 -0.254962     1.599299
 0.399089 -0.220987 -0.889884     5.190124
-0.916304 -0.131477 -0.378287     9.694135
>../../../../class2//pro3/data/domains/Protozyme//structures/ProRS-M_AF_Mito_Drosophila_melanogaster_gene38331.pdb
-0.860524  0.496934 -0.112053    -2.648649
 0.165696  0.481052  0.860891    -3.446850
 0.481709  0.722251 -0.496296    11.406397
>../../../../class2//pyl/data/domains/Protozyme//structures/PylRS_AF_Arch_Candidatus_Methanomassiliicoccus_intestinalis_Issoire-Mx1_gene16153983.pdb
 0.093334  0.938385  0.332751     2.162186
-0.596437  0.320302 -0.735982    -1.531943
-0.797215 -0.129773  0.589582     5.766396
>../../../../class2//sep/data/domains/Protozyme//structures/SepRS_AF_Arch_Methanothrix_thermoacetophila_PT_gene4462697.pdb
-0.186265 -0.548118 -0.815397     0.325756
 0.859452 -0.493042  0.135099    -9.874095
-0.476076 -0.675630  0.562917    18.505388
>../../../../class2//ser1/data/domains/Protozyme//structures/SerRS_AF_Bact_Chlamydia_psittaci_6BC_gene12242544.pdb
-0.252382  0.331691 -0.909002     5.349402
 0.035308 -0.935630 -0.351211     6.950874
-0.966983 -0.120734  0.224425    -0.514097
>../../../../class2//ser2/data/domains/Protozyme//structures/SerRS-A_AF_Arch_Ignisphaera_aggregans_protein304378874.pdb
 0.284867  0.413417  0.864834     8.567999
-0.060285 -0.892703  0.446596     6.232906
 0.956670 -0.179357 -0.229378    -1.420102
>../../../../class2//thr/data/domains/Protozyme//structures/ThrRS_AF_Mito_Oryza_sativa_Japonica_Group_gene4345200.pdb
-0.209928 -0.977359 -0.026444     0.702968
-0.740358  0.141241  0.657207     8.107614
-0.638592  0.157544 -0.753246    15.778676
