>structures/PheRS-Aα_AF_Arch_Candidatus_Nitrosopumilus_koreensis_AR1_gene13724458.pdb
 0.999997  0.001725 -0.001725    -0.004457
-0.001724  0.999998  0.000255    -0.004178
 0.001725 -0.000252  0.999998    -0.034977
>structures/PheRS-Aα_AF_Arch_Haloterrigena_turkmenica_DSM_5511_gene8744248.pdb
 0.071246  0.977930 -0.196411     2.236433
-0.441846 -0.145596 -0.885197    -6.972843
-0.894257  0.149850  0.421721     9.937839
>structures/PheRS-Aα_AF_Arch_Thermoplasma_volcanium_GSS1_gene1441177.pdb
-0.402128 -0.914854 -0.036543     1.539635
-0.905871  0.403343 -0.129273    -9.182807
 0.133005 -0.018881 -0.990936     8.941230
>structures/PheRS-Aα_AF_Arch_Thermosphaera_aggregans_DSM_11486_gene9165306.pdb
 0.894868  0.094316  0.436252     3.528088
 0.041856  0.955378 -0.292406    -9.724977
-0.444364  0.279924  0.850990    15.849449
>structures/PheRS-Aα_AF_Euk_Cyanidioschyzon_merolae_strain_10D_gene16993638.pdb
-0.905191  0.330101 -0.267700    -6.798345
 0.102383  0.780690  0.616474    -5.731953
 0.412489  0.530619 -0.740470    12.329185
>structures/PheRS-Aα_AF_Euk_Megalobrama_amblycephala_gene125266654.pdb
 0.458415 -0.526583  0.715937     3.638571
-0.526975 -0.809727 -0.258144    -6.714650
 0.715648 -0.258944 -0.648688    16.805667
>structures/PheRS-Aα_AF_Euk_Plasmodium_falciparum_3D7_gene813233.pdb
 0.260125 -0.883057 -0.390571    -0.123988
 0.829678 -0.002504  0.558236     1.366939
-0.493933 -0.469259  0.732002    18.970360
>structures/PheRS-Aα_AF_Euk_Schizosaccharomyces_pombe_gene2543647.pdb
-0.509448  0.341936 -0.789647    -4.716203
 0.043068 -0.906377 -0.420269    -3.487129
-0.859423 -0.248114  0.447025    13.180955
>structures/PheRS-Aα_PDB_Euk.B_H_sapiens_3L4G.C.pdb
 0.439150  0.368037 -0.819571   -86.076767
-0.469901 -0.683422 -0.558684    72.059128
-0.765729  0.630463 -0.127184   -39.462853
