>../../../../class2//his/data/domains/HTRS_IM//structures/HisRS_AF_Arch_Candidatus_Methanomassiliicoccus_intestinalis_Issoire-Mx1_gene16154026.pdb
-0.610509 -0.220273  0.760762    -4.373814
 0.737504 -0.508284  0.444674     2.462116
 0.288734  0.832543  0.472764     0.982870
>../../../../class2//his/data/domains/HTRS_IM//structures/HisRS_AF_Arch_Candidatus_Nitrosopumilus_koreensis_AR1_gene13725657.pdb
 0.609427 -0.191082 -0.769471    -2.502987
-0.489415 -0.854210 -0.175496     0.427665
-0.623756  0.483543 -0.614097     3.727988
>../../../../class2//his/data/domains/HTRS_IM//structures/HisRS_AF_Arch_Desulfurococcus_amylolyticus_1221n_gene7171287.pdb
 0.661647  0.414781 -0.624644     0.531979
-0.045924  0.853916  0.518380    -1.763402
 0.748408 -0.314299  0.584039    -3.110618
>../../../../class2//his/data/domains/HTRS_IM//structures/HisRS_AF_Arch_Methanoregula_formicica_SMSP_gene14310605.pdb
-0.537641 -0.165635  0.826745    -4.174976
 0.366596 -0.928909  0.052298     0.980232
 0.759308  0.331199  0.560141     8.693193
>../../../../class2//his/data/domains/HTRS_IM//structures/HisRS_AF_Bact_Chlamydia_muridarum_str_Nigg_gene1246198.pdb
 0.819631  0.021643 -0.572483    -4.643939
-0.151585 -0.955478 -0.253149    -0.931116
-0.552474  0.294268 -0.779858    -1.885111
>../../../../class2//his/data/domains/HTRS_IM//structures/HisRS_AF_Bact_Lacticaseibacillus_paracasei_gene61269730.pdb
 0.519317  0.310138 -0.796320    -3.498432
-0.831943 -0.029587 -0.554071    -6.462314
-0.195399  0.950231  0.242652     6.236501
>../../../../class2//his/data/domains/HTRS_IM//structures/HisRS_AF_Bact_Paracoccus_denitrificans_PD1222_gene75501415.pdb
 0.565364  0.620482 -0.543476    -0.235622
-0.296353  0.767691  0.568178     1.504183
 0.769766 -0.160167  0.617906     2.628221
>../../../../class2//his/data/domains/HTRS_IM//structures/HisRS_AF_Bact_Prochlorococcus_marinus_subsp_marinus_str_CCMP1375_gene54200127.pdb
 0.812639  0.211772 -0.542928    -1.039242
-0.032842  0.946798  0.320148    -2.777921
 0.581842 -0.242334  0.776360    13.304337
>../../../../class2//his/data/domains/HTRS_IM//structures/HisRS_AF_Bact_Streptobacillus_moniliformis_DSM_12112_gene29674169.pdb
 0.558116  0.211574 -0.802336    -2.544178
-0.802412 -0.108597 -0.586806    -6.392733
-0.211284  0.971310  0.109160     4.165258
>../../../../class2//his/data/domains/HTRS_IM//structures/HisRS_AF_Bact_Streptomyces_albidoflavus_gene15149169.pdb
 0.644577  0.380911 -0.662893    -4.580490
-0.597973 -0.289089 -0.747567    -2.571223
-0.476392  0.878256  0.041434     7.432009
>../../../../class2//his/data/domains/HTRS_IM//structures/HisRS_AF_Bact_Thermus_thermophilus_HB8_gene3168691.pdb
 0.469034  0.259040 -0.844337    -3.827779
-0.881395  0.076548 -0.466136    -6.646741
-0.056115  0.962828  0.264221     7.166429
>../../../../class2//his/data/domains/HTRS_IM//structures/HisRS_AF_Bact_Treponema_denticola_ATCC_35405_gene2741405.pdb
 0.653042 -0.295360 -0.697351    -3.041325
 0.443385 -0.597390  0.668233     0.689208
-0.613960 -0.745579 -0.259163     7.291302
>../../../../class2//his/data/domains/HTRS_IM//structures/HisRS_AF_Euk_Arabidopsis_thaliana_gene823753.pdb
 0.574765  0.246774 -0.780223    -2.560175
-0.700811 -0.343833 -0.625015    -1.381979
-0.422504  0.906025 -0.024681     5.650454
>../../../../class2//his/data/domains/HTRS_IM//structures/HisRS_AF_Euk_Cryptococcus_gattii_WM276_gene10186972.pdb
-0.673771 -0.055120  0.736881    -1.823627
-0.227213  0.964356 -0.135617    -1.651420
-0.703141 -0.258804 -0.662279     4.797720
>../../../../class2//his/data/domains/HTRS_IM//structures/HisRS_AF_Euk_Plasmodium_falciparum_3D7_gene812010.pdb
-0.237370 -0.261781 -0.935482    -2.348351
-0.915853 -0.260722  0.305348    16.665879
-0.323835  0.929244 -0.177865    -2.483155
>../../../../class2//his/data/domains/HTRS_IM//structures/HisRS_AF_Euk_Platysiphonia_delicata_gene33353157.pdb
 0.539621  0.279878 -0.794026    -1.534035
-0.813886 -0.067885 -0.577046    -8.402107
-0.215405  0.957632  0.191157     5.363265
>../../../../class2//his/data/domains/HTRS_IM//structures/HisRS_PDB_Arch_T_acidophilum_1WU7.pdb
-0.304826 -0.913958  0.267883    21.887259
-0.358901  0.370766  0.856576   -77.290080
-0.882197  0.164963 -0.441040    35.575277
>../../../../class2//his/data/domains/HTRS_IM//structures/HisRS_PDB_Bact_B_thailandensis_4e51.pdb
 0.248256 -0.081556  0.965255   -47.615940
 0.966463  0.088455 -0.241093     4.557037
-0.065719  0.992736  0.100780     2.677908
>../../../../class2//his/data/domains/HTRS_IM//structures/HisRS_PDB_Bact_E_coli_1HTT.pdb
 0.024978  0.575337 -0.817535     8.717818
 0.708413 -0.587200 -0.391596    28.641794
-0.705356 -0.569371 -0.422244    15.087333
>../../../../class2//thr/data/domains/HTRS_IM//structures/ThrRS_AF_Arch_Candidatus_Methanomethylophilus_alvus_Mx1201_gene15140074.pdb
 0.037289 -0.911480  0.409650    -2.114789
 0.998155  0.053627  0.028464     2.154894
-0.047913  0.407833  0.911798     5.043982
>../../../../class2//thr/data/domains/HTRS_IM//structures/ThrRS_AF_Arch_Candidatus_Nitrosopumilus_koreensis_AR1_gene13725077.pdb
 0.815891  0.096933 -0.570023    -2.595108
-0.508630  0.589176 -0.627827    -9.417633
 0.274987  0.802169  0.530007     9.311202
>../../../../class2//thr/data/domains/HTRS_IM//structures/ThrRS_AF_Arch_Pyrococcus_furiosus_DSM_3638_gene1469226.pdb
 0.872803  0.071456 -0.482813    -2.150655
-0.478095  0.324172 -0.816295    -6.764129
 0.098185  0.943296  0.317101     8.362957
>../../../../class2//thr/data/domains/HTRS_IM//structures/ThrRS_AF_Arch_Sulfolobus_islandicus_M164_gene7940156.pdb
-0.561682  0.370865  0.739576    -3.264099
 0.286157  0.925818 -0.246931     1.444312
-0.776291  0.072938 -0.626141    11.479400
>../../../../class2//thr/data/domains/HTRS_IM//structures/ThrRS_AF_Bact_Bifidobacterium_longum_subsp_longum_JCM_1217_gene69578309.pdb
-0.028233  0.922996 -0.383773    -0.391367
-0.475161 -0.350169 -0.807220    -0.124455
-0.879446  0.159564  0.448457     1.058291
>../../../../class2//thr/data/domains/HTRS_IM//structures/ThrRS_AF_Bact_Brachyspira_pilosicoli_95_1000_gene56439092.pdb
-0.813348  0.440439  0.380103    -1.726625
-0.249077  0.326820 -0.911674     2.743640
-0.525763 -0.836183 -0.156115     1.604218
>../../../../class2//thr/data/domains/HTRS_IM//structures/ThrRS_AF_Bact_Brucella_abortus_2308_gene3787745.pdb
 0.452039  0.889658 -0.064571    -1.386139
 0.172121 -0.015968  0.984946     3.055364
 0.875234 -0.456349 -0.160347     2.539259
>../../../../class2//thr/data/domains/HTRS_IM//structures/ThrRS_AF_Bact_Lactobacillus_acidophilus_La-14_gene56943112.pdb
 0.083992 -0.760353 -0.644057     0.193339
-0.992609 -0.120660  0.013000     1.974642
-0.087597  0.638204 -0.764867    -2.953600
>../../../../class2//thr/data/domains/HTRS_IM//structures/ThrRS_AF_Bact_Mycoplasma_hyopneumoniae_168-L_gene57101460.pdb
-0.468352 -0.675122  0.569962    -0.420138
 0.875318 -0.442354  0.195300     3.557293
 0.120274  0.590367  0.798123     5.347965
>../../../../class2//thr/data/domains/HTRS_IM//structures/ThrRS_AF_Bact_Porphyromonas_gingivalis_ATCC_33277_gene29256174.pdb
-0.994756  0.086092 -0.055221     1.247239
 0.029184 -0.278546 -0.959979     1.503061
-0.098028 -0.956557  0.274573     3.109166
>../../../../class2//thr/data/domains/HTRS_IM//structures/ThrRS_AF_Bact_Prochlorococcus_marinus_subsp_marinus_str_CCMP1375_gene54200406.pdb
 1.000000  0.000000  0.000000     0.000000
 0.000000  1.000000  0.000000     0.000000
 0.000000  0.000000  1.000000     0.000000
>../../../../class2//thr/data/domains/HTRS_IM//structures/ThrRS_AF_Bact_Streptobacillus_moniliformis_DSM_12112_gene29674242.pdb
 0.337778 -0.160796 -0.927389    -0.693917
-0.924047  0.130736 -0.359229     2.523123
 0.179006  0.978291 -0.104423     1.095930
>../../../../class2//thr/data/domains/HTRS_IM//structures/ThrRS_AF_Euk_Arabidopsis_thaliana_gene832741.pdb
 0.147138  0.501233 -0.852711     1.483808
-0.453706 -0.731848 -0.508477     0.673571
-0.878920  0.461697  0.119730     1.314753
>../../../../class2//thr/data/domains/HTRS_IM//structures/ThrRS_AF_Euk_Cryptococcus_gattii_WM276_gene10188143.pdb
 0.215241  0.848161 -0.484040    -0.129641
-0.679914 -0.225637 -0.697714     2.021693
-0.700991  0.479282  0.528110    -0.647072
>../../../../class2//thr/data/domains/HTRS_IM//structures/ThrRS_AF_Euk_Cyanidioschyzon_merolae_strain_10D_gene16997242.pdb
 0.550777  0.751068 -0.364062    -0.582795
-0.013186  0.443960  0.895950     1.929914
 0.834548 -0.488668  0.254426    -0.473226
>../../../../class2//thr/data/domains/HTRS_IM//structures/ThrRS_AF_Euk_Zymoseptoria_tritici_IPO323_gene13396560.pdb
 0.667136 -0.538570  0.514657    10.253439
-0.552635 -0.821086 -0.142872     4.339753
 0.499525 -0.189102 -0.845408    -9.318822
>../../../../class2//thr/data/domains/HTRS_IM//structures/ThrRS_AF_Mito_Cyanidioschyzon_merolae_strain_10D_gene16995590.pdb
 0.663514  0.381515 -0.643581    -1.762118
-0.712923  0.583308 -0.389220     0.903925
 0.226913  0.717076  0.659024     3.203184
>../../../../class2//thr/data/domains/HTRS_IM//structures/ThrRS_AF_Mito_Oryza_sativa_Japonica_Group_gene4345200.pdb
-0.128492 -0.729344  0.671973     0.655555
-0.418370 -0.574476 -0.703522     1.655874
 0.899142 -0.371531 -0.231320    -0.358258
>../../../../class2//thr/data/domains/HTRS_IM//structures/ThrRS_PDB_Bact_E_coli_1evk.pdb
 0.489280 -0.419506 -0.764604    15.216808
 0.814658 -0.093141  0.572413   -32.516420
-0.311347 -0.902962  0.296182    66.859139
>../../../../class2//thr/data/domains/HTRS_IM//structures/ThrRS_PDB_Bact_S_aureus_1nyr.pdb
-0.991184 -0.031209  0.128767     7.656650
 0.064706 -0.962104  0.264893    34.512816
 0.115620  0.270889  0.955642   -62.711504
