>../../../../class2//his/data/domains/HTRS_IM//structures/HisRS_AF_Arch_Candidatus_Methanomassiliicoccus_intestinalis_Issoire-Mx1_gene16154026.pdb
 0.247189  0.940550  0.232946     7.441127
-0.091036  0.261886 -0.960795     1.849708
-0.964681  0.216291  0.150360    -4.657389
>../../../../class2//his/data/domains/HTRS_IM//structures/HisRS_AF_Arch_Candidatus_Nitrosopumilus_koreensis_AR1_gene13725657.pdb
-0.427206  0.813573 -0.394454     4.308515
 0.071326  0.465233  0.882310     1.171877
 0.901336  0.348793 -0.256780    -2.030931
>../../../../class2//his/data/domains/HTRS_IM//structures/HisRS_AF_Arch_Desulfurococcus_amylolyticus_1221n_gene7171287.pdb
 0.616934 -0.663331  0.423538    -0.227298
-0.710486 -0.700902 -0.062822     2.466771
 0.338530 -0.262161 -0.903697     2.737873
>../../../../class2//his/data/domains/HTRS_IM//structures/HisRS_AF_Arch_Methanoregula_formicica_SMSP_gene14310605.pdb
 0.662121  0.634691  0.398450    11.512238
-0.070962  0.582406 -0.809795     0.455892
-0.746029  0.507908  0.430662    -4.395022
>../../../../class2//his/data/domains/HTRS_IM//structures/HisRS_AF_Bact_Chlamydia_muridarum_str_Nigg_gene1246198.pdb
-0.584797  0.589508 -0.557219     2.352041
-0.304903  0.476808  0.824432     4.772486
 0.751696  0.652023 -0.099093    -1.867109
>../../../../class2//his/data/domains/HTRS_IM//structures/HisRS_AF_Bact_Lacticaseibacillus_paracasei_gene61269730.pdb
 0.073324  0.836803  0.542571    10.516394
 0.196801 -0.545479  0.814691     4.876369
 0.977698  0.047042 -0.204681     1.597334
>../../../../class2//his/data/domains/HTRS_IM//structures/HisRS_AF_Bact_Paracoccus_denitrificans_PD1222_gene75501415.pdb
 0.738266 -0.602983  0.302285     0.625053
-0.563275 -0.797676 -0.215487    -0.808529
 0.371060 -0.011183 -0.928542    -0.374105
>../../../../class2//his/data/domains/HTRS_IM//structures/HisRS_AF_Bact_Prochlorococcus_marinus_subsp_marinus_str_CCMP1375_gene54200127.pdb
 0.413458 -0.640346  0.647309    14.536132
-0.794939 -0.600519 -0.086305    -1.425072
 0.443986 -0.478888 -0.757326    -1.113380
>../../../../class2//his/data/domains/HTRS_IM//structures/HisRS_AF_Bact_Streptobacillus_moniliformis_DSM_12112_gene29674169.pdb
 0.061588  0.895314  0.441158     8.077175
 0.161625 -0.445109  0.880770     4.782371
 0.984929  0.017057 -0.172118     2.606221
>../../../../class2//his/data/domains/HTRS_IM//structures/HisRS_AF_Bact_Streptomyces_albidoflavus_gene15149169.pdb
-0.011048  0.838037  0.545501     2.795226
 0.089510 -0.542516  0.835263     2.951920
 0.995925  0.058055 -0.069019    -1.811131
>../../../../class2//his/data/domains/HTRS_IM//structures/HisRS_AF_Bact_Thermus_thermophilus_HB8_gene3168691.pdb
 0.351323  0.746636  0.564896     8.757551
 0.182200 -0.646345  0.740974     4.716542
 0.918355 -0.157397 -0.363112     0.866798
>../../../../class2//his/data/domains/HTRS_IM//structures/HisRS_AF_Bact_Treponema_denticola_ATCC_35405_gene2741405.pdb
-0.788685 -0.412517 -0.455857     7.301730
-0.526443  0.836113  0.154185    -1.165644
 0.317544  0.361586 -0.876596    -2.948239
>../../../../class2//his/data/domains/HTRS_IM//structures/HisRS_AF_Euk_Arabidopsis_thaliana_gene823753.pdb
-0.173605  0.919023  0.353918     7.223887
 0.162995 -0.327605  0.930649     1.367362
 0.971233  0.219252 -0.092922    -1.287402
>../../../../class2//his/data/domains/HTRS_IM//structures/HisRS_AF_Euk_Cryptococcus_gattii_WM276_gene10186972.pdb
-0.471081 -0.627604 -0.619836     5.943551
 0.862445 -0.475181 -0.174330     0.125738
-0.185124 -0.616698  0.765122    -0.241659
>../../../../class2//his/data/domains/HTRS_IM//structures/HisRS_AF_Euk_Plasmodium_falciparum_3D7_gene812010.pdb
 0.135343  0.971930 -0.192441    -8.857491
 0.834922 -0.007302  0.550320    -6.640810
 0.533468 -0.235155 -0.812474   -11.217628
>../../../../class2//his/data/domains/HTRS_IM//structures/HisRS_AF_Euk_Platysiphonia_delicata_gene33353157.pdb
 0.061561  0.855560  0.514030     9.829494
 0.169701 -0.516480  0.839315     4.974976
 0.983571  0.035563 -0.176985     4.337329
>../../../../class2//his/data/domains/HTRS_IM//structures/HisRS_PDB_Arch_T_acidophilum_1WU7.pdb
-0.705615  0.435047 -0.559322    40.713276
 0.702145  0.323010 -0.634553    20.567212
-0.095394 -0.840475 -0.533387    81.022174
>../../../../class2//his/data/domains/HTRS_IM//structures/HisRS_PDB_Bact_B_thailandensis_4e51.pdb
-0.482005  0.873773  0.064741     8.106267
-0.727038 -0.357633 -0.586101    31.291573
-0.488966 -0.329573  0.807647   -35.605738
>../../../../class2//his/data/domains/HTRS_IM//structures/HisRS_PDB_Bact_E_coli_1HTT.pdb
-0.977260 -0.181468 -0.109696    -5.913921
-0.136745  0.143955  0.980091   -27.162981
-0.162063  0.972803 -0.165496   -14.958629
>../../../../class2//thr/data/domains/HTRS_IM//structures/ThrRS_AF_Arch_Candidatus_Methanomethylophilus_alvus_Mx1201_gene15140074.pdb
-0.465551  0.461197  0.755354     5.007171
-0.582548  0.482828 -0.653846    -0.261526
-0.666258 -0.744429  0.043888    -3.458612
>../../../../class2//thr/data/domains/HTRS_IM//structures/ThrRS_AF_Arch_Candidatus_Nitrosopumilus_koreensis_AR1_gene13725077.pdb
 0.451290  0.357677  0.817560    10.448332
-0.575176 -0.583879  0.572938     4.809805
 0.682283 -0.728802 -0.057772     3.744093
>../../../../class2//thr/data/domains/HTRS_IM//structures/ThrRS_AF_Arch_Pyrococcus_furiosus_DSM_3638_gene1469226.pdb
 0.337699  0.589446  0.733834     7.135865
-0.630363 -0.437349  0.641380     5.213421
 0.699001 -0.679175  0.223873     2.628824
>../../../../class2//thr/data/domains/HTRS_IM//structures/ThrRS_AF_Arch_Sulfolobus_islandicus_M164_gene7940156.pdb
-0.745447 -0.368859 -0.555203    11.261948
 0.533490 -0.829519 -0.165188    -1.412495
-0.399621 -0.419334  0.815146    -5.217910
>../../../../class2//thr/data/domains/HTRS_IM//structures/ThrRS_AF_Bact_Bifidobacterium_longum_subsp_longum_JCM_1217_gene69578309.pdb
-0.588651  0.170624  0.790175     2.167446
 0.620311 -0.531451  0.576866     1.266656
 0.518367  0.829727  0.206999     0.219280
>../../../../class2//thr/data/domains/HTRS_IM//structures/ThrRS_AF_Bact_Brachyspira_pilosicoli_95_1000_gene56439092.pdb
-0.263928 -0.945125  0.192566     1.612940
 0.931762 -0.198220  0.304186     0.396327
-0.249323  0.259708  0.932947    -2.817928
>../../../../class2//thr/data/domains/HTRS_IM//structures/ThrRS_AF_Bact_Brucella_abortus_2308_gene3787745.pdb
 0.650525 -0.530103 -0.543882     2.641752
-0.759041 -0.478278 -0.441710     0.155563
-0.025975  0.700172 -0.713501    -2.942705
>../../../../class2//thr/data/domains/HTRS_IM//structures/ThrRS_AF_Bact_Lactobacillus_acidophilus_La-14_gene56943112.pdb
 0.324499  0.721456 -0.611720    -2.384498
 0.543842  0.386829  0.744714     1.080146
 0.773910 -0.574338 -0.266833     0.078597
>../../../../class2//thr/data/domains/HTRS_IM//structures/ThrRS_AF_Bact_Mycoplasma_hyopneumoniae_168-L_gene57101460.pdb
-0.196043  0.801642  0.564745     4.523847
-0.208435  0.528693 -0.822823    -2.472876
-0.958187 -0.279021  0.063444    -3.353473
>../../../../class2//thr/data/domains/HTRS_IM//structures/ThrRS_AF_Bact_Porphyromonas_gingivalis_ATCC_33277_gene29256174.pdb
 0.023799 -0.755250  0.655005     3.107191
 0.745028  0.450278  0.492121    -1.675265
-0.666609  0.476285  0.573398    -0.274930
>../../../../class2//thr/data/domains/HTRS_IM//structures/ThrRS_AF_Bact_Prochlorococcus_marinus_subsp_marinus_str_CCMP1375_gene54200406.pdb
-0.128478 -0.418517  0.899076     1.096566
-0.729339 -0.574426 -0.371616     1.298957
 0.671980 -0.703476 -0.231440     0.642909
>../../../../class2//thr/data/domains/HTRS_IM//structures/ThrRS_AF_Bact_Streptobacillus_moniliformis_DSM_12112_gene29674242.pdb
 0.504588  0.845326  0.175542     1.107073
 0.217616 -0.321287  0.921639    -0.045005
 0.835485 -0.426847 -0.346074    -1.850004
>../../../../class2//thr/data/domains/HTRS_IM//structures/ThrRS_AF_Euk_Arabidopsis_thaliana_gene832741.pdb
-0.615272  0.660278  0.430666     1.739151
 0.472174 -0.128801  0.872045    -0.378400
 0.631262  0.739894 -0.232518     0.995834
>../../../../class2//thr/data/domains/HTRS_IM//structures/ThrRS_AF_Euk_Cryptococcus_gattii_WM276_gene10188143.pdb
-0.374498  0.418591  0.827365    -0.341450
 0.489844 -0.668305  0.559840     0.545695
 0.787276  0.614939  0.045234    -0.689915
>../../../../class2//thr/data/domains/HTRS_IM//structures/ThrRS_AF_Euk_Cyanidioschyzon_merolae_strain_10D_gene16997242.pdb
 0.686474 -0.720663 -0.096947    -0.025710
-0.705716 -0.628152 -0.327703     1.213686
 0.175266  0.293376 -0.939794    -0.893151
>../../../../class2//thr/data/domains/HTRS_IM//structures/ThrRS_AF_Euk_Zymoseptoria_tritici_IPO323_gene13396560.pdb
 0.590757  0.243681 -0.769172   -10.354702
-0.364893  0.930934  0.014675    -4.985404
 0.719624  0.271996  0.638873     6.610545
>../../../../class2//thr/data/domains/HTRS_IM//structures/ThrRS_AF_Mito_Cyanidioschyzon_merolae_strain_10D_gene16995590.pdb
 0.417611  0.351205  0.838007     3.814506
-0.159099 -0.879768  0.447991     0.879466
 0.894589 -0.320412 -0.311524    -1.921059
>../../../../class2//thr/data/domains/HTRS_IM//structures/ThrRS_AF_Mito_Oryza_sativa_Japonica_Group_gene4345200.pdb
 1.000000  0.000000  0.000000     0.000000
 0.000000  1.000000  0.000000     0.000000
 0.000000  0.000000  1.000000     0.000000
>../../../../class2//thr/data/domains/HTRS_IM//structures/ThrRS_PDB_Bact_E_coli_1evk.pdb
-0.682215 -0.719883  0.127872    72.903259
-0.708426  0.694088  0.127964   -15.839649
-0.180873 -0.003289 -0.983501    18.408443
>../../../../class2//thr/data/domains/HTRS_IM//structures/ThrRS_PDB_Bact_S_aureus_1nyr.pdb
 0.190072  0.654581  0.731708   -70.987958
 0.647968  0.476274 -0.594391    -1.226493
-0.737570  0.587100 -0.333621    -3.043993
