>structures/Pyl_Arch_2Q7E_M_mazei.pdb
-0.418997  0.495083 -0.761140     5.203711
 0.809758  0.582976 -0.066564   -30.557672
 0.410772 -0.644229 -0.645163    35.038771
>structures/Pyl_Arch_2ZNJ_D_hafniense.pdb
 0.358806  0.591253 -0.722273   -48.497555
-0.257356  0.806470  0.532329    26.050293
 0.897233 -0.005121  0.441528   -28.520361
>structures/Pyl_Arch_6jp2_M_alvus.pdb
-0.535835 -0.312175 -0.784492    32.668102
-0.434123  0.898777 -0.061131    -0.021031
 0.724167  0.307810 -0.617118   -27.176253
>structures/Pyrrolysyl.A.Euryarchaeota.NC_007955.1.pdb
 1.000000  0.000000  0.000000    -0.000000
 0.000000  1.000000  0.000000     0.000000
 0.000000  0.000000  1.000000    -0.000000
