>structures/Pyl_Arch_2Q7E_M_mazei.pdb
-0.419299  0.500577 -0.757371     4.850437
 0.809574  0.583690 -0.062415   -30.707197
 0.410826 -0.639319 -0.649995    34.919888
>structures/Pyl_Arch_2ZNJ_D_hafniense.pdb
 0.362889  0.589287 -0.721839   -48.679290
-0.250437  0.807821  0.533578    25.757733
 0.897548 -0.012854  0.440729   -28.419084
>structures/Pyl_Arch_6jp2_M_alvus.pdb
-0.540584 -0.295951 -0.787516    32.425369
-0.411846  0.909340 -0.059024    -0.852255
 0.733588  0.292427 -0.613461   -27.131766
>structures/Pyrrolysyl.A.Euryarchaeota.NC_007955.1.pdb
 1.000000  0.000000  0.000000     0.000000
 0.000000  1.000000  0.000000     0.000000
 0.000000  0.000000  1.000000     0.000000
