>structures/Pyl_Arch_2Q7E_M_mazei.pdb
-0.419455  0.500730 -0.757183     4.834346
 0.809648  0.583567 -0.062602   -30.697089
 0.410520 -0.639311 -0.650196    34.924777
>structures/Pyl_Arch_2ZNJ_D_hafniense.pdb
 0.361790  0.591237 -0.720796   -48.667226
-0.244064  0.806273  0.538847    25.819531
 0.899745 -0.019029  0.436001   -28.550060
>structures/Pyl_Arch_6jp2_M_alvus.pdb
-0.541199 -0.292559 -0.788361    32.435927
-0.407594  0.911296 -0.058372    -0.970602
 0.735507  0.289740 -0.612438   -27.114509
>structures/Pyrrolysyl.A.Euryarchaeota.NC_007955.1.pdb
 1.000000  0.000000  0.000000     0.000000
 0.000000  1.000000  0.000000     0.000000
 0.000000  0.000000  1.000000     0.000000
