>structures/PylRS_AF_Arch_Candidatus_Methanomassiliicoccus_intestinalis_Issoire-Mx1_gene16153983.pdb
-0.333133 -0.942268 -0.033956    44.627327
 0.931562 -0.334484  0.142523     8.282222
-0.145653  0.015847  0.989209   -31.570894
>structures/PylRS_AF_Arch_Methanosalsum_zhilinae_DSM_4017_gene10822650.pdb
 0.213455  0.168682  0.962280    45.934150
 0.230764  0.948403 -0.217438     7.481974
-0.949308  0.268473  0.163516   -37.388541
>structures/PylRS_AF_Arch_Unclassified_Candidatus_Bathyarchaeota_proteinUCH69683.1.pdb
 0.931695  0.250284  0.263253    44.255940
 0.090408 -0.861707  0.499288     6.254345
 0.351810 -0.441384 -0.825476   -31.536973
>structures/PylRS_AF_Bact_Unclassified_Actinobacteria_proteinMBU2601214.1.pdb
 0.921929  0.274089  0.273721    44.781103
 0.094113 -0.843951  0.528100     6.020294
 0.375753 -0.461109 -0.803858   -31.247636
>structures/PylRS_AF_Bact_Unclassified_Aerophobetes_proteinMCD6471581.1.pdb
 0.978232  0.084155  0.189682    44.531125
-0.012401 -0.888734  0.458255     6.706757
 0.207141 -0.450632 -0.868345   -30.867355
>structures/PylRS_AF_Bact_unclassified_Desulfosarcina_proteinMBC2741817.pdb
 0.910092 -0.229430  0.345102    41.472723
-0.309761 -0.929812  0.198738     8.454067
 0.275284 -0.287769 -0.917283   -37.730364
>structures/PylRS_AF_Bact_unclassified_Lachnospiraceae_proteinHCE77498.1.pdb
-0.142037  0.767808  0.624737    43.631283
-0.198109  0.596317 -0.777920     2.805203
-0.969834 -0.234259  0.067410   -34.985866
>structures/PylRS_PDB_Arch_M_mazei_2Q7E.pdb
 0.002881 -0.542886 -0.839802    90.786048
 0.409616  0.766759 -0.494262   -14.445941
 0.912253 -0.342573  0.224584   -40.072187
>structures/PylRS_PDB_Bact_D_hafniense_2ZNJ.pdb
 0.999999  0.000622 -0.001374    -0.045060
-0.000620  0.999999  0.001520     0.109812
 0.001375 -0.001520  0.999998     0.014708
