>structures/SepRS_AF_Arch_Methanothrix_thermoacetophila_PT_gene4462697.pdb
-0.564100 -0.751770  0.341516    -5.699177
-0.796746  0.386996 -0.464144    -3.651621
 0.216764 -0.533925 -0.817274    -9.156467
>structures/SepRS_AF_Arch_unclassified_Candidatus_Bathyarchaeota_proteinUCD26266.1.pdb
 0.328561 -0.425845 -0.843032     0.727664
 0.833316 -0.289427  0.470975     9.309220
-0.444559 -0.857256  0.259769    -0.749166
>structures/SepRS_AF_Arch_unclassified_Lokiarchaeota_proteinTFF69421.1.pdb
 0.999905 -0.012978 -0.004647    -0.093855
 0.013005  0.999897  0.006020    -0.120597
 0.004568 -0.006080  0.999971    -0.070897
>structures/SepRS_AF_Arch_unclassified_Thermoprotei_proteinRLF12424.1.pdb
 0.012546  0.265701 -0.963974    -5.211935
 0.146830 -0.954089 -0.261066     5.365798
-0.989082 -0.138264 -0.050983    -5.753738
>structures/SepRS_PDB_Arch_2DU4_A_fulgidus.pdb
-0.209283 -0.690323 -0.692572    34.514865
-0.700010 -0.388769  0.599037    49.324653
-0.682779  0.610175 -0.401870   -32.579700
>structures/SepRS_PDB_Arch_2ODR_M_maripadulis.pdb
 0.518088 -0.551354 -0.653907   -17.096052
-0.359675  0.553195 -0.751405    36.885763
 0.776028  0.624488  0.088296   -71.447693
