>structures/SepRS_AF_Arch_Methanothrix_thermoacetophila_PT_gene4462697.pdb
-0.560733 -0.752671  0.345057    -5.708824
-0.797452  0.378771 -0.469685    -3.583410
 0.222821 -0.538534 -0.812608    -9.135045
>structures/SepRS_AF_Arch_unclassified_Candidatus_Bathyarchaeota_proteinUCD26266.1.pdb
 0.324043 -0.428727 -0.843320     0.750953
 0.833432 -0.292429  0.468909     9.306568
-0.447645 -0.854797  0.262555    -0.651654
>structures/SepRS_AF_Arch_unclassified_Lokiarchaeota_proteinTFF69421.1.pdb
 0.999870 -0.015766 -0.003305    -0.083767
 0.015802  0.999814  0.011102    -0.003219
 0.003129 -0.011153  0.999933    -0.007009
>structures/SepRS_AF_Arch_unclassified_Thermoprotei_proteinRLF12424.1.pdb
 0.010054  0.266192 -0.963868    -5.215807
 0.143493 -0.954324 -0.262060     5.405854
-0.989600 -0.135673 -0.047792    -5.699184
>structures/SepRS_PDB_Arch_2DU4_A_fulgidus.pdb
-0.208706 -0.687860 -0.695191    34.333542
-0.703221 -0.388451  0.595471    49.373289
-0.679648  0.613151 -0.402646   -32.788234
>structures/SepRS_PDB_Arch_2ODR_M_maripadulis.pdb
 0.523215 -0.552536 -0.648806   -17.552608
-0.350195  0.554678 -0.754782    36.320902
 0.776923  0.622122  0.096721   -71.588945
