>../../../../class1/arg//data/domains/Catalytic_domain/structures/ArgRS_AF_Arch_NC_002689.2.pdb
-0.939555 -0.170530  0.296910    53.754931
 0.301704 -0.822348  0.482409    48.416859
 0.161898  0.542829  0.824091   118.200287
>../../../../class1/arg//data/domains/Catalytic_domain/structures/ArgRS_AF_Arch_NC_013158.1.pdb
 0.385448 -0.444416 -0.808656    54.715944
 0.064519  0.887209 -0.456833    45.308731
 0.920471  0.123912  0.370646   117.354771
>../../../../class1/arg//data/domains/Catalytic_domain/structures/ArgRS_AF_Arch_NC_018656.1.pdb
-0.857176 -0.363462  0.364891    52.361135
 0.514445 -0.570647  0.640085    46.620616
-0.024423  0.736381  0.676126   118.515780
>../../../../class1/arg//data/domains/Catalytic_domain/structures/ArgRS_AF_Arch_NC_020247.1.pdb
-0.740888 -0.611146  0.278541    49.303237
 0.357295 -0.007475  0.933962    46.421067
-0.568705  0.791483  0.223898   119.668096
>../../../../class1/arg//data/domains/Catalytic_domain/structures/ArgRS_AF_Bact_NC_002967.9.pdb
 0.327388  0.526153 -0.784844    50.141318
 0.933017 -0.048748  0.356516    53.152435
 0.149322 -0.848991 -0.506869   121.001905
>../../../../class1/arg//data/domains/Catalytic_domain/structures/ArgRS_AF_Bact_NC_005042.1.pdb
-0.822221  0.279805  0.495643    50.571892
-0.338446 -0.940491 -0.030513    47.874567
 0.457610 -0.192837  0.867990   122.521384
>../../../../class1/arg//data/domains/Catalytic_domain/structures/ArgRS_AF_Bact_NC_008095.1.pdb
-0.682333 -0.691558  0.237001    54.044672
 0.380392 -0.059021  0.922940    46.037474
-0.624278  0.719906  0.303335   120.202249
>../../../../class1/arg//data/domains/Catalytic_domain/structures/ArgRS_AF_Bact_NC_010729.1.pdb
 0.278506  0.163622 -0.946394    51.490944
 0.784355  0.529924  0.322440    50.354768
 0.554275 -0.832111  0.019249   123.454618
>../../../../class1/arg//data/domains/Catalytic_domain/structures/ArgRS_AF_Bact_NC_013515.1.pdb
-0.742524 -0.596860  0.304001    53.328424
 0.403730 -0.036657  0.914143    46.550086
-0.534472  0.801507  0.268190   118.909272
>../../../../class1/arg//data/domains/Catalytic_domain/structures/ArgRS_AF_Bact_NC_015687.1.pdb
-0.729673 -0.643839  0.230326    52.321612
 0.416999 -0.152021  0.896104    45.945293
-0.541932  0.749908  0.379405   118.416727
>../../../../class1/arg//data/domains/Catalytic_domain/structures/ArgRS_AF_Bact_NC_017317.1.pdb
-0.348857 -0.698721  0.624570    53.932770
-0.049751  0.679306  0.732167    47.246546
-0.935854  0.224349 -0.271743   120.414264
>../../../../class1/arg//data/domains/Catalytic_domain/structures/ArgRS_AF_Bact_NC_021283.1.pdb
-0.734453 -0.551804  0.395085    50.467484
 0.409975  0.103180  0.906242    46.439761
-0.540832  0.827567  0.150445   118.636332
>../../../../class1/arg//data/domains/Catalytic_domain/structures/ArgRS_AF_Euk_NC_001140.6.pdb
-0.728754  0.345660  0.591132    50.579901
-0.508023 -0.851743 -0.128247    46.628582
 0.459162 -0.393769  0.796314   123.793543
>../../../../class1/arg//data/domains/Catalytic_domain/structures/ArgRS_AF_Euk_NC_009356.1.pdb
 0.311077  0.398468 -0.862818    52.189739
 0.852787  0.283705  0.438482    49.864628
 0.419506 -0.872201 -0.251554   122.222207
>../../../../class1/arg//data/domains/Catalytic_domain/structures/ArgRS_AF_Euk_NC_009411.2.pdb
 0.035407  0.485533 -0.873501    50.326253
 0.979445  0.156820  0.126869    47.842674
 0.198581 -0.860038 -0.470000   118.779634
>../../../../class1/arg//data/domains/Catalytic_domain/structures/ArgRS_PDB_Arch_2ZUF.pdb
-0.863360 -0.494029 -0.102689    72.772097
-0.482819  0.867956 -0.116356    62.524920
 0.146613 -0.050877 -0.987885   144.948594
>../../../../class1/arg//data/domains/Catalytic_domain/structures/ArgRS_PDB_Bact_1IQ0.pdb
 0.786453  0.462949  0.408864    13.062736
 0.057232 -0.713740  0.698069    96.048364
 0.614992 -0.525599 -0.587819   149.553792
>../../../../class1/arg//data/domains/Catalytic_domain/structures/ArgRS_PDB_Bact_3FNR.pdb
 1.000000  0.000000  0.000000     0.000000
 0.000000  1.000000  0.000000     0.000000
 0.000000  0.000000  1.000000     0.000000
>../../../../class1/arg//data/domains/Catalytic_domain/structures/ArgRS_PDB_Bact_4oby.pdb
 0.318678 -0.422565  0.848459    55.765422
-0.752195  0.431926  0.497637    27.261489
-0.576756 -0.796793 -0.180206   189.960444
>../../../../class1/leu//data/domains/Catalytic_domain/structures/Leu_Arch_1WKB_P_hori.pdb
 0.831911 -0.549475 -0.077469   -43.943898
-0.276177 -0.531074  0.801053    89.705396
-0.481301 -0.645010 -0.593559   200.445247
>../../../../class1/leu//data/domains/Catalytic_domain/structures/Leu_Bact_2V0C_T_therm.pdb
 0.253320 -0.958612  0.129965     3.551461
-0.966404 -0.244730  0.078551    45.703678
-0.043494 -0.145498 -0.988402   130.063782
>../../../../class1/leu//data/domains/Catalytic_domain/structures/Leu_Bact_3ZIU_M_mobile.pdb
-0.481183 -0.534013  0.695193   -23.403445
-0.134143 -0.738843 -0.660391    92.583224
 0.866296 -0.411024  0.283885   123.993785
>../../../../class1/leu//data/domains/Catalytic_domain/structures/Leucyl.A.Candidatus_Thermoplasmatota.NC_005877.1.pdb
 0.083269 -0.658984 -0.747534    46.559240
 0.347102  0.722344 -0.598113    35.197056
 0.934123 -0.209666  0.288884   114.995317
>../../../../class1/leu//data/domains/Catalytic_domain/structures/Leucyl.B.Chlamydiae.NC_017287.1.pdb
 0.762020  0.553537  0.336040    44.514794
 0.613547 -0.451219 -0.648044    36.974800
-0.207089  0.699999 -0.683459   114.046679
>../../../../class1/leu//data/domains/Catalytic_domain/structures/Leucyl.B.Deinococcus-Thermus.NC_006461.1.pdb
-0.221604  0.652197 -0.724935    41.382960
 0.974600  0.172806 -0.142457    39.208204
 0.032363 -0.738091 -0.673925   113.773519
>../../../../class1/leu//data/domains/Catalytic_domain/structures/Leucyl.B.Firmicutes.NC_012926.1.pdb
-0.723340  0.690408 -0.010770    45.234554
-0.610188 -0.631838  0.477965    36.245879
 0.323186  0.352303  0.878313   112.104347
>../../../../class1/leu//data/domains/Catalytic_domain/structures/Leucyl.B.Fusobacteria.NC_013515.1.pdb
-0.273919 -0.961036  0.037126    44.609153
-0.145029  0.079437  0.986233    36.279241
-0.950755  0.264764 -0.161138   113.715531
>../../../../class1/leu//data/domains/Catalytic_domain/structures/Leucyl.B.Proteobacteria.NC_004310.3.pdb
 0.697245  0.634345  0.333851    45.328496
 0.657290 -0.379916 -0.650872    36.593685
-0.286042  0.673254 -0.681842   114.518525
>../../../../class1/leu//data/domains/Catalytic_domain/structures/Leucyl.B.Spirochaetes.NC_016842.1.pdb
 0.816897 -0.524288  0.240419    45.647264
 0.121820 -0.250593 -0.960397    35.795163
 0.563772  0.813834 -0.140840   110.900462
