>../../../../class1/glu1//data/domains/Catalytic_domain/structures/GluRS_AF_Bact_Bifidobacterium_animalis_subsp_lactis_BLC1_gene66532600.pdb
-0.905047 -0.252613 -0.342164     0.004626
-0.198083  0.962281 -0.186491     2.987077
 0.376368 -0.101007 -0.920948     1.586436
>../../../../class1/glu1//data/domains/Catalytic_domain/structures/GluRS_AF_Bact_Chlamydia_psittaci_6BC_gene12242467.pdb
-0.842041 -0.029137 -0.538627     8.489096
-0.360122  0.773784  0.521125    -1.286674
 0.401596  0.632780 -0.662050    -0.197386
>../../../../class1/glu1//data/domains/Catalytic_domain/structures/GluRS_AF_Bact_[Eubacterium]_eligens_ATCC_27750_gene41357084.pdb
-0.985190  0.152089 -0.079179     1.240864
 0.106375  0.904301  0.413430     4.453705
 0.134480  0.398885 -0.907087     0.098841
>../../../../class1/glu1//data/domains/Catalytic_domain/structures/GluRS_AF_Bact_Mycoplasma_hyopneumoniae_168-L_gene57101016.pdb
-0.999693  0.023177 -0.008710     1.762121
 0.019002  0.943715  0.330215     2.987601
 0.015873  0.329948 -0.943866     0.917503
>../../../../class1/glu1//data/domains/Catalytic_domain/structures/GluRS_AF_Bact_Paracoccus_denitrificans_PD1222_gene75500422.pdb
-0.985616  0.157847  0.060376     1.979875
 0.168281  0.883761  0.436632     4.491230
 0.015563  0.440512 -0.897612     0.222576
>../../../../class1/glu1//data/domains/Catalytic_domain/structures/GluRS_AF_Bact_Porphyromonas_gingivalis_ATCC_33277_gene29255772.pdb
-0.103891  0.045014 -0.993570     1.640256
 0.291584 -0.953702 -0.073697     2.956747
-0.950887 -0.297365  0.085955     1.611533
>../../../../class1/glu1//data/domains/Catalytic_domain/structures/GluRS_AF_Bact_Prochlorococcus_marinus_subsp_marinus_str_CCMP1375_gene54199839.pdb
 0.219575  0.879370 -0.422488     0.877368
-0.632260 -0.201539 -0.748084     3.722476
-0.742990  0.431382  0.511737     0.783643
>../../../../class1/glu1//data/domains/Catalytic_domain/structures/GluRS_AF_Bact_Treponema_pallidum_subsp_pertenue_str_SamoaD_gene57879197.pdb
-0.972774 -0.153043 -0.174034     0.433257
-0.190037  0.956572  0.221032     2.832466
 0.132648  0.248087 -0.959613     3.362891
>../../../../class1/glu1//data/domains/Catalytic_domain/structures/GluRS_AF_Euk_Arabidopsis_thaliana_gene836526.pdb
 0.983296  0.135328  0.121719     3.055183
-0.140138  0.989620  0.031833    -0.006799
-0.116148 -0.048359  0.992054     4.675456
>../../../../class1/glu1//data/domains/Catalytic_domain/structures/GluRS_AF_Euk_Cryptococcus_neoformans_var_grubii_H99_gene23890400.pdb
-0.198415  0.279059 -0.939552    -1.350882
 0.030844 -0.956358 -0.290565     4.176994
-0.979633 -0.086632  0.181149     3.332668
>../../../../class1/glu1//data/domains/Catalytic_domain/structures/GluRS_AF_Euk_Ostreococcus_tauri_proteinOUS48355.1.pdb
 0.865522 -0.498973 -0.043565     4.750035
 0.445772  0.727730  0.521245     4.102948
-0.228384 -0.470569  0.852295     4.585383
>../../../../class1/glu1//data/domains/Catalytic_domain/structures/GluRS_AF_Euk_Plasmodium_knowlesi_strain_H_gene7321821.pdb
-0.956836 -0.193609 -0.216750     1.846476
-0.238928  0.948633  0.207384     2.359841
 0.165464  0.250220 -0.953945     1.919293
>../../../../class1/glu1//data/domains/Catalytic_domain/structures/GluRS_AF_Mito_Cyanidioschyzon_merolae_strain_10D_gene16997617.pdb
 0.881801 -0.467156 -0.064752     2.004356
 0.423136  0.723018  0.546077     4.340002
-0.208286 -0.508930  0.835229     4.414622
>../../../../class1/glu1//data/domains/Catalytic_domain/structures/GluRS_AF_Mito_Drosophila_melanogaster_gene39828.pdb
 1.000000  0.000000  0.000000     0.000000
 0.000000  1.000000  0.000000     0.000000
 0.000000  0.000000  1.000000     0.000000
>../../../../class1/glu1//data/domains/Catalytic_domain/structures/GluRS_PDB_Bact_T_therm_1J09.pdb
-0.353894  0.356755 -0.864572     9.025154
 0.053378 -0.915183 -0.399488    30.444485
-0.933761 -0.187525  0.304835    43.329828
>../../../../class1/lys//data/domains/Catalytic_domain/structures/LysRS-I_AF_Arch_Candidatus_Bathyarchaeota_archaeon_proteinRJS75864.1.pdb
 0.911011 -0.412220  0.011541     2.318677
 0.298551  0.678590  0.671106     2.282484
-0.284475 -0.607940  0.741271     0.222156
>../../../../class1/lys//data/domains/Catalytic_domain/structures/LysRS-I_AF_Arch_Candidatus_Nitrosopumilus_koreensis_AR1_gene13726042.pdb
-0.222925  0.475565 -0.850965     2.785002
-0.510277 -0.800714 -0.313806     5.542702
-0.830615  0.364273  0.421170    -3.035512
>../../../../class1/lys//data/domains/Catalytic_domain/structures/LysRS-I_AF_Arch_Ferroplasma_acidarmanus_Fer1_gene16025146.pdb
 0.864373 -0.496806  0.077738     5.970685
 0.292756  0.622873  0.725481     5.346317
-0.408844 -0.604328  0.683838     1.032762
>../../../../class1/lys//data/domains/Catalytic_domain/structures/LysRS-I_AF_Arch_Halorubrum_lacusprofundi_ATCC_49239_gene7400505.pdb
-0.286143 -0.916755  0.278716     2.773108
-0.506076 -0.102404 -0.856388     1.005824
 0.813639 -0.386101 -0.434646     2.632677
>../../../../class1/lys//data/domains/Catalytic_domain/structures/LysRS-I_AF_Bact_Cereibacter_sphaeroides_KD131_gene67447319.pdb
-0.918578 -0.227975 -0.322864     1.054259
-0.112925  0.934214 -0.338368     7.264227
 0.378763 -0.274358 -0.883893     0.550954
>../../../../class1/lys//data/domains/Catalytic_domain/structures/LysRS-I_AF_Bact_Cyanobacteria_bacterium_J007_proteinRMH73500.1.pdb
 0.988232  0.021657  0.151424     2.210528
-0.061474  0.962697  0.263504     0.589340
-0.140069 -0.269712  0.952699    -0.100616
>../../../../class1/lys//data/domains/Catalytic_domain/structures/LysRS-I_AF_Bact_Streptomyces_albidoflavus_gene15147364.pdb
-0.050055  0.509553 -0.858982     0.089085
-0.417135 -0.792120 -0.445583     2.975629
-0.907465  0.336008  0.252202    -0.107497
>../../../../class1/lys//data/domains/Catalytic_domain/structures/LysRS-I_AF_Bact_Treponema_denticola_ATCC_35405_gene2739918.pdb
 0.025204  0.470766 -0.881898    -0.005710
-0.435620 -0.788844 -0.433543     3.068043
-0.899778  0.395099  0.185193    -0.173701
>../../../../class1/lys//data/domains/Catalytic_domain/structures/LysRS-I_PDB_Arch_P_hori_1IRX.pdb
 0.752639 -0.612927  0.240530   -26.507917
-0.585524 -0.790127 -0.181277    71.976077
 0.301159 -0.004400 -0.953564    54.269514
