>../../../../class1/glu1//data/domains/Catalytic_domain/structures/GluRS_AF_Bact_Bifidobacterium_animalis_subsp_lactis_BLC1_gene66532600.pdb
 0.970245  0.057887  0.235103     0.197159
 0.033462  0.929625 -0.366986    -0.211346
-0.239802  0.363933  0.900027     1.917093
>../../../../class1/glu1//data/domains/Catalytic_domain/structures/GluRS_AF_Bact_Chlamydia_psittaci_6BC_gene12242467.pdb
 0.940666 -0.032297  0.337793    -7.487753
-0.117281  0.903170  0.412951    -5.991974
-0.318422 -0.428066  0.845794     1.115305
>../../../../class1/glu1//data/domains/Catalytic_domain/structures/GluRS_AF_Bact_[Eubacterium]_eligens_ATCC_27750_gene41357084.pdb
 0.955690 -0.267673 -0.122507    -1.526519
 0.286424  0.941598  0.177070     0.625302
 0.067956 -0.204313  0.976544     3.339605
>../../../../class1/glu1//data/domains/Catalytic_domain/structures/GluRS_AF_Bact_Mycoplasma_hyopneumoniae_168-L_gene57101016.pdb
 0.970005 -0.160001 -0.183003    -1.632210
 0.176302  0.981361  0.076474    -0.575408
 0.167356 -0.106444  0.980133     2.184853
>../../../../class1/glu1//data/domains/Catalytic_domain/structures/GluRS_AF_Bact_Paracoccus_denitrificans_PD1222_gene75500422.pdb
 0.931004 -0.256903 -0.259291    -2.218743
 0.307854  0.934317  0.179661     0.550082
 0.196105 -0.247089  0.948941     3.136400
>../../../../class1/glu1//data/domains/Catalytic_domain/structures/GluRS_AF_Bact_Porphyromonas_gingivalis_ATCC_33277_gene29255772.pdb
-0.085751  0.097463  0.991538    -1.328027
 0.054439 -0.993259  0.102340    -0.421525
 0.994828  0.062754  0.079867     1.557800
>../../../../class1/glu1//data/domains/Catalytic_domain/structures/GluRS_AF_Bact_Prochlorococcus_marinus_subsp_marinus_str_CCMP1375_gene54199839.pdb
-0.196797 -0.762135  0.616783    -0.938019
-0.829967 -0.205398 -0.518620     0.236124
 0.521945 -0.613972 -0.592125     2.652243
>../../../../class1/glu1//data/domains/Catalytic_domain/structures/GluRS_AF_Bact_Treponema_pallidum_subsp_pertenue_str_SamoaD_gene57879197.pdb
 1.000000  0.000000  0.000000     0.000000
 0.000000  1.000000  0.000000     0.000000
 0.000000  0.000000  1.000000     0.000000
>../../../../class1/glu1//data/domains/Catalytic_domain/structures/GluRS_AF_Euk_Arabidopsis_thaliana_gene836526.pdb
-0.945764 -0.324823  0.004499    -1.901984
-0.312350  0.913080  0.262148    -2.699080
-0.089260  0.246525 -0.965017    -2.341704
>../../../../class1/glu1//data/domains/Catalytic_domain/structures/GluRS_AF_Euk_Cryptococcus_neoformans_var_grubii_H99_gene23890400.pdb
 0.051510 -0.090869  0.994530     1.416279
-0.180311 -0.980332 -0.080233     1.537305
 0.982260 -0.175192 -0.066881     0.712422
>../../../../class1/glu1//data/domains/Catalytic_domain/structures/GluRS_AF_Euk_Ostreococcus_tauri_proteinOUS48355.1.pdb
-0.957277  0.283700  0.055987    -4.308317
 0.235393  0.652049  0.720709     0.979500
 0.167959  0.703098 -0.690973    -1.618083
>../../../../class1/glu1//data/domains/Catalytic_domain/structures/GluRS_AF_Euk_Plasmodium_knowlesi_strain_H_gene7321821.pdb
 0.998163  0.041647  0.044003    -1.485881
-0.041452  0.999126 -0.005334    -1.063856
-0.044187  0.003500  0.999017     1.070609
>../../../../class1/glu1//data/domains/Catalytic_domain/structures/GluRS_AF_Mito_Cyanidioschyzon_merolae_strain_10D_gene16997617.pdb
-0.965136  0.252614  0.068549    -1.720633
 0.218107  0.631352  0.744194     1.554946
 0.144715  0.733199 -0.664437    -0.952013
>../../../../class1/glu1//data/domains/Catalytic_domain/structures/GluRS_AF_Mito_Drosophila_melanogaster_gene39828.pdb
-0.972779 -0.190093  0.132533     0.518109
-0.153268  0.956743  0.247290    -3.474210
-0.173808  0.220246 -0.959835     2.660633
>../../../../class1/glu1//data/domains/Catalytic_domain/structures/GluRS_PDB_Bact_T_therm_1J09.pdb
 0.204234 -0.200000  0.958274    -7.958693
-0.127909 -0.975967 -0.176431    35.022539
 0.970530 -0.086539 -0.224907   -33.692178
>../../../../class1/lys//data/domains/Catalytic_domain/structures/LysRS-I_AF_Arch_Candidatus_Bathyarchaeota_archaeon_proteinRJS75864.1.pdb
-0.980361  0.191152 -0.048508    -2.185140
 0.066514  0.552051  0.831153    -1.444150
 0.185656  0.811604 -0.553923     2.527810
>../../../../class1/lys//data/domains/Catalytic_domain/structures/LysRS-I_AF_Arch_Candidatus_Nitrosopumilus_koreensis_AR1_gene13726042.pdb
 0.212924 -0.268694  0.939397    -3.738858
-0.662913 -0.746030 -0.063130     0.607012
 0.717782 -0.609297 -0.336968     6.109766
>../../../../class1/lys//data/domains/Catalytic_domain/structures/LysRS-I_AF_Arch_Ferroplasma_acidarmanus_Fer1_gene16025146.pdb
-0.951289  0.281605 -0.125489    -6.219218
 0.042097  0.521870  0.851986     0.952337
 0.305412  0.805202 -0.508304     1.714355
>../../../../class1/lys//data/domains/Catalytic_domain/structures/LysRS-I_AF_Arch_Halorubrum_lacusprofundi_ATCC_49239_gene7400505.pdb
 0.475422  0.864311 -0.164133    -2.169325
-0.227162 -0.059636 -0.972029    -2.309854
-0.849924  0.499409  0.167986    -0.319286
>../../../../class1/lys//data/domains/Catalytic_domain/structures/LysRS-I_AF_Bact_Cereibacter_sphaeroides_KD131_gene67447319.pdb
 0.960446  0.009513  0.278305    -2.043572
 0.136081  0.855921 -0.498880     3.508605
-0.242953  0.517019  0.820771     3.381499
>../../../../class1/lys//data/domains/Catalytic_domain/structures/LysRS-I_AF_Bact_Cyanobacteria_bacterium_J007_proteinRMH73500.1.pdb
-0.968269 -0.235266 -0.084290    -1.923005
-0.246789  0.847013  0.470812    -3.343585
-0.039371  0.476675 -0.878198     2.357390
>../../../../class1/lys//data/domains/Catalytic_domain/structures/LysRS-I_AF_Bact_Streptomyces_albidoflavus_gene15147364.pdb
 0.006939 -0.303847  0.952695    -0.213723
-0.624560 -0.745356 -0.233171    -0.596253
 0.780946 -0.593398 -0.194943     3.331920
>../../../../class1/lys//data/domains/Catalytic_domain/structures/LysRS-I_AF_Bact_Treponema_denticola_ATCC_35405_gene2739918.pdb
-0.056881 -0.256624  0.964836    -0.138021
-0.644027 -0.729017 -0.231869    -0.637873
 0.762886 -0.634569 -0.123806     3.382897
>../../../../class1/lys//data/domains/Catalytic_domain/structures/LysRS-I_PDB_Arch_P_hori_1IRX.pdb
-0.578130  0.750210 -0.320858    19.134128
-0.601770 -0.657593 -0.453260    83.193588
-0.551034 -0.068960  0.831628   -28.578991
