>structures/Phe_Bact_1EIY.A_T_thermophilus.pdb
-0.080372 -0.834286  0.545443    55.191697
 0.963131  0.075950  0.258089    -2.551512
-0.256746  0.546076  0.797422   -23.939744
>structures/Phenylalanyl.B.Actinobacteria.NC_017317.1.pdb
 1.000000  0.000000  0.000000     0.000000
 0.000000  1.000000  0.000000     0.000000
 0.000000  0.000000  1.000000     0.000000
>structures/Phenylalanyl.B.Bacteroidota.NC_010729.1.pdb
-0.250347 -0.070062 -0.965618    20.044170
 0.398071 -0.916620 -0.036697    11.130504
-0.882534 -0.393571  0.257363    10.686067
>structures/Phenylalanyl.B.Chlamydiae.NC_017287.1.pdb
 0.100112  0.954709 -0.280193     5.351375
-0.405718 -0.217962 -0.887629   -14.999864
-0.908499  0.202542  0.365522     9.954696
>structures/Phenylalanyl.B.Cyanobacteria.NC_005042.1.pdb
-0.068579 -0.641384  0.764149     5.103287
-0.656162 -0.547972 -0.518824   -11.605981
 0.751497 -0.536986 -0.383272    -0.012945
>structures/Phenylalanyl.B.Deinococcus-Thermus.NC_006461.1.pdb
-0.507086  0.532755  0.677522     0.826662
 0.683055 -0.231005  0.692873   -15.503342
 0.525642  0.814131 -0.246762     4.151355
>structures/Phenylalanyl.B.Fusobacteria.NC_013515.1.pdb
 0.034217 -0.451598 -0.891565     7.664080
 0.679437 -0.643714  0.352132    -3.391902
-0.732935 -0.617812  0.284807    10.991509
>structures/Phenylalanyl.B.Proteobacteria.NC_003103.1.pdb
-0.548711  0.682201  0.483237     2.510741
 0.589907 -0.093637  0.802024    -9.819019
 0.592390  0.725144 -0.351056     9.171449
>structures/Phenylalanyl.B.Spirochaetes.NC_014330.1.pdb
 0.879879  0.310232  0.359957     8.024223
-0.311056  0.948665 -0.057269    -2.592094
-0.359245 -0.061577  0.931210    10.748602
