>structures/PheRS-Bα_AF_Bact_Brachyspira_pilosicoli_95_1000_gene56440383.pdb
 0.210459  0.009562  0.977556   -15.373063
 0.380604 -0.921858 -0.072923    -7.384832
 0.900471  0.387409 -0.197653   -19.424473
>structures/PheRS-Bα_AF_Bact_Chlamydia_psittaci_6BC_gene12243227.pdb
 0.043629 -0.799900  0.598546    -5.503206
-0.413994 -0.559731 -0.717851    -5.766936
 0.909233 -0.216475 -0.355575   -16.065914
>structures/PheRS-Bα_AF_Bact_Ferrimonas_balearica_DSM_9799_gene67181906.pdb
-0.043767  0.238258 -0.970215    -0.516390
-0.241783 -0.944802 -0.221111   -21.374165
-0.969343  0.224904  0.098958    -8.319368
>structures/PheRS-Bα_AF_Bact_Mycobacterium_intracellulare_ATCC_13950_gene11909689.pdb
 0.999996 -0.002599 -0.000622     0.042186
 0.002599  0.999996  0.001028     0.039174
 0.000620 -0.001030  0.999999     0.078406
>structures/PheRS-Bα_AF_Bact_Mycoplasma_capricolum_subsp_capricolum_ATCC_27343_gene23778662.pdb
 0.114535  0.698286 -0.706596    -7.914247
-0.356716 -0.634931 -0.685285     2.099313
-0.927165  0.330544  0.176368   -12.276389
>structures/PheRS-Bα_AF_Bact_Porphyromonas_gingivalis_ATCC_33277_gene29256875.pdb
 0.013091 -0.999747 -0.018270   -40.182334
-0.811277  0.000062 -0.584662    17.504179
 0.584515  0.022476 -0.811072   -17.521347
>structures/PheRS-Bα_AF_Bact_Prochlorococcus_marinus_subsp_marinus_str_CCMP1375_gene54200681.pdb
 0.293456 -0.616490 -0.730632     0.901283
 0.729275 -0.349787  0.588054    -4.448514
-0.618095 -0.705400  0.346944     2.587883
>structures/PheRS-Bα_AF_Bact_Staphylococcus_argenteus_gene66839332.pdb
-0.266395 -0.003899 -0.963856    -9.463512
 0.099951 -0.994712 -0.023601    -3.709882
-0.958667 -0.102626  0.265376   -12.207610
