>structures/PheRS-Aα_AF_Arch_Candidatus_Nitrosopumilus_koreensis_AR1_gene13724458.pdb
 0.584401 -0.689315  0.428158   -30.974236
 0.382030  0.699220  0.604272    11.757606
-0.715910 -0.189568  0.671964    -6.295893
>structures/PheRS-Aα_AF_Arch_Haloterrigena_turkmenica_DSM_5511_gene8744248.pdb
-0.081021 -0.994497  0.066415   -41.430623
 0.627947  0.000816  0.778255    -6.670927
-0.774027  0.104760  0.624426    -1.054664
>structures/PheRS-Aα_AF_Arch_Thermoplasma_volcanium_GSS1_gene1441177.pdb
 0.289573  0.953749  0.080686   -43.913676
 0.726252 -0.273843  0.630529     6.372893
 0.623462 -0.123986 -0.771960    -0.240107
>structures/PheRS-Aα_AF_Arch_Thermosphaera_aggregans_DSM_11486_gene9165306.pdb
-0.335092  0.399907 -0.853105   -13.512314
 0.342997 -0.791545 -0.505776    25.017687
-0.877534 -0.462094  0.128073    -6.184633
>structures/PheRS-Aα_AF_Euk_Cyanidioschyzon_merolae_strain_10D_gene16993638.pdb
 0.516486 -0.372708  0.770929   -18.020366
-0.472157 -0.875031 -0.106713    15.658900
 0.714360 -0.308884 -0.627918    -9.402470
>structures/PheRS-Aα_AF_Euk_Megalobrama_amblycephala_gene125266654.pdb
-0.898684  0.385639  0.208922    -2.733529
 0.431963  0.695695  0.573948     0.767195
 0.075990  0.606045 -0.791792    -6.221874
>structures/PheRS-Aα_AF_Euk_Plasmodium_falciparum_3D7_gene813233.pdb
 0.343586  0.774527 -0.531089     2.449489
-0.724845 -0.140857 -0.674358   -13.032439
-0.597116  0.616658  0.513016    -2.798338
>structures/PheRS-Aα_AF_Euk_Schizosaccharomyces_pombe_gene2543647.pdb
 1.000000  0.000000  0.000000     0.000000
 0.000000  1.000000  0.000000     0.000000
 0.000000  0.000000  1.000000     0.000000
>structures/PheRS-Aα_PDB_Euk.B_H_sapiens_3L4G.C.pdb
 0.908031  0.414072 -0.063441   -86.790104
-0.416591  0.876710 -0.240482  -110.591585
-0.043958  0.244794  0.968578    -3.224145
