>../../../../class2/gly1//data/domains/Catalytic_domain/structures/GlyRS-A_AF_Arch_Candidatus_Nitrosopumilus_sediminis_gene13697160.pdb
 0.665376  0.666809  0.335619     8.972514
-0.122079  0.540727 -0.832293    -7.570393
-0.736459  0.512816  0.441190    -0.522706
>../../../../class2/gly1//data/domains/Catalytic_domain/structures/GlyRS-A_AF_Arch_Candidatus_Woesearchaeota_archaeon_proteinMBT4248212.1.pdb
-0.389670 -0.178337 -0.903523     9.610317
 0.740201 -0.644376 -0.192046    -6.932213
-0.547959 -0.743623  0.383099     1.632537
>../../../../class2/gly1//data/domains/Catalytic_domain/structures/GlyRS-A_AF_Arch_Sulfolobus_islandicus_YN1551_gene7810979.pdb
-0.316656 -0.923132  0.218076     9.330504
-0.933004  0.261684 -0.247032    -9.805041
 0.170976 -0.281689 -0.944149    -1.503553
>../../../../class2/gly1//data/domains/Catalytic_domain/structures/GlyRS-A_AF_Arch_Thermoplasma_acidophilum_DSM_1728_gene1455843.pdb
 0.839194  0.413096  0.353701     8.724820
-0.050756  0.707042 -0.705348    -7.722680
-0.541458  0.573972  0.614312    -0.540030
>../../../../class2/gly1//data/domains/Catalytic_domain/structures/GlyRS-A_AF_Bact_Capnocytophaga_ochracea_DSM_7271_gene29675716.pdb
 0.123790 -0.933635  0.336157     8.060405
-0.986480 -0.152449 -0.060136    -7.541019
 0.107392 -0.324168 -0.939884     0.661787
>../../../../class2/gly1//data/domains/Catalytic_domain/structures/GlyRS-A_AF_Bact_Corynebacterium_ulcerans_809_gene75260805.pdb
 0.417506 -0.893167 -0.167159    11.419150
 0.868845  0.446260 -0.214384   -11.057055
 0.266077 -0.055729  0.962340     1.017892
>../../../../class2/gly1//data/domains/Catalytic_domain/structures/GlyRS-A_AF_Bact_Treponema_denticola_ATCC_35405_gene2741635.pdb
-0.934544 -0.199606 -0.294591    10.409886
-0.355163  0.574487  0.737444    -9.397052
 0.022040  0.793802 -0.607776     2.699550
>../../../../class2/gly1//data/domains/Catalytic_domain/structures/GlyRS-A_PDB_Bact_T_thermophilus_1ati.pdb
-0.299278 -0.103888  0.948493   -10.395956
 0.395242 -0.918260  0.024134    13.453604
 0.868456  0.382107  0.315876   -46.185314
>../../../../class2/thr//data/domains/Catalytic_domain/structures/ThrRS_AF_Arch_Candidatus_Methanomethylophilus_alvus_Mx1201_gene15140074.pdb
-0.087388 -0.176339  0.980443     3.083767
 0.492583 -0.863115 -0.111332    -3.982629
 0.865867  0.473220  0.162287     2.026371
>../../../../class2/thr//data/domains/Catalytic_domain/structures/ThrRS_AF_Arch_Candidatus_Nitrosopumilus_koreensis_AR1_gene13725077.pdb
 0.460105  0.886841 -0.042615     7.949695
-0.149331  0.029983 -0.988333    -7.903611
-0.875216  0.461101  0.146228    -4.622459
>../../../../class2/thr//data/domains/Catalytic_domain/structures/ThrRS_AF_Arch_Pyrococcus_furiosus_DSM_3638_gene1469226.pdb
 0.336740  0.918099 -0.209048     8.306231
 0.035517 -0.234241 -0.971530    -5.948972
-0.940927  0.319728 -0.111487    -3.998014
>../../../../class2/thr//data/domains/Catalytic_domain/structures/ThrRS_AF_Arch_Sulfolobus_islandicus_M164_gene7940156.pdb
-0.967999  0.235627 -0.086360     7.953596
 0.092309  0.654311  0.750570    -8.457453
 0.233361  0.718579 -0.655123     3.991358
>../../../../class2/thr//data/domains/Catalytic_domain/structures/ThrRS_AF_Bact_Bifidobacterium_longum_subsp_longum_JCM_1217_gene69578309.pdb
-0.762096  0.637416  0.113625     2.090578
 0.217232  0.417043 -0.882545    -0.736834
-0.609935 -0.647901 -0.456294    -0.532190
>../../../../class2/thr//data/domains/Catalytic_domain/structures/ThrRS_AF_Bact_Brachyspira_pilosicoli_95_1000_gene56439092.pdb
-0.890566 -0.445945  0.089581     1.072104
-0.450148  0.892347 -0.032924    -2.044953
-0.065255 -0.069646 -0.995435     2.031112
>../../../../class2/thr//data/domains/Catalytic_domain/structures/ThrRS_AF_Bact_Brucella_abortus_2308_gene3787745.pdb
 0.968171  0.135906 -0.210177     1.152187
-0.021886  0.882488  0.469825    -1.517358
 0.249330 -0.450271  0.857374     1.483940
>../../../../class2/thr//data/domains/Catalytic_domain/structures/ThrRS_AF_Bact_Lactobacillus_acidophilus_La-14_gene56943112.pdb
 0.011893  0.129382 -0.991523    -1.794562
-0.282580 -0.950739 -0.127450     0.523316
-0.959170  0.281700  0.025254    -1.055765
>../../../../class2/thr//data/domains/Catalytic_domain/structures/ThrRS_AF_Bact_Mycoplasma_hyopneumoniae_168-L_gene57101460.pdb
-0.194240  0.127312  0.972657     4.603785
-0.068371 -0.990888  0.116045    -3.026700
 0.978568 -0.043961  0.201175     2.309507
>../../../../class2/thr//data/domains/Catalytic_domain/structures/ThrRS_AF_Bact_Porphyromonas_gingivalis_ATCC_33277_gene29256174.pdb
-0.669179 -0.702680  0.241744     3.027765
-0.665076  0.421224 -0.616639    -0.683620
 0.331472 -0.573421 -0.749210     0.027421
>../../../../class2/thr//data/domains/Catalytic_domain/structures/ThrRS_AF_Bact_Prochlorococcus_marinus_subsp_marinus_str_CCMP1375_gene54200406.pdb
 0.558155 -0.052689  0.828062     0.179977
 0.765073  0.418931 -0.489041    -1.322410
-0.321134  0.906488  0.274139    -2.032287
>../../../../class2/thr//data/domains/Catalytic_domain/structures/ThrRS_AF_Bact_Streptobacillus_moniliformis_DSM_12112_gene29674242.pdb
 0.369984  0.714475 -0.593833     1.000263
-0.214173 -0.556380 -0.802852    -1.469464
-0.904014  0.424225 -0.052831     0.597133
>../../../../class2/thr//data/domains/Catalytic_domain/structures/ThrRS_AF_Euk_Arabidopsis_thaliana_gene832741.pdb
-0.658683  0.646504 -0.384928     2.903530
 0.321573 -0.220627 -0.920823     0.931312
-0.680241 -0.730312 -0.062575    -1.309993
>../../../../class2/thr//data/domains/Catalytic_domain/structures/ThrRS_AF_Euk_Cryptococcus_gattii_WM276_gene10188143.pdb
-0.469918  0.873703  0.125776     0.636237
 0.216006  0.251976 -0.943318     1.379563
-0.855873 -0.416114 -0.307133     0.251843
>../../../../class2/thr//data/domains/Catalytic_domain/structures/ThrRS_AF_Euk_Cyanidioschyzon_merolae_strain_10D_gene16997242.pdb
 0.999983  0.004696 -0.003339    -0.050615
-0.004654  0.999910  0.012576     0.194352
 0.003398 -0.012560  0.999915    -0.054095
>../../../../class2/thr//data/domains/Catalytic_domain/structures/ThrRS_AF_Euk_Zymoseptoria_tritici_IPO323_gene13396560.pdb
 0.780832 -0.477043 -0.403400    -0.772780
-0.041848 -0.684195  0.728098    14.516421
-0.623338 -0.551641 -0.554204    -4.374993
>../../../../class2/thr//data/domains/Catalytic_domain/structures/ThrRS_AF_Mito_Cyanidioschyzon_merolae_strain_10D_gene16995590.pdb
 0.626315  0.749942  0.212877     1.049959
 0.010207  0.265157 -0.964151    -1.818016
-0.779503  0.606035  0.158417     0.363313
>../../../../class2/thr//data/domains/Catalytic_domain/structures/ThrRS_AF_Mito_Oryza_sativa_Japonica_Group_gene4345200.pdb
 0.691251 -0.700374  0.177899     0.922072
-0.718451 -0.639725  0.273095     1.167118
-0.077462 -0.316589 -0.945395    -0.699517
>../../../../class2/thr//data/domains/Catalytic_domain/structures/ThrRS_PDB_Bact_E_coli_1evk.pdb
-0.008536 -0.990879 -0.134483    66.187341
 0.952737  0.032784 -0.302023   -34.903852
 0.303677 -0.130705  0.943767   -16.244031
>../../../../class2/thr//data/domains/Catalytic_domain/structures/ThrRS_PDB_Bact_S_aureus_1nyr.pdb
-0.451699  0.179924  0.873840   -45.259981
-0.791549 -0.532693 -0.299480    50.196800
 0.411605 -0.826962  0.383036    15.927971
