>structures/LeuRS-A_AF_Arch_Aciduliprofundum_boonei_T469_gene8828435.pdb
-0.193156 -0.293684 -0.936184     3.773122
 0.524929 -0.837047  0.154279     1.780111
-0.828939 -0.461631  0.315844    -0.307435
>structures/LeuRS-A_AF_Arch_Candidatus_Korarchaeum_cryptofilum_OPF8_gene6093520.pdb
-0.804404  0.586802  0.092724     0.521492
 0.474374  0.540483  0.694872    -1.635834
 0.357636  0.602944 -0.713130    -1.953801
>structures/LeuRS-A_AF_Arch_Candidatus_Nitrosopumilus_koreensis_AR1_gene13725794.pdb
 0.997085  0.076284 -0.001098     0.840608
-0.076029  0.992347 -0.097300    -1.382400
-0.006333  0.097100  0.995254    -0.420248
>structures/LeuRS-A_AF_Arch_Methanobrevibacter_smithii_ATCC_35061_gene5216355.pdb
 1.000000  0.000000  0.000000     0.000000
 0.000000  1.000000  0.000000     0.000000
 0.000000  0.000000  1.000000     0.000000
>structures/LeuRS-A_AF_Euk_Arabidopsis_thaliana_gene837489.pdb
-0.135091 -0.947482  0.289875     0.009421
-0.875502 -0.022842 -0.482674     0.933816
 0.463947 -0.318991 -0.826437    -1.721685
>structures/LeuRS-A_AF_Euk_Drosophila_melanogaster_gene326262.pdb
 0.993829  0.055802  0.095865    -0.876122
-0.055091  0.998431 -0.010052     0.893249
-0.096275  0.004708  0.995344    -0.426538
>structures/LeuRS-A_AF_Euk_Leishmania_major_strain_Friedlin_gene5650139.pdb
 0.986189  0.101604  0.130800     3.201051
-0.081491  0.985190 -0.150864     0.768951
-0.144192  0.138121  0.979863    -2.247715
>structures/LeuRS-A_AF_Euk_Neurospora_crassa_OR74A_gene3879366.pdb
 0.996262 -0.079950  0.032715     2.015058
 0.076137  0.991588  0.104676    -0.908541
-0.040808 -0.101794  0.993968    -1.321117
>structures/LeuRS-A_PDB_Arch_P_hori_1WKB.pdb
-0.234999  0.772544  0.589874     6.649464
-0.935854 -0.015885 -0.352029   122.086867
-0.262588 -0.634763  0.726721    52.958116
