>../../../../class1/arg//data/domains/Catalytic_domain/structures/ArgRS_AF_Arch_Candidatus_Korarchaeum_cryptofilum_OPF8_gene6093502.pdb
 1.000000  0.000000  0.000000     0.000000
 0.000000  1.000000  0.000000     0.000000
 0.000000  0.000000  1.000000     0.000000
>../../../../class1/arg//data/domains/Catalytic_domain/structures/ArgRS_AF_Arch_Candidatus_Nitrosopumilus_sediminis_gene13697696.pdb
 0.896558 -0.258476 -0.359687    -0.392359
 0.406993  0.801158  0.438750     0.925705
 0.174760 -0.539755  0.823482     2.323161
>../../../../class1/arg//data/domains/Catalytic_domain/structures/ArgRS_AF_Arch_Desulfurococcus_mucosus_DSM_2162_gene10153309.pdb
 0.981529 -0.085525  0.171134     1.895077
 0.054169  0.982146  0.180151     5.906436
-0.183486 -0.167553  0.968638    -2.863831
>../../../../class1/arg//data/domains/Catalytic_domain/structures/ArgRS_AF_Arch_Methanothermococcus_okinawensis_IH1_gene10773248.pdb
 0.941677  0.283802  0.180831    -0.158695
-0.167801  0.861794 -0.478700     1.251469
-0.291696  0.420438  0.859154     3.586127
>../../../../class1/arg//data/domains/Catalytic_domain/structures/ArgRS_AF_Bact_Anoxybacillus_flavithermus_WK1_gene7039015.pdb
 0.461429 -0.690244 -0.557357     0.428687
 0.859024  0.190599  0.475132    -1.162326
-0.221725 -0.698023  0.680884     4.390980
>../../../../class1/arg//data/domains/Catalytic_domain/structures/ArgRS_AF_Bact_Brachyspira_pilosicoli_95_1000_gene56439668.pdb
 0.753810  0.655985 -0.038134    -3.784669
-0.614937  0.683809 -0.392756     1.353836
-0.231566  0.319513  0.918852     3.467759
>../../../../class1/arg//data/domains/Catalytic_domain/structures/ArgRS_AF_Bact_Chlamydia_psittaci_6BC_gene12242456.pdb
 0.976228  0.215968 -0.018338    -1.755257
-0.216338  0.976085 -0.021353    -0.547376
 0.013287  0.024812  0.999604     2.268014
>../../../../class1/arg//data/domains/Catalytic_domain/structures/ArgRS_AF_Bact_Corynebacterium_ulcerans_809_gene75260071.pdb
 0.842437  0.537352 -0.039392    -2.929388
-0.520637  0.793048 -0.316246     1.556898
-0.138696  0.286927  0.947859     3.180506
>../../../../class1/arg//data/domains/Catalytic_domain/structures/ArgRS_AF_Bact_Cupriavidus_taiwanensis_LMG_19424_gene29762022.pdb
 0.971241  0.237883 -0.010124    -1.167550
-0.236597  0.959474 -0.153073     2.260539
-0.026700  0.151066  0.988163     3.085811
>../../../../class1/arg//data/domains/Catalytic_domain/structures/ArgRS_AF_Bact_Mycoplasma_hyopneumoniae_168-L_gene57100855.pdb
 0.989954  0.112787 -0.085260     0.507281
-0.118064  0.991215 -0.059606     1.835703
 0.077788  0.069073  0.994574     0.703157
>../../../../class1/arg//data/domains/Catalytic_domain/structures/ArgRS_AF_Bact_Prochlorococcus_marinus_subsp_marinus_str_CCMP1375_gene54199571.pdb
 0.281121 -0.499373 -0.819510    -0.686171
 0.803384 -0.344634  0.485594     5.086672
-0.524923 -0.794892  0.304305     3.458158
>../../../../class1/arg//data/domains/Catalytic_domain/structures/ArgRS_AF_Bact_Streptobacillus_moniliformis_DSM_12112_gene29674021.pdb
-0.178240 -0.808943  0.560215    -2.176970
-0.725492 -0.276584 -0.630208     1.118109
 0.664749 -0.518760 -0.537584     3.653869
>../../../../class1/arg//data/domains/Catalytic_domain/structures/ArgRS_AF_Euk_Micromonas_commoda_gene8250062.pdb
-0.984040 -0.078490  0.159703    -0.603588
-0.084041  0.996061 -0.028291    -2.424497
-0.156853 -0.041261 -0.986760     2.873081
>../../../../class1/arg//data/domains/Catalytic_domain/structures/ArgRS_AF_Euk_Paulinella_chromatophora_gene6481434.pdb
 0.203446 -0.331427 -0.921285    -1.765788
 0.666455 -0.642446  0.378288     5.173146
-0.717250 -0.690956  0.090178     0.910212
>../../../../class1/arg//data/domains/Catalytic_domain/structures/ArgRS_AF_Euk_Polyodon_spathula_gene121324634.pdb
 0.760540  0.621224 -0.188840    -0.115865
-0.429364  0.263019 -0.863983    -6.785256
-0.487058  0.738175  0.466768     0.739951
>../../../../class1/arg//data/domains/Catalytic_domain/structures/ArgRS_AF_Euk_Thalassiosira_pseudonana_CCMP1335_gene7449555.pdb
-0.053553 -0.596729  0.800654     2.810571
-0.661148 -0.579697 -0.476272    -2.733136
 0.748342 -0.554856 -0.363482     7.106688
>../../../../class1/arg//data/domains/Catalytic_domain/structures/ArgRS_AF_Mito_Caenorhabditis_elegans_gene174023.pdb
 0.069847 -0.148126 -0.986499     3.390008
 0.308611 -0.937192  0.162573     3.457137
-0.948620 -0.315800 -0.019746     1.341606
>../../../../class1/arg//data/domains/Catalytic_domain/structures/ArgRS_AF_Mito_Saccharomyces_cerevisiae_S288C_gene851942.pdb
-0.557816  0.510049  0.654745    -2.941010
 0.514061 -0.407024  0.755032    -0.598212
 0.651600  0.757748 -0.035152     4.334968
>../../../../class1/arg//data/domains/Catalytic_domain/structures/ArgRS_AF_Vir_Megavirus_chiliensis_gene11257368.pdb
-0.083580  0.009217  0.996458    -0.904138
-0.116249 -0.993220 -0.000563     1.056643
 0.989697 -0.115885  0.084085     8.300117
>../../../../class1/arg//data/domains/Catalytic_domain/structures/ArgRS_PDB_Arch_2ZUF.pdb
 0.467220  0.717723  0.516312   -24.541018
 0.512379  0.256111 -0.819680    15.170783
-0.720536  0.647519 -0.248086    26.111952
>../../../../class1/arg//data/domains/Catalytic_domain/structures/ArgRS_PDB_Bact_1IQ0.pdb
-0.902366 -0.375761  0.211043    33.844388
 0.161879 -0.749357 -0.642075    51.631174
 0.399413 -0.545223  0.737022    36.319533
>../../../../class1/arg//data/domains/Catalytic_domain/structures/ArgRS_PDB_Bact_3FNR.pdb
-0.789827  0.350955 -0.502995    84.014277
-0.511012  0.076971  0.856120   -77.573483
 0.339176  0.933223  0.118549   -73.487343
>../../../../class1/trp1//data/domains/Catalytic_domain/structures/TrpRS-A_AF_Arch_Natrialba_magadii_ATCC_43099_gene8824932.pdb
-0.626960 -0.777171  0.054100     4.894268
 0.375595 -0.362380 -0.853000     3.476704
 0.682531 -0.514477  0.519099    -6.882151
>../../../../class1/trp1//data/domains/Catalytic_domain/structures/TrpRS-A_AF_Arch_Nitrosopumilus_maritimus_SCM1_gene5773245.pdb
-0.512888 -0.848851  0.128057     3.769057
 0.492448 -0.413110 -0.766052     5.227912
 0.703165 -0.329837  0.629894    -7.683300
>../../../../class1/trp1//data/domains/Catalytic_domain/structures/TrpRS-A_AF_Arch_Sulfolobus_islandicus_M1627_gene7814138.pdb
 0.421809 -0.635936 -0.646268     6.450687
-0.392557 -0.770603  0.502066     4.904579
-0.817298  0.041921 -0.574689   -10.181591
>../../../../class1/trp1//data/domains/Catalytic_domain/structures/TrpRS-A_AF_Arch_Thermoplasma_acidophilum_DSM_1728_gene1456706.pdb
 0.518835  0.424540  0.742008     4.213631
 0.827481 -0.031440 -0.560612    -0.940064
-0.214674  0.904863 -0.367611    -8.030315
>../../../../class1/trp1//data/domains/Catalytic_domain/structures/TrpRS-A_AF_Euk_Cryptococcus_neoformans_var_neoformans_JEC21_gene3254069.pdb
 0.165030  0.218927  0.961684     5.005121
 0.734460  0.623503 -0.267977     4.182002
-0.658281  0.750543 -0.057897    -6.100425
>../../../../class1/trp1//data/domains/Catalytic_domain/structures/TrpRS-A_AF_Euk_Cyanidioschyzon_merolae_strain_10D_gene16993299.pdb
-0.073147 -0.818849  0.569329     4.163967
 0.840339 -0.358037 -0.406988     5.331729
 0.537103  0.448659  0.714300    -6.682081
>../../../../class1/trp1//data/domains/Catalytic_domain/structures/TrpRS-A_AF_Euk_Drosophila_melanogaster_gene45399.pdb
-0.287790 -0.802769  0.522244     5.626869
 0.645310 -0.565480 -0.513622     7.085107
 0.707639  0.189194  0.680774    -1.661674
>../../../../class1/trp1//data/domains/Catalytic_domain/structures/TrpRS-A_AF_Euk_Saccharomyces_cerevisiae_S288C_gene854056.pdb
-0.704982  0.670665  0.230671     4.898771
 0.253691  0.542187 -0.801046     3.688479
-0.662300 -0.506204 -0.552374    -5.648808
>../../../../class1/trp1//data/domains/Catalytic_domain/structures/TrpRS-A_AF_Vir_Megavirus_chiliensis_gene11257301.pdb
-0.442356 -0.885158  0.144277     4.976076
 0.663506 -0.431239 -0.611386     4.088301
 0.603391 -0.174722  0.778069    -7.564796
>../../../../class1/trp1//data/domains/Catalytic_domain/structures/TrpRS-A_PDB_Arch_P_hori_3JXE.pdb
 0.097790 -0.598285  0.795294    19.862541
-0.529331  0.645445  0.550644   -39.642540
-0.842761 -0.474821 -0.253573   -25.645106
>../../../../class1/trp1//data/domains/Catalytic_domain/structures/TrpRS-A_PDB_Euk_S_Cerevisiae_3KT3.pdb
 0.753072 -0.657146 -0.032267   139.850818
 0.534163  0.639298 -0.553144    56.125171
 0.384124  0.399322  0.832461    60.317577
