>../../../../class2/asn//data/domains/Catalytic_domain/structures/AsnRS_AF_Arch_Candidatus_Korarchaeum_cryptofilum_OPF8_gene6094562.pdb
 1.000000  0.000000  0.000000    -0.000000
 0.000000  1.000000  0.000000     0.000000
 0.000000  0.000000  1.000000     0.000000
>../../../../class2/asn//data/domains/Catalytic_domain/structures/AsnRS_AF_Arch_Candidatus_Nitrososphaera_gargensis_Ga92_gene13796664.pdb
-0.612090  0.751113  0.247336    -1.706110
 0.706009  0.378157  0.598789     1.343927
 0.356226  0.541134 -0.761759    -1.534874
>../../../../class2/asn//data/domains/Catalytic_domain/structures/AsnRS_AF_Arch_Ferroplasma_acidarmanus_Fer1_gene16025664.pdb
 0.107976  0.068708  0.991776     3.633655
 0.018336 -0.997577  0.067114     5.898382
 0.993984  0.010938 -0.108975     4.191707
>../../../../class2/asn//data/domains/Catalytic_domain/structures/AsnRS_AF_Arch_Pyrococcus_sp_ST04_gene13021535.pdb
 0.121021  0.091519  0.988422     2.790992
 0.108313 -0.991013  0.078498     6.263549
 0.986723  0.097559 -0.129846     3.609221
>../../../../class2/asn//data/domains/Catalytic_domain/structures/AsnRS_AF_Bact_Clostridium_acetobutylicum_DSM_1731_gene44999755.pdb
-0.656934  0.686576  0.311529    -0.557232
 0.702441  0.407259  0.583709    -0.015569
 0.273888  0.602290 -0.749822    -2.159857
>../../../../class2/asn//data/domains/Catalytic_domain/structures/AsnRS_AF_Bact_Mycoplasma_hyopneumoniae_168-L_gene57101291.pdb
 0.013621  0.338184  0.940981     1.665351
 0.396712 -0.865660  0.305372     7.225184
 0.917842  0.369139 -0.145952     3.591818
>../../../../class2/asn//data/domains/Catalytic_domain/structures/AsnRS_AF_Bact_Porphyromonas_gingivalis_ATCC_33277_gene29256423.pdb
 0.048860  0.098605  0.993926     1.532005
 0.210515 -0.973778  0.086258     5.316138
 0.976369  0.205021 -0.068336     2.998322
>../../../../class2/asn//data/domains/Catalytic_domain/structures/AsnRS_AF_Bact_Streptobacillus_moniliformis_DSM_12112_gene29673200.pdb
-0.725126  0.625847  0.287243    -0.835871
 0.651790  0.489199  0.579530     0.179305
 0.222178  0.607454 -0.762651    -1.933025
>../../../../class2/asn//data/domains/Catalytic_domain/structures/AsnRS_AF_Bact_Thermus_thermophilus_HB8_gene3168522.pdb
-0.055258  0.456291  0.888113     1.575875
 0.431029 -0.791423  0.433432     8.032210
 0.900644  0.406753 -0.152942     3.193382
>../../../../class2/asn//data/domains/Catalytic_domain/structures/AsnRS_AF_Bact_Treponema_pallidum_subsp_pertenue_str_SamoaD_gene57879132.pdb
-0.603445  0.733098  0.313723    -1.518842
 0.714905  0.323107  0.620091     0.433467
 0.353222  0.598473 -0.719072    -2.258626
>../../../../class2/asn//data/domains/Catalytic_domain/structures/AsnRS_AF_Bact_unclassified_Blastocatellia_proteinRPI49177.1.pdb
-0.175664  0.598543  0.781594     0.208031
 0.589835 -0.571664  0.570346     7.771835
 0.788186  0.561201 -0.252621     1.729971
>../../../../class2/asn//data/domains/Catalytic_domain/structures/AsnRS_AF_Euk_Candida_albicans_SC5314_gene3646227.pdb
 0.189688  0.253030  0.948680     4.025271
 0.217024 -0.953129  0.210823     7.642954
 0.957559  0.165895 -0.235711    -0.676255
>../../../../class2/asn//data/domains/Catalytic_domain/structures/AsnRS_AF_Euk_Cryptococcus_gattii_WM276_gene10190222.pdb
 0.283198  0.322448  0.903231     3.701455
 0.283820 -0.927779  0.242223     7.241607
 0.916103  0.187758 -0.354263    -4.072167
>../../../../class2/asn//data/domains/Catalytic_domain/structures/AsnRS_AF_Euk_Encephalitozoon_intestinalis_ATCC_50506_gene9698489.pdb
 0.085586 -0.038562  0.995584     2.939782
 0.119931 -0.991586 -0.048717     4.855312
 0.989086  0.123571 -0.080241     4.368545
>../../../../class2/asn//data/domains/Catalytic_domain/structures/AsnRS_AF_Euk_Vitis_vinifera_gene100257593.pdb
-0.794973  0.523987  0.305704    -3.263211
 0.543484  0.391279  0.742648    -2.245585
 0.269522  0.756531 -0.595835    -2.473202
>../../../../class2/asn//data/domains/Catalytic_domain/structures/AsnRS_AF_Mito_Solanum_lycopersicum_gene543755.pdb
-0.519339  0.655633  0.548117    -4.433818
 0.523679 -0.262691  0.810403    -0.966153
 0.675312  0.707912 -0.206915    -3.349492
>../../../../class2/asn//data/domains/Catalytic_domain/structures/AsnRS_AF_Mito_Zeugodacus_cucurbitae_gene105213230.pdb
-0.056775  0.272087 -0.960596    -2.834784
-0.154543 -0.952947 -0.260786     2.555080
-0.986353  0.133647  0.096153    -4.314953
>../../../../class2/asn//data/domains/Catalytic_domain/structures/AsnRS_PDB_Arch_P_horikoshii_1X54.pdb
-0.032392 -0.930852 -0.363959    13.324697
 0.991100  0.017128 -0.132014    12.635110
 0.129119 -0.364996  0.922012   -26.425721
>../../../../class2/asn//data/domains/Catalytic_domain/structures/AsnRS_PDB_Bact_E_anophelis_6pqh.pdb
-0.970293  0.190900 -0.148625   -21.197731
 0.223624  0.942112 -0.249835    -8.884869
 0.092328 -0.275649 -0.956814   -54.023379
>../../../../class2/asn//data/domains/Catalytic_domain/structures/AsnRS_PDB_Euk_S_cerevisiae_1asz.pdb
 0.204901  0.238064  0.949390   -20.695839
 0.620738  0.718349 -0.314100   -95.896896
-0.756769  0.653682 -0.000585    18.141549
>../../../../class2/sep//data/domains/Catalytic_domain/structures/SepRS_AF_Arch_Methanothrix_thermoacetophila_PT_gene4462697.pdb
-0.263502  0.611726  0.745894     3.392907
 0.416241 -0.625436  0.659980     2.936894
 0.870236  0.484378 -0.089821    -9.791421
>../../../../class2/sep//data/domains/Catalytic_domain/structures/SepRS_AF_Arch_unclassified_Candidatus_Bathyarchaeota_proteinUCD26266.1.pdb
 0.229455  0.954147  0.192235    -3.177938
-0.691673  0.298803 -0.657500    -2.065663
-0.684792  0.017903  0.728519   -13.710238
>../../../../class2/sep//data/domains/Catalytic_domain/structures/SepRS_AF_Arch_unclassified_Lokiarchaeota_proteinTFF69421.1.pdb
-0.255101  0.057443 -0.965207    -5.015156
 0.507155 -0.841952 -0.184147     1.870957
-0.823236 -0.536485  0.185650   -15.318716
>../../../../class2/sep//data/domains/Catalytic_domain/structures/SepRS_AF_Arch_unclassified_Thermoprotei_proteinRLF12424.1.pdb
 0.996690 -0.010478  0.080614     1.203351
 0.005065  0.997736  0.067059    -3.914033
-0.081134 -0.066428  0.994487   -11.819536
>../../../../class2/sep//data/domains/Catalytic_domain/structures/SepRS_PDB_Arch_2DU4_A_fulgidus.pdb
 0.567636 -0.582060  0.582233    32.789422
 0.597485 -0.195290 -0.777736   -17.178805
 0.566394  0.789346  0.236919   -73.654055
>../../../../class2/sep//data/domains/Catalytic_domain/structures/SepRS_PDB_Arch_2ODR_M_maripadulis.pdb
-0.818206 -0.541586 -0.192936    69.459856
 0.518572 -0.840106  0.159073   -29.656943
-0.248238  0.030103  0.968231   -22.981914
