>../../../../class2//ala/data/domains/AlaRS_IM//structures/AlaRS_AF_Bact_Brucella_melitensis_bv_1_str_16M_gene29593597.pdb
-0.042189  0.329833 -0.943096     1.328703
 0.623824  0.746025  0.233004     8.231122
 0.780426 -0.578496 -0.237232     3.597988
>../../../../class2//ala/data/domains/AlaRS_IM//structures/AlaRS_AF_Bact_Chlamydia_psittaci_6BC_gene12242512.pdb
-0.794000  0.115641  0.596817     2.415036
 0.342968 -0.725372  0.596832     2.579517
 0.501933  0.678574  0.536285     1.583469
>../../../../class2//ala/data/domains/AlaRS_IM//structures/AlaRS_AF_Bact_Lactobacillus_acidophilus_La-14_gene56942022.pdb
-0.913530 -0.197000  0.355886    -1.316716
 0.092121  0.751974  0.652724     7.522397
-0.396204  0.629067 -0.668803    -8.833545
>../../../../class2//ala/data/domains/AlaRS_IM//structures/AlaRS_AF_Bact_Nocardia_farcinica_IFM_10152_gene61134339.pdb
-0.919738 -0.032754  0.391164     2.662475
 0.391166  0.006595  0.920296     3.812012
-0.032723  0.999442  0.006746    -0.463780
>../../../../class2//ala/data/domains/AlaRS_IM//structures/AlaRS_AF_Bact_Porphyromonas_gingivalis_ATCC_33277_gene29256567.pdb
-0.839635  0.147700  0.522683     0.501627
 0.365111 -0.558981  0.744469     3.087579
 0.402128  0.815920  0.415413    -0.916565
>../../../../class2//ala/data/domains/AlaRS_IM//structures/AlaRS_AF_Bact_Prochlorococcus_marinus_subsp_marinus_str_CCMP1375_gene54199407.pdb
-0.068688  0.124144 -0.989884     4.828668
 0.395763 -0.907423 -0.141265     2.776855
-0.915780 -0.401462  0.013198    -3.122312
>../../../../class2//ala/data/domains/AlaRS_IM//structures/AlaRS_AF_Bact_Streptobacillus_moniliformis_DSM_12112_gene29672963.pdb
-0.713405  0.252689  0.653606     4.512760
 0.261382 -0.769452  0.582772     3.490272
 0.650179  0.586593  0.482883    -5.117733
>../../../../class2//ala/data/domains/AlaRS_IM//structures/AlaRS_AF_Bact_Treponema_pallidum_subsp_pertenue_str_SamoaD_gene57879528.pdb
-0.150892 -0.310925  0.938380   -11.248120
-0.922759 -0.296209 -0.246527    -0.608531
 0.354608 -0.903098 -0.242214    -6.682425
>../../../../class2//ala/data/domains/AlaRS_IM//structures/AlaRS_AF_Euk_Cyanidioschyzon_merolae_strain_10D_gene16993235.pdb
-0.556548 -0.429357  0.711271     6.934990
-0.817452  0.130064 -0.561119    -4.367933
 0.148409 -0.893720 -0.423366    -4.524433
>../../../../class2//ala/data/domains/AlaRS_IM//structures/AlaRS_AF_Euk_Marasmius_oreades_gene66078979.pdb
 0.218327  0.752876 -0.620895     4.343367
 0.704984  0.318259  0.633805    -0.051693
 0.674782 -0.576098 -0.461281    -3.014408
>../../../../class2//ala/data/domains/AlaRS_IM//structures/AlaRS_AF_Euk_Plasmodium_berghei_ANKA_gene55150801.pdb
-0.774476  0.287330  0.563586     1.125426
 0.583943 -0.017939  0.811597     5.772614
 0.243306  0.957664 -0.153891    -2.850558
>../../../../class2//ala/data/domains/AlaRS_IM//structures/AlaRS_AF_Euk_Saccharomyces_cerevisiae_S288C_gene854513.pdb
 0.606433  0.470465 -0.641016     1.968418
 0.754613 -0.086452  0.650450    -2.289295
 0.250597 -0.878174 -0.407446     0.777928
>../../../../class2//ala/data/domains/AlaRS_IM//structures/AlaRS_AF_Mito_Caenorhabditis_elegans_gene174749.pdb
-0.573345  0.067273  0.816547    -0.936346
 0.193329 -0.957372  0.214623     0.419420
 0.796178  0.280915  0.535899    -0.593535
>../../../../class2//ala/data/domains/AlaRS_IM//structures/AlaRS_AF_Mito_Gadus_morhua_gene115539928.pdb
 1.000000 -0.000000  0.000000     0.000000
 0.000000  1.000000  0.000000     0.000000
-0.000000  0.000000  1.000000     0.000000
>../../../../class2//ala/data/domains/AlaRS_IM//structures/AlaRS_PDB_Bact_E_coli_3HXV.pdb
 0.147320 -0.745187 -0.650379    26.138126
-0.921006 -0.343093  0.184487    25.148224
-0.360618  0.571824 -0.736866    -3.347171
