>structures/ProRS-B_AF_Bact_Acinetobacter_baylyi_ADP1_gene45233245.pdb
-0.998332  0.014986 -0.055753     1.200837
-0.001569  0.958320  0.285693     3.921178
 0.057710  0.285304 -0.956698     1.631391
>structures/ProRS-B_AF_Bact_Brachyspira_pilosicoli_95_1000_gene56438966.pdb
-0.485228  0.617936  0.618635     1.430190
 0.698786 -0.151236  0.699161     3.935544
 0.525596  0.771546 -0.358421    -0.044225
>structures/ProRS-B_AF_Bact_Chlamydia_psittaci_6BC_gene12242703.pdb
 0.999977 -0.003856 -0.005538    -0.056652
 0.003884  0.999980  0.005060     0.068236
 0.005518 -0.005081  0.999972     0.016632
>structures/ProRS-B_AF_Bact_Clostridium_acetobutylicum_DSM_1731_gene44999665.pdb
-0.984404  0.163809  0.064158     0.900542
 0.175022  0.874986  0.451405     3.453738
 0.017807  0.455594 -0.890009     0.579548
>structures/ProRS-B_AF_Bact_Corynebacterium_ulcerans_809_gene75260584.pdb
 0.939114 -0.167601 -0.299960     0.330447
 0.340811  0.565479  0.751054     2.427996
 0.043744 -0.807554  0.588169     0.883865
>structures/ProRS-B_AF_Bact_Prochlorococcus_marinus_subsp_marinus_str_CCMP1375_gene54199876.pdb
-0.995255  0.095976 -0.016014     1.281197
 0.087442  0.954394  0.285457     3.089538
 0.042680  0.282702 -0.958258     1.950663
>structures/ProRS-B_AF_Bact_Streptobacillus_moniliformis_DSM_12112_gene29673723.pdb
-0.868853 -0.494055 -0.031683     1.490799
-0.463224  0.833880 -0.300112     4.343051
 0.174691 -0.246077 -0.953378    -0.110670
>structures/ProRS-B_AF_Euk_Candida_albicans_SC5314_gene3640100.pdb
-0.984322 -0.076466  0.158944     2.185219
-0.084102  0.995577 -0.041875     2.115328
-0.155039 -0.054586 -0.986399    -2.636953
>structures/ProRS-B_AF_Mito_Drosophila_melanogaster_gene38331.pdb
 0.333392  0.556750 -0.760841     5.296346
-0.905821 -0.034608 -0.422245     4.284628
-0.261416  0.829959  0.492778    -7.938690
>structures/ProRS-B_AF_Mito_Mauremys_reevesii_gene120369760.pdb
-0.449467 -0.505199  0.736718     5.110714
-0.204256 -0.744746 -0.635321     3.721225
 0.869631 -0.436035  0.231549    -2.717318
>structures/ProRS-B_AF_Mito_Schizosaccharomyces_pombe_gene2540642.pdb
-0.882074  0.107851  0.458600     4.202325
 0.165050  0.982493  0.086401     3.615576
-0.441253  0.151904 -0.884433    -6.402812
>structures/ProRS-B_PDB_Bact_S_aureus_5znj.pdb
-0.921803 -0.127709 -0.366019    10.721541
-0.368450  0.582157  0.724802   -10.501652
 0.120517  0.802984 -0.583688    12.911033
>structures/ProRS_PDB_Bact_E_faecalis_2J3M.pdb
-0.762818 -0.539091 -0.357055    21.642603
-0.570857  0.820813 -0.019698    29.451592
 0.303695  0.188802 -0.933876     5.362532
