>structures/ProRS-B_AF_Bact_Acinetobacter_baylyi_ADP1_gene45233245.pdb
 0.928913 -0.325949 -0.175721     2.147368
 0.163892  0.787422 -0.594228     0.554969
 0.332055  0.523187  0.784866    20.524150
>structures/ProRS-B_AF_Bact_Brachyspira_pilosicoli_95_1000_gene56438966.pdb
 0.258671 -0.414348 -0.872585     1.705919
 0.887632  0.458300  0.045507    -0.793624
 0.381050 -0.786306  0.486337    21.426889
>structures/ProRS-B_AF_Bact_Chlamydia_psittaci_6BC_gene12242703.pdb
-0.921995 -0.363713  0.132810     4.525915
-0.112067  0.578980  0.807603    -2.818060
-0.370630  0.729722 -0.574577    19.128693
>structures/ProRS-B_AF_Bact_Clostridium_acetobutylicum_DSM_1731_gene44999665.pdb
 0.845967 -0.410816 -0.339955     2.452961
 0.231672  0.857383 -0.459590    -0.491205
 0.480279  0.310040  0.820492    20.919250
>structures/ProRS-B_AF_Bact_Corynebacterium_ulcerans_809_gene75260584.pdb
-0.983315 -0.162771  0.081225     3.416943
 0.127221 -0.296172  0.946624    -0.784223
-0.130027  0.941163  0.311938    20.181881
>structures/ProRS-B_AF_Bact_Prochlorococcus_marinus_subsp_marinus_str_CCMP1375_gene54199876.pdb
 0.890601 -0.400533 -0.215416     2.434239
 0.201534  0.772197 -0.602574     0.368772
 0.407694  0.493240  0.768440    19.702903
>structures/ProRS-B_AF_Bact_Streptobacillus_moniliformis_DSM_12112_gene29673723.pdb
 0.992884  0.118408  0.012713     1.501425
-0.029556  0.348423 -0.936871    -0.598625
-0.115362  0.929828  0.349444    21.730878
>structures/ProRS-B_AF_Euk_Candida_albicans_SC5314_gene3640100.pdb
 0.916898 -0.300304 -0.262898     1.377340
-0.060065  0.547366 -0.834735    -4.041171
 0.394575  0.781158  0.483841    21.332121
>structures/ProRS-B_PDB_Bact_S_aureus_5znj.pdb
 0.999943  0.009936 -0.003900     0.141297
-0.009951  0.999944 -0.003692     0.150793
 0.003864  0.003731  0.999986    -0.004429
>structures/ProRS_PDB_Bact_E_faecalis_2J3M.pdb
 0.951474  0.221491  0.213633   -25.530867
 0.000271  0.693621 -0.720340    16.101375
-0.307730  0.685442  0.659903    29.321815
