>../../../../class1/glu1//data/domains/Catalytic_domain/structures/GluRS_AF_Bact_Bifidobacterium_animalis_subsp_lactis_BLC1_gene66532600.pdb
 0.457202  0.787506  0.413280    58.130515
-0.582250  0.616304 -0.530240    19.712889
-0.672273  0.001794  0.740301    30.180808
>../../../../class1/glu1//data/domains/Catalytic_domain/structures/GluRS_AF_Bact_Chlamydia_psittaci_6BC_gene12242467.pdb
 0.358753  0.263091  0.895589    49.825663
-0.650041  0.758977  0.037433    19.925288
-0.669883 -0.595598  0.443305    34.217017
>../../../../class1/glu1//data/domains/Catalytic_domain/structures/GluRS_AF_Bact_[Eubacterium]_eligens_ATCC_27750_gene41357084.pdb
 0.788346  0.290370  0.542398    58.843952
-0.389588  0.917944  0.074828    21.534093
-0.476163 -0.270302  0.836783    31.928370
>../../../../class1/glu1//data/domains/Catalytic_domain/structures/GluRS_AF_Bact_Mycoplasma_hyopneumoniae_168-L_gene57101016.pdb
 0.771762  0.424002  0.473926    56.911774
-0.505506  0.861212  0.052697    20.544706
-0.385808 -0.280242  0.878986    31.231283
>../../../../class1/glu1//data/domains/Catalytic_domain/structures/GluRS_AF_Bact_Paracoccus_denitrificans_PD1222_gene75500422.pdb
 0.834118  0.319499  0.449630    58.269902
-0.426093  0.890880  0.157411    21.977872
-0.350274 -0.322883  0.879235    31.618440
>../../../../class1/glu1//data/domains/Catalytic_domain/structures/GluRS_AF_Bact_Porphyromonas_gingivalis_ATCC_33277_gene29255772.pdb
 0.514402 -0.472164  0.715857    57.029853
-0.025833 -0.842924 -0.537412    20.703878
 0.857160  0.257953 -0.445799    30.418879
>../../../../class1/glu1//data/domains/Catalytic_domain/structures/GluRS_AF_Bact_Prochlorococcus_marinus_subsp_marinus_str_CCMP1375_gene54199839.pdb
-0.342101 -0.902766 -0.260730    58.210334
-0.565372  0.419380 -0.710264    20.739394
 0.750547 -0.095573 -0.653869    31.045928
>../../../../class1/glu1//data/domains/Catalytic_domain/structures/GluRS_AF_Bact_Treponema_pallidum_subsp_pertenue_str_SamoaD_gene57879197.pdb
 0.636599  0.538000  0.552537    57.093395
-0.597819  0.796880 -0.087144    20.021319
-0.487189 -0.274841  0.828920    28.415509
>../../../../class1/glu1//data/domains/Catalytic_domain/structures/GluRS_AF_Euk_Arabidopsis_thaliana_gene836526.pdb
-0.801237  0.461697 -0.380598    52.992564
 0.359905  0.880027  0.309873    19.627310
 0.478004  0.111303 -0.871277    28.305726
>../../../../class1/glu1//data/domains/Catalytic_domain/structures/GluRS_AF_Euk_Cryptococcus_neoformans_var_grubii_H99_gene23890400.pdb
 0.462232 -0.734484  0.496865    59.125464
-0.307232 -0.658258 -0.687244    20.671428
 0.831835  0.165013 -0.529925    27.773779
>../../../../class1/glu1//data/domains/Catalytic_domain/structures/GluRS_AF_Euk_Ostreococcus_tauri_proteinOUS48355.1.pdb
-0.338116  0.937671  0.080316    54.180335
 0.764745  0.224012  0.604139    24.018346
 0.548492  0.265691 -0.792821    29.118884
>../../../../class1/glu1//data/domains/Catalytic_domain/structures/GluRS_AF_Euk_Plasmodium_knowlesi_strain_H_gene7321821.pdb
 0.541794  0.608377  0.579946    55.897861
-0.664513  0.732543 -0.147657    20.255019
-0.514667 -0.305382  0.801162    30.411137
>../../../../class1/glu1//data/domains/Catalytic_domain/structures/GluRS_AF_Mito_Cyanidioschyzon_merolae_strain_10D_gene16997617.pdb
-0.379250  0.916647  0.126207    56.660593
 0.767786  0.235628  0.595805    22.517013
 0.516405  0.322859 -0.793151    28.027946
>../../../../class1/glu1//data/domains/Catalytic_domain/structures/GluRS_AF_Mito_Drosophila_melanogaster_gene39828.pdb
-0.795230  0.513931 -0.321690    57.003845
 0.451953  0.856141  0.250521    17.233955
 0.404162  0.053833 -0.913102    30.967467
>../../../../class1/glu1//data/domains/Catalytic_domain/structures/GluRS_PDB_Bact_T_therm_1J09.pdb
 0.575109 -0.741900  0.344723    54.624274
-0.356798 -0.606665 -0.710389    56.875418
 0.736169  0.285555 -0.613607    -4.917045
>../../../../class1/trp//data/domains/Catalytic_domain/structures/TrpRS_AF_Arch_Natrialba_magadii_ATCC_43099_gene8824932.pdb
 0.544101 -0.031994  0.838409    56.704235
 0.213624  0.971623 -0.101558    24.312165
-0.811368  0.234362  0.535496    40.174608
>../../../../class1/trp//data/domains/Catalytic_domain/structures/TrpRS_AF_Arch_Nitrosopumilus_maritimus_SCM1_gene5773245.pdb
 0.496084  0.176524  0.850141    55.549403
 0.092171  0.962877 -0.253717    25.538365
-0.863368  0.204223  0.461398    38.676454
>../../../../class1/trp//data/domains/Catalytic_domain/structures/TrpRS_AF_Arch_Sulfolobus_islandicus_M1627_gene7814138.pdb
-0.600191  0.595864 -0.533589    52.756402
 0.027885  0.682287  0.730552    24.121704
 0.799371  0.423591 -0.426118    40.795739
>../../../../class1/trp//data/domains/Catalytic_domain/structures/TrpRS_AF_Arch_Thermoplasma_acidophilum_DSM_1728_gene1456706.pdb
-0.743861  0.623893 -0.239641    58.197666
-0.504034 -0.759155 -0.411865    26.421762
-0.438884 -0.185583  0.879170    44.188895
>../../../../class1/trp//data/domains/Catalytic_domain/structures/TrpRS_AF_Bact_Anoxybacillus_flavithermus_WK1_gene7038388.pdb
-0.393276  0.874907 -0.282617    50.621782
 0.380357  0.434668  0.816329    21.818021
 0.837056  0.213547 -0.503721    42.519987
>../../../../class1/trp//data/domains/Catalytic_domain/structures/TrpRS_AF_Bact_Brachyspira_pilosicoli_95_1000_gene56440833.pdb
-0.533278 -0.476981 -0.698644    55.808670
 0.660968 -0.750374  0.007779    19.827382
-0.527955 -0.457632  0.715428    40.745382
>../../../../class1/trp//data/domains/Catalytic_domain/structures/TrpRS_AF_Bact_Helicobacter_cinaedi_PAGU611_gene66538868.pdb
-0.515900  0.665630 -0.539243    50.083810
 0.206013  0.707409  0.676115    20.863756
 0.831508  0.237717 -0.502081    42.254569
>../../../../class1/trp//data/domains/Catalytic_domain/structures/TrpRS_AF_Bact_Mycoplasma_hyopneumoniae_168-L_gene57101461.pdb
-0.656229  0.471221 -0.589334    50.685868
 0.049884  0.806412  0.589246    19.346181
 0.752911  0.357282 -0.552697    40.719468
>../../../../class1/trp//data/domains/Catalytic_domain/structures/TrpRS_AF_Bact_Porphyromonas_gingivalis_ATCC_33277_gene29255389.pdb
 0.425070 -0.891405 -0.157203    55.416481
-0.838038 -0.321935 -0.440511    20.047806
 0.342065  0.318990 -0.883876    39.335109
>../../../../class1/trp//data/domains/Catalytic_domain/structures/TrpRS_AF_Bact_Prochlorococcus_marinus_subsp_marinus_str_CCMP1375_gene54200405.pdb
 0.583331  0.398360  0.707838    59.022462
-0.155568  0.910132 -0.384004    16.046880
-0.797197  0.113884  0.592880    37.754239
>../../../../class1/trp//data/domains/Catalytic_domain/structures/TrpRS_AF_Bact_Streptomyces_albidoflavus_gene15147734.pdb
-0.030263 -0.855494 -0.516927    55.042701
-0.928404  0.215671 -0.302575    20.098807
 0.370337  0.470761 -0.800771    41.028056
>../../../../class1/trp//data/domains/Catalytic_domain/structures/TrpRS_AF_Bact_Thermus_thermophilus_HB8_gene3168998.pdb
 0.090109  0.846950  0.523981    55.408444
-0.417986  0.509703 -0.751991    20.408500
-0.903974 -0.151256  0.399942    40.368875
>../../../../class1/trp//data/domains/Catalytic_domain/structures/TrpRS_AF_Euk_Cryptococcus_neoformans_var_neoformans_JEC21_gene3254069.pdb
-0.948988  0.225873 -0.220007    56.920911
 0.034691 -0.618715 -0.784849    23.876991
-0.313398 -0.752445  0.579317    39.294756
>../../../../class1/trp//data/domains/Catalytic_domain/structures/TrpRS_AF_Euk_Cyanidioschyzon_merolae_strain_10D_gene16993299.pdb
 0.047007  0.779277  0.624914    56.107894
-0.301600  0.607480 -0.734851    24.576736
-0.952275 -0.153931  0.263586    38.310434
>../../../../class1/trp//data/domains/Catalytic_domain/structures/TrpRS_AF_Euk_Drosophila_melanogaster_gene45399.pdb
 0.357416  0.667279  0.653446    59.108262
-0.158737  0.732885 -0.661575    20.709275
-0.920357  0.132731  0.367867    35.404083
>../../../../class1/trp//data/domains/Catalytic_domain/structures/TrpRS_AF_Euk_Saccharomyces_cerevisiae_S288C_gene854056.pdb
-0.462694 -0.876164 -0.135095    57.574769
 0.862982 -0.480030  0.157584    23.752741
-0.202919 -0.043672  0.978221    39.512420
>../../../../class1/trp//data/domains/Catalytic_domain/structures/TrpRS_AF_Mito_Bufo_gargarizans_gene122922343.pdb
-0.522658  0.848579 -0.082112    55.783040
-0.301930 -0.274312 -0.913012    20.454988
-0.797287 -0.452401  0.399583    39.508750
>../../../../class1/trp//data/domains/Catalytic_domain/structures/TrpRS_AF_Mito_Cyanidioschyzon_merolae_strain_10D_gene16992222.pdb
-0.676211 -0.391189 -0.624267    51.558881
 0.509529 -0.860359 -0.012792    24.603316
-0.532089 -0.326732  0.781106    40.775775
>../../../../class1/trp//data/domains/Catalytic_domain/structures/TrpRS_PDB_Arch_P_hori_3JXE.pdb
-0.464103 -0.524932 -0.713481    57.966526
 0.354699  0.627949 -0.692726    26.024327
 0.811663 -0.574567 -0.105240    89.677978
>../../../../class1/trp//data/domains/Catalytic_domain/structures/TrpRS_PDB_Bact_G_stearo_1I6M.pdb
 1.000000 -0.000000  0.000000     0.000000
 0.000000  1.000000  0.000000     0.000000
-0.000000  0.000000  1.000000     0.000000
>../../../../class1/trp//data/domains/Catalytic_domain/structures/TrpRS_PDB_Euk_S_Cerevisiae_3KT3.pdb
-0.170301  0.211191  0.962494    45.854499
-0.920073  0.315623 -0.232050  -132.972418
-0.352793 -0.925084  0.140561    14.648343
