>structures/LeuRS-B_AF_Bact_Bifidobacterium_longum_subsp_longum_JCM_1217_gene69578373.pdb
-0.369614  0.821374  0.434432    -0.121463
 0.740068 -0.022483  0.672156     0.238082
 0.561858  0.569947 -0.599563     1.242925
>structures/LeuRS-B_AF_Bact_Brachyspira_pilosicoli_95_1000_gene56439070.pdb
-0.937115  0.342069  0.069310     1.608428
 0.347692  0.897648  0.270812    -0.467480
 0.030420  0.277880 -0.960134    -1.420867
>structures/LeuRS-B_AF_Bact_Chlamydia_psittaci_6BC_gene12243068.pdb
 0.995009  0.069589  0.071512     1.073922
-0.083135  0.974496  0.208437    -0.137260
-0.055183 -0.213342  0.975418    -1.389380
>structures/LeuRS-B_AF_Bact_Clostridium_botulinum_A_str_ATCC_3502_gene5187707.pdb
-0.159461  0.176530 -0.971293     1.708056
-0.070244 -0.983417 -0.167201     3.284201
-0.984702  0.041566  0.169217     0.968844
>structures/LeuRS-B_AF_Bact_Mycoplasma_hyopneumoniae_168-L_gene57101518.pdb
-0.286068 -0.869909  0.401775     1.149246
-0.754228 -0.054201 -0.654372     0.404795
 0.591021 -0.490225 -0.640604     1.262671
>structures/LeuRS-B_AF_Bact_Orientia_tsutsugamushi_str_Ikeda_gene66652454.pdb
 0.989989 -0.103379  0.096093    -0.206804
 0.056804  0.915083  0.399246     0.868338
-0.129207 -0.389790  0.911794    -1.155102
>structures/LeuRS-B_AF_Bact_Porphyromonas_gingivalis_ATCC_33277_gene29256038.pdb
-0.828953  0.558862 -0.022592    -0.483714
 0.481683  0.733839  0.479021    -0.710588
 0.284285  0.386204 -0.877513    -0.897772
>structures/LeuRS-B_AF_Bact_Thermus_thermophilus_HB8_gene3168656.pdb
-0.135379  0.082853 -0.987324    -2.617121
 0.066153 -0.993518 -0.092444     3.984224
-0.988583 -0.077830  0.129021    -4.669903
>structures/LeuRS-B_AF_Euk_Bathycoccus_prasinos_gene19015540.pdb
 1.000000  0.000000  0.000000     0.000000
 0.000000  1.000000  0.000000     0.000000
 0.000000  0.000000  1.000000     0.000000
>structures/LeuRS-B_AF_Euk_Klebsormidium_nitens_protein971510658.pdb
-0.135585 -0.885788  0.443843    -0.304517
-0.686896 -0.238796 -0.686404     0.698257
 0.713996 -0.397940 -0.576067    -0.222144
>structures/LeuRS-B_AF_Euk_Plasmodium_falciparum_3D7_gene2655460.pdb
-0.378262  0.696787  0.609431    -0.890946
 0.756213 -0.147119  0.637572     4.801739
 0.533911  0.702029 -0.471269    -3.185543
>structures/LeuRS-B_AF_Euk_Thalassiosira_pseudonana_CCMP1335_gene7441753.pdb
-0.951364  0.302246  0.059618    -3.429052
 0.295053  0.838287  0.458496     1.906598
 0.088602  0.453787 -0.886695    -2.436550
>structures/LeuRS-B_AF_Mito_Homo_sapiens_gene23395.pdb
 0.958285  0.095795  0.269282     0.886153
-0.118760  0.990432  0.070288    -0.252092
-0.259972 -0.099336  0.960493    -0.256457
>structures/LeuRS-B_AF_Mito_Treponema_denticola_ATCC_35405_gene2739434.pdb
 0.119858 -0.475848  0.871322     0.416719
-0.174742 -0.874059 -0.453306     0.960563
 0.977292 -0.097924 -0.187913    -0.786916
>structures/LeuRS-B_PDB_Bact_T_therm_2V0C.pdb
-0.245311 -0.899673  0.361125   -33.414855
 0.721012 -0.418327 -0.552398   -16.967813
 0.648046  0.124867  0.751295   -25.410345
