>../../../../class2/gly2//data/domains/Catalytic_domain/structures/GlyRS-Bα_AF_Bact_Brachyspira_pilosicoli_95_1000_gene56440230.pdb
-0.264102  0.077880  0.961345    -9.969644
 0.459993 -0.865903  0.196517    -1.215474
 0.847736  0.494112  0.192862    12.823970
>../../../../class2/gly2//data/domains/Catalytic_domain/structures/GlyRS-Bα_AF_Bact_Chlamydia_pneumoniae_TW-183_gene45051002.pdb
 0.884587 -0.420640 -0.201415   -18.174990
-0.183410 -0.710839  0.679021   -13.579463
-0.428797 -0.563712 -0.705948    -3.223251
>../../../../class2/gly2//data/domains/Catalytic_domain/structures/GlyRS-Bα_AF_Bact_Lacticaseibacillus_paracasei_gene61269714.pdb
 0.930015 -0.300724 -0.211274    -9.027347
 0.366389  0.803730  0.468804     0.148251
 0.028827 -0.513403  0.857663    11.981165
>../../../../class2/gly2//data/domains/Catalytic_domain/structures/GlyRS-Bα_AF_Bact_Prochlorococcus_marinus_subsp_marinus_str_CCMP1375_gene54200602.pdb
 0.861308  0.448066 -0.239552    -9.138901
-0.374762  0.878619  0.295943     0.582283
 0.343077 -0.165123  0.924680    12.059583
>../../../../class2/gly2//data/domains/Catalytic_domain/structures/GlyRS-Bα_AF_Bact_Salmonella_enterica_subsp_enterica_serovar_Typhimurium_str_LT2_gene1255180.pdb
 0.704536  0.482557 -0.520354    -9.866055
-0.694601  0.318608 -0.644994     0.550813
-0.145458  0.815860  0.559655    10.404533
>../../../../class2/gly2//data/domains/Catalytic_domain/structures/GlyRS-Bα_AF_Bact_Streptobacillus_moniliformis_DSM_12112_gene29673275.pdb
 0.932668  0.304034 -0.194150    -9.356748
-0.166276  0.839947  0.516568     0.222113
 0.320130 -0.449503  0.833945    11.883461
>../../../../class2/gly2//data/domains/Catalytic_domain/structures/GlyRS-Bα_AF_Euk_Ostreococcus_tauri_gene9837276.pdb
 0.136221 -0.507936 -0.850556   -17.334209
-0.720917 -0.639706  0.266562   -13.294139
-0.679502  0.576868 -0.453321    -1.482630
>../../../../class2/gly2//data/domains/Catalytic_domain/structures/GlyRS-Bα_AF_Euk_Vulpes_lagopus_gene121489478.pdb
 0.122039 -0.892413 -0.434403    -9.466016
-0.858421 -0.314602  0.405140     2.491169
-0.498216  0.323459 -0.804460    14.797575
>../../../../class2/gly2//data/domains/Catalytic_domain/structures/GlyRS-Bα_AF_Mito_Nymphaea_colorata_gene116265348.pdb
 0.903567 -0.378908  0.199988   -19.948982
-0.380035 -0.493262  0.782474   -13.769042
-0.197839 -0.783021 -0.589694    -2.287391
>../../../../class2/gly2//data/domains/Catalytic_domain/structures/GlyRS-Bα_PDB_Bact_A_aeolicus_5f5w.pdb
-0.007535 -0.710370 -0.703788    -2.966926
 0.790174 -0.435561  0.431174    44.357028
-0.612836 -0.552867  0.564598   -10.444549
>../../../../class2/gly2//data/domains/Catalytic_domain/structures/GlyRS-Bα_PDB_Bact_C_jejuni_3ufg.pdb
 0.706725  0.279694 -0.649855   -35.324021
-0.045922 -0.898466 -0.436635    26.671586
-0.705997  0.338424 -0.622124    19.750681
>../../../../class2/gly2//data/domains/Catalytic_domain/structures/GlyRS-Bα_PDB_Bact_T_maritima_1j5w.pdb
 0.845448  0.400403  0.353405   -69.883982
-0.322665  0.910270 -0.259415   -37.326278
-0.425564  0.105291  0.898782    15.628537
>../../../../class2/thr//data/domains/Catalytic_domain/structures/ThrRS_AF_Arch_Candidatus_Methanomethylophilus_alvus_Mx1201_gene15140074.pdb
 0.832195  0.554002 -0.023101     0.067581
-0.535985  0.814403  0.222413     0.892079
 0.142031 -0.172709  0.974679    -1.699735
>../../../../class2/thr//data/domains/Catalytic_domain/structures/ThrRS_AF_Arch_Candidatus_Nitrosopumilus_koreensis_AR1_gene13725077.pdb
-0.935273  0.283212  0.212263    -7.133017
 0.237202  0.056466  0.969818     5.721238
 0.262678  0.957394 -0.119989     1.141567
>../../../../class2/thr//data/domains/Catalytic_domain/structures/ThrRS_AF_Arch_Pyrococcus_furiosus_DSM_3638_gene1469226.pdb
-0.989068  0.147395 -0.004363    -6.580775
 0.045737  0.334769  0.941190     3.653334
 0.140187  0.930701 -0.337851     1.926574
>../../../../class2/thr//data/domains/Catalytic_domain/structures/ThrRS_AF_Arch_Sulfolobus_islandicus_M164_gene7940156.pdb
 0.406688  0.615216 -0.675363     1.317900
-0.222035 -0.650530 -0.726299     5.799838
-0.886175  0.445331 -0.127963     2.880222
>../../../../class2/thr//data/domains/Catalytic_domain/structures/ThrRS_AF_Bact_Bifidobacterium_longum_subsp_longum_JCM_1217_gene69578309.pdb
-0.470583 -0.783737 -0.405349    -2.608530
-0.273999 -0.306886  0.911453    -2.342832
-0.838735  0.539980 -0.070328    -2.981484
>../../../../class2/thr//data/domains/Catalytic_domain/structures/ThrRS_AF_Bact_Brachyspira_pilosicoli_95_1000_gene56439092.pdb
 0.138277 -0.043244 -0.989449     0.313292
 0.337732 -0.937105  0.088155    -1.373072
-0.931030 -0.346359 -0.114976    -3.430775
>../../../../class2/thr//data/domains/Catalytic_domain/structures/ThrRS_AF_Bact_Brucella_abortus_2308_gene3787745.pdb
 0.066982 -0.522690  0.849887    -0.329387
 0.123562 -0.840898 -0.526900    -1.676314
 0.990074  0.140306  0.008260    -3.596101
>../../../../class2/thr//data/domains/Catalytic_domain/structures/ThrRS_AF_Bact_Lactobacillus_acidophilus_La-14_gene56943112.pdb
-0.922495  0.314521  0.223785    -2.345247
 0.323103  0.946362  0.001833    -4.111312
-0.211205  0.073996 -0.974637    -6.536038
>../../../../class2/thr//data/domains/Catalytic_domain/structures/ThrRS_AF_Bact_Mycoplasma_hyopneumoniae_168-L_gene57101460.pdb
 1.000000  0.000000  0.000000     0.000000
 0.000000  1.000000  0.000000     0.000000
 0.000000  0.000000  1.000000     0.000000
>../../../../class2/thr//data/domains/Catalytic_domain/structures/ThrRS_AF_Bact_Porphyromonas_gingivalis_ATCC_33277_gene29256174.pdb
 0.498825 -0.454495 -0.737975    -2.131803
 0.558861 -0.482145  0.674693    -2.442822
-0.662455 -0.748980  0.013493    -1.725601
>../../../../class2/thr//data/domains/Catalytic_domain/structures/ThrRS_AF_Bact_Prochlorococcus_marinus_subsp_marinus_str_CCMP1375_gene54200406.pdb
-0.471969  0.870043  0.142378    -3.565015
-0.676145 -0.460856  0.574839    -1.954140
 0.565750  0.175037  0.805785    -5.062431
>../../../../class2/thr//data/domains/Catalytic_domain/structures/ThrRS_AF_Bact_Streptobacillus_moniliformis_DSM_12112_gene29674242.pdb
-0.942112  0.315061  0.114729    -1.125553
 0.295783  0.619760  0.726918    -1.768648
 0.157919  0.718772 -0.677073    -3.759757
>../../../../class2/thr//data/domains/Catalytic_domain/structures/ThrRS_AF_Euk_Arabidopsis_thaliana_gene832741.pdb
-0.560571 -0.824568  0.076470    -3.495413
-0.369015  0.331399  0.868333    -3.924375
-0.741342  0.458544 -0.490050    -1.946272
>../../../../class2/thr//data/domains/Catalytic_domain/structures/ThrRS_AF_Euk_Cercospora_beticola_gene35433465.pdb
-0.189185 -0.705785  0.682698    -1.516117
-0.952005  0.302200  0.048606    -3.569045
-0.240617 -0.640736 -0.729082    -3.008227
>../../../../class2/thr//data/domains/Catalytic_domain/structures/ThrRS_AF_Euk_Cryptococcus_gattii_WM276_gene10188143.pdb
-0.761935 -0.594559 -0.256817    -1.583287
-0.226363 -0.127051  0.965721    -4.627593
-0.606807  0.793951 -0.037781    -3.876109
>../../../../class2/thr//data/domains/Catalytic_domain/structures/ThrRS_AF_Euk_Cyanidioschyzon_merolae_strain_10D_gene16997242.pdb
-0.187285 -0.080806  0.978976    -1.656007
 0.125768 -0.990381 -0.057687    -3.537414
 0.974221  0.112320  0.195647    -4.706545
>../../../../class2/thr//data/domains/Catalytic_domain/structures/ThrRS_AF_Mito_Cyanidioschyzon_merolae_strain_10D_gene16995590.pdb
-0.884231  0.430651  0.180762    -1.331150
 0.102521 -0.198621  0.974699    -1.484622
 0.455658  0.880392  0.131477    -3.765208
>../../../../class2/thr//data/domains/Catalytic_domain/structures/ThrRS_AF_Mito_Oryza_sativa_Japonica_Group_gene4345200.pdb
-0.158861 -0.133778 -0.978196    -2.566192
 0.800132  0.562997 -0.206938    -4.400350
 0.578405 -0.815560  0.017602    -3.783147
>../../../../class2/thr//data/domains/Catalytic_domain/structures/ThrRS_PDB_Bact_E_coli_1evk.pdb
 0.231960  0.057900  0.971001   -27.761987
-0.960863 -0.141782  0.237992    39.851283
 0.151450 -0.988203  0.022746    52.884586
>../../../../class2/thr//data/domains/Catalytic_domain/structures/ThrRS_PDB_Bact_S_aureus_1nyr.pdb
 0.540900 -0.808356  0.232353    19.041395
 0.713773  0.587296  0.381591   -59.114554
-0.444921 -0.040555  0.894651   -40.549289
