>structures/Asp_Arch_1b8a_T_kodarensis.pdb
 1.000000  0.000000  0.000000     0.000000
 0.000000  1.000000  0.000000     0.000000
 0.000000  0.000000  1.000000     0.000000
>structures/Aspartyl.E.Apicomplexa.NC_011903.2.pdb
-0.588630 -0.660858 -0.465598    35.005041
-0.535457  0.750218 -0.387890    11.252533
 0.605640  0.020984 -0.795462    31.439793
>structures/Aspartyl.E.Rhodophyta.NC_010136.1.pdb
-0.623459 -0.617145 -0.480032    34.269774
-0.483734  0.786820 -0.383296    10.654315
 0.614248 -0.006761 -0.789084    31.007623
>structures/Asp_Bact_1n9w_T_thermophilus.pdb
 0.927102  0.304776 -0.218159    15.757278
-0.120934  0.794164  0.595550   -19.907681
 0.354763 -0.525752  0.773128   -30.195340
>structures/Asp_Euk_1EOV_S_cerevisiae.pdb
-0.100159  0.965362  0.240925     8.172401
-0.663672  0.115584 -0.739040    48.583051
-0.741288 -0.233916  0.629107    -1.225307
