>../../../../class2/asp2//data/domains/Catalytic_domain/structures/Asp_Arch_1b8a_T_kodarensis.pdb
 1.000000  0.000000  0.000000     0.000000
 0.000000  1.000000  0.000000     0.000000
 0.000000  0.000000  1.000000     0.000000
>../../../../class2/asp2//data/domains/Catalytic_domain/structures/Aspartyl.E.Apicomplexa.NC_011903.2.pdb
-0.588630 -0.660858 -0.465598    35.005041
-0.535457  0.750218 -0.387890    11.252533
 0.605640  0.020984 -0.795462    31.439793
>../../../../class2/asp2//data/domains/Catalytic_domain/structures/Aspartyl.E.Rhodophyta.NC_010136.1.pdb
-0.623459 -0.617145 -0.480032    34.269774
-0.483734  0.786820 -0.383296    10.654315
 0.614248 -0.006761 -0.789084    31.007623
>../../../../class2/asp2//data/domains/Catalytic_domain/structures/Asp_Bact_1n9w_T_thermophilus.pdb
 0.927102  0.304776 -0.218159    15.757278
-0.120934  0.794164  0.595550   -19.907681
 0.354763 -0.525752  0.773128   -30.195340
>../../../../class2/asp2//data/domains/Catalytic_domain/structures/Asp_Euk_1EOV_S_cerevisiae.pdb
-0.100159  0.965362  0.240925     8.172401
-0.663672  0.115584 -0.739040    48.583051
-0.741288 -0.233916  0.629107    -1.225307
>../../../../class2/phe5//data/domains/Catalytic_domain/structures/Phe_Euk_3CMQ.H_sapiens.pdb
 0.336481  0.904898 -0.260654    16.284348
 0.485172  0.070643  0.871561    -0.089251
 0.807087 -0.419725 -0.415261    56.950959
>../../../../class2/phe5//data/domains/Catalytic_domain/structures/Phe_Euk_3TEG.H_sapiens.pdb
 0.332020  0.907165 -0.258485    16.227563
 0.492696  0.066894  0.867627    -0.071137
 0.804372 -0.415424 -0.424746    57.015577
>../../../../class2/phe5//data/domains/Catalytic_domain/structures/Phenylalanyl.E.Evosea.NC_007088.5.pdb
 0.858610 -0.026481 -0.511944    35.851541
-0.016746  0.996683 -0.079641    12.076432
 0.512355  0.076953  0.855319    41.292258
