>../../../../class2/asp2//data/domains/Catalytic_domain/structures/AsxRS_AF_Arch_Candidatus_Korarchaeum_cryptofilum_OPF8_gene6094477.pdb
 0.754687  0.655452 -0.028804    -3.592144
-0.578540  0.644142 -0.500373     2.124696
-0.309416  0.394290  0.865331    -2.975023
>../../../../class2/asp2//data/domains/Catalytic_domain/structures/AsxRS_AF_Arch_Candidatus_Methanomassiliicoccus_intestinalis_Issoire-Mx1_gene16154831.pdb
 0.853930  0.520272  0.010994    -4.808803
-0.472363  0.783814 -0.403123     2.446370
-0.218351  0.339046  0.915080    -2.229178
>../../../../class2/asp2//data/domains/Catalytic_domain/structures/AsxRS_AF_Arch_Candidatus_Nitrosopumilus_koreensis_AR1_gene13725312.pdb
 1.000000  0.000000  0.000000     0.000000
 0.000000  1.000000  0.000000     0.000000
 0.000000  0.000000  1.000000     0.000000
>../../../../class2/asp2//data/domains/Catalytic_domain/structures/AsxRS_AF_Arch_Methanobacterium_lacus_gene10277817.pdb
 0.827192 -0.512289 -0.230895    -0.230748
 0.559628  0.713992  0.420752     3.237091
-0.050690 -0.477258  0.877300     1.409998
>../../../../class2/asp2//data/domains/Catalytic_domain/structures/AsxRS_AF_Bact_Candidatus_Liptonbacteria_bacterium_proteinMBI4085034.1.pdb
-0.975386  0.220501 -0.001352   -10.274011
 0.192683  0.855285  0.481000     3.085777
 0.107217  0.468900 -0.876719    -6.052615
>../../../../class2/asp2//data/domains/Catalytic_domain/structures/AsxRS_AF_Bact_Clostridium_acetobutylicum_DSM_1731_gene45000055.pdb
 0.503219  0.715866 -0.484051    -5.928926
-0.709225  0.022094 -0.704636     2.868083
-0.493730  0.697888  0.518829    -2.999829
>../../../../class2/asp2//data/domains/Catalytic_domain/structures/AsxRS_AF_Bact_Spirochaetes_bacterium_GWE1_32_154_proteinOHD39701.1.pdb
 0.961742 -0.270356 -0.044267    -4.219787
 0.262527  0.863320  0.430998     1.571026
-0.078306 -0.426130  0.901267    -2.389643
>../../../../class2/asp2//data/domains/Catalytic_domain/structures/AsxRS_AF_Bact_Tropheryma_whipplei_TW08_27_gene67388547.pdb
 0.087188 -0.563812  0.821288    -4.581591
-0.524258 -0.726998 -0.443427     2.004013
 0.847085 -0.391905 -0.358968    -2.202899
>../../../../class2/asp2//data/domains/Catalytic_domain/structures/AsxRS_AF_Euk_Caenorhabditis_elegans_gene176334.pdb
 0.486171  0.685413 -0.542077    -8.290920
-0.734592 -0.015424 -0.678334     3.096303
-0.473300  0.727992  0.496000    -1.173425
>../../../../class2/asp2//data/domains/Catalytic_domain/structures/AsxRS_AF_Euk_Cryptococcus_neoformans_var_neoformans_JEC21_gene3258977.pdb
 0.849851 -0.458352  0.260127   -15.616496
 0.392328  0.879782  0.268442     4.266910
-0.351897 -0.126081  0.927509   -11.166346
>../../../../class2/asp2//data/domains/Catalytic_domain/structures/AsxRS_AF_Euk_Thalassiosira_pseudonana_CCMP1335_gene7443135.pdb
 0.557176  0.703758 -0.440772    -6.165661
-0.718313  0.142155 -0.681042     2.587413
-0.416630  0.696072  0.584724    -1.973604
>../../../../class2/asp2//data/domains/Catalytic_domain/structures/AsxRS_AF_Euk_Theileria_orientalis_strain_Shintoku_gene20715543.pdb
 0.401416  0.645458 -0.649807    -8.910574
-0.751385 -0.173612 -0.636616     3.431157
-0.523723  0.743803  0.415297    -0.516341
>../../../../class2/asp2//data/domains/Catalytic_domain/structures/AsxRS_PDB_Arch_T_kodarensis_1b8a.pdb
-0.675743 -0.432874  0.596650     3.264838
-0.628740  0.760979 -0.159990    20.024443
-0.384782 -0.483250 -0.786392    42.066426
>../../../../class2/asp2//data/domains/Catalytic_domain/structures/AsxRS_PDB_Bact_T_thermophilus_1n9w.pdb
-0.371967 -0.862120  0.344078   -15.989642
-0.726553  0.501104  0.470122    -0.561977
-0.577721 -0.075121 -0.812770    69.608974
>../../../../class2/asp2//data/domains/Catalytic_domain/structures/AsxRS_PDB_Euk_S_cerevisiae_1EOV.pdb
-0.086341 -0.840721  0.534540   -24.096996
-0.323781 -0.483738 -0.813120    51.967574
 0.942184 -0.243280 -0.230443    16.347441
>../../../../class2/phe5//data/domains/Catalytic_domain/structures/PheRS-M_AF_Mito_Arabidopsis_thaliana_gene824983.pdb
-0.937744  0.176398  0.299198    -8.188751
 0.092516 -0.703452  0.704696     5.281518
 0.334779  0.688505  0.643338   -10.032806
>../../../../class2/phe5//data/domains/Catalytic_domain/structures/PheRS-M_AF_Mito_Babesia_bovis_T2Bo_gene5478469.pdb
-0.044632 -0.867953  0.494636    -2.672944
-0.831788 -0.241940 -0.499593     3.957143
 0.553296 -0.433730 -0.711155    -6.581098
>../../../../class2/phe5//data/domains/Catalytic_domain/structures/PheRS-M_AF_Mito_Candida_albicans_SC5314_gene3638806.pdb
-0.489881 -0.792837 -0.362528    -2.436806
 0.798672 -0.574854  0.177949     7.076122
-0.349485 -0.202367  0.914826    -9.756641
>../../../../class2/phe5//data/domains/Catalytic_domain/structures/PheRS-M_AF_Mito_Crassostrea_gigas_gene105329377.pdb
 0.967545  0.051155 -0.247467     2.276818
-0.236247 -0.164461 -0.957674    -0.794648
-0.089689  0.985056 -0.147038   -14.796743
>../../../../class2/phe5//data/domains/Catalytic_domain/structures/PheRS-M_AF_Mito_Drosophila_melanogaster_gene36547.pdb
 0.562135 -0.355833 -0.746583    -3.254896
 0.806643  0.036619  0.589904     6.445475
-0.182569 -0.933832  0.307615    -5.369423
>../../../../class2/phe5//data/domains/Catalytic_domain/structures/PheRS-M_AF_Mito_Syngnathus_acus_gene119139175.pdb
 0.436476  0.737206 -0.515767    -1.051134
 0.831131 -0.549902 -0.082639     2.758004
-0.344543 -0.392599 -0.852734   -11.884668
>../../../../class2/phe5//data/domains/Catalytic_domain/structures/PheRS-M_PDB_Mito.H_sapiens_3CMQ.pdb
 0.036214 -0.890075 -0.454373    26.364516
 0.035650 -0.453231  0.890680     0.705619
-0.998708 -0.048453  0.015318    -9.021300
