>../../../../class2/phe3//data/domains/Catalytic_domain/structures/PheRS-Aα_AF_Arch_Candidatus_Nitrosopumilus_koreensis_AR1_gene13724458.pdb
-0.446341  0.773122 -0.450624    -1.026638
-0.883424 -0.300432  0.359586     6.718374
 0.142622  0.558590  0.817090    -8.579333
>../../../../class2/phe3//data/domains/Catalytic_domain/structures/PheRS-Aα_AF_Arch_Haloterrigena_turkmenica_DSM_5511_gene8744248.pdb
-0.040447 -0.612733 -0.789254   -11.216001
-0.246837 -0.759291  0.602120    10.748578
-0.968213  0.219171 -0.120534    -3.600554
>../../../../class2/phe3//data/domains/Catalytic_domain/structures/PheRS-Aα_AF_Arch_Thermoplasma_volcanium_GSS1_gene1441177.pdb
-0.643375  0.718023  0.265539   -12.981976
 0.675364  0.695676 -0.244783    10.873074
-0.360489  0.021848 -0.932507    -4.265475
>../../../../class2/phe3//data/domains/Catalytic_domain/structures/PheRS-Aα_AF_Arch_Thermosphaera_aggregans_DSM_11486_gene9165306.pdb
-0.172316  0.648019 -0.741875   -16.687268
-0.963438 -0.267741 -0.010090    11.942486
-0.205168  0.713012  0.670462     0.586865
>../../../../class2/phe3//data/domains/Catalytic_domain/structures/PheRS-Aα_AF_Euk_Cyanidioschyzon_merolae_strain_10D_gene16993638.pdb
 0.321050  0.308189  0.895515    -7.285151
 0.913567 -0.350029 -0.207060    18.630326
 0.249643  0.884590 -0.393929    -1.611035
>../../../../class2/phe3//data/domains/Catalytic_domain/structures/PheRS-Aα_AF_Euk_Megalobrama_amblycephala_gene125266654.pdb
-0.894544 -0.351224 -0.276463   -14.341818
 0.001661  0.615898 -0.787824    11.310761
 0.446976 -0.705203 -0.550365     3.072540
>../../../../class2/phe3//data/domains/Catalytic_domain/structures/PheRS-Aα_AF_Euk_Plasmodium_falciparum_3D7_gene813233.pdb
 0.769307  0.564410  0.299345    -8.550560
-0.634276  0.618599  0.463712    13.162406
 0.076549 -0.546605  0.833885     6.699586
>../../../../class2/phe3//data/domains/Catalytic_domain/structures/PheRS-Aα_AF_Euk_Schizosaccharomyces_pombe_gene2543647.pdb
 0.573168 -0.799020 -0.181785    -6.891801
 0.122765 -0.135607  0.983127    16.822442
-0.810190 -0.585814  0.020366    -0.780782
>../../../../class2/phe3//data/domains/Catalytic_domain/structures/PheRS-Aα_PDB_Euk.B_H_sapiens_3L4G.C.pdb
-0.293705 -0.953330 -0.069998   109.448541
-0.511811  0.094988  0.853831    47.907634
-0.807333  0.286600 -0.515823   -23.694978
>../../../../class2/phe5//data/domains/Catalytic_domain/structures/PheRS-M_AF_Mito_Arabidopsis_thaliana_gene824983.pdb
-0.963232  0.260970  0.063867   -11.971515
 0.253202  0.802252  0.540630     3.031647
 0.089851  0.536924 -0.838832    -3.952879
>../../../../class2/phe5//data/domains/Catalytic_domain/structures/PheRS-M_AF_Mito_Babesia_bovis_T2Bo_gene5478469.pdb
 0.123326 -0.738176  0.663240    -6.450896
 0.653333 -0.442668 -0.614167     7.113615
 0.746958  0.509059  0.427682    -4.183277
>../../../../class2/phe5//data/domains/Catalytic_domain/structures/PheRS-M_AF_Mito_Candida_albicans_SC5314_gene3638806.pdb
-0.647072 -0.601580 -0.468401    -6.852938
-0.466986 -0.172912  0.867194     3.589857
-0.602678  0.779874 -0.169043    -6.775668
>../../../../class2/phe5//data/domains/Catalytic_domain/structures/PheRS-M_AF_Mito_Crassostrea_gigas_gene105329377.pdb
 1.000000  0.000000  0.000000     0.000000
 0.000000  1.000000  0.000000     0.000000
 0.000000  0.000000  1.000000     0.000000
>../../../../class2/phe5//data/domains/Catalytic_domain/structures/PheRS-M_AF_Mito_Drosophila_melanogaster_gene36547.pdb
 0.382909 -0.254696 -0.887981    -7.956828
-0.271747 -0.949766  0.155237     7.689981
-0.882912  0.181865 -0.432887    -6.899499
>../../../../class2/phe5//data/domains/Catalytic_domain/structures/PheRS-M_AF_Mito_Syngnathus_acus_gene119139175.pdb
 0.253327  0.878003 -0.406124    -4.332099
-0.457518 -0.261158 -0.849984     2.207452
-0.852351  0.401133  0.335544    -2.965190
>../../../../class2/phe5//data/domains/Catalytic_domain/structures/PheRS-M_PDB_Mito.H_sapiens_3CMQ.pdb
 0.121038 -0.744956 -0.656041    22.407704
-0.987538 -0.023393 -0.155635     6.827118
 0.100594  0.666703 -0.738504    -8.378720
