>../../../../class1/leu2//data/domains/Catalytic_domain/structures/LeuRS-A_AF_Arch_Aciduliprofundum_boonei_T469_gene8828435.pdb
 0.874844 -0.027467  0.483625     3.722671
 0.071899 -0.979970 -0.185715    -4.715117
 0.479038  0.197244 -0.855346     1.088146
>../../../../class1/leu2//data/domains/Catalytic_domain/structures/LeuRS-A_AF_Arch_Candidatus_Korarchaeum_cryptofilum_OPF8_gene6093520.pdb
 0.570312 -0.415148  0.708799     4.702502
 0.172616  0.904189  0.390699    -9.355652
-0.803087 -0.100470  0.587331     0.627004
>../../../../class1/leu2//data/domains/Catalytic_domain/structures/LeuRS-A_AF_Arch_Candidatus_Nitrosopumilus_koreensis_AR1_gene13725794.pdb
-0.668590  0.410998 -0.619733     3.767747
 0.337138  0.910347  0.240013    -8.240232
 0.662817 -0.048465 -0.747212    -0.424000
>../../../../class1/leu2//data/domains/Catalytic_domain/structures/LeuRS-A_AF_Arch_Methanobrevibacter_smithii_ATCC_35061_gene5216355.pdb
-0.632287  0.539303 -0.556206     4.822612
 0.417761  0.841951  0.341460    -7.564580
 0.652449 -0.016460 -0.757654    -0.899769
>../../../../class1/leu2//data/domains/Catalytic_domain/structures/LeuRS-A_AF_Euk_Arabidopsis_thaliana_gene837489.pdb
-0.658447  0.752609 -0.005271     6.684668
-0.610887 -0.538520 -0.580356    -7.539658
-0.439619 -0.378913  0.814346     0.065830
>../../../../class1/leu2//data/domains/Catalytic_domain/structures/LeuRS-A_AF_Euk_Drosophila_melanogaster_gene326262.pdb
-0.592995  0.527977 -0.607944     6.617533
 0.355055  0.849107  0.391093    -7.396272
 0.722698  0.016063 -0.690977    -1.458308
>../../../../class1/leu2//data/domains/Catalytic_domain/structures/LeuRS-A_AF_Euk_Leishmania_major_strain_Friedlin_gene5650139.pdb
-0.578209  0.410617 -0.705031     5.037523
 0.312613  0.909677  0.273425    -6.319812
 0.753623 -0.062306 -0.654347     2.295161
>../../../../class1/leu2//data/domains/Catalytic_domain/structures/LeuRS-A_AF_Euk_Neurospora_crassa_OR74A_gene3879366.pdb
-0.580120  0.650311 -0.490465     4.183949
 0.466287  0.758859  0.454653    -7.895468
 0.667860  0.035056 -0.743461     1.233284
>../../../../class1/leu2//data/domains/Catalytic_domain/structures/LeuRS-A_PDB_Arch_P_hori_1WKB.pdb
-0.229019 -0.099049 -0.968370    38.101879
-0.971026  0.093008  0.220134   115.295503
 0.068262  0.990726 -0.117479   -40.405617
>../../../../class1/trp//data/domains/Catalytic_domain/structures/TrpRS_AF_Arch_Natrialba_magadii_ATCC_43099_gene8824932.pdb
 0.272559  0.536272 -0.798827     2.786506
-0.049112 -0.821424 -0.568199    -3.546297
-0.960885  0.194100 -0.197549    -1.051142
>../../../../class1/trp//data/domains/Catalytic_domain/structures/TrpRS_AF_Arch_Nitrosopumilus_maritimus_SCM1_gene5773245.pdb
 0.248068  0.437763 -0.864191     5.045650
 0.091151 -0.898665 -0.429061    -3.255555
-0.964445  0.027664 -0.262833    -1.282465
>../../../../class1/trp//data/domains/Catalytic_domain/structures/TrpRS_AF_Arch_Sulfolobus_islandicus_M1627_gene7814138.pdb
-0.078217 -0.087817  0.993061     4.463760
-0.102527 -0.990123 -0.095632    -1.823191
 0.991650 -0.109296  0.068440     2.163628
>../../../../class1/trp//data/domains/Catalytic_domain/structures/TrpRS_AF_Arch_Thermoplasma_acidophilum_DSM_1728_gene1456706.pdb
 0.292290 -0.738585 -0.607502     1.246584
 0.935918  0.351466  0.022998    -7.595763
 0.196531 -0.575294  0.793985     0.842910
>../../../../class1/trp//data/domains/Catalytic_domain/structures/TrpRS_AF_Bact_Anoxybacillus_flavithermus_WK1_gene7038388.pdb
 0.017656 -0.290918  0.956585     3.166590
-0.477116 -0.843229 -0.247638     0.176102
 0.878663 -0.452030 -0.153689     4.924411
>../../../../class1/trp//data/domains/Catalytic_domain/structures/TrpRS_AF_Bact_Brachyspira_pilosicoli_95_1000_gene56440833.pdb
 1.000000  0.000000  0.000000     0.000000
 0.000000  1.000000  0.000000     0.000000
 0.000000  0.000000  1.000000     0.000000
>../../../../class1/trp//data/domains/Catalytic_domain/structures/TrpRS_AF_Bact_Helicobacter_cinaedi_PAGU611_gene66538868.pdb
-0.027682 -0.011758  0.999548     2.899504
-0.281774 -0.959291 -0.019088     1.310118
 0.959081 -0.282175  0.023242     5.051640
>../../../../class1/trp//data/domains/Catalytic_domain/structures/TrpRS_AF_Bact_Mycoplasma_hyopneumoniae_168-L_gene57101461.pdb
-0.013182  0.095272  0.995364     2.456584
-0.064801 -0.993439  0.094230     2.910712
 0.997811 -0.063258  0.019269     3.515376
>../../../../class1/trp//data/domains/Catalytic_domain/structures/TrpRS_AF_Bact_Porphyromonas_gingivalis_ATCC_33277_gene29255389.pdb
-0.958430  0.092974  0.269756     1.091963
 0.277350  0.525580  0.804265     0.504665
-0.067003  0.845648 -0.529518    -0.601637
>../../../../class1/trp//data/domains/Catalytic_domain/structures/TrpRS_AF_Bact_Prochlorococcus_marinus_subsp_marinus_str_CCMP1375_gene54200405.pdb
 0.012351  0.332624 -0.942979    -2.592492
 0.198101 -0.925172 -0.323748     2.608328
-0.980104 -0.182807 -0.077320    -4.443455
>../../../../class1/trp//data/domains/Catalytic_domain/structures/TrpRS_AF_Bact_Streptomyces_albidoflavus_gene15147734.pdb
-0.794637  0.345266  0.499343     0.464207
 0.541961  0.032822  0.839762     0.065489
 0.273552  0.937931 -0.213202     0.805090
>../../../../class1/trp//data/domains/Catalytic_domain/structures/TrpRS_AF_Bact_Thermus_thermophilus_HB8_gene3168998.pdb
 0.159505 -0.035660 -0.986553     0.757349
 0.676442 -0.723918  0.135533    -0.187305
-0.719016 -0.688964 -0.091346     0.071318
>../../../../class1/trp//data/domains/Catalytic_domain/structures/TrpRS_AF_Euk_Cryptococcus_neoformans_var_neoformans_JEC21_gene3254069.pdb
 0.692828 -0.142138 -0.706956     2.799270
 0.575345  0.699966  0.423115    -2.969242
 0.434704 -0.699889  0.566734    -1.883417
>../../../../class1/trp//data/domains/Catalytic_domain/structures/TrpRS_AF_Euk_Cyanidioschyzon_merolae_strain_10D_gene16993299.pdb
 0.269208  0.068800 -0.960622     4.248221
 0.641588 -0.756695  0.125606    -2.657498
-0.718256 -0.650138 -0.247849    -1.958558
>../../../../class1/trp//data/domains/Catalytic_domain/structures/TrpRS_AF_Euk_Drosophila_melanogaster_gene45399.pdb
 0.180511  0.058589 -0.981827     1.602983
 0.365256 -0.930835  0.011607     0.172161
-0.913238 -0.360713 -0.189425    -6.176364
>../../../../class1/trp//data/domains/Catalytic_domain/structures/TrpRS_AF_Euk_Saccharomyces_cerevisiae_S288C_gene854056.pdb
 0.926672  0.177215 -0.331472     2.297086
-0.332450  0.797899 -0.502826    -3.225443
 0.175373  0.576152  0.798306    -2.126901
>../../../../class1/trp//data/domains/Catalytic_domain/structures/TrpRS_AF_Mito_Bufo_gargarizans_gene122922343.pdb
 0.496667 -0.398802 -0.770895     1.064637
 0.841301  0.002840  0.540559     0.135196
-0.213387 -0.917033  0.336923    -0.904818
>../../../../class1/trp//data/domains/Catalytic_domain/structures/TrpRS_AF_Mito_Cyanidioschyzon_merolae_strain_10D_gene16992222.pdb
 0.978388 -0.186724 -0.088827     5.430524
 0.183029  0.981928 -0.048142    -1.566311
 0.096211  0.030844  0.994883     3.026123
>../../../../class1/trp//data/domains/Catalytic_domain/structures/TrpRS_PDB_Arch_P_hori_3JXE.pdb
 0.059135  0.998038 -0.020596   -22.590331
-0.412840  0.043236  0.909777   -28.032784
 0.908882 -0.045297  0.414587    33.778982
>../../../../class1/trp//data/domains/Catalytic_domain/structures/TrpRS_PDB_Bact_G_stearo_1I6M.pdb
-0.533278  0.660968 -0.527955    38.168006
-0.476981 -0.750374 -0.457632    60.144062
-0.698644  0.007779  0.715428     9.685762
>../../../../class1/trp//data/domains/Catalytic_domain/structures/TrpRS_PDB_Euk_S_Cerevisiae_3KT3.pdb
-0.336997  0.580910 -0.740929   -82.699460
 0.931487  0.091217 -0.352152   130.856519
-0.136983 -0.808840 -0.571850   -12.263929
