>structures/PylRS_AF_Arch_Candidatus_Methanomassiliicoccus_intestinalis_Issoire-Mx1_gene16153983.pdb
 0.264648 -0.300164 -0.916440    -5.233445
 0.791403 -0.475424  0.384257     2.216376
-0.551038 -0.826966  0.111731    -0.366764
>structures/PylRS_AF_Arch_Methanosalsum_zhilinae_DSM_4017_gene10822650.pdb
 1.000000  0.000000  0.000000     0.000000
 0.000000  1.000000  0.000000     0.000000
 0.000000  0.000000  1.000000     0.000000
>structures/PylRS_AF_Arch_Unclassified_Candidatus_Bathyarchaeota_proteinUCH69683.1.pdb
-0.099382  0.291219  0.951480    -5.720969
 0.341807 -0.888037  0.307502     0.290673
 0.934500  0.355783 -0.011286    -0.251084
>structures/PylRS_AF_Bact_Unclassified_Actinobacteria_proteinMBU2601214.1.pdb
-0.133630  0.323259  0.936828    -6.052447
 0.327039 -0.877968  0.349597    -0.029956
 0.935515  0.353095  0.011604     0.475620
>structures/PylRS_AF_Bact_Unclassified_Aerophobetes_proteinMCD6471581.1.pdb
 0.008745  0.240621  0.970580    -6.514254
 0.184922 -0.954265  0.234910     0.504848
 0.982714  0.177428 -0.052841    -0.023314
>structures/PylRS_AF_Bact_unclassified_Desulfosarcina_proteinMBC2741817.pdb
-0.138134  0.011072  0.990352    -0.358704
-0.106690 -0.994285 -0.003765    -0.092496
 0.984650 -0.106180  0.138526    -4.618337
>structures/PylRS_AF_Bact_unclassified_Lachnospiraceae_proteinHCE77498.1.pdb
 0.861485  0.492727 -0.122736    -3.728727
-0.457767  0.648995 -0.607663    -4.091883
-0.219758  0.579677  0.784653    -0.385210
>structures/PylRS_PDB_Arch_M_mazei_2Q7E.pdb
-0.770093  0.395029 -0.500908     6.427705
 0.635452  0.544187 -0.547779   -14.045922
 0.056198 -0.740144 -0.670096    47.612600
>structures/PylRS_PDB_Bact_D_hafniense_2ZNJ.pdb
 0.196527  0.196140 -0.960680   -46.006195
 0.181688  0.955535  0.232257    -6.577507
 0.963518 -0.220188  0.152152   -36.699922
