>../../../../class2/pro1//data/domains/Catalytic_domain/structures/ProRS-A_AF_Arch_Candidatus_Nitrosopumilus_sediminis_gene13697692.pdb
-0.953544 -0.301099 -0.009673    95.861449
 0.262638 -0.846616  0.462886    46.353232
-0.147564  0.438841  0.886365    41.722046
>../../../../class2/pro1//data/domains/Catalytic_domain/structures/ProRS-A_AF_Arch_Halogeometricum_borinquense_DSM_11551_gene9994169.pdb
 0.290349  0.778788 -0.556045    95.820729
 0.889817 -0.005966  0.456278    46.445518
 0.352026 -0.627259 -0.694711    40.982777
>../../../../class2/pro1//data/domains/Catalytic_domain/structures/ProRS-A_AF_Arch_Picrophilus_torridus_DSM_9790_gene2845069.pdb
 0.109230  0.637196 -0.762922    97.808702
 0.724760  0.474220  0.499838    47.215391
 0.680288 -0.607533 -0.410015    40.839135
>../../../../class2/pro1//data/domains/Catalytic_domain/structures/ProRS-A_AF_Arch_Sulfurisphaera_tokodaii_str_7_gene1459472.pdb
-0.632723 -0.745241  0.210424    96.452834
 0.454639 -0.137525  0.879994    46.691286
-0.626869  0.652460  0.425831    41.618365
>../../../../class2/pro1//data/domains/Catalytic_domain/structures/ProRS-A_AF_Bact_Bacillus_anthracis_str_Ames_Ancestor_gene45020455.pdb
 0.937305 -0.245939 -0.246927    96.578971
-0.308249 -0.254449 -0.916645    46.765067
 0.162608  0.935291 -0.314306    40.965987
>../../../../class2/pro1//data/domains/Catalytic_domain/structures/ProRS-A_AF_Bact_Mycoplasma_hyopneumoniae_168-L_gene57101275.pdb
 0.636225  0.745947 -0.196929    95.713826
 0.770338 -0.628249  0.109013    46.565077
-0.042402 -0.221058 -0.974338    43.356542
>../../../../class2/pro1//data/domains/Catalytic_domain/structures/ProRS-A_AF_Bact_Porphyromonas_gingivalis_ATCC_33277_gene29256199.pdb
 0.219296  0.807289 -0.547899    97.107616
 0.875262  0.085336  0.476061    46.194441
 0.431074 -0.583953 -0.687876    42.198429
>../../../../class2/pro1//data/domains/Catalytic_domain/structures/ProRS-A_AF_Bact_Thermus_thermophilus_HB8_gene3169620.pdb
 0.447026  0.835268 -0.320149    96.272428
 0.883415 -0.356010  0.304688    47.074977
 0.140519 -0.419028 -0.897034    42.657393
>../../../../class2/pro1//data/domains/Catalytic_domain/structures/ProRS-A_AF_Euk_Cryptococcus_gattii_WM276_gene10188341.pdb
 0.376143  0.752867 -0.540100    93.644590
 0.926515 -0.299765  0.227401    48.055701
 0.009300 -0.585946 -0.810297    42.746079
>../../../../class2/pro1//data/domains/Catalytic_domain/structures/ProRS-A_AF_Euk_Ostreococcus_tauri_gene9837972.pdb
 0.701166  0.660865 -0.267627    95.677288
 0.708675 -0.687227  0.159681    53.012842
-0.078393 -0.301623 -0.950199    39.772009
>../../../../class2/pro1//data/domains/Catalytic_domain/structures/ProRS-A_AF_Euk_Plasmodium_yoelii_gene3807174.pdb
 0.828418 -0.540061 -0.148516    96.499271
-0.400954 -0.386650 -0.830504    43.998142
 0.391100  0.747553 -0.536848    39.386836
>../../../../class2/pro1//data/domains/Catalytic_domain/structures/ProRS-A_AF_Euk_Scheffersomyces_stipitis_CBS_6054_gene4840393.pdb
 0.170737  0.594726 -0.785589    93.854174
 0.888300  0.252082  0.383897    48.587534
 0.426346 -0.763385 -0.485255    45.613241
>../../../../class2/pro1//data/domains/Catalytic_domain/structures/ProRS-A_AF_Mito_Mauremys_reevesii_gene120369760.pdb
 0.213652 -0.407083 -0.888052    97.220625
-0.041118  0.904489 -0.424510    44.054090
 0.976044  0.127212  0.176507    42.867917
>../../../../class2/pro1//data/domains/Catalytic_domain/structures/ProRS-A_AF_Mito_Oryza_sativa_Japonica_Group_gene4342480.pdb
 0.522915  0.735030 -0.431613    94.715765
 0.851812 -0.432056  0.296217    52.829027
 0.031247 -0.522550 -0.852036    41.163834
>../../../../class2/pro1//data/domains/Catalytic_domain/structures/ProRS-A_PDB_Arch_M_janacshii_1nj8.pdb
 1.000000  0.000000  0.000000     0.000000
 0.000000  1.000000  0.000000     0.000000
 0.000000  0.000000  1.000000     0.000000
>../../../../class2/ser1//data/domains/Catalytic_domain/structures/SerRS_AF_Arch_Candidatus_Methanomassiliicoccus_intestinalis_Issoire-Mx1_gene16154337.pdb
 0.173292 -0.277304 -0.945025   110.691552
 0.219947  0.946205 -0.237317    47.598100
 0.959996 -0.166730  0.224962    48.469892
>../../../../class2/ser1//data/domains/Catalytic_domain/structures/SerRS_AF_Arch_Methanospirillum_hungatei_JF-1_gene3924775.pdb
 0.742428  0.456080 -0.490706   109.384010
 0.528531 -0.848846  0.010709    52.618523
-0.411649 -0.267304 -0.871260    49.165323
>../../../../class2/ser1//data/domains/Catalytic_domain/structures/SerRS_AF_Arch_Nitrosopumilus_maritimus_SCM1_gene5773574.pdb
-0.645951  0.385579  0.658845   108.009894
-0.703213 -0.636393 -0.317011    48.448765
 0.297052 -0.668082  0.682222    52.988033
>../../../../class2/ser1//data/domains/Catalytic_domain/structures/SerRS_AF_Arch_Thermoproteus_uzoniensis_768-20_gene10361450.pdb
-0.402863  0.369710  0.837267   107.427684
-0.915025 -0.141943 -0.377601    45.856010
-0.020759 -0.918241  0.395477    51.888385
>../../../../class2/ser1//data/domains/Catalytic_domain/structures/SerRS_AF_Bact_Bifidobacterium_longum_subsp_longum_JCM_1217_gene69578844.pdb
 0.774902 -0.463436 -0.429830   110.234607
-0.502979 -0.040269 -0.863360    50.924871
 0.382804  0.885215 -0.264303    46.254497
>../../../../class2/ser1//data/domains/Catalytic_domain/structures/SerRS_AF_Bact_Brucella_suis_1330_gene45051948.pdb
-0.212012  0.408412  0.887835   109.879302
-0.900494  0.271321 -0.339845    50.814213
-0.379685 -0.871541  0.310249    51.165264
>../../../../class2/ser1//data/domains/Catalytic_domain/structures/SerRS_AF_Bact_Chlamydia_psittaci_6BC_gene12242544.pdb
 0.394772  0.438697 -0.807279   108.886064
 0.915853 -0.117824  0.383838    49.468095
 0.073272 -0.890877 -0.448295    50.336919
>../../../../class2/ser1//data/domains/Catalytic_domain/structures/SerRS_AF_Bact_Clostridium_acetobutylicum_DSM_1731_gene44996495.pdb
-0.523608  0.550317  0.650374   109.346856
-0.822400 -0.525826 -0.217174    53.418874
 0.222469 -0.648582  0.727908    50.093708
>../../../../class2/ser1//data/domains/Catalytic_domain/structures/SerRS_AF_Bact_Mycoplasma_hyopneumoniae_168-L_gene57101125.pdb
 0.525450  0.678129 -0.513851   111.253005
 0.846549 -0.477163  0.235945    49.840125
-0.085190 -0.558978 -0.824795    49.056110
>../../../../class2/ser1//data/domains/Catalytic_domain/structures/SerRS_AF_Bact_Prochlorococcus_marinus_subsp_marinus_str_CCMP1375_gene54200639.pdb
-0.264424  0.006012  0.964388   111.666863
-0.847501  0.475770 -0.235341    45.486981
-0.460241 -0.879549 -0.120709    47.920405
>../../../../class2/ser1//data/domains/Catalytic_domain/structures/SerRS_AF_Bact_Streptobacillus_moniliformis_DSM_12112_gene29673293.pdb
-0.273422  0.416597  0.866999   109.270756
-0.926009  0.129899 -0.354449    51.531615
-0.260284 -0.899763  0.350256    51.096352
>../../../../class2/ser1//data/domains/Catalytic_domain/structures/SerRS_AF_Bact_Treponema_pallidum_subsp_pertenue_str_SamoaD_gene57879171.pdb
 0.615630  0.492823 -0.614919   108.652343
 0.684036 -0.721636  0.106477    51.281656
-0.391273 -0.486177 -0.781369    50.354134
>../../../../class2/ser1//data/domains/Catalytic_domain/structures/SerRS_AF_Euk_Cyanidioschyzon_merolae_strain_10D_gene16995416.pdb
 0.921538  0.155671 -0.355718   108.998557
-0.024035 -0.891489 -0.452404    52.651612
-0.387545  0.425457 -0.817799    48.143517
>../../../../class2/ser1//data/domains/Catalytic_domain/structures/SerRS_AF_Euk_Thunnus_albacares_gene122982782.pdb
 0.804986 -0.389127 -0.447858   112.148744
-0.530115 -0.132786 -0.837464    51.587064
 0.266410  0.911564 -0.313173    47.122424
>../../../../class2/ser1//data/domains/Catalytic_domain/structures/SerRS_AF_Euk_Trichomonas_vaginalis_G3_gene4762654.pdb
 0.752976  0.546250 -0.366930   109.873035
 0.652684 -0.548906  0.522212    50.493095
 0.083848 -0.632703 -0.769842    48.360206
>../../../../class2/ser1//data/domains/Catalytic_domain/structures/SerRS_AF_Euk_Vitis_vinifera_gene100261399.pdb
 0.909235 -0.235920 -0.342978   110.057580
-0.415729 -0.472087 -0.777369    51.912505
 0.021481  0.849397 -0.527317    47.099799
>../../../../class2/ser1//data/domains/Catalytic_domain/structures/SerRS_AF_Mito_Cervus_elaphus_gene122688911.pdb
-0.207196  0.038134  0.977556   112.486209
-0.806104  0.559526 -0.192683    44.109606
-0.554316 -0.827935 -0.085192    47.264177
>../../../../class2/ser1//data/domains/Catalytic_domain/structures/SerRS_AF_Mito_Drechmeria_coniospora_gene63718051.pdb
 0.455559  0.658544 -0.598988   112.203213
 0.873706 -0.201813  0.442616    49.569904
 0.170599 -0.724977 -0.667311    48.501168
>../../../../class2/ser1//data/domains/Catalytic_domain/structures/SerRS_PDB_Bact_K_pneumoniae_6h9x.pdb
-0.811989 -0.150822 -0.563850    91.573154
 0.503106  0.308892 -0.807137    58.462122
 0.295903 -0.939062 -0.174938    20.512014
>../../../../class2/ser1//data/domains/Catalytic_domain/structures/SerRS_PDB_Bact_T_thermophilus_1ser.pdb
 0.169112 -0.282205  0.944331    61.442517
 0.985582  0.053682 -0.160457   -69.533930
-0.005412  0.957851  0.287214   -20.867676
>../../../../class2/ser1//data/domains/Catalytic_domain/structures/SerRS_PDB_Euk_B_taurus_1wle.pdb
-0.389019  0.703891  0.594308    70.469421
 0.755635 -0.125208  0.642914   -46.336624
 0.526954  0.699185 -0.483176    19.692341
