>../../../../class1/leu1//data/domains/Catalytic_domain/structures/LeuRS-B_AF_Bact_Bifidobacterium_longum_subsp_longum_JCM_1217_gene69578373.pdb
 0.773606 -0.547596  0.318862    -0.254615
-0.288218 -0.752210 -0.592546     0.835954
 0.564327  0.366495 -0.739741    11.437871
>../../../../class1/leu1//data/domains/Catalytic_domain/structures/LeuRS-B_AF_Bact_Brachyspira_pilosicoli_95_1000_gene56439070.pdb
 0.796753  0.540189  0.270889    -1.500499
 0.565004 -0.824917 -0.016825     0.212540
 0.214372  0.166459 -0.962464     8.125973
>../../../../class1/leu1//data/domains/Catalytic_domain/structures/LeuRS-B_AF_Bact_Chlamydia_psittaci_6BC_gene12243068.pdb
-0.644587  0.764428  0.012568    -0.509490
-0.700974 -0.584359 -0.408852     0.827024
-0.305193 -0.272351  0.912514     8.036682
>../../../../class1/leu1//data/domains/Catalytic_domain/structures/LeuRS-B_AF_Bact_Clostridium_botulinum_A_str_ATCC_3502_gene5187707.pdb
 0.145654 -0.905931  0.397585     1.456828
 0.391446  0.421848  0.817811    -2.430131
-0.908600  0.036516  0.416067    10.253595
>../../../../class1/leu1//data/domains/Catalytic_domain/structures/LeuRS-B_AF_Bact_Mycoplasma_hyopneumoniae_168-L_gene57101518.pdb
-0.467894  0.539835 -0.699752    -0.892664
 0.560897  0.793260  0.236925    -0.216607
 0.682986 -0.281633 -0.673953    10.906330
>../../../../class1/leu1//data/domains/Catalytic_domain/structures/LeuRS-B_AF_Bact_Orientia_tsutsugamushi_str_Ikeda_gene66652454.pdb
-0.491432  0.849544  0.191754     0.579419
-0.797014 -0.349937 -0.492253     0.906880
-0.351089 -0.394739  0.849068     8.786638
>../../../../class1/leu1//data/domains/Catalytic_domain/structures/LeuRS-B_AF_Bact_Porphyromonas_gingivalis_ATCC_33277_gene29256038.pdb
 0.852483  0.212636  0.477555    -0.610858
 0.291332 -0.951765 -0.096273     1.250830
 0.434050  0.221198 -0.873311     8.806170
>../../../../class1/leu1//data/domains/Catalytic_domain/structures/LeuRS-B_AF_Bact_Thermus_thermophilus_HB8_gene3168656.pdb
 0.213739 -0.876890  0.430557     4.691103
 0.276311  0.477011  0.834334     1.916839
-0.936999 -0.059362  0.344250     5.832575
>../../../../class1/leu1//data/domains/Catalytic_domain/structures/LeuRS-B_AF_Euk_Bathycoccus_prasinos_gene19015540.pdb
-0.587888  0.804448 -0.085153    -0.327465
-0.771266 -0.589144 -0.240951     1.108211
-0.244000 -0.075977  0.966795     9.913337
>../../../../class1/leu1//data/domains/Catalytic_domain/structures/LeuRS-B_AF_Euk_Plasmodium_falciparum_3D7_gene2655460.pdb
 0.764437 -0.620252  0.175853     4.556188
-0.297104 -0.581002 -0.757737    -0.713274
 0.572159  0.526995 -0.628419     6.688219
>../../../../class1/leu1//data/domains/Catalytic_domain/structures/LeuRS-B_AF_Euk_Thalassiosira_pseudonana_CCMP1335_gene7441753.pdb
 0.807212  0.416968  0.417788     3.867599
 0.507243 -0.851981 -0.129740     3.197355
 0.301850  0.316647 -0.899233     8.329080
>../../../../class1/leu1//data/domains/Catalytic_domain/structures/LeuRS-B_AF_Mito_Homo_sapiens_gene23395.pdb
-0.613338  0.778036 -0.135926    -1.703040
-0.691630 -0.612179 -0.383256    -0.863944
-0.381398 -0.141055  0.913586     9.044071
>../../../../class1/leu1//data/domains/Catalytic_domain/structures/LeuRS-B_AF_Mito_Treponema_denticola_ATCC_35405_gene2739434.pdb
-0.301923 -0.429614 -0.851043     0.374703
-0.216820  0.900254 -0.377535     0.374566
 0.928349  0.070537 -0.364957     8.815994
>../../../../class1/leu1//data/domains/Catalytic_domain/structures/LeuRS-B_PDB_Bact_T_therm_2V0C.pdb
 0.678209  0.111122 -0.726419     5.257284
-0.325077  0.931891 -0.160949    43.011206
 0.659058  0.345299  0.668140    -6.336547
>../../../../class1/tyr//data/domains/Catalytic_domain/structures/TyrRS_AF_Arch_Candidatus_Korarchaeum_cryptofilum_OPF8_gene6094625.pdb
-0.110146 -0.148933 -0.982694     1.555416
 0.602785 -0.796135  0.053095     4.327113
-0.790264 -0.586505  0.177465    -0.611101
>../../../../class1/tyr//data/domains/Catalytic_domain/structures/TyrRS_AF_Arch_Desulfurococcus_amylolyticus_1221n_gene7171652.pdb
-0.220270  0.408599 -0.885736     1.071235
-0.156837 -0.911059 -0.381278     3.281257
-0.962748  0.054932  0.264762     0.368776
>../../../../class1/tyr//data/domains/Catalytic_domain/structures/TyrRS_AF_Arch_Methanothermococcus_okinawensis_IH1_gene10772133.pdb
 1.000000  0.000000  0.000000     0.000000
 0.000000  1.000000  0.000000     0.000000
 0.000000  0.000000  1.000000     0.000000
>../../../../class1/tyr//data/domains/Catalytic_domain/structures/TyrRS_AF_Arch_Thermoplasma_acidophilum_DSM_1728_gene1456112.pdb
 0.175394  0.422255  0.889347     1.492788
 0.616596 -0.751347  0.235131     8.698674
 0.767493  0.507127 -0.392143     2.595302
>../../../../class1/tyr//data/domains/Catalytic_domain/structures/TyrRS_AF_Bact_Bifidobacterium_animalis_subsp_lactis_BLC1_gene66533077.pdb
-0.376959  0.695935 -0.611210     0.901332
-0.101992 -0.687065 -0.719402     5.419793
-0.920598 -0.208846  0.329975    -5.777466
>../../../../class1/tyr//data/domains/Catalytic_domain/structures/TyrRS_AF_Bact_Brachyspira_pilosicoli_95_1000_gene56440491.pdb
 0.231706  0.055956  0.971175     5.059602
 0.081079 -0.995981  0.038041     5.953725
 0.969401  0.069928 -0.235312     2.262727
>../../../../class1/tyr//data/domains/Catalytic_domain/structures/TyrRS_AF_Bact_Chlamydia_psittaci_6BC_gene12242888.pdb
-0.253075  0.785152 -0.565234     1.425025
-0.263862 -0.618121 -0.740475     5.396924
-0.930769 -0.038252  0.363602    -0.514169
>../../../../class1/tyr//data/domains/Catalytic_domain/structures/TyrRS_AF_Bact_Lactococcus_lactis_subsp_cremoris_KW2_gene61108704.pdb
-0.228516  0.791083 -0.567422     2.535805
-0.218869 -0.609670 -0.761839     5.301961
-0.948618 -0.049902  0.312463    -5.374333
>../../../../class1/tyr//data/domains/Catalytic_domain/structures/TyrRS_AF_Bact_Porphyromonas_gingivalis_ATCC_33277_gene29255602.pdb
 0.116510  0.504734  0.855376     3.278582
 0.179344 -0.857776  0.481722     9.236579
 0.976863  0.097281 -0.190461    -1.412221
>../../../../class1/tyr//data/domains/Catalytic_domain/structures/TyrRS_AF_Bact_Prochlorococcus_marinus_subsp_marinus_str_CCMP1375_gene54200747.pdb
 0.647713  0.641462  0.411089     0.319545
-0.435831  0.754523 -0.490659     4.646103
-0.624916  0.138641  0.768283    -0.881441
>../../../../class1/tyr//data/domains/Catalytic_domain/structures/TyrRS_AF_Bact_Serratia_plymuthica_AS9_gene57666950.pdb
 0.787122  0.614513  0.053043     0.088868
-0.326306  0.487848 -0.809647     5.817153
-0.523416  0.619983  0.584515    -6.667541
>../../../../class1/tyr//data/domains/Catalytic_domain/structures/TyrRS_AF_Bact_Streptobacillus_moniliformis_DSM_12112_gene29673957.pdb
 0.587839  0.803155 -0.096890     2.057536
-0.425634  0.205207 -0.881321    -1.787730
-0.687955  0.559314  0.462479    -4.762346
>../../../../class1/tyr//data/domains/Catalytic_domain/structures/TyrRS_AF_Euk_Cryptococcus_neoformans_var_neoformans_JEC21_gene3254328.pdb
-0.084367  0.948606 -0.305006     0.425941
-0.466742 -0.308062 -0.829005     5.195909
-0.880360  0.072419  0.468745    -4.773791
>../../../../class1/tyr//data/domains/Catalytic_domain/structures/TyrRS_AF_Euk_Drosophila_melanogaster_gene39829.pdb
 0.851775 -0.325462  0.410553     8.229808
 0.267445 -0.403724 -0.874917     9.737191
 0.450503  0.855033 -0.256839     1.909413
>../../../../class1/tyr//data/domains/Catalytic_domain/structures/TyrRS_AF_Euk_Plasmodium_falciparum_3D7_gene2655248.pdb
 0.081488 -0.111656 -0.990400    -1.292650
 0.021295 -0.993283  0.113734     3.075137
-0.996447 -0.030359 -0.078563     0.281732
>../../../../class1/tyr//data/domains/Catalytic_domain/structures/TyrRS_AF_Euk_Seriola_dumerili_gene111223086.pdb
 0.804230 -0.582796 -0.116456     9.609014
 0.403202  0.678993 -0.613512     9.144883
 0.436626  0.446450  0.781051     3.572466
>../../../../class1/tyr//data/domains/Catalytic_domain/structures/TyrRS_AF_Mito_Aspergillus_fumigatus_Af293_gene3509181.pdb
-0.763319 -0.449651 -0.463852    -8.629041
 0.352144  0.312357 -0.882286     3.064045
 0.541608 -0.836808 -0.080086     4.282917
>../../../../class1/tyr//data/domains/Catalytic_domain/structures/TyrRS_AF_Mito_Cyanidioschyzon_merolae_strain_10D_gene16996209.pdb
-0.169382  0.960066 -0.222672    -0.292088
-0.384884 -0.272433 -0.881841     4.138706
-0.907289 -0.063665  0.415659    -4.303928
>../../../../class1/tyr//data/domains/Catalytic_domain/structures/TyrRS_AF_Vir_Megavirus_chiliensis_gene11257765.pdb
 0.860589 -0.468968 -0.198633    -3.716092
 0.438358  0.880613 -0.179894     0.436668
 0.259283  0.067743  0.963423     2.798750
>../../../../class1/tyr//data/domains/Catalytic_domain/structures/TyrRS_PDB_Arch_M_jannashii_1U7D.pdb
 0.827996 -0.189877  0.527608    -2.387007
-0.540530 -0.520574  0.660931    16.120721
 0.149163 -0.832436 -0.533667    49.322937
>../../../../class1/tyr//data/domains/Catalytic_domain/structures/TyrRS_PDB_E_coli_Bact_1WQ4.pdb
-0.880199  0.455713 -0.132573    26.556853
 0.394056  0.546038 -0.739299    26.481700
-0.264518 -0.702971 -0.660199    51.928181
>../../../../class1/tyr//data/domains/Catalytic_domain/structures/TyrRS_PDB_Vir_Acanthamoeba_polyphaga_mimivirus_2J5B.pdb
 0.263085  0.963070 -0.057287   -80.685442
 0.408164 -0.164909 -0.897890    36.925856
-0.874178  0.212839 -0.436476    52.519457
