>../../../../class1/leu1//data/domains/Catalytic_domain/structures/LeuRS-B_AF_Bact_Bifidobacterium_longum_subsp_longum_JCM_1217_gene69578373.pdb
-0.776161 -0.052884  0.628313   -14.986718
 0.625935  0.055527  0.777896    -0.989539
-0.076027  0.997056 -0.009996     9.479050
>../../../../class1/leu1//data/domains/Catalytic_domain/structures/LeuRS-B_AF_Bact_Brachyspira_pilosicoli_95_1000_gene56439070.pdb
-0.589040 -0.257679  0.765920   -11.587566
 0.129585  0.905414  0.404268    -0.709915
-0.797646  0.337382 -0.499934     9.725946
>../../../../class1/leu1//data/domains/Catalytic_domain/structures/LeuRS-B_AF_Bact_Chlamydia_psittaci_6BC_gene12243068.pdb
 0.579943  0.017026 -0.814479   -11.905457
 0.097277  0.991181  0.089985    -0.694438
 0.808828 -0.131416  0.573172     8.133949
>../../../../class1/leu1//data/domains/Catalytic_domain/structures/LeuRS-B_AF_Bact_Clostridium_botulinum_A_str_ATCC_3502_gene5187707.pdb
 0.760031  0.249036 -0.600278   -14.375336
 0.031110 -0.936548 -0.349155     2.626018
-0.649141  0.246694 -0.719554    10.162254
>../../../../class1/leu1//data/domains/Catalytic_domain/structures/LeuRS-B_AF_Bact_Mycoplasma_hyopneumoniae_168-L_gene57101518.pdb
-0.518858 -0.024561  0.854508   -14.127699
-0.848432 -0.107566 -0.518260    -0.402439
 0.104645 -0.993894  0.034973    10.173553
>../../../../class1/leu1//data/domains/Catalytic_domain/structures/LeuRS-B_AF_Bact_Orientia_tsutsugamushi_str_Ikeda_gene66652454.pdb
 0.615286  0.080102 -0.784224   -12.923467
 0.244342  0.926450  0.286336     0.393401
 0.749480 -0.367797  0.550459     8.189653
>../../../../class1/leu1//data/domains/Catalytic_domain/structures/LeuRS-B_AF_Bact_Porphyromonas_gingivalis_ATCC_33277_gene29256038.pdb
-0.737814 -0.173236  0.652396   -12.365097
 0.336329  0.743638  0.577828    -0.965911
-0.585247  0.645749 -0.490402     8.413949
>../../../../class1/leu1//data/domains/Catalytic_domain/structures/LeuRS-B_AF_Bact_Thermus_thermophilus_HB8_gene3168656.pdb
 0.758637  0.324494 -0.564955   -11.956428
 0.159040 -0.933145 -0.322408     2.935502
-0.631804  0.154740 -0.759525     3.564528
>../../../../class1/leu1//data/domains/Catalytic_domain/structures/LeuRS-B_AF_Euk_Bathycoccus_prasinos_gene19015540.pdb
 0.503589 -0.181042 -0.844761   -13.720420
 0.169340  0.979515 -0.108973    -1.172021
 0.847185 -0.088175  0.523930     8.426256
>../../../../class1/leu1//data/domains/Catalytic_domain/structures/LeuRS-B_AF_Euk_Thalassiosira_pseudonana_CCMP1335_gene7441753.pdb
-0.636977 -0.367594  0.677595   -14.172909
 0.144735  0.806326  0.573490     0.885621
-0.757174  0.463372 -0.460407     3.827106
>../../../../class1/leu1//data/domains/Catalytic_domain/structures/LeuRS-B_AF_Mito_Homo_sapiens_gene23395.pdb
 0.657016 -0.113599 -0.745269   -12.110811
 0.135280  0.990301 -0.031689    -0.511400
 0.741640 -0.080000  0.666011    10.588215
>../../../../class1/leu1//data/domains/Catalytic_domain/structures/LeuRS-B_AF_Mito_Treponema_denticola_ATCC_35405_gene2739434.pdb
-0.714105 -0.000367  0.700038   -12.898753
-0.274116 -0.920001 -0.280106     0.350243
 0.644139 -0.391916  0.656877     8.671739
>../../../../class1/leu1//data/domains/Catalytic_domain/structures/LeuRS-B_PDB_Bact_T_therm_2V0C.pdb
-0.822641 -0.462135 -0.331200    -5.485137
 0.566533 -0.617112 -0.546089   -21.695967
 0.047979 -0.636871  0.769476   -30.783055
>../../../../class1/tyr//data/domains/Catalytic_domain/structures/TyrRS_AF_Arch_Candidatus_Korarchaeum_cryptofilum_OPF8_gene6094625.pdb
 0.705438  0.680294  0.198891    -5.126722
-0.327317  0.561587 -0.759923     0.143971
-0.628666  0.470978  0.618837     2.142726
>../../../../class1/tyr//data/domains/Catalytic_domain/structures/TyrRS_AF_Arch_Desulfurococcus_amylolyticus_1221n_gene7171652.pdb
 0.984600 -0.103231  0.141090    -5.587479
 0.154096  0.893631 -0.421520     0.632849
-0.082568  0.436770  0.895776     3.552576
>../../../../class1/tyr//data/domains/Catalytic_domain/structures/TyrRS_AF_Arch_Methanothermococcus_okinawensis_IH1_gene10772133.pdb
-0.373807 -0.100567 -0.922038    -4.352284
 0.697667 -0.685541 -0.208072     1.899002
-0.611170 -0.721054  0.326422     6.398601
>../../../../class1/tyr//data/domains/Catalytic_domain/structures/TyrRS_AF_Arch_Thermoplasma_acidophilum_DSM_1728_gene1456112.pdb
-0.840841 -0.541229 -0.007587    -8.592820
-0.458085  0.704064  0.542634    -3.439982
-0.288347  0.459744 -0.839935     0.045690
>../../../../class1/tyr//data/domains/Catalytic_domain/structures/TyrRS_AF_Bact_Bifidobacterium_animalis_subsp_lactis_BLC1_gene66533077.pdb
 1.000000  0.000000  0.000000     0.000000
 0.000000  1.000000  0.000000     0.000000
 0.000000  0.000000  1.000000     0.000000
>../../../../class1/tyr//data/domains/Catalytic_domain/structures/TyrRS_AF_Bact_Brachyspira_pilosicoli_95_1000_gene56440491.pdb
-0.993144 -0.007116 -0.116677    -8.254064
-0.088254  0.700167  0.708504     0.884023
 0.076652  0.713944 -0.695995    -0.149025
>../../../../class1/tyr//data/domains/Catalytic_domain/structures/TyrRS_AF_Bact_Chlamydia_psittaci_6BC_gene12242888.pdb
 0.979587 -0.193045 -0.056065    -5.077203
 0.195472  0.979828  0.041579    -0.799955
 0.046908 -0.051689  0.997561     1.539847
>../../../../class1/tyr//data/domains/Catalytic_domain/structures/TyrRS_AF_Bact_Lactococcus_lactis_subsp_cremoris_KW2_gene61108704.pdb
 0.982260 -0.187521  0.000780    -1.019459
 0.187031  0.979979  0.068263     1.013613
-0.013565 -0.066906  0.997667    -0.768574
>../../../../class1/tyr//data/domains/Catalytic_domain/structures/TyrRS_AF_Bact_Porphyromonas_gingivalis_ATCC_33277_gene29255602.pdb
-0.959529 -0.205266 -0.192797    -5.315571
-0.255416  0.922683  0.288822    -1.975496
 0.118605  0.326377 -0.937769    -2.765991
>../../../../class1/tyr//data/domains/Catalytic_domain/structures/TyrRS_AF_Bact_Prochlorococcus_marinus_subsp_marinus_str_CCMP1375_gene54200747.pdb
 0.384775 -0.433855 -0.814689    -4.037139
 0.883510 -0.082328  0.461121    -0.742148
-0.267131 -0.897213  0.351638     2.643339
>../../../../class1/tyr//data/domains/Catalytic_domain/structures/TyrRS_AF_Bact_Serratia_plymuthica_AS9_gene57666950.pdb
 0.217630 -0.853263 -0.473899     0.985764
 0.875802 -0.043599  0.480698    -0.805969
-0.430823 -0.519655  0.737801    -0.170837
>../../../../class1/tyr//data/domains/Catalytic_domain/structures/TyrRS_AF_Bact_Streptobacillus_moniliformis_DSM_12112_gene29673957.pdb
 0.468793 -0.822819 -0.321252    -0.327734
 0.846528  0.314651  0.429400     5.538461
-0.252236 -0.473248  0.844046     5.327377
>../../../../class1/tyr//data/domains/Catalytic_domain/structures/TyrRS_AF_Euk_Cryptococcus_neoformans_var_neoformans_JEC21_gene3254328.pdb
 0.892906 -0.390024 -0.224943    -0.878115
 0.439801  0.862517  0.250279    -0.298941
 0.096402 -0.322406  0.941680     0.761788
>../../../../class1/tyr//data/domains/Catalytic_domain/structures/TyrRS_AF_Euk_Drosophila_melanogaster_gene39829.pdb
-0.764104 -0.621936  0.171289   -10.404746
 0.316457 -0.130003  0.939656     0.695316
-0.562138  0.772201  0.296153    -4.936209
>../../../../class1/tyr//data/domains/Catalytic_domain/structures/TyrRS_AF_Euk_Plasmodium_falciparum_3D7_gene2655248.pdb
 0.888671  0.172124  0.425014    -4.581045
 0.245219  0.604814 -0.757673    -1.008665
-0.387468  0.777543  0.495273     5.244488
>../../../../class1/tyr//data/domains/Catalytic_domain/structures/TyrRS_AF_Euk_Seriola_dumerili_gene111223086.pdb
-0.753962 -0.271723 -0.598087   -12.570533
 0.213237 -0.962375  0.168414     1.925806
-0.621347 -0.000557  0.783536    -4.678259
>../../../../class1/tyr//data/domains/Catalytic_domain/structures/TyrRS_AF_Mito_Aspergillus_fumigatus_Af293_gene3509181.pdb
-0.247106  0.904419  0.347799    -5.427342
-0.890393 -0.353536  0.286728    -7.229943
 0.382282 -0.238826  0.892649    10.597611
>../../../../class1/tyr//data/domains/Catalytic_domain/structures/TyrRS_AF_Mito_Cyanidioschyzon_merolae_strain_10D_gene16996209.pdb
 0.937237 -0.282906 -0.203840    -1.036848
 0.340159  0.870344  0.356081    -0.090104
 0.076673 -0.403070  0.911951     2.069252
>../../../../class1/tyr//data/domains/Catalytic_domain/structures/TyrRS_PDB_Arch_M_jannashii_1U7D.pdb
-0.400108  0.890156  0.218027   -50.561942
 0.914050  0.404864  0.024433   -21.268125
-0.066522  0.209064 -0.975637    12.808875
>../../../../class1/tyr//data/domains/Catalytic_domain/structures/TyrRS_PDB_E_coli_Bact_1WQ4.pdb
 0.539189  0.416852  0.731785   -65.062943
-0.825261  0.088202  0.557821    -8.964692
 0.167984 -0.904685  0.391570   -11.639441
>../../../../class1/tyr//data/domains/Catalytic_domain/structures/TyrRS_PDB_L_major_Euk_3P0I.pdb
 0.475162  0.857776 -0.196066   -61.644944
 0.846124 -0.506580 -0.165687    25.596331
-0.241445 -0.087168 -0.966492    78.090230
