>structures/His_Arch_1WU7_T_acidophilum.pdb
-0.103744 -0.828525 -0.550257    79.165140
-0.953043  0.241068 -0.183293    11.282026
 0.284512  0.505403 -0.814629    32.281681
>structures/His_Bact_1HTT_E_coli.pdb
-0.680658  0.709211 -0.183642   -16.921703
-0.172728 -0.398962 -0.900552    26.339287
-0.711948 -0.581248  0.394057    -9.127636
>structures/His_Bact_4e51_B_thailandensis.pdb
-0.672006 -0.040691  0.739427   -30.763576
 0.448946  0.771697  0.450478   -22.353566
-0.588944  0.634687 -0.500318    27.135872
>structures/Histidyl.A.Candidatus_Korarchaeota.NC_010482.1.pdb
 1.000000  0.000000  0.000000     0.000000
 0.000000  1.000000  0.000000     0.000000
 0.000000  0.000000  1.000000     0.000000
>structures/Histidyl.A.Candidatus_Thermoplasmatota.NC_002689.2.pdb
-0.696106 -0.611825  0.375641     2.337801
-0.715643  0.549514 -0.431148    -1.361903
 0.057367 -0.568950 -0.820369     2.517521
>structures/Histidyl.A.Crenarchaeota.NC_000854.2.pdb
 0.993137  0.111441  0.035491     3.982555
-0.097695  0.957296 -0.272102    -3.043191
-0.064298  0.266768  0.961614     2.691436
>structures/Histidyl.A.Euryarchaeota.NC_015680.1.pdb
 0.952576  0.299315  0.054866     3.661391
-0.255598  0.884845 -0.389511    -3.967078
-0.165134  0.357015  0.919386     3.508337
>structures/Histidyl.B.Actinobacteria.NC_010572.1.pdb
 0.956546  0.206114  0.206245    -0.844116
-0.155619  0.959042 -0.236686     1.309377
-0.246582  0.194306  0.949443     1.494915
>structures/Histidyl.B.Bacteroidota.NC_010729.1.pdb
 0.985300  0.157558  0.066023     0.080192
-0.160689  0.985973  0.045129     1.058155
-0.057986 -0.055075  0.996797    -0.591634
>structures/Histidyl.B.Chlamydiae.NC_002620.2.pdb
 0.847414  0.528861 -0.046862     1.747912
-0.442117  0.654030 -0.613823    -4.250517
-0.293978  0.540880  0.788052     0.910013
>structures/Histidyl.B.Cyanobacteria.NC_005042.1.pdb
-0.646476  0.631941  0.427457    -3.135270
 0.579045  0.041601  0.814233     5.344200
 0.496765  0.773899 -0.392817     0.966329
>structures/Histidyl.B.Deinococcus-Thermus.NC_006461.1.pdb
 0.917078  0.388528 -0.089518     1.654794
-0.363812  0.723591 -0.586564    -3.256776
-0.163122  0.570493  0.804941     1.439407
>structures/Histidyl.B.Firmicutes.NC_015687.1.pdb
 0.942939 -0.302991 -0.138068     1.472210
 0.332098  0.885732  0.324331    -0.219344
 0.024022 -0.351676  0.935813    -0.228359
>structures/Histidyl.B.Fusobacteria.NC_013515.1.pdb
 0.971838  0.235577  0.005858     4.328785
-0.205282  0.858543 -0.469855    -2.590439
-0.115717  0.455420  0.882724     0.585479
>structures/Histidyl.B.Proteobacteria.NC_005126.1.pdb
 0.910925  0.410898 -0.037131     2.911786
-0.360736  0.749565 -0.554997    -2.957918
-0.200215  0.518955  0.831023     0.776313
>structures/Histidyl.B.Spirochaetes.NC_002967.9.pdb
-0.864730 -0.474708  0.163995     2.329686
-0.500162  0.843605 -0.195369    -1.524245
-0.045604 -0.250965 -0.966921     2.584853
>structures/Histidyl.E.Basidiomycota.NC_026498.1.pdb
 0.022798 -0.797052  0.603480     0.272716
-0.784283 -0.388601 -0.483621    -1.922830
 0.619984 -0.462274 -0.633973     1.044216
>structures/Histidyl.E.Chlorophyta.NC_014436.2.pdb
 0.359399  0.818240 -0.448683    -1.371364
-0.297651 -0.355180 -0.886144    -0.377610
-0.884441  0.452030  0.115898     2.045239
>structures/Histidyl.E.Euglenozoa.NC_009414.2.pdb
-0.989659  0.142946 -0.011940    -5.173631
 0.121454  0.879329  0.460466    -0.813037
 0.076321  0.454254 -0.887597     0.125610
>structures/Histidyl.E.Evosea.NC_007087.3.pdb
 0.987413 -0.155621 -0.028252    -1.183477
 0.158164  0.971550  0.176282     1.423538
 0.000015 -0.178531  0.983934    -1.041441
