>structures/HisRS_AF_Arch_Candidatus_Methanomassiliicoccus_intestinalis_Issoire-Mx1_gene16154026.pdb
-0.732821  0.161858 -0.660890     8.233772
 0.215962  0.976402 -0.000337     7.620859
 0.645240 -0.142974 -0.750482    -4.904670
>structures/HisRS_AF_Arch_Candidatus_Nitrosopumilus_koreensis_AR1_gene13725657.pdb
 0.752558  0.333816  0.567647    10.580940
-0.413799  0.910271  0.013292     5.976080
-0.512276 -0.244895  0.823165    -7.190961
>structures/HisRS_AF_Arch_Desulfurococcus_amylolyticus_1221n_gene7171287.pdb
-0.150549 -0.892748 -0.424659    11.669699
 0.533957 -0.434939  0.725064     7.631772
-0.832000 -0.117592  0.542169    -8.677327
>structures/HisRS_AF_Arch_Methanoregula_formicica_SMSP_gene14310605.pdb
-0.611620  0.627260 -0.482147     7.670706
 0.570808  0.771845  0.280059     9.480715
 0.547813 -0.103924 -0.830121    -6.668374
>structures/HisRS_AF_Bact_Chlamydia_muridarum_str_Nigg_gene1246198.pdb
 0.134073  0.865304  0.482985    12.155930
-0.694535  0.429701 -0.577043     7.235133
-0.706856 -0.258084  0.658595    -5.495463
>structures/HisRS_AF_Bact_Lacticaseibacillus_paracasei_gene61269730.pdb
 0.650829 -0.527860  0.545697    15.948918
 0.171752  0.802487  0.571415     9.204128
-0.739542 -0.278169  0.612943    -8.460119
>structures/HisRS_AF_Bact_Paracoccus_denitrificans_PD1222_gene75501415.pdb
-0.325451 -0.622743 -0.711528    10.872052
 0.482798 -0.756453  0.441231     6.531382
-0.813011 -0.199925  0.546848    -7.019445
>structures/HisRS_AF_Bact_Prochlorococcus_marinus_subsp_marinus_str_CCMP1375_gene54200127.pdb
-0.486849 -0.695003 -0.529102     8.670555
 0.348039 -0.709922  0.612274    12.996609
-0.801153  0.113936  0.587513    -9.741353
>structures/HisRS_AF_Bact_Streptobacillus_moniliformis_DSM_12112_gene29674169.pdb
 0.657189 -0.454431  0.601329    16.311654
 0.151969  0.861312  0.484817     7.228483
-0.738247 -0.227232  0.635104    -9.766257
>structures/HisRS_AF_Bact_Streptomyces_albidoflavus_gene15149169.pdb
 0.656130 -0.299946  0.692479    10.699706
-0.178983  0.829584  0.528920     8.090717
-0.733116 -0.470982  0.490629    -6.586526
>structures/HisRS_AF_Bact_Thermus_thermophilus_HB8_gene3168691.pdb
 0.591262 -0.698788  0.402622    15.252931
 0.374726  0.680112  0.630102     9.454508
-0.714136 -0.221682  0.663978    -7.214471
>structures/HisRS_AF_Bact_Treponema_denticola_ATCC_35405_gene2741405.pdb
-0.221552  0.940255 -0.258524    10.523152
-0.870911 -0.310050 -0.381293     9.445214
-0.438668  0.140675  0.887570    -5.405307
>structures/HisRS_AF_Euk_Arabidopsis_thaliana_gene823753.pdb
 0.732964 -0.287538  0.616510    10.893618
-0.164374  0.804562  0.570668     7.254168
-0.660110 -0.519617  0.542451    -6.987104
>structures/HisRS_AF_Euk_Cryptococcus_gattii_WM276_gene10186972.pdb
 0.705841 -0.620130  0.342386    11.314794
-0.231055 -0.658458 -0.716273     7.512878
 0.669629  0.426465 -0.608050    -8.167776
>structures/HisRS_AF_Euk_Plasmodium_falciparum_3D7_gene812010.pdb
 0.999990  0.004358  0.000925    -0.014917
-0.004354  0.999979 -0.004725    -0.093042
-0.000946  0.004721  0.999988    -0.111923
>structures/HisRS_AF_Euk_Platysiphonia_delicata_gene33353157.pdb
 0.667241 -0.493098  0.558251    17.373238
 0.140036  0.819171  0.556191     8.631115
-0.731560 -0.292939  0.615636    -9.917634
>structures/HisRS_PDB_Arch_T_acidophilum_1WU7.pdb
 0.820549 -0.464466 -0.333124    49.520308
-0.271852  0.195542 -0.942263    67.564733
 0.502789  0.863733  0.034186   -56.023529
>structures/HisRS_PDB_Bact_B_thailandensis_4e51.pdb
-0.841352 -0.531270 -0.099395    20.334688
-0.538586  0.839507  0.071790     7.190391
 0.045303  0.113934 -0.992455    38.209650
>structures/HisRS_PDB_Bact_E_coli_1HTT.pdb
-0.349677  0.575892  0.738968   -20.622938
-0.916325 -0.374510 -0.141739     4.323482
 0.195125 -0.726698  0.658663    -8.517654
