>../../../../class2/phe4//data/domains/Catalytic_domain/structures/PheRS-Aβ_AF_Arch_Candidatus_Nitrosopumilus_koreensis_AR1_gene13724457.pdb
 0.987686 -0.007710  0.156261    -0.100428
-0.015728  0.988833  0.148199     3.260509
-0.155658 -0.148832  0.976535     0.859497
>../../../../class2/phe4//data/domains/Catalytic_domain/structures/PheRS-Aβ_AF_Arch_Halalkalicoccus_jeotgali_B3_gene9420006.pdb
-0.234547  0.340852 -0.910389     1.086850
-0.445215 -0.870185 -0.211097     5.586611
-0.864160  0.355806  0.355851    -0.448443
>../../../../class2/phe4//data/domains/Catalytic_domain/structures/PheRS-Aβ_AF_Arch_Sulfolobus_islandicus_YG5714_gene7807969.pdb
 1.000000  0.000000  0.000000     0.000000
 0.000000  1.000000  0.000000     0.000000
 0.000000  0.000000  1.000000     0.000000
>../../../../class2/phe4//data/domains/Catalytic_domain/structures/PheRS-Aβ_AF_Arch_Thermoplasma_volcanium_GSS1_gene1441711.pdb
-0.020931 -0.529179  0.848252     0.932292
-0.501036 -0.728655 -0.466932     5.626296
 0.865173 -0.434778 -0.249886     2.131509
>../../../../class2/phe4//data/domains/Catalytic_domain/structures/PheRS-Aβ_AF_Euk_Astyanax_mexicanus_gene103044481.pdb
-0.795733 -0.605314  0.020127    -3.397582
-0.503280  0.642384 -0.577972    -1.233655
 0.336925 -0.470040 -0.815809    -1.154151
>../../../../class2/phe4//data/domains/Catalytic_domain/structures/PheRS-Aβ_AF_Euk_Didymosphenia_geminata_gene19740299.pdb
 0.567445  0.801921 -0.186890     7.217921
-0.799522  0.482327 -0.357945     8.690469
-0.196901  0.352537  0.914848    -4.922423
>../../../../class2/phe4//data/domains/Catalytic_domain/structures/PheRS-Aβ_AF_Euk_Drosophila_melanogaster_gene42888.pdb
 0.606252  0.690906 -0.393837    -1.246045
-0.514509 -0.036872 -0.856692    -0.943145
-0.606415  0.722004  0.333123    -3.189427
>../../../../class2/phe4//data/domains/Catalytic_domain/structures/PheRS-Aβ_AF_Euk_Gracilariopsis_tenuifrons_gene68635617.pdb
-0.676997  0.729226  0.099522    12.361357
 0.495773  0.351908  0.793958     0.382170
 0.543952  0.586848 -0.599772     1.312065
>../../../../class2/phe4//data/domains/Catalytic_domain/structures/PheRS-Aβ_PDB_Euk.B_H_sapiens_3L4G.pdb
-0.175629  0.049208 -0.983226    19.681789
 0.900886  0.410735 -0.140365   -78.284928
 0.396938 -0.910426 -0.116468    67.586200
>../../../../class2/sep//data/domains/Catalytic_domain/structures/SepRS_AF_Arch_Methanothrix_thermoacetophila_PT_gene4462697.pdb
-0.001740  0.291282  0.956636    28.984468
-0.142809  0.946759 -0.288535    -8.139265
-0.989749 -0.137118  0.039950   -11.358771
>../../../../class2/sep//data/domains/Catalytic_domain/structures/SepRS_AF_Arch_unclassified_Candidatus_Bathyarchaeota_proteinUCD26266.1.pdb
-0.133633  0.986992 -0.089383    20.922509
 0.407574  0.136946  0.902845    -8.523348
 0.903341  0.084220 -0.420572    -7.905398
>../../../../class2/sep//data/domains/Catalytic_domain/structures/SepRS_AF_Arch_unclassified_Lokiarchaeota_proteinTFF69421.1.pdb
-0.042913 -0.348548 -0.936308    20.840871
-0.840180  0.519698 -0.154954   -13.368209
 0.540607  0.780018 -0.315145    -8.036280
>../../../../class2/sep//data/domains/Catalytic_domain/structures/SepRS_AF_Arch_unclassified_Thermoprotei_proteinRLF12424.1.pdb
 0.884509  0.441756  0.149986    23.867098
 0.367813 -0.858104  0.358289    -4.598803
 0.286980 -0.261743 -0.921484    -8.123312
>../../../../class2/sep//data/domains/Catalytic_domain/structures/SepRS_PDB_Arch_2DU4_A_fulgidus.pdb
 0.807076 -0.564937  0.171683    42.564596
-0.055232  0.217259  0.974550    -3.174447
-0.587859 -0.796018  0.144142    60.137443
>../../../../class2/sep//data/domains/Catalytic_domain/structures/SepRS_PDB_Arch_2ODR_M_maripadulis.pdb
-0.508401 -0.859656 -0.050195    72.507024
-0.855818  0.497952  0.140070    41.064767
-0.095418  0.114170 -0.988868    24.411817
