>../../../../class2/phe4//data/domains/Catalytic_domain/structures/Phe_Euk_3L4G.B_H_sapiens_d.pdb
 1.000000  0.000000  0.000000     0.000000
 0.000000  1.000000  0.000000     0.000000
 0.000000  0.000000  1.000000     0.000000
>../../../../class2/phe4//data/domains/Catalytic_domain/structures/Phe_Euk_3L4G.B_H_sapiens.pdb
 1.000000  0.000000  0.000000     0.000000
 0.000000  1.000000  0.000000     0.000000
 0.000000  0.000000  1.000000     0.000000
>../../../../class2/phe4//data/domains/Catalytic_domain/structures/Phenylalanyl.A.Crenarchaeota.NC_012588.1.pdb
-0.086537  0.848236  0.522500    47.249957
 0.158633  0.529508 -0.833341    92.201563
-0.983538  0.010771 -0.180380    15.701012
>../../../../class2/phe4//data/domains/Catalytic_domain/structures/Phenylalanyl.A.Thaumarchaeota.NC_018655.1.pdb
 0.017430  0.704871  0.709121    49.979432
 0.353375  0.659113 -0.663849    92.487642
-0.935319  0.262156 -0.237596    15.041285
>../../../../class2/sep//data/domains/Catalytic_domain/structures/Sep_Arch_2DU4_A_fulgidus.pdb
-0.430273 -0.008104  0.902662    59.611993
 0.555463  0.785856  0.271829    38.616414
-0.711565  0.618357 -0.333631   -32.582148
>../../../../class2/sep//data/domains/Catalytic_domain/structures/Sep_Arch_2DU6_A_fulgidus.pdb
-0.416381 -0.018830  0.908995    59.810078
 0.551410  0.789695  0.268941    38.809614
-0.722893  0.613211 -0.318430   -31.388906
>../../../../class2/sep//data/domains/Catalytic_domain/structures/Sep_Arch_2ODR_M_maripadulis.pdb
-0.722546  0.644731 -0.249497    80.829648
-0.286553  0.049125  0.956804    90.859910
 0.629138  0.762829  0.149255   -63.806603
