>../../../../class2/gly2//data/domains/Catalytic_domain/structures/GlyRS-Bα_AF_Bact_Brachyspira_pilosicoli_95_1000_gene56440230.pdb
-0.154192 -0.987428  0.034781   -50.182413
-0.486495  0.045236 -0.872512    11.967378
 0.859969 -0.151455 -0.487354    -1.557241
>../../../../class2/gly2//data/domains/Catalytic_domain/structures/GlyRS-Bα_AF_Bact_Chlamydia_pneumoniae_TW-183_gene45051002.pdb
 0.114540 -0.227529  0.967012   -50.379893
-0.300106  0.920013  0.252017    32.122776
-0.947004 -0.319072  0.037096   -10.006634
>../../../../class2/gly2//data/domains/Catalytic_domain/structures/GlyRS-Bα_AF_Bact_Lacticaseibacillus_paracasei_gene61269714.pdb
 0.269584  0.950367 -0.155331   -48.612101
-0.830302  0.147693 -0.537388    11.172225
-0.487774  0.273843  0.828907    -2.173538
>../../../../class2/gly2//data/domains/Catalytic_domain/structures/GlyRS-Bα_AF_Bact_Prochlorococcus_marinus_subsp_marinus_str_CCMP1375_gene54200602.pdb
-0.506636  0.794605 -0.334549   -48.340621
-0.634203 -0.606341 -0.479726    11.024861
-0.584043 -0.030874  0.811135    -1.868306
>../../../../class2/gly2//data/domains/Catalytic_domain/structures/GlyRS-Bα_AF_Bact_Salmonella_enterica_subsp_enterica_serovar_Typhimurium_str_LT2_gene1255180.pdb
-0.461366 -0.258318 -0.848771   -47.407881
-0.106232 -0.933708  0.341912    12.495328
-0.880827  0.247914  0.403340    -2.311916
>../../../../class2/gly2//data/domains/Catalytic_domain/structures/GlyRS-Bα_AF_Bact_Streptobacillus_moniliformis_DSM_12112_gene29673275.pdb
-0.336561  0.935715 -0.105661   -48.512459
-0.762427 -0.336634 -0.552615    11.498068
-0.552659 -0.105430  0.826712    -1.903920
>../../../../class2/gly2//data/domains/Catalytic_domain/structures/GlyRS-Bα_AF_Euk_Ostreococcus_tauri_gene9837276.pdb
-0.160045 -0.862135  0.480738   -51.125949
 0.597089  0.303264  0.742641    30.405488
-0.786047  0.405899  0.466236    -9.650446
>../../../../class2/gly2//data/domains/Catalytic_domain/structures/GlyRS-Bα_AF_Euk_Vulpes_lagopus_gene121489478.pdb
-0.377660 -0.442457  0.813391   -48.577329
 0.577479  0.574125  0.580430     8.751977
-0.723803  0.688921  0.038686     0.711456
>../../../../class2/gly2//data/domains/Catalytic_domain/structures/GlyRS-Bα_AF_Mito_Nymphaea_colorata_gene116265348.pdb
-0.178951  0.073984  0.981072   -51.076253
-0.367078  0.920143 -0.136346    32.822477
-0.912815 -0.384529 -0.137502    -8.537886
>../../../../class2/gly2//data/domains/Catalytic_domain/structures/GlyRS-Bα_PDB_Bact_A_aeolicus_5f5w.pdb
 1.000000  0.000000  0.000000     0.000000
 0.000000  1.000000  0.000000     0.000000
 0.000000  0.000000  1.000000     0.000000
>../../../../class2/gly2//data/domains/Catalytic_domain/structures/GlyRS-Bα_PDB_Bact_C_jejuni_3ufg.pdb
 0.387302 -0.921701  0.021568   -32.037239
-0.072836 -0.007269  0.997317    13.925241
-0.919071 -0.387834 -0.069948    32.103591
>../../../../class2/gly2//data/domains/Catalytic_domain/structures/GlyRS-Bα_PDB_Bact_T_maritima_1j5w.pdb
 0.007081  0.654430 -0.756089   -80.586442
-0.231279 -0.734535 -0.637940    68.801396
-0.972862  0.179385  0.146155    25.914543
>../../../../class2/ser1//data/domains/Catalytic_domain/structures/SerRS_AF_Arch_Candidatus_Methanomassiliicoccus_intestinalis_Issoire-Mx1_gene16154337.pdb
-0.325310  0.793000  0.515096   -50.155582
 0.936523  0.194862  0.291468    15.593869
 0.130761  0.577217 -0.806054    -2.508313
>../../../../class2/ser1//data/domains/Catalytic_domain/structures/SerRS_AF_Arch_Methanospirillum_hungatei_JF-1_gene3924775.pdb
-0.144234 -0.736507  0.660874   -46.615389
-0.340089 -0.590280 -0.732058    18.230847
 0.929266 -0.330343 -0.165339     0.290097
>../../../../class2/ser1//data/domains/Catalytic_domain/structures/SerRS_AF_Arch_Nitrosopumilus_maritimus_SCM1_gene5773574.pdb
 0.005270 -0.423022 -0.906104   -49.182819
 0.150899 -0.895404  0.418904    20.484775
-0.988535 -0.138938  0.059115    -4.440720
>../../../../class2/ser1//data/domains/Catalytic_domain/structures/SerRS_AF_Arch_Thermoproteus_uzoniensis_768-20_gene10361450.pdb
-0.183500 -0.075060 -0.980150   -49.682410
-0.236464 -0.964433  0.118126    19.014795
-0.954155  0.253447  0.159225    -6.628788
>../../../../class2/ser1//data/domains/Catalytic_domain/structures/SerRS_AF_Bact_Bifidobacterium_longum_subsp_longum_JCM_1217_gene69578844.pdb
-0.996796  0.051711 -0.061015   -47.284958
 0.073825  0.888353 -0.453187    14.772789
 0.030768 -0.456240 -0.889325    -0.171961
>../../../../class2/ser1//data/domains/Catalytic_domain/structures/SerRS_AF_Bact_Brucella_suis_1330_gene45051948.pdb
-0.204180  0.132158 -0.969971   -48.663099
-0.622870 -0.781939  0.024576    19.257257
-0.755211  0.609184  0.241974    -1.251270
>../../../../class2/ser1//data/domains/Catalytic_domain/structures/SerRS_AF_Bact_Chlamydia_psittaci_6BC_gene12242544.pdb
 0.179937 -0.107928  0.977739   -48.418267
 0.312117 -0.936337 -0.160797    18.163462
 0.932848  0.334103 -0.134795    -2.716222
>../../../../class2/ser1//data/domains/Catalytic_domain/structures/SerRS_AF_Bact_Clostridium_acetobutylicum_DSM_1731_gene44996495.pdb
-0.123571 -0.501477 -0.856301   -46.443276
 0.020751 -0.864032  0.503010    19.384728
-0.992119  0.044388  0.117176     0.600069
>../../../../class2/ser1//data/domains/Catalytic_domain/structures/SerRS_AF_Bact_Mycoplasma_hyopneumoniae_168-L_gene57101125.pdb
 0.091157 -0.608231  0.788508   -49.521022
 0.102185 -0.781912 -0.614957    16.925069
 0.990580  0.136631 -0.009125    -0.806565
>../../../../class2/ser1//data/domains/Catalytic_domain/structures/SerRS_AF_Bact_Prochlorococcus_marinus_subsp_marinus_str_CCMP1375_gene54200639.pdb
-0.113899  0.546753 -0.829510   -51.897535
-0.663043 -0.663626 -0.346372    14.255518
-0.739865  0.510550  0.438108    -3.609552
>../../../../class2/ser1//data/domains/Catalytic_domain/structures/SerRS_AF_Bact_Streptobacillus_moniliformis_DSM_12112_gene29673293.pdb
-0.209295  0.060359 -0.975988   -47.890577
-0.498920 -0.864996  0.053496    19.435409
-0.840996  0.498136  0.211153    -0.868586
>../../../../class2/ser1//data/domains/Catalytic_domain/structures/SerRS_AF_Bact_Treponema_pallidum_subsp_pertenue_str_SamoaD_gene57879171.pdb
 0.029801 -0.633593  0.773092   -47.051630
-0.251411 -0.753322 -0.607699    19.121437
 0.967422 -0.176253 -0.181742    -1.402507
>../../../../class2/ser1//data/domains/Catalytic_domain/structures/SerRS_AF_Euk_Cyanidioschyzon_merolae_strain_10D_gene16995416.pdb
-0.591505 -0.752627  0.289267   -46.054684
-0.517402  0.079148 -0.852075    17.221952
 0.618399 -0.653673 -0.436226     0.242080
>../../../../class2/ser1//data/domains/Catalytic_domain/structures/SerRS_AF_Euk_Thunnus_albacares_gene122982782.pdb
-0.996839 -0.077960 -0.015323   -48.688270
-0.060272  0.867672 -0.493470    15.430804
 0.051766 -0.490986 -0.869628     1.496389
>../../../../class2/ser1//data/domains/Catalytic_domain/structures/SerRS_AF_Euk_Trichomonas_vaginalis_G3_gene4762654.pdb
-0.249163 -0.523612  0.814707   -47.896892
 0.181708 -0.851575 -0.491735    16.733732
 0.951262  0.025517  0.307326    -1.040474
>../../../../class2/ser1//data/domains/Catalytic_domain/structures/SerRS_AF_Euk_Vitis_vinifera_gene100261399.pdb
-0.933665 -0.358133  0.003319   -46.848002
-0.260369  0.672370 -0.692912    15.958763
 0.245923 -0.647811 -0.721015     0.491404
>../../../../class2/ser1//data/domains/Catalytic_domain/structures/SerRS_AF_Mito_Cervus_elaphus_gene122688911.pdb
-0.107443  0.538630 -0.835663   -52.963966
-0.742681 -0.602281 -0.292715    13.230315
-0.660969  0.589181  0.464742    -4.326431
>../../../../class2/ser1//data/domains/Catalytic_domain/structures/SerRS_AF_Mito_Drechmeria_coniospora_gene63718051.pdb
 0.070086 -0.402245  0.912845   -50.352298
 0.370162 -0.839274 -0.398246    16.258988
 0.926320  0.365812  0.090075    -0.611863
>../../../../class2/ser1//data/domains/Catalytic_domain/structures/SerRS_PDB_Bact_K_pneumoniae_6h9x.pdb
 0.800440  0.598517  0.032757   -20.290828
 0.571179 -0.745023 -0.344522    -3.634402
-0.181798  0.294479 -0.938207    -1.768008
>../../../../class2/ser1//data/domains/Catalytic_domain/structures/SerRS_PDB_Bact_T_thermophilus_1ser.pdb
 0.404969 -0.062985 -0.912158   -52.911547
 0.287078  0.955935  0.061445   -78.826410
 0.868094 -0.286744  0.405206  -112.427486
>../../../../class2/ser1//data/domains/Catalytic_domain/structures/SerRS_PDB_Euk_B_taurus_1wle.pdb
 0.550598 -0.833383  0.048110   -61.714275
 0.794066  0.505103 -0.338127   -34.899679
 0.257489  0.224375  0.939870   -95.435013
