>structures/ArgRS_AF_Arch_Candidatus_Korarchaeum_cryptofilum_OPF8_gene6093502.pdb
 0.008756 -0.631802  0.775081    -8.981542
-0.620825 -0.611067 -0.491093     5.306972
 0.783900 -0.476890 -0.397589     0.230772
>structures/ArgRS_AF_Arch_Candidatus_Nitrosopumilus_sediminis_gene13697696.pdb
-0.089310 -0.922114  0.376469    -7.212509
-0.878437 -0.105225 -0.466128     4.774803
 0.469437 -0.372334 -0.800622    -1.194824
>structures/ArgRS_AF_Arch_Desulfurococcus_mucosus_DSM_2162_gene10153309.pdb
-0.150033 -0.740961  0.654574   -15.837691
-0.561700 -0.480960 -0.673180     2.315660
 0.813624 -0.468673 -0.344038    -0.324221
>structures/ArgRS_AF_Arch_Methanothermococcus_okinawensis_IH1_gene10773248.pdb
-0.095884 -0.198687  0.975361    -7.216411
-0.390151 -0.893968 -0.220461     4.302508
 0.915745 -0.401677  0.008199    -1.843475
>structures/ArgRS_AF_Bact_Anoxybacillus_flavithermus_WK1_gene7039015.pdb
 0.294712  0.954547 -0.044559   -38.803459
 0.819432 -0.228457  0.525679   -37.108547
 0.491606 -0.191437 -0.849515   -14.532076
>structures/ArgRS_AF_Bact_Brachyspira_pilosicoli_95_1000_gene56439668.pdb
-0.370887 -0.864553  0.339104     0.770037
-0.238473  0.441566  0.864957     1.749739
-0.897537  0.239934 -0.369944     8.716998
>structures/ArgRS_AF_Bact_Chlamydia_psittaci_6BC_gene12242456.pdb
 0.095303 -0.510922  0.854328    -5.703794
-0.437669 -0.792337 -0.425026     7.073211
 0.894071 -0.333406 -0.299127    -2.005161
>structures/ArgRS_AF_Bact_Corynebacterium_ulcerans_809_gene75260071.pdb
-0.591560 -0.104654 -0.799440   -36.458330
-0.263112  0.962315  0.068719   -35.465298
 0.762122  0.250993 -0.596802   -14.916699
>structures/ArgRS_AF_Bact_Cupriavidus_taiwanensis_LMG_19424_gene29762022.pdb
-0.652811 -0.713393  0.254770    -1.996027
-0.064551  0.387486  0.919613     0.998890
-0.754765  0.583888 -0.299006     9.710698
>structures/ArgRS_AF_Bact_Mycoplasma_hyopneumoniae_168-L_gene57100855.pdb
-0.574604  0.418911 -0.703096   -39.271979
-0.071915  0.829911  0.553241   -23.605053
 0.815266  0.368457 -0.446744   -17.511219
>structures/ArgRS_AF_Bact_Prochlorococcus_marinus_subsp_marinus_str_CCMP1375_gene54199571.pdb
-0.928342 -0.364018 -0.075318    -8.624330
-0.367834  0.928814  0.044754     0.657855
 0.053666  0.069251 -0.996155    -5.401372
>structures/ArgRS_AF_Bact_Streptobacillus_moniliformis_DSM_12112_gene29674021.pdb
 0.967847 -0.246363 -0.050768    -5.677892
 0.245343  0.880054  0.406586     3.211265
-0.055489 -0.405968  0.912201    -4.892371
>structures/ArgRS_AF_Euk_Micromonas_commoda_gene8250062.pdb
 0.019019 -0.688890 -0.724617    -2.344833
 0.744980 -0.473596  0.469799     4.742116
-0.666815 -0.548760  0.504202    -0.496007
>structures/ArgRS_AF_Euk_Paulinella_chromatophora_gene6481434.pdb
-0.983229 -0.095940 -0.155098   -10.377822
-0.134171  0.956550  0.258862     2.284519
 0.123524  0.275330 -0.953381    -5.559624
>structures/ArgRS_AF_Euk_Polyodon_spathula_gene121324634.pdb
-0.149873  0.392071  0.907645    -2.598990
 0.052187 -0.913596  0.403259     9.316776
 0.987327  0.107805  0.116462     2.676246
>structures/ArgRS_AF_Euk_Thalassiosira_pseudonana_CCMP1335_gene7449555.pdb
 1.000000 -0.000000  0.000000     0.000000
 0.000000  1.000000  0.000000     0.000000
-0.000000  0.000000  1.000000     0.000000
>structures/ArgRS_AF_Mito_Caenorhabditis_elegans_gene174023.pdb
-0.952388  0.213644 -0.217516   -11.192403
 0.092450  0.882202  0.461707     1.759808
 0.290534  0.419615 -0.859950    -0.836689
>structures/ArgRS_AF_Mito_Saccharomyces_cerevisiae_S288C_gene851942.pdb
 0.001817  0.873659 -0.486536   -10.033149
-0.283016 -0.466195 -0.838191     6.459033
-0.959113  0.139221  0.246413    -7.610388
>structures/ArgRS_AF_Vir_Megavirus_chiliensis_gene11257368.pdb
 0.882622  0.449943  0.136122    -3.754003
-0.254698  0.701112 -0.666011     5.309790
-0.395104  0.553166  0.733417    -5.102770
>structures/ArgRS_PDB_Arch_2ZUF.pdb
-0.859897  0.400204  0.316882     1.328164
-0.265940 -0.881087  0.391103    -3.653342
 0.435722  0.252037  0.864074   -36.591168
>structures/ArgRS_PDB_Bact_1IQ0.pdb
-0.238241  0.148739  0.959749   -25.525092
 0.277520  0.957426 -0.079489   -62.468401
-0.930711  0.247412 -0.269376   -15.158633
>structures/ArgRS_PDB_Euk_S_cerevisiae_1BS2.pdb
-0.761334 -0.198584  0.617199    54.067965
 0.068680  0.921882  0.381334   -66.001605
-0.644712  0.332712 -0.688222   -16.216418
