>../../../../class2//gly1/data/domains/tRNA_binding_domain_HGPT//structures/GlyRS-A_AF_Arch_Candidatus_Nitrosopumilus_sediminis_gene13697160.pdb
 0.471833  0.128853  0.872222     6.404994
-0.146997 -0.963921  0.221918     0.041089
 0.869348 -0.232922 -0.435869    -4.897071
>../../../../class2//gly3/data/domains/tRNA_binding_domain_HGPT//structures/GlyRS-E_AF_Euk_Cryptococcus_neoformans_var_neoformans_JEC21_gene3258293.pdb
-0.047791 -0.850698 -0.523477     7.689312
 0.988201 -0.116615  0.099292    -1.887382
-0.145513 -0.512556  0.846235    -3.887249
>../../../../class2//his/data/domains/tRNA_binding_domain_HGPT//structures/HisRS_AF_Arch_Candidatus_Methanomassiliicoccus_intestinalis_Issoire-Mx1_gene16154026.pdb
 0.371529  0.894040  0.250318    11.983121
-0.083820  0.300816 -0.949991   -12.850602
-0.924630  0.331968  0.186701    -3.787599
>../../../../class2//pro1/data/domains/tRNA_binding_domain_HGPT//structures/ProRS-A_AF_Euk_Ostreococcus_tauri_gene9837972.pdb
 0.508401 -0.304737  0.805397    11.605400
-0.582107 -0.810847  0.060651     2.929811
 0.634571 -0.499662 -0.589625    -3.240002
>../../../../class2//pro2/data/domains/tRNA_binding_domain_HGPT//structures/ProRS-B_AF_Bact_Acinetobacter_baylyi_ADP1_gene45233245.pdb
 0.099804 -0.279104  0.955060    -1.745442
-0.367509 -0.902321 -0.225287    -1.885612
 0.924649 -0.328509 -0.192629    -4.293815
>../../../../class2//thr/data/domains/tRNA_binding_domain_HGPT//structures/ThrRS_AF_Mito_Oryza_sativa_Japonica_Group_gene4345200.pdb
 1.000000  0.000000  0.000000     0.000000
 0.000000  1.000000  0.000000     0.000000
 0.000000  0.000000  1.000000     0.000000
