>../../../../class2/gly2//data/domains/Catalytic_domain/structures/GlyRS-Bα_AF_Bact_Brachyspira_pilosicoli_95_1000_gene56440230.pdb
-0.730277  0.130822  0.670508    40.086226
 0.409105 -0.702292  0.582597    56.775025
 0.547109  0.699765  0.459348     9.292760
>../../../../class2/gly2//data/domains/Catalytic_domain/structures/GlyRS-Bα_AF_Bact_Chlamydia_pneumoniae_TW-183_gene45051002.pdb
 0.991015  0.103071 -0.085239    43.799826
 0.130541 -0.884147  0.448601    40.276159
-0.029126 -0.455697 -0.889658    -4.496294
>../../../../class2/gly2//data/domains/Catalytic_domain/structures/GlyRS-Bα_AF_Bact_Lacticaseibacillus_paracasei_gene61269714.pdb
 0.660937 -0.294534 -0.690226    40.868280
 0.706489  0.554359  0.439953    58.310077
 0.253052 -0.778419  0.574481     8.541704
>../../../../class2/gly2//data/domains/Catalytic_domain/structures/GlyRS-Bα_AF_Bact_Prochlorococcus_marinus_subsp_marinus_str_CCMP1375_gene54200602.pdb
 0.709820  0.172061 -0.683045    40.631321
 0.034878  0.959932  0.278055    58.591873
 0.703519 -0.221192  0.675377     8.419253
>../../../../class2/gly2//data/domains/Catalytic_domain/structures/GlyRS-Bα_AF_Bact_Salmonella_enterica_subsp_enterica_serovar_Typhimurium_str_LT2_gene1255180.pdb
 0.879143 -0.034313 -0.475322    40.723888
-0.375374  0.564632 -0.735041    58.058601
 0.293603  0.824630  0.483512     6.733773
>../../../../class2/gly2//data/domains/Catalytic_domain/structures/GlyRS-Bα_AF_Bact_Streptobacillus_moniliformis_DSM_12112_gene29673275.pdb
 0.705114  0.184644 -0.684631    40.535005
 0.250069  0.838719  0.483752    58.168671
 0.663536 -0.512305  0.545219     8.288542
>../../../../class2/gly2//data/domains/Catalytic_domain/structures/GlyRS-Bα_AF_Euk_Ostreococcus_tauri_gene9837276.pdb
 0.630116 -0.467710 -0.619839    43.827856
-0.682404 -0.714432 -0.154632    41.146274
-0.370510  0.520417 -0.769343    -2.883947
>../../../../class2/gly2//data/domains/Catalytic_domain/structures/GlyRS-Bα_AF_Euk_Vulpes_lagopus_gene121489478.pdb
 0.571897 -0.801564 -0.174439    38.739839
-0.800866 -0.591603  0.092843    60.647483
-0.177619  0.086606 -0.980281    10.599134
>../../../../class2/gly2//data/domains/Catalytic_domain/structures/GlyRS-Bα_AF_Mito_Nymphaea_colorata_gene116265348.pdb
 0.971301  0.166748  0.169614    42.182510
-0.005311 -0.697722  0.716349    39.577619
 0.237793 -0.696691 -0.676813    -4.336607
>../../../../class2/gly2//data/domains/Catalytic_domain/structures/GlyRS-Bα_PDB_Bact_A_aeolicus_5f5w.pdb
 0.007081 -0.231279 -0.972862    41.694267
 0.654430 -0.734535  0.179385    98.626564
-0.756089 -0.637940  0.146155   -20.826887
>../../../../class2/gly2//data/domains/Catalytic_domain/structures/GlyRS-Bα_PDB_Bact_C_jejuni_3ufg.pdb
 0.914950  0.373169 -0.153663     7.002991
 0.144441 -0.658339 -0.738733    73.040870
-0.376834  0.653708 -0.656248    -1.065715
>../../../../class2/gly2//data/domains/Catalytic_domain/structures/GlyRS-Bα_PDB_Bact_T_maritima_1j5w.pdb
 1.000000  0.000000  0.000000     0.000000
 0.000000  1.000000  0.000000     0.000000
 0.000000  0.000000  1.000000     0.000000
>../../../../class2/phe5//data/domains/Catalytic_domain/structures/PheRS-M_AF_Mito_Arabidopsis_thaliana_gene824983.pdb
 0.569523  0.595942 -0.566125    48.342606
 0.570798  0.208858  0.794083    62.155917
 0.591467 -0.775391 -0.221213    12.548342
>../../../../class2/phe5//data/domains/Catalytic_domain/structures/PheRS-M_AF_Mito_Babesia_bovis_T2Bo_gene5478469.pdb
 0.789751  0.601726 -0.119243    47.009958
 0.065030 -0.275417 -0.959123    62.839314
-0.609971  0.749714 -0.256641     5.902435
>../../../../class2/phe5//data/domains/Catalytic_domain/structures/PheRS-M_AF_Mito_Candida_albicans_SC5314_gene3638806.pdb
-0.377821  0.865304  0.329395    43.972624
 0.231641 -0.256110  0.938483    61.698727
 0.896434  0.430880 -0.103676     8.756593
>../../../../class2/phe5//data/domains/Catalytic_domain/structures/PheRS-M_AF_Mito_Crassostrea_gigas_gene105329377.pdb
-0.428676  0.329804  0.841110    45.478002
-0.425423  0.747628 -0.509968    52.448045
-0.797027 -0.576438 -0.180184     4.031712
>../../../../class2/phe5//data/domains/Catalytic_domain/structures/PheRS-M_AF_Mito_Drosophila_melanogaster_gene36547.pdb
-0.996145 -0.046262  0.074528    45.610973
 0.085795 -0.690819  0.717920    65.304150
 0.018272  0.721547  0.692125     7.216897
>../../../../class2/phe5//data/domains/Catalytic_domain/structures/PheRS-M_AF_Mito_Syngnathus_acus_gene119139175.pdb
-0.974818 -0.132378  0.179460    45.629976
-0.011335 -0.774293 -0.632725    57.495677
 0.222714 -0.618826  0.753295     6.763474
>../../../../class2/phe5//data/domains/Catalytic_domain/structures/PheRS-M_PDB_Mito.H_sapiens_3CMQ.pdb
-0.287823  0.872331 -0.395218    31.148192
-0.839845 -0.031589  0.541906    52.167475
 0.460236  0.487895  0.741715   -16.172101
