>../../../../class2/ser1//data/domains/Catalytic_domain/structures/SerRS_AF_Arch_Candidatus_Methanomassiliicoccus_intestinalis_Issoire-Mx1_gene16154337.pdb
 0.272594 -0.768437 -0.578962     1.204168
 0.780225 -0.175552  0.600359     2.335117
-0.562976 -0.615375  0.551699     3.543667
>../../../../class2/ser1//data/domains/Catalytic_domain/structures/SerRS_AF_Arch_Methanospirillum_hungatei_JF-1_gene3924775.pdb
 0.209585  0.750054 -0.627290    -2.267426
-0.735162 -0.302104 -0.606853     2.775081
-0.644679  0.588347  0.488095    -0.210686
>../../../../class2/ser1//data/domains/Catalytic_domain/structures/SerRS_AF_Arch_Nitrosopumilus_maritimus_SCM1_gene5773574.pdb
-0.073521  0.472935  0.878024    -0.217079
 0.612538 -0.673359  0.413986     7.405165
 0.787014  0.568260 -0.240185     2.780132
>../../../../class2/ser1//data/domains/Catalytic_domain/structures/SerRS_AF_Arch_Thermoproteus_uzoniensis_768-20_gene10361450.pdb
 0.155714  0.137925  0.978126     0.443031
 0.261019 -0.960754  0.093922     7.024493
 0.952692  0.240684 -0.185604     5.418397
>../../../../class2/ser1//data/domains/Catalytic_domain/structures/SerRS_AF_Bact_Bifidobacterium_longum_subsp_longum_JCM_1217_gene69578844.pdb
 0.991073 -0.127493  0.038989    -1.399498
 0.125561  0.990898  0.048535     0.006457
-0.044822 -0.043206  0.998060     1.676161
>../../../../class2/ser1//data/domains/Catalytic_domain/structures/SerRS_AF_Bact_Brucella_suis_1330_gene45051948.pdb
 0.204178 -0.037160  0.978228    -0.438956
-0.142430 -0.989774 -0.007870     4.724297
 0.968517 -0.137722 -0.207382     0.444544
>../../../../class2/ser1//data/domains/Catalytic_domain/structures/SerRS_AF_Bact_Chlamydia_psittaci_6BC_gene12242544.pdb
-0.143553  0.178118 -0.973482    -0.682884
-0.207293 -0.967261 -0.146412     4.443887
-0.967689  0.180778  0.175776     2.326110
>../../../../class2/ser1//data/domains/Catalytic_domain/structures/SerRS_AF_Bact_Clostridium_acetobutylicum_DSM_1731_gene44996495.pdb
 0.074476  0.553219  0.829700    -2.511340
 0.519731 -0.731610  0.441164     3.525361
 0.851078  0.398365 -0.342013    -1.210142
>../../../../class2/ser1//data/domains/Catalytic_domain/structures/SerRS_AF_Bact_Mycoplasma_hyopneumoniae_168-L_gene57101125.pdb
-0.044777  0.655446 -0.753913     0.700167
-0.396976 -0.704202 -0.588650     2.450147
-0.916736  0.272927  0.291728     1.353917
>../../../../class2/ser1//data/domains/Catalytic_domain/structures/SerRS_AF_Bact_Prochlorococcus_marinus_subsp_marinus_str_CCMP1375_gene54200639.pdb
 0.117183 -0.474652  0.872338     2.973736
-0.199925 -0.871681 -0.447439     1.787820
 0.972779 -0.121970 -0.197041     5.103332
>../../../../class2/ser1//data/domains/Catalytic_domain/structures/SerRS_AF_Bact_Streptobacillus_moniliformis_DSM_12112_gene29673293.pdb
 0.196742  0.032197  0.979927    -1.279432
-0.009560 -0.999350  0.034754     4.770773
 0.980409 -0.016206 -0.196306     0.143320
>../../../../class2/ser1//data/domains/Catalytic_domain/structures/SerRS_AF_Bact_Treponema_pallidum_subsp_pertenue_str_SamoaD_gene57879171.pdb
 0.030238  0.655744 -0.754378    -1.850208
-0.687280 -0.534360 -0.492042     4.352109
-0.725763  0.533347  0.434522     0.777811
>../../../../class2/ser1//data/domains/Catalytic_domain/structures/SerRS_AF_Euk_Cyanidioschyzon_merolae_strain_10D_gene16995416.pdb
 0.647564  0.716667 -0.258937    -2.918533
-0.708314  0.440814 -0.551338     2.059699
-0.280983  0.540436  0.793081     0.235912
>../../../../class2/ser1//data/domains/Catalytic_domain/structures/SerRS_AF_Euk_Thunnus_albacares_gene122982782.pdb
 1.000000  0.000000  0.000000    -0.000000
 0.000000  1.000000  0.000000    -0.000000
 0.000000  0.000000  1.000000     0.000000
>../../../../class2/ser1//data/domains/Catalytic_domain/structures/SerRS_AF_Euk_Trichomonas_vaginalis_G3_gene4762654.pdb
 0.272675  0.568230 -0.776378    -1.000398
-0.305362 -0.714119 -0.629911     2.144652
-0.912361  0.408838 -0.021207     1.561115
>../../../../class2/ser1//data/domains/Catalytic_domain/structures/SerRS_AF_Euk_Vitis_vinifera_gene100261399.pdb
 0.957479  0.288461  0.004884    -1.994766
-0.278159  0.927513 -0.249696     0.786933
-0.076557  0.237720  0.968312     0.704106
>../../../../class2/ser1//data/domains/Catalytic_domain/structures/SerRS_AF_Mito_Cervus_elaphus_gene122688911.pdb
 0.115499 -0.477864  0.870808     4.133215
-0.311141 -0.849961 -0.425156     1.080973
 0.943319 -0.221839 -0.246852     6.120818
>../../../../class2/ser1//data/domains/Catalytic_domain/structures/SerRS_AF_Mito_Drechmeria_coniospora_gene63718051.pdb
-0.061090  0.441952 -0.894956     1.369953
-0.126044 -0.892869 -0.432317     1.513372
-0.990142  0.086393  0.110251     1.189552
>../../../../class2/ser1//data/domains/Catalytic_domain/structures/SerRS_PDB_Bact_K_pneumoniae_6h9x.pdb
-0.841882 -0.534835 -0.072014   -27.297235
 0.519842 -0.839542  0.157905   -17.309786
-0.144912  0.095501  0.984825    11.616235
>../../../../class2/ser1//data/domains/Catalytic_domain/structures/SerRS_PDB_Bact_T_thermophilus_1ser.pdb
-0.391428 -0.009910  0.920156     6.308816
-0.200613  0.976809 -0.074819   -26.694011
-0.898075 -0.213882 -0.384338   145.260136
>../../../../class2/ser1//data/domains/Catalytic_domain/structures/SerRS_PDB_Euk_B_taurus_1wle.pdb
-0.578615  0.815381  0.018944    10.753977
 0.523622  0.389183 -0.757863     4.598915
-0.625320 -0.428591 -0.652138   109.280944
>../../../../class2/thr//data/domains/Catalytic_domain/structures/ThrRS_AF_Arch_Candidatus_Methanomethylophilus_alvus_Mx1201_gene15140074.pdb
 0.487682 -0.729300  0.479882    -9.704833
 0.017106 -0.541592 -0.840468     4.924340
 0.872854  0.418090 -0.251649    16.719346
>../../../../class2/thr//data/domains/Catalytic_domain/structures/ThrRS_AF_Arch_Candidatus_Nitrosopumilus_koreensis_AR1_gene13725077.pdb
 0.009098  0.595622 -0.803213   -11.475540
-0.080191 -0.800225 -0.594314     1.796902
-0.996738  0.069817  0.040483     8.282055
>../../../../class2/thr//data/domains/Catalytic_domain/structures/ThrRS_AF_Arch_Pyrococcus_furiosus_DSM_3638_gene1469226.pdb
 0.069394  0.374178 -0.924757    -9.431727
 0.142170 -0.921239 -0.362086     2.397107
-0.987407 -0.106345 -0.117126     9.047841
>../../../../class2/thr//data/domains/Catalytic_domain/structures/ThrRS_AF_Arch_Sulfolobus_islandicus_M164_gene7940156.pdb
-0.430506  0.776422  0.460253   -10.408776
 0.666774 -0.070113  0.741955    -1.966421
 0.608340  0.626301 -0.487514    16.151705
>../../../../class2/thr//data/domains/Catalytic_domain/structures/ThrRS_AF_Bact_Bifidobacterium_longum_subsp_longum_JCM_1217_gene69578309.pdb
-0.346381  0.591441 -0.728161    -8.085606
 0.910803  0.026165 -0.412011     8.482739
-0.224628 -0.805924 -0.547749    15.282259
>../../../../class2/thr//data/domains/Catalytic_domain/structures/ThrRS_AF_Bact_Brachyspira_pilosicoli_95_1000_gene56439092.pdb
-0.876403  0.461565 -0.137387    -9.385680
 0.408369  0.863498  0.295984     7.424263
 0.255249  0.203297 -0.945261    17.810360
>../../../../class2/thr//data/domains/Catalytic_domain/structures/ThrRS_AF_Bact_Brucella_abortus_2308_gene3787745.pdb
 0.560181  0.726304  0.398347    -8.862353
-0.812573  0.575257  0.093831     7.992682
-0.161002 -0.376248  0.912423    17.232538
>../../../../class2/thr//data/domains/Catalytic_domain/structures/ThrRS_AF_Bact_Lactobacillus_acidophilus_La-14_gene56943112.pdb
-0.369003 -0.657524 -0.656886    -9.346674
 0.196362 -0.745963  0.636382    12.262200
-0.908449  0.105839  0.404375    16.362996
>../../../../class2/thr//data/domains/Catalytic_domain/structures/ThrRS_AF_Bact_Mycoplasma_hyopneumoniae_168-L_gene57101460.pdb
-0.015661 -0.748002  0.663511    -7.998207
-0.271993 -0.635381 -0.722710     4.347222
 0.962172 -0.191789 -0.193501    16.482194
>../../../../class2/thr//data/domains/Catalytic_domain/structures/ThrRS_AF_Bact_Porphyromonas_gingivalis_ATCC_33277_gene29256174.pdb
-0.862658 -0.139998 -0.486027    -7.384967
-0.020967  0.970002 -0.242191     7.585258
 0.505353 -0.198737 -0.839715    15.282149
>../../../../class2/thr//data/domains/Catalytic_domain/structures/ThrRS_AF_Bact_Prochlorococcus_marinus_subsp_marinus_str_CCMP1375_gene54200406.pdb
 0.884961  0.453498  0.105752    -9.798419
 0.153936 -0.070568 -0.985558    10.092253
-0.439486  0.888459 -0.132260    14.478611
>../../../../class2/thr//data/domains/Catalytic_domain/structures/ThrRS_AF_Bact_Streptobacillus_moniliformis_DSM_12112_gene29674242.pdb
-0.105864  0.008704 -0.994343    -9.084242
-0.047446 -0.998867 -0.003692     8.451454
-0.993248  0.046786  0.106157    16.486914
>../../../../class2/thr//data/domains/Catalytic_domain/structures/ThrRS_AF_Euk_Arabidopsis_thaliana_gene832741.pdb
-0.221805  0.059873 -0.973251    -6.306851
 0.919706 -0.318753 -0.229211     9.162282
-0.323950 -0.945945  0.015636    14.265997
>../../../../class2/thr//data/domains/Catalytic_domain/structures/ThrRS_AF_Euk_Cryptococcus_gattii_WM276_gene10188143.pdb
-0.223843  0.623606 -0.749006    -6.935438
 0.793875 -0.329149 -0.511295    10.402552
-0.565381 -0.709067 -0.421388    16.735351
>../../../../class2/thr//data/domains/Catalytic_domain/structures/ThrRS_AF_Euk_Cyanidioschyzon_merolae_strain_10D_gene16997242.pdb
 0.558520  0.811442  0.172097    -8.458730
-0.726528  0.578663 -0.370549    10.394755
-0.400265  0.081926  0.912730    16.515324
>../../../../class2/thr//data/domains/Catalytic_domain/structures/ThrRS_AF_Euk_Zymoseptoria_tritici_IPO323_gene13396560.pdb
 0.291793 -0.915271  0.277735     2.230978
-0.351787  0.167323  0.921004    20.744380
-0.889439 -0.366446 -0.273157    14.388272
>../../../../class2/thr//data/domains/Catalytic_domain/structures/ThrRS_AF_Mito_Cyanidioschyzon_merolae_strain_10D_gene16995590.pdb
 0.231935  0.734765 -0.637437    -9.364437
-0.154641 -0.619121 -0.769919     8.221809
-0.960361  0.277145 -0.029971    16.210874
>../../../../class2/thr//data/domains/Catalytic_domain/structures/ThrRS_AF_Mito_Oryza_sativa_Japonica_Group_gene4345200.pdb
-0.209992 -0.964037  0.162898    -7.125901
-0.885962  0.258092  0.385305    10.490311
-0.413491 -0.063411 -0.908297    15.628249
>../../../../class2/thr//data/domains/Catalytic_domain/structures/ThrRS_PDB_Bact_E_coli_1evk.pdb
 0.813686 -0.561857 -0.149106    -1.970907
 0.458058  0.777646 -0.430638   -51.798278
 0.357909  0.282105  0.890122   -27.974838
>../../../../class2/thr//data/domains/Catalytic_domain/structures/ThrRS_PDB_Bact_S_aureus_1nyr.pdb
-0.835413 -0.462983  0.296196    10.102462
-0.276374 -0.111958 -0.954507    65.350039
 0.475082 -0.879268 -0.034425    54.484742
