>structures/PheRS-Aβ_AF_Arch_Candidatus_Nitrosopumilus_koreensis_AR1_gene13724457.pdb
 0.999931 -0.004098 -0.010973    -0.303838
 0.004026  0.999970 -0.006598    -0.335609
 0.011000  0.006553  0.999918    -0.272369
>structures/PheRS-Aβ_AF_Arch_Halalkalicoccus_jeotgali_B3_gene9420006.pdb
-0.075432  0.293291 -0.953043     1.025452
-0.312368 -0.914610 -0.256740     2.290452
-0.946962  0.278334  0.160606    -1.114436
>structures/PheRS-Aβ_AF_Arch_Sulfolobus_islandicus_YG5714_gene7807969.pdb
 0.995293  0.008114 -0.096575     1.667898
-0.024208  0.985716 -0.166668    -3.633124
 0.093843  0.168221  0.981272    -0.265619
>structures/PheRS-Aβ_AF_Arch_Thermoplasma_volcanium_GSS1_gene1441711.pdb
-0.135687 -0.472545  0.870798     1.494838
-0.628302 -0.638542 -0.444411     1.833787
 0.766045 -0.607425 -0.210259     2.110964
>structures/PheRS-Aβ_AF_Euk_Astyanax_mexicanus_gene103044481.pdb
-0.810568 -0.540841  0.224656    -3.907624
-0.581076  0.694902 -0.423629    -6.222350
 0.073002 -0.473922 -0.877535    -4.987840
>structures/PheRS-Aβ_AF_Euk_Drosophila_melanogaster_gene42888.pdb
 0.744098  0.533840 -0.401663    -1.420252
-0.393737 -0.135282 -0.909214    -5.009359
-0.539713  0.834694  0.109529    -6.070825
>structures/PheRS-Aβ_PDB_Euk.B_H_sapiens_3L4G.pdb
-0.309256  0.212741 -0.926878     8.710024
 0.823972  0.546561 -0.149472   -91.545182
 0.474796 -0.809946 -0.344320    55.411584
