>structures/PheRS-Aβ_AF_Arch_Candidatus_Nitrosopumilus_koreensis_AR1_gene13724457.pdb
-0.086447 -0.313285 -0.945716     0.009081
 0.288392 -0.916497  0.277244     2.174438
-0.953602 -0.248770  0.169578     1.880528
>structures/PheRS-Aβ_AF_Arch_Halalkalicoccus_jeotgali_B3_gene9420006.pdb
 1.000000  0.000000  0.000000     0.000000
 0.000000  1.000000  0.000000     0.000000
 0.000000  0.000000  1.000000     0.000000
>structures/PheRS-Aβ_AF_Arch_Sulfolobus_islandicus_YG5714_gene7807969.pdb
-0.170243 -0.466212 -0.868138     1.272638
 0.335322 -0.855830  0.393845     5.812300
-0.926594 -0.224056  0.302031     1.249185
>structures/PheRS-Aβ_AF_Arch_Thermoplasma_volcanium_GSS1_gene1441711.pdb
-0.519776  0.817233  0.248924    -2.557491
 0.743208  0.288878  0.603483     1.143492
 0.421277  0.498678 -0.757526     0.638732
>structures/PheRS-Aβ_AF_Euk_Astyanax_mexicanus_gene103044481.pdb
 0.177784  0.273172  0.945394     6.844616
 0.309217 -0.927546  0.209865     5.120065
 0.934226  0.255022 -0.249372     6.423445
>structures/PheRS-Aβ_AF_Euk_Drosophila_melanogaster_gene42888.pdb
 0.574812 -0.789729  0.214286     7.310403
 0.430276  0.514450  0.741758     4.496526
-0.696027 -0.334169  0.635513     3.553312
>structures/PheRS-Aβ_AF_Euk_Plasmodium_falciparum_3D7_gene810604.pdb
-0.177570 -0.164714 -0.970226     1.861321
 0.080126 -0.985040  0.152565     5.862014
-0.980841 -0.050649  0.188111    -1.297179
>structures/PheRS-Aβ_AF_Euk_Saccharomyces_cerevisiae_S288C_gene850749.pdb
 0.628293  0.750557 -0.204725     0.263476
-0.676589  0.397258 -0.620010     1.717778
-0.384024  0.528063  0.757413    -0.878839
>structures/PheRS-Aβ_PDB_Euk.B_H_sapiens_3L4G.pdb
-0.684090  0.580142  0.442105   -24.771743
-0.713049 -0.659522 -0.237891   103.446634
 0.153567 -0.477981  0.864842    26.704474
