>structures/PheRS-Aβ_AF_Arch_Candidatus_Nitrosopumilus_koreensis_AR1_gene13724457.pdb
-0.306353  0.829157  0.467597    51.550049
 0.217763  0.539234 -0.813514    93.023459
-0.926675 -0.147397 -0.345756    13.424806
>structures/PheRS-Aβ_AF_Arch_Halalkalicoccus_jeotgali_B3_gene9420006.pdb
-0.681778 -0.716006  0.150045    52.567229
 0.589714 -0.659275 -0.466469    95.411953
 0.432916 -0.229545  0.871718    12.983814
>structures/PheRS-Aβ_AF_Arch_Sulfolobus_islandicus_YG5714_gene7807969.pdb
-0.300940  0.884617  0.356213    48.422542
 0.131141  0.408368 -0.903348    91.570117
-0.944583 -0.225140 -0.238904    12.087411
>structures/PheRS-Aβ_AF_Arch_Thermoplasma_volcanium_GSS1_gene1441711.pdb
-0.098109 -0.659913 -0.744909    54.526273
-0.993701  0.024223  0.109416    92.861199
-0.054161  0.750951 -0.658133    10.534979
>structures/PheRS-Aβ_AF_Euk_Astyanax_mexicanus_gene103044481.pdb
-0.195636  0.524057 -0.828909    45.257887
-0.542565  0.646257  0.536634    92.908031
 0.816915  0.554722  0.157903    19.950239
>structures/PheRS-Aβ_AF_Euk_Didymosphenia_geminata_gene19740299.pdb
-0.936478  0.339427  0.088309    52.500437
-0.085314  0.023767 -0.996071   101.170963
-0.340192 -0.940332  0.006700     3.491575
>structures/PheRS-Aβ_AF_Euk_Drosophila_melanogaster_gene42888.pdb
-0.807595  0.112243 -0.578958    44.963553
 0.385450 -0.642549 -0.662238    94.988661
-0.446340 -0.757979  0.475655    17.875266
>structures/PheRS-Aβ_AF_Euk_Gracilariopsis_tenuifrons_gene68635617.pdb
 0.818686  0.323016  0.474778    45.310136
-0.400968 -0.270297  0.875308    92.286378
 0.411069 -0.906973 -0.091769    -1.217304
>structures/PheRS-Aβ_PDB_Euk.B_H_sapiens_3L4G.pdb
 0.999904  0.009383  0.010230    -1.204750
-0.009423  0.999948  0.003804     0.375053
-0.010193 -0.003900  0.999940     0.938900
