>structures/LysRS-II_AF_Arch_Aciduliprofundum_boonei_T469_gene8827564.pdb
 0.378869  0.699201 -0.606281    -7.437330
-0.765803 -0.130969 -0.629597     5.538220
-0.519619  0.702827  0.485830    -3.038550
>structures/LysRS-II_AF_Arch_Archaeoglobus_sulfaticallidus_PM70-1_gene15393615.pdb
 0.958978  0.276870 -0.060860    -3.359270
-0.283231  0.944791 -0.164771     0.646612
 0.011880  0.175249  0.984452    -0.229875
>structures/LysRS-II_AF_Arch_Candidatus_Woesearchaeota_archaeon_proteinMBS3172198.1.pdb
 0.830612 -0.502068 -0.240857    -4.382955
 0.556852  0.749465  0.358076     0.741611
 0.000735 -0.431544  0.902092    -2.416315
>structures/LysRS-II_AF_Arch_Thermogladius_calderae_1633_gene13013549.pdb
 0.049631  0.512849 -0.857043    -5.393208
-0.487845 -0.736325 -0.468864     5.507018
-0.871518  0.441374  0.213646    -3.656869
>structures/LysRS-II_AF_Bact_Chlamydia_muridarum_str_Nigg_gene1245697.pdb
-0.048293  0.503724 -0.862514    -5.442691
-0.515615 -0.752142 -0.410395     6.071821
-0.855458  0.424906  0.296051    -1.075669
>structures/LysRS-II_AF_Bact_Cupriavidus_taiwanensis_LMG_19424_gene29762375.pdb
 0.982004  0.187244 -0.024653     0.174699
-0.188803  0.976517 -0.103768    -0.355610
 0.004644  0.106555  0.994296    -0.412054
>structures/LysRS-II_AF_Bact_Leuconostoc_gelidum_JB7_gene61037106.pdb
 0.941929  0.328884  0.067863    -2.964905
-0.325149  0.943723 -0.060546     3.983842
-0.083957  0.034965  0.995856    -3.386110
>structures/LysRS-II_AF_Bact_Mycobacterium_intracellulare_ATCC_13950_gene11907187.pdb
 0.921176  0.389100  0.005963    -0.703956
-0.370206  0.880963 -0.294706    -0.943554
-0.119923  0.269269  0.955569    -1.043573
>structures/LysRS-II_AF_Bact_Mycoplasma_hyopneumoniae_168-L_gene57101062.pdb
 0.940311  0.340246 -0.006936    -5.069590
-0.340242  0.939484 -0.040064     4.744390
-0.007115  0.040032  0.999173    -4.965164
>structures/LysRS-II_AF_Bact_Porphyromonas_gingivalis_ATCC_33277_gene29256363.pdb
 0.380516  0.820394 -0.426804    -8.329904
-0.623496 -0.113258 -0.773580     5.627677
-0.682979  0.560470  0.468415    -3.383346
>structures/LysRS-II_AF_Bact_Prochlorococcus_marinus_subsp_marinus_str_CCMP1375_gene54201108.pdb
 0.887483  0.457570  0.054802    -3.486872
-0.426124  0.860085 -0.280487     4.309358
-0.175477  0.225575  0.958292    -3.364441
>structures/LysRS-II_AF_Bact_Streptobacillus_moniliformis_DSM_12112_gene29673899.pdb
 0.829979  0.551744 -0.081935    -1.447241
-0.514400  0.700304 -0.494941    -2.014254
-0.215702  0.452938  0.865055    -2.895552
>structures/LysRS-II_AF_Euk_Ostreococcus_tauri_gene9837657.pdb
 0.989178  0.146021 -0.014310    -1.411978
-0.146660  0.981265 -0.124936    -1.172918
-0.004202  0.125683  0.992062    -0.049356
>structures/LysRS-II_AF_Euk_Solanum_lycopersicum_gene778357.pdb
-0.512453 -0.691408  0.509261    -2.329029
-0.773627  0.114341 -0.623239     3.566732
 0.372683 -0.713359 -0.593487    -1.681596
>structures/LysRS-II_AF_Euk_Theileria_annulata_gene3864794.pdb
-0.836040 -0.531927  0.134497     0.914081
-0.536321  0.740581 -0.404846     0.176123
 0.115743 -0.410602 -0.904439    -2.904261
>structures/LysRS-II_AF_Euk_Zootoca_vivipara_gene118086243.pdb
 0.662723 -0.584326 -0.468360    -2.096323
 0.715075  0.308029  0.627524     6.698338
-0.222411 -0.750787  0.621975    -1.665852
>structures/LysRS-II_AF_Mito_Malus_domestica_gene103446975.pdb
 0.999999 -0.000194  0.001621     0.081160
 0.000189  0.999994  0.003317     0.078564
-0.001621 -0.003317  0.999993     0.124302
>structures/LysRS-II_AF_Mito_Scheffersomyces_stipitis_CBS_6054_gene4837999.pdb
 0.981179  0.184636  0.056548     0.574734
-0.184921  0.982753 -0.000197     0.389650
-0.055609 -0.010264  0.998400    -0.046751
>structures/LysRS-II_PDB_Bact_G_stearothermophilus_3E9H.pdb
 0.389597  0.257640 -0.884215    18.865028
 0.717431  0.517112  0.466785   -10.335600
 0.577500 -0.816221  0.016626  -108.842846
