>structures/PheRS-Aα_AF_Arch_Candidatus_Nitrosopumilus_koreensis_AR1_gene13724458.pdb
 0.296748  0.802377  0.517815    36.984258
 0.053419  0.527443 -0.847909    22.367344
-0.953461  0.279277  0.113655   -68.216621
>structures/PheRS-Aα_AF_Arch_Haloterrigena_turkmenica_DSM_5511_gene8744248.pdb
-0.480012 -0.827633  0.290881   -10.724057
-0.809595  0.290229 -0.510219    -2.312315
 0.337852 -0.480407 -0.809361    -1.323332
>structures/PheRS-Aα_AF_Arch_Thermoplasma_volcanium_GSS1_gene1441177.pdb
 0.438761  0.866697 -0.237330   -12.155018
-0.690437  0.156109 -0.706348    -3.306651
-0.575140  0.473779  0.666894    -3.620207
>structures/PheRS-Aα_AF_Arch_Thermosphaera_aggregans_DSM_11486_gene9165306.pdb
-0.978782  0.198276  0.051700   -11.165421
 0.198144  0.851582  0.485331     4.804764
 0.052202  0.485278 -0.872800   -10.055577
>structures/PheRS-Aα_AF_Euk_Cyanidioschyzon_merolae_strain_10D_gene16993638.pdb
 1.000000  0.000000  0.000000     0.000000
 0.000000  1.000000  0.000000     0.000000
 0.000000  0.000000  1.000000     0.000000
>structures/PheRS-Aα_AF_Euk_Megalobrama_amblycephala_gene125266654.pdb
-0.106583  0.208324 -0.972235    -8.056814
 0.198592 -0.953643 -0.226111     5.025346
-0.974270 -0.217178  0.060271    -7.872984
>structures/PheRS-Aα_AF_Euk_Plasmodium_falciparum_3D7_gene813233.pdb
-0.326225  0.560333  0.761318    -3.973201
 0.562130 -0.532512  0.632804    10.291298
 0.759992  0.634396 -0.141262    -3.833600
>structures/PheRS-Aα_AF_Euk_Schizosaccharomyces_pombe_gene2543647.pdb
 0.018021 -0.507260  0.861605    -1.871548
-0.624387 -0.678761 -0.386553     1.741699
 0.780907 -0.531009 -0.328959    -1.073033
>structures/PheRS-Aα_PDB_Euk.B_H_sapiens_3L4G.C.pdb
-0.835765 -0.019207  0.548751    41.724555
-0.545574  0.141913 -0.825960   -25.693516
-0.062011 -0.989693 -0.129085   111.719169
