>structures/ThrRS_AF_Arch_Candidatus_Methanomethylophilus_alvus_Mx1201_gene15140074.pdb
-0.395917 -0.524083 -0.754047    -4.366099
-0.731339 -0.316629  0.604060    -1.348129
-0.555331  0.790622 -0.257924     2.407255
>structures/ThrRS_AF_Arch_Candidatus_Nitrosopumilus_koreensis_AR1_gene13725077.pdb
-0.164618 -0.943742 -0.286796    -0.377567
 0.867098 -0.277055  0.413982     6.735015
-0.470151 -0.180531  0.863925     7.632722
>structures/ThrRS_AF_Arch_Pyrococcus_furiosus_DSM_3638_gene1469226.pdb
-0.010586 -0.999379 -0.033598    -0.270751
 0.832008 -0.027440  0.554085     4.423894
-0.554663 -0.022088  0.831782     5.833730
>structures/ThrRS_AF_Arch_Sulfolobus_islandicus_M164_gene7940156.pdb
 0.470732 -0.419304  0.776271    -9.914517
-0.849367 -0.453436  0.270133     1.533824
 0.238721 -0.786499 -0.569589     4.485510
>structures/ThrRS_AF_Bact_Bifidobacterium_longum_subsp_longum_JCM_1217_gene69578309.pdb
 0.982993  0.157986 -0.093623     0.402797
-0.071902  0.800209  0.595396    -0.629157
 0.168983 -0.578538  0.797959     1.523641
>structures/ThrRS_AF_Bact_Brachyspira_pilosicoli_95_1000_gene56439092.pdb
 0.449345  0.660240  0.601807    -1.532634
-0.471981 -0.396505  0.787412    -3.153316
 0.758500 -0.637862  0.133453     1.389859
>structures/ThrRS_AF_Bact_Brucella_abortus_2308_gene3787745.pdb
-0.782346  0.542320 -0.306306    -2.308330
 0.494765  0.242391 -0.834539    -2.643178
-0.378341 -0.804447 -0.457954     1.560927
>structures/ThrRS_AF_Bact_Lactobacillus_acidophilus_La-14_gene56943112.pdb
 0.541794 -0.622681  0.564559     2.867252
 0.722492  0.001796 -0.691377    -3.597148
 0.429494  0.782473  0.450855    -0.159782
>structures/ThrRS_AF_Bact_Mycoplasma_hyopneumoniae_168-L_gene57101460.pdb
-0.579415 -0.412202 -0.703113    -5.292602
-0.814261  0.255228  0.521381    -1.129302
-0.035460  0.874614 -0.483522     0.589137
>structures/ThrRS_AF_Bact_Porphyromonas_gingivalis_ATCC_33277_gene29256174.pdb
-0.073400  0.980547  0.182043    -1.912812
-0.575881 -0.190700  0.794980     0.007294
 0.814231 -0.046483  0.578676    -0.298545
>structures/ThrRS_AF_Bact_Prochlorococcus_marinus_subsp_marinus_str_CCMP1375_gene54200406.pdb
 0.154266 -0.445002 -0.882143     1.365180
 0.508667 -0.729646  0.457028    -1.006286
-0.847030 -0.519221  0.113798     1.160192
>structures/ThrRS_AF_Bact_Streptobacillus_moniliformis_DSM_12112_gene29674242.pdb
 0.304798 -0.946166  0.108943    -0.820242
 0.928044  0.269338 -0.257275    -2.706018
 0.214083  0.179521  0.960178     0.560021
>structures/ThrRS_AF_Euk_Arabidopsis_thaliana_gene832741.pdb
 0.999920 -0.005955 -0.011197     0.161778
 0.005863  0.999949 -0.008283    -0.162654
 0.011246  0.008216  0.999903    -0.307486
>structures/ThrRS_AF_Euk_Cryptococcus_gattii_WM276_gene10188143.pdb
 0.954923 -0.192860 -0.225669     1.012376
 0.283804  0.816037  0.503527    -2.741341
 0.087044 -0.544876  0.833987     0.080309
>structures/ThrRS_AF_Euk_Cyanidioschyzon_merolae_strain_10D_gene16997242.pdb
-0.648061  0.346969 -0.677959     0.891562
 0.665232 -0.175506 -0.725716    -2.823142
-0.370788 -0.921309 -0.117076     0.882758
>structures/ThrRS_AF_Euk_Zymoseptoria_tritici_IPO323_gene13396560.pdb
-0.095419  0.454886  0.885423     9.279368
 0.969450  0.244380 -0.021076    -3.228038
-0.225967  0.856363 -0.464308   -10.717507
>structures/ThrRS_AF_Mito_Cyanidioschyzon_merolae_strain_10D_gene16995590.pdb
 0.218905 -0.833320 -0.507600    -2.129738
 0.961528  0.095744  0.257482    -1.106418
-0.165965 -0.544436  0.822220     2.546267
>structures/ThrRS_AF_Mito_Oryza_sativa_Japonica_Group_gene4345200.pdb
-0.627345  0.470737  0.620359     1.055045
 0.650308 -0.121570  0.749880    -2.052854
 0.428414  0.873858 -0.229858    -0.305010
>structures/ThrRS_PDB_Bact_E_coli_1evk.pdb
-0.012450  0.773464 -0.633718   -40.800586
-0.487745 -0.557954 -0.671410    61.007488
-0.872897  0.300734  0.384200    12.776322
>structures/ThrRS_PDB_Bact_S_aureus_1nyr.pdb
-0.271566  0.179421 -0.945548    43.000511
-0.507844  0.807841  0.299146   -50.392536
 0.817525  0.561428 -0.128264   -31.111666
