>structures/GlnRS_AF_Bact_Anaerostipes_hadrus_gene15230984.pdb
 0.411394  0.865261  0.286493    41.226131
 0.752480 -0.145055 -0.642442    15.792376
-0.514323  0.479877 -0.710767    14.403589
>structures/GlnRS_AF_Bact_Cutibacterium_avidum_44067_gene29843447.pdb
 0.659754  0.393512  0.640214    40.646419
 0.696744 -0.001123 -0.717319    15.487747
-0.281555  0.919319 -0.274918    14.522464
>structures/GlnRS_AF_Bact_Pasteurella_multocida_subsp_multocida_str_Pm70_gene1243875.pdb
 0.829630  0.464620  0.309584    38.978065
 0.377733 -0.058775 -0.924047    15.936060
-0.411135  0.883557 -0.224264    13.618683
>structures/GlnRS_AF_Bact_Porphyromonas_gingivalis_ATCC_33277_gene29257033.pdb
 0.214757  0.975927 -0.038027    40.908789
 0.807650 -0.199350 -0.554942    16.578126
-0.549164  0.088465 -0.831019    14.341355
>structures/GlnRS_AF_Bact_Thermus_thermophilus_HB8_gene3168786.pdb
 0.145428  0.307865  0.940250    41.707871
-0.953758 -0.209053  0.215968    17.084610
 0.263051 -0.928179  0.263227    15.182537
>structures/GlnRS_AF_Euk_Arabidopsis_thaliana_gene832718.pdb
-0.752534  0.598140 -0.275537    39.886071
-0.438494 -0.142941  0.887294    15.300007
 0.491341  0.788540  0.369849     7.561275
>structures/GlnRS_AF_Euk_Candida_dubliniensis_CD36_gene8049124.pdb
 0.402231  0.825279  0.396390    40.004657
 0.610623  0.080774 -0.787791    19.298744
-0.682165  0.558919 -0.471445    16.622228
>structures/GlnRS_AF_Euk_Encephalitozoon_romaleae_SJ-2008_gene20564565.pdb
-0.119359  0.771133  0.625385    39.806522
-0.690230 -0.517222  0.506027    19.135199
 0.713677 -0.371261  0.593995    15.723092
>structures/GlnRS_AF_Euk_Myodes_glareolus_gene125393344.pdb
-0.014164 -0.964737 -0.262833    39.139959
 0.764746  0.158893 -0.624433    18.136590
 0.644176 -0.209846  0.735528     7.757830
>structures/GlnRS_AF_Mito_Cyanidioschyzon_merolae_strain_10D_gene16997184.pdb
 0.153226  0.547876  0.822407    39.678913
-0.917170 -0.230958  0.324743    18.375537
 0.367860 -0.804046  0.467107    18.718999
>structures/GlnRS_Bact_D_radio_2HZ7.pdb
-0.603571  0.121700 -0.787966   107.074018
-0.118412  0.963640  0.239534   -40.527388
 0.788467  0.237880 -0.567214    23.993622
>structures/GlnRS_Bact_E_coli_1QTQ.pdb
 1.000000  0.000000  0.000000     0.000000
 0.000000  1.000000  0.000000     0.000000
 0.000000  0.000000  1.000000     0.000000
>structures/GlnRS_PDB_Euk_T_gondii_4P2B.pdb
 0.098185  0.679655 -0.726931    34.827237
-0.557204  0.642771  0.525708     3.504413
 0.824550  0.353432  0.441817  -103.855694
