>structures/GlnRS_AF_Bact_Anaerostipes_hadrus_gene15230984.pdb
 0.236895  0.187382 -0.953294     2.446452
-0.167595 -0.958632 -0.230079    -3.812710
-0.956971  0.214272 -0.195691     5.801915
>structures/GlnRS_AF_Bact_Cutibacterium_avidum_44067_gene29843447.pdb
 0.344060  0.587178 -0.732696     2.247416
-0.467368 -0.569702 -0.676023    -3.309671
-0.814365  0.575031  0.078416     6.233565
>structures/GlnRS_AF_Bact_Pasteurella_multocida_subsp._multocida_str._Pm70_gene1243875.pdb
 0.011655  0.511549 -0.859175     2.134774
-0.649305 -0.649567 -0.395558    -1.449395
-0.760438  0.562477  0.324581     5.727626
>structures/GlnRS_AF_Bact_Porphyromonas_gingivalis_ATCC_33277_gene29257033.pdb
 0.259314 -0.101493 -0.960446     2.984533
 0.030366 -0.993114  0.113144    -3.309146
-0.965316 -0.058505 -0.254446     5.351118
>structures/GlnRS_AF_Bact_Thermus_thermophilus_HB8_gene3168786.pdb
-0.559263 -0.761227  0.328265     3.894297
-0.346353 -0.145205 -0.926799    -4.230952
 0.753170 -0.632020 -0.182445     5.426635
>structures/GlnRS_AF_Euk_Arabidopsis_thaliana_gene832718.pdb
-0.012934  0.393868  0.919076    -2.202072
 0.551276 -0.764033  0.335183    -1.159616
 0.834223  0.511000 -0.207248     1.273858
>structures/GlnRS_AF_Euk_Candida_dubliniensis_CD36_gene8049124.pdb
 0.014147  0.420201 -0.907321     6.691775
-0.157354 -0.895169 -0.417027    -2.452339
-0.987441  0.148670  0.053456     5.346141
>structures/GlnRS_AF_Euk_Encephalitozoon_romaleae_SJ-2008_gene20564565.pdb
-0.057956 -0.637359  0.768384     5.932830
-0.137385 -0.757263 -0.638497    -2.067074
 0.988821 -0.142570 -0.043676     4.896757
>structures/GlnRS_AF_Euk_Myodes_glareolus_gene125393344.pdb
 1.000000  0.000000  0.000000     0.000000
 0.000000  1.000000  0.000000     0.000000
 0.000000  0.000000  1.000000     0.000000
>structures/GlnRS_AF_Mito_Cyanidioschyzon_merolae_strain_10D_gene16997184.pdb
-0.463103 -0.701637  0.541517     7.275374
-0.367449 -0.404009 -0.837710    -2.596905
 0.806546 -0.586926 -0.070719     7.614218
>structures/GlnRS_Bact_D_radio_2HZ7.pdb
 0.427919  0.886737 -0.174878   -35.051760
 0.400719 -0.012707  0.916113   -78.275115
 0.810129 -0.462099 -0.360770    30.933322
>structures/GlnRS_Bact_E_coli_1QTQ.pdb
-0.016252  0.765373  0.643381   -18.197092
-0.964307  0.158084 -0.212417    36.534818
-0.264287 -0.623870  0.735486    15.962249
>structures/GlnRS_PDB_Euk_T_gondii_4P2B.pdb
 0.104147  0.716699  0.689562   -83.133253
-0.349985 -0.622576  0.699936    24.052331
 0.930948 -0.314233  0.185994   -72.241528
