>structures/Gln_Bact_1QTQ_E_coli.pdb
 0.203819 -0.774851 -0.598384    12.928459
-0.938587  0.019161 -0.344509    43.096345
 0.278409  0.631853 -0.723360    -9.105613
>structures/Gln_Bact_2HZ7_D_radio.pdb
-0.504899 -0.863136 -0.008545    51.867582
 0.291650 -0.179904  0.939455   -66.263593
-0.812415  0.471837  0.342567   -22.343065
>structures/Gln_Euk_4P2B_T_gondii.pdb
-0.043875 -0.573711 -0.817882    79.708155
-0.384110 -0.746054  0.543932    45.782827
-0.922244  0.338022 -0.187635    78.024217
>structures/Glutaminyl.B.Actinobacteria.NC_021085.1.pdb
-0.177397 -0.146460  0.973180     0.278479
-0.321620 -0.925940 -0.197977     0.562174
 0.930103 -0.348115  0.117154     1.221254
>structures/Glutaminyl.B.Bacteroidota.NC_016610.1.pdb
-0.308583  0.435890  0.845444    -0.357802
 0.051389 -0.879883  0.472403     0.061896
 0.949808  0.189222  0.249117     2.538848
>structures/Glutaminyl.B.Deinococcus-Thermus.NC_006461.1.pdb
 0.722612  0.689612  0.047621    -0.897607
-0.235457  0.310324 -0.921010    -0.814862
-0.649917  0.654320  0.386618     2.278298
>structures/Glutaminyl.B.Firmicutes.NC_014624.2.pdb
-0.181598 -0.091001  0.979153     0.904077
-0.270811 -0.952580 -0.138756     0.045651
 0.945349 -0.290363  0.148342     1.984954
>structures/Glutaminyl.B.Proteobacteria.NC_012751.1.pdb
 1.000000  0.000000  0.000000     0.000000
 0.000000  1.000000  0.000000     0.000000
 0.000000  0.000000  1.000000     0.000000
>structures/Glutaminyl.E.Apicomplexa.NC_011913.2.pdb
 0.610901  0.773538 -0.168638    -2.394878
-0.308979  0.036830 -0.950355     4.518988
-0.728925  0.632679  0.261507     5.089335
>structures/Glutaminyl.E.Ascomycota.NC_032095.1.pdb
-0.038613  0.008938  0.999214    -3.303979
 0.047734 -0.998802  0.010779    -0.180945
 0.998113  0.048112  0.038140     1.730440
>structures/Glutaminyl.E.Bacillariophyta.NC_011698.1.pdb
 0.771983 -0.517868 -0.368584     1.301184
 0.634366  0.590948  0.498358    -1.596807
-0.040270 -0.618541  0.784720    -1.118666
>structures/Glutaminyl.E.Rhodophyta.NC_010145.1.pdb
-0.563220 -0.810631  0.160188    -1.281592
-0.799782  0.486074 -0.352251    -2.492107
 0.207683 -0.326511 -0.922095     3.334648
