>structures/Ala_Bact_3HXV_E_coli.pdb
 1.000000  0.000000  0.000000     0.000000
 0.000000  1.000000  0.000000     0.000000
 0.000000  0.000000  1.000000     0.000000
>structures/Asn_Arch_1X54_P_horikoshii.pdb
 0.534531  0.767506  0.353853     5.689989
 0.466787 -0.617139  0.633442    28.355520
 0.704547 -0.173421 -0.688142    55.868481
>structures/Asp_Arch_1b8a_T_kodarensis.pdb
 0.631384  0.016284  0.775300   -31.981135
-0.604997 -0.615089  0.505613    52.959574
 0.485111 -0.788290 -0.378505    34.857477
>structures/Asp_Bact_1c0a_E_coli.pdb
-0.137782 -0.781681 -0.608269    55.671940
 0.595434  0.425392 -0.681542   -11.129305
 0.791501 -0.456088  0.406829     3.949011
>structures/GlyT_Bact_5f5w_A_aeolicus.pdb
-0.623883  0.721618 -0.300062   -17.857011
 0.628795  0.691496  0.355598    67.557137
 0.464098  0.033174 -0.885163    38.401402
>structures/His_Bact_1HTT_E_coli.pdb
 0.614950  0.679527 -0.400099    23.837557
-0.621241  0.729976  0.284945    20.128370
 0.485691  0.073331  0.871049     9.441527
>structures/His_Bact_4e51_B_thailandensis.pdb
 0.427069 -0.669472  0.607799   -13.139618
-0.903977 -0.300560  0.304120    38.426099
-0.020920 -0.679317 -0.733547    57.951530
>structures/Lys_Bact_3E9H_G_stearothermophilus.pdb
-0.793599  0.562413 -0.232145   119.201857
 0.228150 -0.078634 -0.970446    49.024146
-0.564046 -0.823109 -0.065911    -3.140863
>structures/Phe_Bact_1PYS.A_T_thermophilus.pdb
-0.464329  0.762581  0.450409   -24.913535
 0.388182  0.632337 -0.670421    10.565146
-0.796061 -0.136455 -0.589633    53.984263
>structures/Phe_Euk_3CMQ.H_sapiens.pdb
 0.748877  0.132036 -0.649422    26.401236
-0.268437 -0.835524 -0.479418    70.346609
-0.605908  0.533354 -0.590262    20.472701
>structures/Phe_Euk_3L4G.C_H_sapiens.pdb
-0.359491 -0.320066 -0.876541    35.072844
-0.276531 -0.860604  0.427659   166.826339
-0.891234  0.396130  0.220871    23.998826
>structures/Pro_Arch_1nj8_M_janacshii.pdb
 0.263227  0.095523  0.959993   -50.074875
-0.443964  0.895450  0.032633    46.216324
-0.856509 -0.434792  0.278116   117.955882
>structures/Pro_Bact_2J3M_E_faecalis.pdb
 0.325524  0.385659 -0.863308    28.523088
 0.880597 -0.456177  0.128259    17.508059
-0.344358 -0.801978 -0.488107    36.685655
>structures/Pyl_Arch_2Q7E_M_mazei.pdb
-0.606352 -0.264980  0.749749    16.531856
-0.785830  0.055382 -0.615958    73.358637
 0.121694 -0.962662 -0.241810    69.234403
>structures/Sep_Arch_2DU4_A_fulgidus.pdb
 0.166190  0.400320 -0.901180   -35.694867
 0.898129  0.315859  0.305937    -6.125055
 0.407118 -0.860219 -0.307046    73.898728
>structures/Ser_Arch_2cim_M_barkeri.pdb
 0.532497  0.197551 -0.823056    74.028547
-0.451594 -0.756117 -0.473655   104.247383
-0.715898  0.623907 -0.313417    79.484840
>structures/Seryl.B.Actinobacteria.NC_021064.1.pdb
 0.850708 -0.494712 -0.177640    27.637934
 0.487157  0.615114  0.619930    47.410694
-0.197418 -0.613918  0.764285    19.368280
>structures/Thr_Bact_1evk_E_coli.pdb
 0.891491  0.187856 -0.412254   -16.471332
-0.429972  0.637499 -0.639311    34.844590
 0.142713  0.747198  0.649098   -27.029975
