>../../../../class1/arg//data/domains/Catalytic_domain/structures/ArgRS_AF_Arch_NC_002689.2.pdb
-0.939555 -0.170530  0.296910    53.754931
 0.301704 -0.822348  0.482409    48.416859
 0.161898  0.542829  0.824091   118.200287
>../../../../class1/arg//data/domains/Catalytic_domain/structures/ArgRS_AF_Arch_NC_013158.1.pdb
 0.392414 -0.446096 -0.804369    54.738045
 0.071038  0.886602 -0.457046    45.315158
 0.917041  0.122210  0.379605   117.302841
>../../../../class1/arg//data/domains/Catalytic_domain/structures/ArgRS_AF_Arch_NC_018656.1.pdb
-0.857176 -0.363462  0.364891    52.361135
 0.514445 -0.570647  0.640085    46.620616
-0.024423  0.736381  0.676126   118.515780
>../../../../class1/arg//data/domains/Catalytic_domain/structures/ArgRS_AF_Arch_NC_020247.1.pdb
-0.755404 -0.596074  0.272141    49.372571
 0.348292 -0.013466  0.937289    46.551151
-0.555029  0.802817  0.217780   119.649387
>../../../../class1/arg//data/domains/Catalytic_domain/structures/ArgRS_AF_Bact_NC_002967.9.pdb
 0.327388  0.526153 -0.784844    50.141318
 0.933017 -0.048748  0.356516    53.152435
 0.149322 -0.848991 -0.506869   121.001905
>../../../../class1/arg//data/domains/Catalytic_domain/structures/ArgRS_AF_Bact_NC_005042.1.pdb
-0.822221  0.279805  0.495643    50.571892
-0.338446 -0.940491 -0.030513    47.874567
 0.457610 -0.192837  0.867990   122.521384
>../../../../class1/arg//data/domains/Catalytic_domain/structures/ArgRS_AF_Bact_NC_008095.1.pdb
-0.682333 -0.691558  0.237001    54.044672
 0.380392 -0.059021  0.922940    46.037474
-0.624278  0.719906  0.303335   120.202249
>../../../../class1/arg//data/domains/Catalytic_domain/structures/ArgRS_AF_Bact_NC_010729.1.pdb
 0.278506  0.163622 -0.946394    51.490944
 0.784355  0.529924  0.322440    50.354768
 0.554275 -0.832111  0.019249   123.454618
>../../../../class1/arg//data/domains/Catalytic_domain/structures/ArgRS_AF_Bact_NC_013515.1.pdb
-0.739758 -0.600217  0.304134    53.282319
 0.405195 -0.036520  0.913500    46.500895
-0.537191  0.799003  0.270221   118.938791
>../../../../class1/arg//data/domains/Catalytic_domain/structures/ArgRS_AF_Bact_NC_015687.1.pdb
-0.729673 -0.643839  0.230326    52.321612
 0.416999 -0.152021  0.896104    45.945293
-0.541932  0.749908  0.379405   118.416727
>../../../../class1/arg//data/domains/Catalytic_domain/structures/ArgRS_AF_Bact_NC_017317.1.pdb
-0.348857 -0.698721  0.624570    53.932770
-0.049751  0.679306  0.732167    47.246546
-0.935854  0.224349 -0.271743   120.414264
>../../../../class1/arg//data/domains/Catalytic_domain/structures/ArgRS_AF_Bact_NC_021283.1.pdb
-0.734453 -0.551804  0.395085    50.467484
 0.409975  0.103180  0.906242    46.439761
-0.540832  0.827567  0.150445   118.636332
>../../../../class1/arg//data/domains/Catalytic_domain/structures/ArgRS_AF_Euk_NC_001140.6.pdb
-0.728754  0.345660  0.591132    50.579901
-0.508023 -0.851743 -0.128247    46.628582
 0.459162 -0.393769  0.796314   123.793543
>../../../../class1/arg//data/domains/Catalytic_domain/structures/ArgRS_AF_Euk_NC_009356.1.pdb
 0.311077  0.398468 -0.862818    52.189739
 0.852787  0.283705  0.438482    49.864628
 0.419506 -0.872201 -0.251554   122.222207
>../../../../class1/arg//data/domains/Catalytic_domain/structures/ArgRS_AF_Euk_NC_009411.2.pdb
 0.035407  0.485533 -0.873501    50.326253
 0.979445  0.156820  0.126869    47.842674
 0.198581 -0.860038 -0.470000   118.779634
>../../../../class1/arg//data/domains/Catalytic_domain/structures/ArgRS_PDB_Arch_2ZUF.pdb
-0.863360 -0.494029 -0.102689    72.772097
-0.482819  0.867956 -0.116356    62.524920
 0.146613 -0.050877 -0.987885   144.948594
>../../../../class1/arg//data/domains/Catalytic_domain/structures/ArgRS_PDB_Bact_1IQ0.pdb
 0.786453  0.462949  0.408864    13.062736
 0.057232 -0.713740  0.698069    96.048364
 0.614992 -0.525599 -0.587819   149.553792
>../../../../class1/arg//data/domains/Catalytic_domain/structures/ArgRS_PDB_Bact_3FNR.pdb
 1.000000  0.000000  0.000000     0.000000
 0.000000  1.000000  0.000000     0.000000
 0.000000  0.000000  1.000000     0.000000
>../../../../class1/arg//data/domains/Catalytic_domain/structures/ArgRS_PDB_Bact_4oby.pdb
 0.318678 -0.422565  0.848459    55.765422
-0.752195  0.431926  0.497637    27.261489
-0.576756 -0.796793 -0.180206   189.960444
>../../../../class1/met//data/domains/Catalytic_domain/structures/Met_Arch_1RQG_P_abyssi.pdb
 0.201404  0.549356 -0.810953   104.984874
 0.888810  0.245442  0.387007   -13.345006
 0.411646 -0.798728 -0.438840   172.687018
>../../../../class1/met//data/domains/Catalytic_domain/structures/Met_Bact_1PFV_E_coli.pdb
-0.721672  0.455917  0.520892    32.628423
-0.259820 -0.875864  0.406641    42.137338
 0.641625  0.158123  0.750543    88.370349
>../../../../class1/met//data/domains/Catalytic_domain/structures/Met_Bact_1RQG_P_abyssi.pdb
 0.201404  0.549356 -0.810953   104.984874
 0.888810  0.245442  0.387007   -13.345006
 0.411646 -0.798728 -0.438840   172.687018
>../../../../class1/met//data/domains/Catalytic_domain/structures/Met_Bact_1WOY_T_therm.pdb
 0.005019  0.814650 -0.579931   138.113659
-0.911186  0.242642  0.332962    10.136134
 0.411964  0.526755  0.743516    35.519800
>../../../../class1/met//data/domains/Catalytic_domain/structures/Methionyl.A.Candidatus_Thermoplasmatota.NC_013926.1.pdb
 0.876375  0.437306  0.201820    43.989295
 0.425241 -0.505812 -0.750549    44.123573
-0.226136  0.743585 -0.629241   122.092495
>../../../../class1/met//data/domains/Catalytic_domain/structures/Methionyl.A.Crenarchaeota.NC_008818.1.pdb
 0.759465  0.642293  0.103309    47.609233
 0.597512 -0.625894 -0.501235    45.879060
-0.257280  0.442399 -0.859122   118.825431
>../../../../class1/met//data/domains/Catalytic_domain/structures/Methionyl.A.Euryarchaeota.NC_011529.1.pdb
-0.291559 -0.903730  0.313473    47.048347
 0.078249  0.304080  0.949428    48.495672
-0.953347  0.301343 -0.017941   117.157314
>../../../../class1/met//data/domains/Catalytic_domain/structures/Methionyl.A.Thaumarchaeota.NC_018655.1.pdb
 0.967369  0.182683  0.175567    47.080175
 0.244036 -0.485432 -0.839525    45.968168
-0.068141  0.854975 -0.514173   118.792654
>../../../../class1/met//data/domains/Catalytic_domain/structures/Methionyl.B.Actinobacteria.NC_010572.1.pdb
 0.972839  0.096099  0.210592    48.939609
 0.231469 -0.413379 -0.880647    47.896856
 0.002424  0.905474 -0.424395   118.770020
>../../../../class1/met//data/domains/Catalytic_domain/structures/Methionyl.B.Bacteroidota.NC_014370.1.pdb
-0.394878  0.770328  0.500665    41.706831
-0.845574 -0.517831  0.129830    45.695411
 0.359272 -0.372082  0.855850   121.750902
>../../../../class1/met//data/domains/Catalytic_domain/structures/Methionyl.B.Firmicutes.NC_014334.2.pdb
 0.991574  0.057466  0.116100    46.428251
 0.129417 -0.399796 -0.907422    45.516180
-0.005730  0.914801 -0.403865   121.952727
>../../../../class1/met//data/domains/Catalytic_domain/structures/Methionyl.B.Proteobacteria.NC_009792.1.pdb
-0.934426  0.349513  0.068479    44.203040
-0.231913 -0.743024  0.627799    45.817743
 0.270305  0.570750  0.775357   118.654427
>../../../../class1/met//data/domains/Catalytic_domain/structures/Methionyl.B.Spirochaetes.NC_002967.9.pdb
 0.941915 -0.329367  0.065680    46.136570
-0.110249 -0.487956 -0.865878    48.860016
 0.317241  0.808342 -0.495925   117.731699
>../../../../class1/met//data/domains/Catalytic_domain/structures/Methionyl.E.Apicomplexa.NC_037281.1.pdb
 0.976870  0.160304  0.141517    47.863108
 0.209312 -0.581496 -0.786162    46.665642
-0.043733  0.797599 -0.601600   119.465023
>../../../../class1/met//data/domains/Catalytic_domain/structures/Methionyl.E.Chordata.NC_000067.7.pdb
 0.128220  0.901675 -0.412966    50.588571
 0.991540 -0.108077  0.071882    45.959353
 0.020182 -0.418689 -0.907905   119.962880
>../../../../class1/met//data/domains/Catalytic_domain/structures/Methionyl.E.Euglenozoa.NC_007283.1.pdb
 0.118349  0.630012 -0.767514    51.301724
 0.971901  0.084894  0.219550    48.172444
 0.203476 -0.771931 -0.602262   119.391122
>../../../../class1/met//data/domains/Catalytic_domain/structures/Methionyl.E.Rhodophyta.NC_010135.1.pdb
-0.251557  0.783887  0.567662    45.201870
-0.932528 -0.353301  0.074630    45.318319
 0.259057 -0.510587  0.819872   120.726983
