>../../../../class1/arg//data/domains/Catalytic_domain/structures/ArgRS_AF_Arch_Candidatus_Korarchaeum_cryptofilum_OPF8_gene6093502.pdb
-0.789827 -0.511012  0.339176    51.640854
 0.350955  0.076971  0.933223    45.065740
-0.502995  0.856120  0.118549   117.382856
>../../../../class1/arg//data/domains/Catalytic_domain/structures/ArgRS_AF_Arch_Candidatus_Nitrosopumilus_sediminis_gene13697696.pdb
-0.853518 -0.362880  0.373932    52.493924
 0.519461 -0.536347  0.665201    46.998869
-0.040831  0.762004  0.646284   118.372165
>../../../../class1/arg//data/domains/Catalytic_domain/structures/ArgRS_AF_Arch_Desulfurococcus_mucosus_DSM_2162_gene10153309.pdb
-0.882898 -0.462432  0.081535    46.649554
 0.161378 -0.135758  0.977511    43.234597
-0.440963  0.876200  0.194486   121.253031
>../../../../class1/arg//data/domains/Catalytic_domain/structures/ArgRS_AF_Arch_Methanothermococcus_okinawensis_IH1_gene10773248.pdb
-0.762251 -0.517007  0.389458    52.462864
 0.045485  0.557412  0.828989    48.471461
-0.645681  0.649612 -0.401372   118.830047
>../../../../class1/arg//data/domains/Catalytic_domain/structures/ArgRS_AF_Bact_Anoxybacillus_flavithermus_WK1_gene7039015.pdb
-0.864572  0.242758  0.439981    53.517051
-0.003963 -0.878836  0.477107    49.375486
 0.502493  0.410750  0.760780   116.538738
>../../../../class1/arg//data/domains/Catalytic_domain/structures/ArgRS_AF_Bact_Brachyspira_pilosicoli_95_1000_gene56439668.pdb
-0.373641 -0.756109  0.537301    55.281756
 0.000069  0.579231  0.815163    47.150254
-0.927573  0.304615 -0.216372   120.680482
>../../../../class1/arg//data/domains/Catalytic_domain/structures/ArgRS_AF_Bact_Chlamydia_psittaci_6BC_gene12242456.pdb
-0.614287 -0.686627  0.388838    53.635904
 0.375131  0.179411  0.909444    46.009239
-0.694210  0.704525  0.147365   118.337817
>../../../../class1/arg//data/domains/Catalytic_domain/structures/ArgRS_AF_Bact_Corynebacterium_ulcerans_809_gene75260071.pdb
-0.448291 -0.733828  0.510422    54.227658
 0.125565  0.513656  0.848758    47.119628
-0.885025  0.444582 -0.138124   120.485250
>../../../../class1/arg//data/domains/Catalytic_domain/structures/ArgRS_AF_Bact_Cupriavidus_taiwanensis_LMG_19424_gene29762022.pdb
-0.667572 -0.617055  0.416642    52.642156
 0.293731  0.295937  0.908924    47.855522
-0.684156  0.729153 -0.016311   120.089213
>../../../../class1/arg//data/domains/Catalytic_domain/structures/ArgRS_AF_Bact_Mycoplasma_hyopneumoniae_168-L_gene57100855.pdb
-0.718276 -0.559761  0.413217    50.506931
 0.391999  0.165090  0.905032    46.400971
-0.574819  0.812043  0.100846   118.733289
>../../../../class1/arg//data/domains/Catalytic_domain/structures/ArgRS_AF_Bact_Prochlorococcus_marinus_subsp_marinus_str_CCMP1375_gene54199571.pdb
-0.839280  0.261676  0.476586    50.417906
-0.292704 -0.956156  0.009530    48.154770
 0.458184 -0.131500  0.879076   122.528372
>../../../../class1/arg//data/domains/Catalytic_domain/structures/ArgRS_AF_Bact_Streptobacillus_moniliformis_DSM_12112_gene29674021.pdb
 0.733507  0.604234 -0.311237    53.775549
 0.509553 -0.791906 -0.336513    47.694852
-0.449803  0.088243 -0.888758   119.744648
>../../../../class1/arg//data/domains/Catalytic_domain/structures/ArgRS_AF_Euk_Micromonas_commoda_gene8250062.pdb
 0.746654 -0.476296 -0.464382    54.216707
-0.520501  0.016398 -0.853704    47.115039
 0.414230  0.879132 -0.235668   115.973285
>../../../../class1/arg//data/domains/Catalytic_domain/structures/ArgRS_AF_Euk_Paulinella_chromatophora_gene6481434.pdb
-0.778870  0.328577  0.534227    50.321512
-0.508232 -0.829767 -0.230622    45.387281
 0.367507 -0.451136  0.813274   122.825208
>../../../../class1/arg//data/domains/Catalytic_domain/structures/ArgRS_AF_Euk_Polyodon_spathula_gene121324634.pdb
-0.540824 -0.341114  0.768863    55.311392
-0.202041  0.939998  0.274923    44.724769
-0.816510 -0.006657 -0.577292   111.676747
>../../../../class1/arg//data/domains/Catalytic_domain/structures/ArgRS_AF_Euk_Thalassiosira_pseudonana_CCMP1335_gene7449555.pdb
 0.670589  0.552465 -0.495068    53.286152
 0.595902 -0.798645 -0.084066    51.955859
-0.441827 -0.238638 -0.864778   114.389856
>../../../../class1/arg//data/domains/Catalytic_domain/structures/ArgRS_AF_Mito_Caenorhabditis_elegans_gene174023.pdb
-0.518469  0.503772  0.690944    47.114409
-0.851650 -0.376694 -0.364409    47.149120
 0.076696 -0.777377  0.624341   119.016611
>../../../../class1/arg//data/domains/Catalytic_domain/structures/ArgRS_AF_Mito_Saccharomyces_cerevisiae_S288C_gene851942.pdb
 0.398695  0.102920 -0.911290    55.460637
 0.412282  0.867494  0.278349    47.302691
 0.819186 -0.486684  0.303433   119.185898
>../../../../class1/arg//data/domains/Catalytic_domain/structures/ArgRS_AF_Vir_Megavirus_chiliensis_gene11257368.pdb
 0.459114  0.470464 -0.753577    54.360541
 0.884943 -0.167673  0.434468    52.406275
 0.078046 -0.866343 -0.493315   119.685343
>../../../../class1/arg//data/domains/Catalytic_domain/structures/ArgRS_PDB_Arch_2ZUF.pdb
-0.863360 -0.494029 -0.102689    72.772097
-0.482819  0.867956 -0.116356    62.524920
 0.146613 -0.050877 -0.987885   144.948594
>../../../../class1/arg//data/domains/Catalytic_domain/structures/ArgRS_PDB_Bact_1IQ0.pdb
 0.789081  0.463575  0.403050    12.967904
 0.061353 -0.712319  0.699169    95.983583
 0.611217 -0.526972 -0.590520   149.589487
>../../../../class1/arg//data/domains/Catalytic_domain/structures/ArgRS_PDB_Bact_3FNR.pdb
 1.000000  0.000000  0.000000     0.000000
 0.000000  1.000000  0.000000     0.000000
 0.000000  0.000000  1.000000     0.000000
>../../../../class1/met//data/domains/Catalytic_domain/structures/MetRS_AF_Arch_Aciduliprofundum_boonei_T469_gene8827030.pdb
-0.233799 -0.929871  0.284037    43.666388
-0.123600  0.318189  0.939936    44.235614
-0.964397  0.184649 -0.189324   121.004796
>../../../../class1/met//data/domains/Catalytic_domain/structures/MetRS_AF_Arch_Candidatus_Korarchaeum_cryptofilum_OPF8_gene6093355.pdb
-0.250826  0.805696  0.536601    43.760976
-0.938589 -0.338087  0.068902    47.491332
 0.236931 -0.486366  0.841018   118.836126
>../../../../class1/met//data/domains/Catalytic_domain/structures/MetRS_AF_Arch_Candidatus_Nitrosopumilus_sediminis_gene13696902.pdb
 0.968923  0.182855  0.166592    46.948946
 0.237333 -0.497359 -0.834450    45.888997
-0.069727  0.848056 -0.525300   118.827698
>../../../../class1/met//data/domains/Catalytic_domain/structures/MetRS_AF_Arch_Halalkalicoccus_jeotgali_B3_gene9420443.pdb
-0.386808 -0.907096  0.166004    45.801043
-0.172678  0.248080  0.953225    44.194145
-0.905849  0.340050 -0.252595   118.120247
>../../../../class1/met//data/domains/Catalytic_domain/structures/MetRS_AF_Bact_Bacillus_anthracis_str_Ames_Ancestor_gene45024892.pdb
 0.161695 -0.276660 -0.947267    45.335891
 0.649710  0.752352 -0.108830    45.025625
 0.742786 -0.597851  0.301400   118.188073
>../../../../class1/met//data/domains/Catalytic_domain/structures/MetRS_AF_Bact_Brucella_suis_1330_gene45052047.pdb
-0.343433  0.794583  0.500690    47.593120
-0.897518 -0.434688  0.074214    47.553158
 0.276613 -0.423891  0.862439   118.032394
>../../../../class1/met//data/domains/Catalytic_domain/structures/MetRS_AF_Bact_Chlamydia_psittaci_6BC_gene12243105.pdb
-0.841027 -0.518212  0.155338    50.325119
 0.221566 -0.067992  0.972772    45.416314
-0.493541  0.852545  0.172001   115.368195
>../../../../class1/met//data/domains/Catalytic_domain/structures/MetRS_AF_Bact_Mycoplasma_hyopneumoniae_168-L_gene57101263.pdb
-0.657306 -0.752656 -0.038177    49.146683
 0.158454 -0.187551  0.969390    44.903446
-0.736777  0.631137  0.242540   117.933658
>../../../../class1/met//data/domains/Catalytic_domain/structures/MetRS_AF_Bact_Nocardia_farcinica_IFM_10152_gene61135500.pdb
-0.805872  0.576447  0.135200    48.819717
-0.488151 -0.776078  0.399264    48.492281
 0.335080  0.255757  0.906813   117.591168
>../../../../class1/met//data/domains/Catalytic_domain/structures/MetRS_AF_Bact_Prochlorococcus_marinus_subsp_marinus_str_CCMP1375_gene54200313.pdb
 0.898720 -0.434767 -0.057270    48.639119
-0.070845 -0.015065 -0.997374    47.067445
 0.432762  0.900417 -0.044341   118.125650
>../../../../class1/met//data/domains/Catalytic_domain/structures/MetRS_AF_Bact_Streptobacillus_moniliformis_DSM_12112_gene29673607.pdb
 0.219873  0.748838 -0.625218    47.925789
 0.892227  0.104774  0.439264    45.514510
 0.394444 -0.654419 -0.645097   121.017842
>../../../../class1/met//data/domains/Catalytic_domain/structures/MetRS_AF_Bact_Treponema_denticola_ATCC_35405_gene2740824.pdb
 0.955691 -0.286297  0.068472    45.794683
-0.092778 -0.513696 -0.852941    48.723690
 0.279368  0.808796 -0.517497   117.904741
>../../../../class1/met//data/domains/Catalytic_domain/structures/MetRS_AF_Euk_Drosophila_melanogaster_gene37177.pdb
-0.221014 -0.694675  0.684529    54.733764
-0.056152  0.709786  0.702176    43.482026
-0.973653  0.116753 -0.195880   115.110213
>../../../../class1/met//data/domains/Catalytic_domain/structures/MetRS_AF_Euk_Oryza_sativa_Japonica_Group_gene4341140.pdb
 0.086134 -0.553461  0.828409    50.664004
-0.500792  0.694766  0.516244    40.925572
-0.861272 -0.459326 -0.217326   117.613260
>../../../../class1/met//data/domains/Catalytic_domain/structures/MetRS_AF_Euk_Scheffersomyces_stipitis_CBS_6054_gene4836672.pdb
 0.891776  0.392593  0.224960    51.844660
 0.417412 -0.521882 -0.743913    52.718341
-0.174653  0.757304 -0.629275   121.634584
>../../../../class1/met//data/domains/Catalytic_domain/structures/MetRS_AF_Euk_Trypanosoma_brucei_brucei_TREU927_gene3662741.pdb
 0.118932  0.664469 -0.737791    50.735843
 0.972597  0.071542  0.221215    48.641760
 0.199774 -0.743883 -0.637753   119.372765
>../../../../class1/met//data/domains/Catalytic_domain/structures/MetRS_AF_Mito_Arvicanthis_niloticus_gene117706247.pdb
 0.457736  0.886508 -0.067680    50.006477
 0.866722 -0.461893 -0.188276    46.705777
-0.198169  0.027521 -0.979781   120.338964
>../../../../class1/met//data/domains/Catalytic_domain/structures/MetRS_AF_Mito_Brachypodium_distachyon_gene100843706.pdb
-0.358598 -0.920738  0.153779    48.656789
 0.047651  0.146465  0.988067    45.565593
-0.932275  0.361647 -0.008648   119.409310
>../../../../class1/met//data/domains/Catalytic_domain/structures/MetRS_AF_Vir_Megavirus_chiliensis_gene11256705.pdb
 0.950406  0.244972  0.191616    45.440707
 0.299421 -0.554076 -0.776754    45.268966
-0.084113  0.795606 -0.599947   118.252434
>../../../../class1/met//data/domains/Catalytic_domain/structures/MetRS_PDB_Arch_P_abyssi_1RQG.pdb
 0.201404  0.549356 -0.810953   104.984874
 0.888810  0.245442  0.387007   -13.345006
 0.411646 -0.798728 -0.438840   172.687018
>../../../../class1/met//data/domains/Catalytic_domain/structures/MetRS_PDB_Bact_E_coli_1PFV.pdb
-0.721672  0.455917  0.520892    32.628423
-0.259820 -0.875864  0.406641    42.137338
 0.641625  0.158123  0.750543    88.370349
>../../../../class1/met//data/domains/Catalytic_domain/structures/MetRS_PDB_Bact_T_therm_1WOY.pdb
 0.005019  0.814650 -0.579931   138.113659
-0.911186  0.242642  0.332962    10.136134
 0.411964  0.526755  0.743516    35.519800
