>../../../../class1/arg//data/domains/Catalytic_domain/structures/ArgRS_AF_Arch_Candidatus_Korarchaeum_cryptofilum_OPF8_gene6093502.pdb
-0.053553 -0.661148  0.748342    -6.974726
-0.596729 -0.579697 -0.554856     4.035946
 0.800654 -0.476272 -0.363482    -0.968858
>../../../../class1/arg//data/domains/Catalytic_domain/structures/ArgRS_AF_Arch_Candidatus_Nitrosopumilus_sediminis_gene13697696.pdb
-0.188571 -0.921875  0.338507    -5.776795
-0.871917 -0.001445 -0.489652     2.380896
 0.451887 -0.387485 -0.803526    -2.607314
>../../../../class1/arg//data/domains/Catalytic_domain/structures/ArgRS_AF_Arch_Desulfurococcus_mucosus_DSM_2162_gene10153309.pdb
-0.258109 -0.763545  0.591928   -12.893025
-0.516494 -0.408728 -0.752447     1.166382
 0.816464 -0.499940 -0.288870    -1.392094
>../../../../class1/arg//data/domains/Catalytic_domain/structures/ArgRS_AF_Arch_Methanothermococcus_okinawensis_IH1_gene10773248.pdb
-0.160762 -0.275349  0.947807    -5.000639
-0.306099 -0.899039 -0.313100     1.380189
 0.938328 -0.340457  0.060247    -3.113637
>../../../../class1/arg//data/domains/Catalytic_domain/structures/ArgRS_AF_Bact_Anoxybacillus_flavithermus_WK1_gene7039015.pdb
-0.776478 -0.587077  0.228958    -2.525223
-0.628987  0.700081 -0.338025     1.653136
 0.038157 -0.406481 -0.912862    -1.717807
>../../../../class1/arg//data/domains/Catalytic_domain/structures/ArgRS_AF_Bact_Brachyspira_pilosicoli_95_1000_gene56439668.pdb
 0.164658 -0.302373  0.938860    -4.244901
 0.018030 -0.950770 -0.309371     3.199884
 0.986186  0.067868 -0.151100    -5.956798
>../../../../class1/arg//data/domains/Catalytic_domain/structures/ArgRS_AF_Bact_Chlamydia_psittaci_6BC_gene12242456.pdb
 0.097206 -0.647750  0.755626    -4.759311
-0.463283 -0.701401 -0.541669     3.881671
 0.880863 -0.297416 -0.368272    -2.968238
>../../../../class1/arg//data/domains/Catalytic_domain/structures/ArgRS_AF_Bact_Corynebacterium_ulcerans_809_gene75260071.pdb
 0.160470 -0.376228  0.912525    -4.766001
-0.127338 -0.924671 -0.358843     2.858803
 0.978792 -0.058615 -0.196290    -5.187375
>../../../../class1/arg//data/domains/Catalytic_domain/structures/ArgRS_AF_Bact_Cupriavidus_taiwanensis_LMG_19424_gene29762022.pdb
 0.033061 -0.557068  0.829809    -5.448738
-0.426085 -0.758889 -0.492483     1.478356
 0.904079 -0.337287 -0.262448    -4.247859
>../../../../class1/arg//data/domains/Catalytic_domain/structures/ArgRS_AF_Bact_Mycoplasma_hyopneumoniae_168-L_gene57100855.pdb
 0.022347 -0.620951  0.783531    -7.066848
-0.566738 -0.653503 -0.501739     2.079848
 0.823595 -0.432844 -0.366520    -1.858603
>../../../../class1/arg//data/domains/Catalytic_domain/structures/ArgRS_AF_Bact_Prochlorococcus_marinus_subsp_marinus_str_CCMP1375_gene54199571.pdb
-0.938777 -0.340604 -0.051827    -7.769410
-0.342670  0.938686  0.038014    -0.547240
 0.035701  0.053446 -0.997932    -5.143670
>../../../../class1/arg//data/domains/Catalytic_domain/structures/ArgRS_AF_Bact_Streptobacillus_moniliformis_DSM_12112_gene29674021.pdb
 0.987888 -0.154800 -0.010662    -4.912304
 0.149442  0.930702  0.333857     2.337578
-0.041758 -0.331406  0.942564    -4.557179
>../../../../class1/arg//data/domains/Catalytic_domain/structures/ArgRS_AF_Euk_Micromonas_commoda_gene8250062.pdb
 0.006542 -0.689142 -0.724597    -2.918763
 0.724422 -0.496239  0.478498     4.056083
-0.689326 -0.528044  0.495983    -1.302731
>../../../../class1/arg//data/domains/Catalytic_domain/structures/ArgRS_AF_Euk_Paulinella_chromatophora_gene6481434.pdb
-0.988440 -0.076535 -0.130874    -9.636769
-0.110568  0.954523  0.276875     1.540987
 0.103731  0.288145 -0.951952    -5.154954
>../../../../class1/arg//data/domains/Catalytic_domain/structures/ArgRS_AF_Euk_Polyodon_spathula_gene121324634.pdb
-0.125183  0.339806  0.932127    -1.800991
 0.061783 -0.935024  0.349159     7.622019
 0.990208  0.101299  0.096055     1.968006
>../../../../class1/arg//data/domains/Catalytic_domain/structures/ArgRS_AF_Euk_Thalassiosira_pseudonana_CCMP1335_gene7449555.pdb
 1.000000  0.000000  0.000000     0.000000
 0.000000  1.000000  0.000000     0.000000
 0.000000  0.000000  1.000000     0.000000
>../../../../class1/arg//data/domains/Catalytic_domain/structures/ArgRS_AF_Mito_Caenorhabditis_elegans_gene174023.pdb
-0.912205  0.402836 -0.074864    -8.620091
 0.315622  0.807363  0.498545    -1.041284
 0.261274  0.431147 -0.863625    -0.305239
>../../../../class1/arg//data/domains/Catalytic_domain/structures/ArgRS_AF_Mito_Saccharomyces_cerevisiae_S288C_gene851942.pdb
 0.169601  0.809141 -0.562606    -3.205179
-0.324941 -0.493040 -0.807047     3.525595
-0.930402  0.319690  0.179303    -4.635581
>../../../../class1/arg//data/domains/Catalytic_domain/structures/ArgRS_PDB_Arch_2ZUF.pdb
-0.907194  0.260326  0.330499     4.001273
-0.161387 -0.940806  0.298056    -4.919924
 0.388527  0.217057  0.895507   -37.413250
>../../../../class1/arg//data/domains/Catalytic_domain/structures/ArgRS_PDB_Bact_1IQ0.pdb
 0.254135  0.112608  0.960591   -16.045307
 0.222498  0.959753 -0.171374   -66.412266
-0.941228  0.257282  0.218852   -11.861224
>../../../../class1/arg//data/domains/Catalytic_domain/structures/ArgRS_PDB_Bact_3FNR.pdb
 0.670589  0.595902 -0.441827   -16.153127
 0.552465 -0.798645 -0.238638    39.353342
-0.495068 -0.084066 -0.864778   129.669794
>../../../../class1/met//data/domains/Catalytic_domain/structures/MetRS_AF_Arch_Aciduliprofundum_boonei_T469_gene8827030.pdb
 0.162023 -0.549980  0.819311   -14.023311
 0.165164 -0.803455 -0.571998    -0.181346
 0.972867  0.227997 -0.039341    -0.749690
>../../../../class1/met//data/domains/Catalytic_domain/structures/MetRS_AF_Arch_Candidatus_Korarchaeum_cryptofilum_OPF8_gene6093355.pdb
-0.830335  0.555001  0.050171   -11.029305
 0.557183  0.828377  0.057782    -2.421053
-0.009492  0.075933 -0.997068     1.151902
>../../../../class1/met//data/domains/Catalytic_domain/structures/MetRS_AF_Arch_Candidatus_Nitrosopumilus_sediminis_gene13696902.pdb
 0.825343 -0.539310 -0.167192    -9.895041
 0.371995  0.296615  0.879568     0.517508
-0.424768 -0.788140  0.445430    -0.081554
>../../../../class1/met//data/domains/Catalytic_domain/structures/MetRS_AF_Arch_Halalkalicoccus_jeotgali_B3_gene9420443.pdb
-0.008565 -0.635538  0.772022   -11.103083
 0.112278 -0.767780 -0.630800     1.652808
 0.993640  0.081278  0.077933     1.153730
>../../../../class1/met//data/domains/Catalytic_domain/structures/MetRS_AF_Bact_Bacillus_anthracis_str_Ames_Ancestor_gene45024892.pdb
 0.181282  0.494553 -0.850032   -11.130548
-0.593736 -0.634008 -0.495492     0.501646
-0.783974  0.594518  0.178699     1.120686
>../../../../class1/met//data/domains/Catalytic_domain/structures/MetRS_AF_Bact_Brucella_suis_1330_gene45052047.pdb
-0.888382  0.458316  0.026897    -7.961207
 0.458986  0.887961  0.029279    -0.443222
-0.010464  0.038356 -0.999209     0.035629
>../../../../class1/met//data/domains/Catalytic_domain/structures/MetRS_AF_Bact_Chlamydia_psittaci_6BC_gene12243105.pdb
-0.200254 -0.747651  0.633180    -6.429202
-0.527232 -0.462481 -0.712838     3.607479
 0.825788 -0.476581 -0.301572     1.169406
>../../../../class1/met//data/domains/Catalytic_domain/structures/MetRS_AF_Bact_Mycoplasma_hyopneumoniae_168-L_gene57101263.pdb
-0.047908 -0.894461  0.444572    -8.434459
-0.322232 -0.407446 -0.854490     2.612627
 0.945448 -0.184193 -0.268704    -0.346723
>../../../../class1/met//data/domains/Catalytic_domain/structures/MetRS_AF_Bact_Nocardia_farcinica_IFM_10152_gene61135500.pdb
-0.979096 -0.198454 -0.044587    -6.343192
-0.158996  0.883449 -0.440725    -0.367188
 0.126854 -0.424423 -0.896534    -0.189647
>../../../../class1/met//data/domains/Catalytic_domain/structures/MetRS_AF_Bact_Prochlorococcus_marinus_subsp_marinus_str_CCMP1375_gene54200313.pdb
 0.383528 -0.686727 -0.617505    -7.632443
 0.466792 -0.432793  0.771230     0.541892
-0.796876 -0.584034  0.154571    -0.545561
>../../../../class1/met//data/domains/Catalytic_domain/structures/MetRS_AF_Bact_Streptobacillus_moniliformis_DSM_12112_gene29673607.pdb
 0.523404  0.844468  0.113671   -10.277951
-0.670247  0.490401 -0.557024     0.760822
-0.526133  0.215361  0.822681    -2.539848
>../../../../class1/met//data/domains/Catalytic_domain/structures/MetRS_AF_Bact_Treponema_denticola_ATCC_35405_gene2740824.pdb
 0.470830 -0.847783 -0.244095    -8.429953
 0.555537  0.069971  0.828543    -1.991269
-0.685345 -0.525707  0.503919     0.813658
>../../../../class1/met//data/domains/Catalytic_domain/structures/MetRS_AF_Euk_Drosophila_melanogaster_gene37177.pdb
 0.226628 -0.094327  0.969403    -4.429063
 0.142526 -0.981373 -0.128812     7.768364
 0.963497  0.167357 -0.208963    -0.221135
>../../../../class1/met//data/domains/Catalytic_domain/structures/MetRS_AF_Euk_Oryza_sativa_Japonica_Group_gene4341140.pdb
 0.124785  0.223109  0.966774    -9.664933
 0.636762 -0.765258  0.094415     6.786566
 0.760896  0.603823 -0.237560    -0.283883
>../../../../class1/met//data/domains/Catalytic_domain/structures/MetRS_AF_Euk_Scheffersomyces_stipitis_CBS_6054_gene4836672.pdb
 0.936421 -0.350298 -0.020171    -3.539063
 0.195609  0.473453  0.858825    -2.571272
-0.291295 -0.808167  0.511873    -5.457793
>../../../../class1/met//data/domains/Catalytic_domain/structures/MetRS_AF_Euk_Trypanosoma_brucei_brucei_TREU927_gene3662741.pdb
 0.571849  0.812161 -0.115689    -5.770077
-0.757207  0.468294 -0.455343     0.240565
-0.315635  0.347988  0.882768    -2.648399
>../../../../class1/met//data/domains/Catalytic_domain/structures/MetRS_AF_Mito_Arvicanthis_niloticus_gene117706247.pdb
 0.910377  0.336759  0.240433    -7.661748
-0.402270  0.856409  0.323639     1.210507
-0.096920 -0.391352  0.915123    -2.996331
>../../../../class1/met//data/domains/Catalytic_domain/structures/MetRS_AF_Mito_Brachypodium_distachyon_gene100843706.pdb
 0.180334 -0.684514  0.706343    -8.985392
-0.024890 -0.721062 -0.692423     1.469102
 0.983290  0.107287 -0.147069    -1.507851
>../../../../class1/met//data/domains/Catalytic_domain/structures/MetRS_PDB_Arch_P_abyssi_1RQG.pdb
 0.492560  0.859480 -0.136669   -28.436261
-0.690386  0.290283 -0.662648    68.147924
-0.529860  0.420749  0.736355   -70.182707
>../../../../class1/met//data/domains/Catalytic_domain/structures/MetRS_PDB_Bact_E_coli_1PFV.pdb
-0.915097 -0.296614  0.273163    -8.748426
-0.355809  0.912711 -0.200894     2.216091
-0.189730 -0.281031 -0.940757    33.808111
>../../../../class1/met//data/domains/Catalytic_domain/structures/MetRS_PDB_Bact_T_therm_1WOY.pdb
-0.736585  0.456772 -0.498801    64.013247
 0.613594  0.141069 -0.776918   100.779357
-0.284509 -0.878327 -0.384182    30.134366
