>../../../../class1/ile//data/domains/Catalytic_domain/structures/IleRS_AF_Arch_Candidatus_Korarchaeum_cryptofilum_OPF8_gene6094904.pdb
 0.174506  0.855918 -0.486777     0.455293
-0.556138 -0.322285 -0.766057     3.824085
-0.812563  0.404397  0.419768    -0.036625
>../../../../class1/ile//data/domains/Catalytic_domain/structures/IleRS_AF_Arch_Candidatus_Nitrosopumilus_sediminis_gene13697091.pdb
-0.429983 -0.636565  0.640234     5.539025
-0.700177 -0.212569 -0.681591     3.599844
 0.569972 -0.741349 -0.354307     0.871174
>../../../../class1/ile//data/domains/Catalytic_domain/structures/IleRS_AF_Arch_Pyrobaculum_aerophilum_str_IM2_gene1465853.pdb
 0.135105  0.212981  0.967670    -0.518944
 0.139303 -0.971007  0.194266     7.974132
 0.980990  0.108553 -0.160856    -2.329619
>../../../../class1/ile//data/domains/Catalytic_domain/structures/IleRS_AF_Arch_Thermoplasma_acidophilum_DSM_1728_gene1456418.pdb
 0.395401 -0.115957 -0.911160     1.434258
 0.140300 -0.972733  0.184676     3.429978
-0.907730 -0.200857 -0.368351     0.878619
>../../../../class1/ile//data/domains/Catalytic_domain/structures/IleRS_AF_Bact_Chlamydia_muridarum_str_Nigg_gene1246458.pdb
 0.980517 -0.194627 -0.026583     1.898456
 0.196368  0.967656  0.158369     1.053676
-0.005100 -0.160503  0.987022    -1.904854
>../../../../class1/ile//data/domains/Catalytic_domain/structures/IleRS_AF_Bact_Lactobacillus_acidophilus_La-14_gene56942445.pdb
-0.001683  0.507741  0.861508     0.107907
 0.571804 -0.706285  0.417375     4.400179
 0.820389  0.493316 -0.289140    -2.993183
>../../../../class1/ile//data/domains/Catalytic_domain/structures/IleRS_AF_Bact_Mycoplasma_hyopneumoniae_168-L_gene57100872.pdb
 0.007826  0.574314  0.818597    -2.068821
 0.598241 -0.658653  0.456381     4.640499
 0.801278  0.486147 -0.348733    -1.351219
>../../../../class1/ile//data/domains/Catalytic_domain/structures/IleRS_AF_Bact_Orientia_tsutsugamushi_str_Ikeda_gene66653313.pdb
-0.992403 -0.108289  0.058393     0.620877
-0.087830  0.955944  0.280101     3.407752
-0.086152  0.272845 -0.958193     0.743970
>../../../../class1/ile//data/domains/Catalytic_domain/structures/IleRS_AF_Bact_Porphyromonas_gingivalis_ATCC_33277_gene29255747.pdb
-0.998850 -0.025559  0.040556    -1.697079
-0.013540  0.961979  0.272789     3.910449
-0.045986  0.271926 -0.961219     3.052194
>../../../../class1/ile//data/domains/Catalytic_domain/structures/IleRS_AF_Bact_Streptobacillus_moniliformis_DSM_12112_gene29674186.pdb
-0.089183  0.506352  0.857703    -0.291908
 0.595631 -0.663073  0.453384     9.733446
 0.798292  0.551309 -0.242464     0.075438
>../../../../class1/ile//data/domains/Catalytic_domain/structures/IleRS_AF_Bact_Thermus_thermophilus_HB8_gene3168241.pdb
 0.999365 -0.028586 -0.021275     0.084849
 0.028543  0.999590 -0.002295     0.760306
 0.021332  0.001686  0.999771     0.330926
>../../../../class1/ile//data/domains/Catalytic_domain/structures/IleRS_AF_Bact_Treponema_pallidum_subsp_pertenue_str_SamoaD_gene57878975.pdb
 0.612560  0.679674 -0.403502     0.641148
-0.740089  0.313930 -0.594741     2.318651
-0.277559  0.662942  0.695320    -0.647855
>../../../../class1/ile//data/domains/Catalytic_domain/structures/IleRS_AF_Euk_Cyanidioschyzon_merolae_strain_10D_gene16992835.pdb
 0.731667 -0.537960 -0.418644    -0.005588
 0.617965  0.264241  0.740470     3.630247
-0.287720 -0.800485  0.525777    -1.197594
>../../../../class1/ile//data/domains/Catalytic_domain/structures/IleRS_AF_Euk_Ostreococcus_lucimarinus_CCE9901_gene5000489.pdb
 0.376467  0.722071 -0.580419     1.355184
-0.784779 -0.084390 -0.614003     2.943363
-0.492335  0.686653  0.534896    -4.386280
>../../../../class1/ile//data/domains/Catalytic_domain/structures/IleRS_AF_Euk_Trypanosoma_brucei_brucei_TREU927_gene3663037.pdb
 0.170267  0.637985 -0.750989     0.749933
-0.710229 -0.448839 -0.542327     3.790790
-0.683069  0.625715  0.376693    -2.785160
>../../../../class1/ile//data/domains/Catalytic_domain/structures/IleRS_AF_Euk_Ustilago_maydis_521_gene23568123.pdb
-0.273758  0.809586  0.519255    -2.703001
 0.794752 -0.113650  0.596199     3.281876
 0.541688  0.575894 -0.612307    -1.526519
>../../../../class1/ile//data/domains/Catalytic_domain/structures/IleRS_AF_Mito_Drosophila_melanogaster_gene39762.pdb
-0.855773 -0.513172 -0.065635    -2.845621
-0.481226  0.836159 -0.263171     4.315887
 0.189933 -0.193629 -0.962514     2.410426
>../../../../class1/ile//data/domains/Catalytic_domain/structures/IleRS_AF_Mito_Prochlorococcus_marinus_subsp_marinus_str_CCMP1375_gene54199628.pdb
-0.873935 -0.485094 -0.030351     0.548456
-0.474678  0.865260 -0.161264     5.148811
 0.104489 -0.126527 -0.986445     0.155720
>../../../../class1/ile//data/domains/Catalytic_domain/structures/IleRS_PDB_Bact_S_aureus_1QU2.pdb
 0.656018  0.602839  0.454121  -104.007772
 0.259221 -0.745051  0.614576    11.858248
 0.708834 -0.285455 -0.645035    60.254215
>../../../../class1/ile//data/domains/Catalytic_domain/structures/IleRS_PDB_Bact_T_therm_1ILE.pdb
 0.974898  0.021067 -0.221652    18.078690
-0.120826  0.886237 -0.447198   -13.425794
 0.187015  0.462754  0.866536    31.103331
>../../../../class1/ile//data/domains/Catalytic_domain/structures/IleRS_PDB_Euk_S_cere_7D5C.pdb
-0.321337  0.281314 -0.904215    33.529646
 0.724957  0.687401 -0.043773    -2.289306
 0.609245 -0.669583 -0.424829    18.287712
>../../../../class1/leu2//data/domains/Catalytic_domain/structures/LeuRS-A_AF_Arch_Aciduliprofundum_boonei_T469_gene8828435.pdb
 0.346743  0.028104  0.937539    -2.317848
 0.088078 -0.996110 -0.002715     3.942124
 0.933815  0.083518 -0.347870     1.222775
>../../../../class1/leu2//data/domains/Catalytic_domain/structures/LeuRS-A_AF_Arch_Candidatus_Korarchaeum_cryptofilum_OPF8_gene6093520.pdb
 0.906377 -0.416942  0.068114    -0.773996
 0.365998  0.855478  0.366336    -0.223125
-0.211011 -0.307109  0.927986     2.029734
>../../../../class1/leu2//data/domains/Catalytic_domain/structures/LeuRS-A_AF_Arch_Candidatus_Nitrosopumilus_koreensis_AR1_gene13725794.pdb
-0.988508  0.150953 -0.008037    -0.985732
 0.145731  0.965746  0.214703     1.738372
 0.040172  0.211064 -0.976646     1.082532
>../../../../class1/leu2//data/domains/Catalytic_domain/structures/LeuRS-A_AF_Arch_Methanobrevibacter_smithii_ATCC_35061_gene5216355.pdb
-0.972465  0.231628  0.025684     0.267643
 0.224681  0.902577  0.367251     2.186889
 0.061884  0.362909 -0.929767     1.099623
>../../../../class1/leu2//data/domains/Catalytic_domain/structures/LeuRS-A_AF_Euk_Arabidopsis_thaliana_gene837489.pdb
 0.000206  0.888023 -0.459799    -0.058460
-0.630307 -0.356848 -0.689473     2.673735
-0.776346  0.289956  0.559654     4.510759
>../../../../class1/leu2//data/domains/Catalytic_domain/structures/LeuRS-A_AF_Euk_Leishmania_major_strain_Friedlin_gene5650139.pdb
-0.989635  0.121371 -0.076756    -2.616307
 0.097666  0.960692  0.259872     3.116211
 0.105280  0.249682 -0.962588     4.656072
>../../../../class1/leu2//data/domains/Catalytic_domain/structures/LeuRS-A_AF_Euk_Neurospora_crassa_OR74A_gene3879366.pdb
-0.954804  0.287218  0.076518    -1.991531
 0.290082  0.844279  0.450607     2.007778
 0.064820  0.452437 -0.889437     3.092272
>../../../../class1/leu2//data/domains/Catalytic_domain/structures/LeuRS-A_PDB_Arch_P_hori_1WKB.pdb
-0.044615 -0.786511 -0.615963    30.280251
-0.988653 -0.053769  0.140266   131.181873
-0.143441  0.615232 -0.775187     1.821958
