>../../../../class1/ile//data/domains/Catalytic_domain/structures/IleRS_AF_Arch_Candidatus_Korarchaeum_cryptofilum_OPF8_gene6094904.pdb
-0.138693  0.096541  0.985619     1.679371
 0.613403 -0.772970  0.162029     4.023346
 0.777496  0.627054  0.047987    -2.888339
>../../../../class1/ile//data/domains/Catalytic_domain/structures/IleRS_AF_Arch_Candidatus_Nitrosopumilus_sediminis_gene13697091.pdb
 1.000000  0.000000  0.000000     0.000000
 0.000000  1.000000  0.000000     0.000000
 0.000000  0.000000  1.000000     0.000000
>../../../../class1/ile//data/domains/Catalytic_domain/structures/IleRS_AF_Arch_Pyrobaculum_aerophilum_str_IM2_gene1465853.pdb
 0.401206  0.659859 -0.635311    -2.125687
-0.843209 -0.004879 -0.537564     5.368466
-0.357816  0.751374  0.554441    -5.501048
>../../../../class1/ile//data/domains/Catalytic_domain/structures/IleRS_AF_Arch_Thermoplasma_acidophilum_DSM_1728_gene1456418.pdb
-0.777853  0.626529  0.049052     2.184759
 0.393447  0.424637  0.815404     2.632206
 0.490044  0.653564 -0.576811    -2.361868
>../../../../class1/ile//data/domains/Catalytic_domain/structures/IleRS_AF_Bact_Chlamydia_muridarum_str_Nigg_gene1246458.pdb
-0.555564 -0.695280  0.455998     1.854727
-0.651855  0.023753 -0.757971     5.461292
 0.516171 -0.718346 -0.466418     0.736485
>../../../../class1/ile//data/domains/Catalytic_domain/structures/IleRS_AF_Bact_Lactobacillus_acidophilus_La-14_gene56942445.pdb
 0.051235  0.558532 -0.827899    -0.208203
-0.725957 -0.548462 -0.414940     6.336840
-0.685829  0.622279  0.377369    -2.403763
>../../../../class1/ile//data/domains/Catalytic_domain/structures/IleRS_AF_Bact_Mycoplasma_hyopneumoniae_168-L_gene57100872.pdb
 0.019840  0.491156 -0.870846     1.512297
-0.721050 -0.596355 -0.352771     6.383122
-0.692599  0.634922  0.342317    -4.606936
>../../../../class1/ile//data/domains/Catalytic_domain/structures/IleRS_AF_Bact_Orientia_tsutsugamushi_str_Ikeda_gene66653313.pdb
 0.434587 -0.480135 -0.761974     2.431944
 0.709031 -0.339294  0.618187     3.466136
-0.555346 -0.808919  0.192977    -2.808686
>../../../../class1/ile//data/domains/Catalytic_domain/structures/IleRS_AF_Bact_Porphyromonas_gingivalis_ATCC_33277_gene29255747.pdb
 0.405735 -0.515644 -0.754646     4.149563
 0.673281 -0.389764  0.628312     2.884118
-0.618120 -0.763017  0.189033    -5.446678
>../../../../class1/ile//data/domains/Catalytic_domain/structures/IleRS_AF_Bact_Streptobacillus_moniliformis_DSM_12112_gene29674186.pdb
 0.060134  0.563432 -0.823971    -2.028039
-0.660212 -0.596670 -0.456185     3.233330
-0.748668  0.571428  0.336105    -7.394622
>../../../../class1/ile//data/domains/Catalytic_domain/structures/IleRS_AF_Bact_Thermus_thermophilus_HB8_gene3168241.pdb
-0.430857 -0.692764  0.578308     4.177689
-0.657947 -0.197449 -0.726718     4.429077
 0.617631 -0.693608 -0.370730    -1.230626
>../../../../class1/ile//data/domains/Catalytic_domain/structures/IleRS_AF_Bact_Treponema_pallidum_subsp_pertenue_str_SamoaD_gene57878975.pdb
 0.092637 -0.141316  0.985621     2.116714
-0.027821 -0.989858 -0.139309     4.750985
 0.995311 -0.014516 -0.095629    -1.991411
>../../../../class1/ile//data/domains/Catalytic_domain/structures/IleRS_AF_Euk_Cyanidioschyzon_merolae_strain_10D_gene16992835.pdb
-0.914143 -0.402103 -0.051538     1.441560
-0.374582  0.886429 -0.271905     5.061654
 0.155019 -0.229255 -0.960943    -2.647682
>../../../../class1/ile//data/domains/Catalytic_domain/structures/IleRS_AF_Euk_Ostreococcus_lucimarinus_CCE9901_gene5000489.pdb
 0.106100  0.137456  0.984809    -0.652550
 0.288675 -0.952002  0.101776     6.534785
 0.951530  0.273491 -0.140688    -0.563313
>../../../../class1/ile//data/domains/Catalytic_domain/structures/IleRS_AF_Euk_Trypanosoma_brucei_brucei_TREU927_gene3663037.pdb
 0.031663  0.397564  0.917028    -0.160153
 0.541800 -0.777822  0.318506     5.464690
 0.839911  0.486761 -0.240029    -1.996147
>../../../../class1/ile//data/domains/Catalytic_domain/structures/IleRS_AF_Euk_Ustilago_maydis_521_gene23568123.pdb
-0.135261  0.051848 -0.989452     2.645404
-0.384745 -0.923013  0.004229     7.084184
-0.913058  0.381259  0.144796    -3.996592
>../../../../class1/ile//data/domains/Catalytic_domain/structures/IleRS_AF_Mito_Drosophila_melanogaster_gene39762.pdb
 0.814159 -0.478980 -0.328212     4.051864
 0.502458  0.297891  0.811663     4.100851
-0.290999 -0.825736  0.483198    -6.362581
>../../../../class1/ile//data/domains/Catalytic_domain/structures/IleRS_AF_Mito_Homo_sapiens_gene55699.pdb
 0.009071  0.543359 -0.839451     1.065112
-0.748665 -0.552816 -0.365917     6.243197
-0.662886  0.631787  0.401780    -3.750826
>../../../../class1/ile//data/domains/Catalytic_domain/structures/IleRS_AF_Vir_Megavirus_chiliensis_gene11256744.pdb
 0.320247 -0.365090 -0.874157     2.853690
 0.581242 -0.652931  0.485633     3.236203
-0.748064 -0.663619  0.003107    -2.890377
>../../../../class1/ile//data/domains/Catalytic_domain/structures/IleRS_PDB_Bact_S_aureus_1QU2.pdb
-0.080659  0.106158 -0.991072    74.901425
-0.996644 -0.022512  0.078701    23.137271
-0.013956  0.994094  0.107618   -97.185999
>../../../../class1/ile//data/domains/Catalytic_domain/structures/IleRS_PDB_Bact_T_therm_1ILE.pdb
-0.219606 -0.370771  0.902387    24.118958
-0.732259 -0.548553 -0.403592   -26.632600
 0.644647 -0.749412 -0.151035     8.996484
>../../../../class1/ile//data/domains/Catalytic_domain/structures/IleRS_PDB_Euk_S_cere_7D5C.pdb
-0.033456 -0.985953  0.163640     2.885129
-0.406544  0.162998  0.898974   -29.343324
-0.913019 -0.036451 -0.406286    16.114874
>../../../../class1/leu2//data/domains/Catalytic_domain/structures/LeuRS-A_AF_Arch_Aciduliprofundum_boonei_T469_gene8828435.pdb
 0.345967  0.718185 -0.603753     3.674175
-0.921897  0.140602 -0.361021     4.375376
-0.174391  0.681500  0.710736    -5.856930
>../../../../class1/leu2//data/domains/Catalytic_domain/structures/LeuRS-A_AF_Arch_Candidatus_Korarchaeum_cryptofilum_OPF8_gene6093520.pdb
-0.763996 -0.590164  0.260801     6.103759
-0.504892  0.295146 -0.811155     3.965629
 0.401740 -0.751396 -0.523459    -1.911568
>../../../../class1/leu2//data/domains/Catalytic_domain/structures/LeuRS-A_AF_Arch_Candidatus_Nitrosopumilus_koreensis_AR1_gene13725794.pdb
 0.335060 -0.589654 -0.734876     4.609029
 0.570884 -0.493433  0.656213     4.476769
-0.749551 -0.639400  0.171295    -2.746996
>../../../../class1/leu2//data/domains/Catalytic_domain/structures/LeuRS-A_AF_Arch_Methanobrevibacter_smithii_ATCC_35061_gene5216355.pdb
 0.296360 -0.510408 -0.807251     3.702823
 0.515228 -0.626244  0.585114     3.593018
-0.804183 -0.589323  0.077383    -2.416975
>../../../../class1/leu2//data/domains/Catalytic_domain/structures/LeuRS-A_AF_Euk_Arabidopsis_thaliana_gene837489.pdb
-0.005572  0.043816  0.999024     5.418023
 0.727609 -0.685144  0.034108     1.205263
 0.685970  0.727089 -0.028064    -3.669204
>../../../../class1/leu2//data/domains/Catalytic_domain/structures/LeuRS-A_AF_Euk_Drosophila_melanogaster_gene326262.pdb
 0.379528 -0.456986 -0.804439     3.790414
 0.531642 -0.603878  0.593876     1.210179
-0.757176 -0.653066  0.013764    -3.017494
>../../../../class1/leu2//data/domains/Catalytic_domain/structures/LeuRS-A_AF_Euk_Leishmania_major_strain_Friedlin_gene5650139.pdb
 0.406716 -0.576442 -0.708729     6.258738
 0.509788 -0.500563  0.699681     2.998441
-0.758089 -0.645872  0.090277    -5.975989
>../../../../class1/leu2//data/domains/Catalytic_domain/structures/LeuRS-A_AF_Euk_Neurospora_crassa_OR74A_gene3879366.pdb
 0.235211 -0.435769 -0.868781     5.937292
 0.489487 -0.719120  0.493223     3.716559
-0.839690 -0.541268  0.044158    -4.195748
>../../../../class1/leu2//data/domains/Catalytic_domain/structures/LeuRS-A_PDB_Arch_P_hori_1WKB.pdb
 0.596326  0.755294 -0.271893   -96.330286
 0.357597  0.053298  0.932354   -45.038206
 0.718693 -0.653215 -0.238308   -75.529355
