>../../../../class1/lys//data/domains/Catalytic_domain/structures/LysRS-I_AF_Arch_Candidatus_Bathyarchaeota_archaeon_proteinRJS75864.1.pdb
 0.737714 -0.646271  0.195224   -13.535602
 0.098043 -0.183548 -0.978109    -1.862267
 0.667957  0.740705 -0.072044    -3.498818
>../../../../class1/lys//data/domains/Catalytic_domain/structures/LysRS-I_AF_Arch_Candidatus_Nitrosopumilus_koreensis_AR1_gene13726042.pdb
-0.430834  0.671891 -0.602449   -14.264229
 0.886421  0.440271 -0.142894    -2.114031
 0.169232 -0.595587 -0.785262     1.041107
>../../../../class1/lys//data/domains/Catalytic_domain/structures/LysRS-I_AF_Arch_Ferroplasma_acidarmanus_Fer1_gene16025146.pdb
 0.647217 -0.730275  0.218651   -10.174732
 0.159213 -0.151007 -0.975627    -4.200061
 0.745494  0.666255  0.018535    -0.888868
>../../../../class1/lys//data/domains/Catalytic_domain/structures/LysRS-I_AF_Arch_Halorubrum_lacusprofundi_ATCC_49239_gene7400505.pdb
 0.079196 -0.972761  0.217865   -11.813363
-0.176207  0.201449  0.963519    -2.341451
-0.981162 -0.114696 -0.155453    -5.737831
>../../../../class1/lys//data/domains/Catalytic_domain/structures/LysRS-I_AF_Bact_Cereibacter_sphaeroides_KD131_gene67447319.pdb
-0.701740 -0.447194 -0.554598   -14.577013
-0.233433 -0.591156  0.772038    -4.960182
-0.673105  0.671232  0.310448    -1.743601
>../../../../class1/lys//data/domains/Catalytic_domain/structures/LysRS-I_AF_Bact_Cyanobacteria_bacterium_J007_proteinRMH73500.1.pdb
 0.886573 -0.213325  0.410464   -13.285086
 0.242285 -0.541739 -0.804871    -0.612830
 0.394064  0.813026 -0.428606    -4.446831
>../../../../class1/lys//data/domains/Catalytic_domain/structures/LysRS-I_AF_Bact_Streptomyces_albidoflavus_gene15147364.pdb
-0.293144  0.665581 -0.686344   -15.853126
 0.897444  0.439078  0.042489    -2.844396
 0.329639 -0.603500 -0.726035    -3.309422
>../../../../class1/lys//data/domains/Catalytic_domain/structures/LysRS-I_AF_Bact_Treponema_denticola_ATCC_35405_gene2739918.pdb
-0.229814  0.648421 -0.725766   -15.961264
 0.915476  0.397105  0.064899    -2.813523
 0.330287 -0.649506 -0.684874    -3.138685
>../../../../class1/lys//data/domains/Catalytic_domain/structures/LysRS-I_PDB_Arch_P_hori_1IRX.pdb
 0.875714 -0.477927 -0.068645   -30.999242
 0.339753  0.508936  0.790919   -93.294409
-0.343065 -0.715940  0.608059    -3.778005
>../../../../class1/tyr//data/domains/Catalytic_domain/structures/TyrRS_AF_Arch_Candidatus_Korarchaeum_cryptofilum_OPF8_gene6094625.pdb
-0.197749 -0.692497 -0.693789   -10.274990
 0.122971 -0.719700  0.683308    -0.451531
-0.972509  0.049807  0.227477     0.577940
>../../../../class1/tyr//data/domains/Catalytic_domain/structures/TyrRS_AF_Arch_Desulfurococcus_amylolyticus_1221n_gene7171652.pdb
-0.661098  0.004619 -0.750286   -10.528040
-0.415129 -0.835228  0.360640    -0.440945
-0.624994  0.549884  0.554085     2.019132
>../../../../class1/tyr//data/domains/Catalytic_domain/structures/TyrRS_AF_Arch_Methanothermococcus_okinawensis_IH1_gene10772133.pdb
 0.804230  0.403202  0.436626   -12.974924
-0.582796  0.678993  0.446450    -2.204135
-0.116456 -0.613512  0.781051     3.939246
>../../../../class1/tyr//data/domains/Catalytic_domain/structures/TyrRS_AF_Arch_Thermoplasma_acidophilum_DSM_1728_gene1456112.pdb
 0.720855  0.273013  0.637050    -7.156941
 0.665927 -0.527606 -0.527420     3.998542
 0.192119  0.804422 -0.562134     0.321116
>../../../../class1/tyr//data/domains/Catalytic_domain/structures/TyrRS_AF_Bact_Bifidobacterium_animalis_subsp_lactis_BLC1_gene66533077.pdb
-0.753962  0.213237 -0.621347   -12.795175
-0.271723 -0.962375 -0.000557    -1.564952
-0.598087  0.168414  0.783536    -4.177027
>../../../../class1/tyr//data/domains/Catalytic_domain/structures/TyrRS_AF_Bact_Brachyspira_pilosicoli_95_1000_gene56440491.pdb
 0.653909 -0.308658  0.690748    -5.698398
 0.357339 -0.678741 -0.641575    -0.102785
 0.666867  0.666363 -0.333539     1.267539
>../../../../class1/tyr//data/domains/Catalytic_domain/structures/TyrRS_AF_Bact_Chlamydia_psittaci_6BC_gene12242888.pdb
-0.720297  0.364749 -0.590025    -9.884943
-0.447870 -0.894079 -0.005958     0.398874
-0.529702  0.259963  0.807363     0.088990
>../../../../class1/tyr//data/domains/Catalytic_domain/structures/TyrRS_AF_Bact_Lactococcus_lactis_subsp_cremoris_KW2_gene61108704.pdb
-0.693890  0.380519 -0.611329   -11.319603
-0.444840 -0.894121 -0.051625    -2.393175
-0.566246  0.236121  0.789691    -3.820943
>../../../../class1/tyr//data/domains/Catalytic_domain/structures/TyrRS_AF_Bact_Porphyromonas_gingivalis_ATCC_33277_gene29255602.pdb
 0.590307  0.112404  0.799314    -7.227151
 0.496254 -0.831537 -0.249557     1.559175
 0.636607  0.543978 -0.546643    -3.342150
>../../../../class1/tyr//data/domains/Catalytic_domain/structures/TyrRS_AF_Bact_Prochlorococcus_marinus_subsp_marinus_str_CCMP1375_gene54200747.pdb
 0.082940  0.875272  0.476466   -11.165403
-0.950874  0.212603 -0.225031     0.347775
-0.298261 -0.434396  0.849906     0.205820
>../../../../class1/tyr//data/domains/Catalytic_domain/structures/TyrRS_AF_Bact_Serratia_plymuthica_AS9_gene57666950.pdb
 0.286290  0.957962 -0.018651   -13.321165
-0.907518  0.264868 -0.325970    -1.164231
-0.307327  0.110248  0.945196    -4.892985
>../../../../class1/tyr//data/domains/Catalytic_domain/structures/TyrRS_AF_Bact_Streptobacillus_moniliformis_DSM_12112_gene29673957.pdb
 0.006494  0.978022 -0.208401   -14.055703
-0.937291 -0.066675 -0.342111    -6.748953
-0.348488  0.197554  0.916258     1.021864
>../../../../class1/tyr//data/domains/Catalytic_domain/structures/TyrRS_AF_Euk_Cryptococcus_neoformans_var_neoformans_JEC21_gene3254328.pdb
-0.636953  0.676002 -0.370557   -12.571509
-0.664612 -0.725092 -0.180369    -1.039132
-0.390618  0.131390  0.911128    -3.150746
>../../../../class1/tyr//data/domains/Catalytic_domain/structures/TyrRS_AF_Euk_Drosophila_melanogaster_gene39829.pdb
 0.990229 -0.048978 -0.130567    -1.654675
-0.110221  0.298679 -0.947967     0.439497
 0.085427  0.953096  0.290362    -1.537539
>../../../../class1/tyr//data/domains/Catalytic_domain/structures/TyrRS_AF_Euk_Plasmodium_falciparum_3D7_gene2655248.pdb
-0.369507 -0.490841 -0.789012   -12.700134
-0.477647 -0.628011  0.614374     0.683122
-0.797068  0.603885 -0.002395     2.389743
>../../../../class1/tyr//data/domains/Catalytic_domain/structures/TyrRS_AF_Euk_Seriola_dumerili_gene111223086.pdb
 1.000000  0.000000  0.000000     0.000000
 0.000000  1.000000  0.000000     0.000000
 0.000000  0.000000  1.000000     0.000000
>../../../../class1/tyr//data/domains/Catalytic_domain/structures/TyrRS_AF_Mito_Aspergillus_fumigatus_Af293_gene3509181.pdb
-0.245419 -0.601608 -0.760156   -16.742494
 0.923759  0.092682 -0.371590     6.690922
 0.294004 -0.793396  0.532995     6.214759
>../../../../class1/tyr//data/domains/Catalytic_domain/structures/TyrRS_AF_Mito_Cyanidioschyzon_merolae_strain_10D_gene16996209.pdb
-0.679380  0.639766 -0.359365   -13.243860
-0.577011 -0.768331 -0.276995    -1.291941
-0.453323  0.019173  0.891140    -1.915202
>../../../../class1/tyr//data/domains/Catalytic_domain/structures/TyrRS_PDB_Arch_M_jannashii_1U7D.pdb
 0.527760 -0.723564  0.444887    13.102859
-0.779175 -0.620937 -0.085571    32.212073
 0.338163 -0.301484 -0.891489    32.618297
>../../../../class1/tyr//data/domains/Catalytic_domain/structures/TyrRS_PDB_E_coli_Bact_1WQ4.pdb
-0.669656  0.277647 -0.688820    41.643791
 0.655612 -0.214726 -0.723924    23.911752
-0.348903 -0.936379 -0.038236    24.874410
>../../../../class1/tyr//data/domains/Catalytic_domain/structures/TyrRS_PDB_L_major_Euk_3P0I.pdb
-0.016771 -0.704850  0.709158    -9.153525
-0.942006  0.248899  0.225109    -9.799470
-0.335177 -0.664255 -0.668148    98.022849
