>../../../../class2/lys//data/domains/Catalytic_domain/structures/LysRS-II_AF_Arch_Aciduliprofundum_boonei_T469_gene8827564.pdb
 0.513886  0.717740 -0.469861    -6.184991
-0.731180  0.080005 -0.677477     4.195212
-0.448661  0.691699  0.565911    -3.645868
>../../../../class2/lys//data/domains/Catalytic_domain/structures/LysRS-II_AF_Arch_Archaeoglobus_sulfaticallidus_PM70-1_gene15393615.pdb
 0.995595  0.091800 -0.019039    -1.505202
-0.093103  0.991973 -0.085560     0.281225
 0.011032  0.086956  0.996151    -0.765975
>../../../../class2/lys//data/domains/Catalytic_domain/structures/LysRS-II_AF_Arch_Candidatus_Woesearchaeota_archaeon_proteinMBS3172198.1.pdb
 0.755836 -0.606654 -0.246341    -3.085826
 0.649475  0.646934  0.399574     1.084300
-0.083037 -0.462004  0.882982    -2.663025
>../../../../class2/lys//data/domains/Catalytic_domain/structures/LysRS-II_AF_Arch_Thermogladius_calderae_1633_gene13013549.pdb
 0.112814  0.638468 -0.761335    -4.352733
-0.572238 -0.584649 -0.575090     5.131768
-0.812291  0.500543  0.299399    -4.081491
>../../../../class2/lys//data/domains/Catalytic_domain/structures/LysRS-II_AF_Bact_Chlamydia_muridarum_str_Nigg_gene1245697.pdb
 0.090601  0.606432 -0.789957    -5.711840
-0.607220 -0.595075 -0.526468     5.441471
-0.789351  0.527377  0.314323    -2.893310
>../../../../class2/lys//data/domains/Catalytic_domain/structures/LysRS-II_AF_Bact_Cupriavidus_taiwanensis_LMG_19424_gene29762375.pdb
 0.999720  0.022996 -0.005564     1.702391
-0.023017  0.999728 -0.003807     0.525522
 0.005475  0.003934  0.999977    -0.770695
>../../../../class2/lys//data/domains/Catalytic_domain/structures/LysRS-II_AF_Bact_Leuconostoc_gelidum_JB7_gene61037106.pdb
 0.982314  0.173237  0.071058    -2.410995
-0.178954  0.980261  0.084045     4.069821
-0.055095 -0.095275  0.993925    -3.861972
>../../../../class2/lys//data/domains/Catalytic_domain/structures/LysRS-II_AF_Bact_Mycobacterium_intracellulare_ATCC_13950_gene11907187.pdb
 0.979914  0.197314  0.028918     0.832128
-0.190170  0.968230 -0.162377    -0.260142
-0.060038  0.153616  0.986305    -1.308043
>../../../../class2/lys//data/domains/Catalytic_domain/structures/LysRS-II_AF_Bact_Mycoplasma_hyopneumoniae_168-L_gene57101062.pdb
 0.986541  0.163500 -0.002334    -4.189374
-0.162481  0.981796  0.098369     4.244182
 0.018375 -0.096666  0.995147    -5.073898
>../../../../class2/lys//data/domains/Catalytic_domain/structures/LysRS-II_AF_Bact_Porphyromonas_gingivalis_ATCC_33277_gene29256363.pdb
 0.509404  0.815229 -0.275517    -7.561858
-0.606513  0.113009 -0.787001     3.782692
-0.610451  0.568006  0.552014    -4.270946
>../../../../class2/lys//data/domains/Catalytic_domain/structures/LysRS-II_AF_Bact_Prochlorococcus_marinus_subsp_marinus_str_CCMP1375_gene54201108.pdb
 0.929356  0.357212  0.093255    -3.373351
-0.339815  0.926416 -0.162109     4.855164
-0.144300  0.118968  0.982356    -3.867498
>../../../../class2/lys//data/domains/Catalytic_domain/structures/LysRS-II_AF_Bact_Streptobacillus_moniliformis_DSM_12112_gene29673899.pdb
 0.892334  0.451368  0.002736     0.127810
-0.412241  0.817419 -0.402348    -1.220333
-0.183844  0.357901  0.915483    -2.850139
>../../../../class2/lys//data/domains/Catalytic_domain/structures/LysRS-II_AF_Euk_Ostreococcus_tauri_gene9837657.pdb
 1.000000  0.000000  0.000000     0.000000
 0.000000  1.000000  0.000000     0.000000
 0.000000  0.000000  1.000000     0.000000
>../../../../class2/lys//data/domains/Catalytic_domain/structures/LysRS-II_AF_Euk_Solanum_lycopersicum_gene778357.pdb
-0.371182 -0.688340  0.623227    -1.358705
-0.790398 -0.118037 -0.601114     4.159573
 0.487335 -0.715720 -0.500250    -1.896354
>../../../../class2/lys//data/domains/Catalytic_domain/structures/LysRS-II_AF_Euk_Theileria_annulata_gene3864794.pdb
-0.745725 -0.626753  0.226000     1.709757
-0.635346  0.566850 -0.524420     1.859210
 0.200573 -0.534661 -0.820919    -2.763832
>../../../../class2/lys//data/domains/Catalytic_domain/structures/LysRS-II_AF_Euk_Zootoca_vivipara_gene118086243.pdb
 0.532383 -0.625717 -0.570129    -1.530993
 0.778731  0.097960  0.619663     7.213068
-0.331883 -0.773875  0.539417    -2.478462
>../../../../class2/lys//data/domains/Catalytic_domain/structures/LysRS-II_AF_Mito_Malus_domestica_gene103446975.pdb
 0.988130 -0.152207  0.020806     1.565408
 0.149129  0.982906  0.107966     1.191454
-0.036883 -0.103581  0.993937    -0.129359
>../../../../class2/lys//data/domains/Catalytic_domain/structures/LysRS-II_AF_Mito_Scheffersomyces_stipitis_CBS_6054_gene4837999.pdb
 0.999680 -0.003898  0.025005     1.816523
-0.000487  0.984918  0.173024     1.836190
-0.025303 -0.172981  0.984600     0.135027
>../../../../class2/lys//data/domains/Catalytic_domain/structures/LysRS-II_PDB_Bact_G_stearothermophilus_3E9H.pdb
 0.212914  0.163074 -0.963366    25.306634
 0.852305  0.451104  0.264729   -19.527993
 0.477749 -0.877446 -0.042942  -106.777002
>../../../../class2/phe4//data/domains/Catalytic_domain/structures/PheRS-Aβ_AF_Arch_Candidatus_Nitrosopumilus_koreensis_AR1_gene13724457.pdb
 0.448688  0.371062 -0.813014   -28.836060
-0.473356  0.870313  0.135976    24.448319
 0.758032  0.323834  0.566143   -12.915395
>../../../../class2/phe4//data/domains/Catalytic_domain/structures/PheRS-Aβ_AF_Arch_Halalkalicoccus_jeotgali_B3_gene9420006.pdb
 0.626112 -0.430162 -0.650342   -26.610088
-0.347479 -0.900588  0.261151    25.876160
-0.698027  0.062470 -0.713341   -11.958152
>../../../../class2/phe4//data/domains/Catalytic_domain/structures/PheRS-Aβ_AF_Arch_Sulfolobus_islandicus_YG5714_gene7807969.pdb
 0.310344  0.231574 -0.921987   -28.687257
-0.456178  0.887188  0.069283    21.061626
 0.834020  0.399088  0.380972   -14.659523
>../../../../class2/phe4//data/domains/Catalytic_domain/structures/PheRS-Aβ_AF_Arch_Thermoplasma_volcanium_GSS1_gene1441711.pdb
-0.917262  0.081275  0.389905   -29.424285
-0.384070 -0.439711 -0.811877    25.425479
 0.105459 -0.894454  0.434545   -11.320045
>../../../../class2/phe4//data/domains/Catalytic_domain/structures/PheRS-Aβ_AF_Euk_Astyanax_mexicanus_gene103044481.pdb
-0.668744  0.381198  0.638334   -29.199047
-0.065667  0.824922 -0.561419    20.963064
-0.740587 -0.417363 -0.526629   -18.600218
>../../../../class2/phe4//data/domains/Catalytic_domain/structures/PheRS-Aβ_AF_Euk_Didymosphenia_geminata_gene19740299.pdb
 0.193600  0.032098 -0.980555   -20.203449
-0.977912  0.086575 -0.190244    24.700146
 0.078786  0.995728  0.048150    -6.924065
>../../../../class2/phe4//data/domains/Catalytic_domain/structures/PheRS-Aβ_AF_Euk_Drosophila_melanogaster_gene42888.pdb
 0.644200 -0.450236 -0.618300   -26.604604
-0.762764 -0.318411 -0.562854    20.065774
 0.056544  0.834208 -0.548544   -17.011144
>../../../../class2/phe4//data/domains/Catalytic_domain/structures/PheRS-Aβ_AF_Euk_Gracilariopsis_tenuifrons_gene68635617.pdb
-0.598716 -0.239445  0.764334   -26.204617
 0.784000  0.020154  0.620434    15.797134
-0.163964  0.970701  0.175658    -3.748709
>../../../../class2/phe4//data/domains/Catalytic_domain/structures/PheRS-Aβ_PDB_Euk.B_H_sapiens_3L4G.pdb
-0.230853  0.941432 -0.245789  -101.401135
 0.897582  0.303563  0.319680   -55.227837
 0.375570 -0.146817 -0.915091    -3.471969
