>../../../../class2/phe1//data/domains/Catalytic_domain/structures/PheRS-Bα_AF_Bact_Brachyspira_pilosicoli_95_1000_gene56440383.pdb
-0.055874 -0.398534  0.915450    -3.261668
 0.614294 -0.736526 -0.283148    10.279490
 0.787097  0.546535  0.285970    -0.616524
>../../../../class2/phe1//data/domains/Catalytic_domain/structures/PheRS-Bα_AF_Bact_Chlamydia_psittaci_6BC_gene12243227.pdb
-0.190962 -0.889095  0.415984    -1.042601
-0.338172 -0.338251 -0.878195    10.565641
 0.921506 -0.308376 -0.236074     2.065838
>../../../../class2/phe1//data/domains/Catalytic_domain/structures/PheRS-Bα_AF_Bact_Ferrimonas_balearica_DSM_9799_gene67181906.pdb
 0.024476  0.462647 -0.886205    -1.338303
-0.199451 -0.866389 -0.457810     8.277912
-0.979602  0.187960  0.071069     4.224944
>../../../../class2/phe1//data/domains/Catalytic_domain/structures/PheRS-Bα_AF_Bact_Mycobacterium_intracellulare_ATCC_13950_gene11909689.pdb
 0.873067  0.446125  0.196792     1.098602
-0.396525  0.884475 -0.245911     3.599309
-0.283764  0.136663  0.949105     9.130574
>../../../../class2/phe1//data/domains/Catalytic_domain/structures/PheRS-Bα_AF_Bact_Mycoplasma_capricolum_subsp_capricolum_ATCC_27343_gene23778662.pdb
-0.160693  0.128162 -0.978648    -4.304543
 0.005591 -0.991400 -0.130750     9.480363
-0.986989 -0.026482  0.158594     2.500352
>../../../../class2/phe1//data/domains/Catalytic_domain/structures/PheRS-Bα_AF_Bact_Porphyromonas_gingivalis_ATCC_33277_gene29256875.pdb
-0.363067 -0.549296  0.752633    -0.425649
 0.178899 -0.833818 -0.522247     8.600077
 0.914427 -0.054966  0.401000    -1.954590
>../../../../class2/phe1//data/domains/Catalytic_domain/structures/PheRS-Bα_AF_Bact_Prochlorococcus_marinus_subsp_marinus_str_CCMP1375_gene54200681.pdb
 0.496566 -0.825226 -0.269117     0.222481
 0.763784  0.268117  0.587151     6.519785
-0.412378 -0.497106  0.763433    10.555060
>../../../../class2/phe1//data/domains/Catalytic_domain/structures/PheRS-Bα_AF_Bact_Staphylococcus_argenteus_gene66839332.pdb
 0.046283 -0.649278 -0.759142    -0.515348
 0.731587 -0.495426  0.468330    12.672303
-0.680175 -0.577054  0.452073     5.984742
>../../../../class2/phe1//data/domains/Catalytic_domain/structures/PheRS-Bα_PDB_Bact.A_E_coli_3PCO.pdb
-0.033648 -0.931198  0.362957   -23.827335
 0.687303  0.242097  0.684838   -14.706951
-0.725591  0.272505  0.631870   -55.003029
>../../../../class2/phe1//data/domains/Catalytic_domain/structures/PheRS-Bα_PDB_Bact.A_T_thermophilus_1PYS.pdb
 0.824840  0.553113 -0.117071   -42.523476
 0.527413 -0.678201  0.511741    29.584243
 0.203653 -0.483849 -0.851126    32.789859
>../../../../class2/pro1//data/domains/Catalytic_domain/structures/ProRS-A_AF_Arch_Candidatus_Nitrosopumilus_sediminis_gene13697692.pdb
-0.041924 -0.617902  0.785137    -0.328284
-0.662299 -0.571181 -0.484883    -0.728496
 0.748065 -0.540324 -0.385290     1.048697
>../../../../class2/pro1//data/domains/Catalytic_domain/structures/ProRS-A_AF_Arch_Halogeometricum_borinquense_DSM_11551_gene9994169.pdb
 0.994218 -0.105328 -0.020881    -0.562319
 0.105253  0.994435 -0.004622    -0.333973
 0.021252  0.002397  0.999771     1.674024
>../../../../class2/pro1//data/domains/Catalytic_domain/structures/ProRS-A_AF_Arch_Picrophilus_torridus_DSM_9790_gene2845069.pdb
 0.951450  0.293272  0.093460     0.447804
-0.248133  0.910458 -0.330903     1.465807
-0.182136  0.291647  0.939025     1.071442
>../../../../class2/pro1//data/domains/Catalytic_domain/structures/ProRS-A_AF_Arch_Sulfurisphaera_tokodaii_str_7_gene1459472.pdb
-0.009914 -0.002367  0.999948     0.058407
-0.105017 -0.994465 -0.003395    -0.172407
 0.994421 -0.105045  0.009611     1.002437
>../../../../class2/pro1//data/domains/Catalytic_domain/structures/ProRS-A_AF_Bact_Bacillus_anthracis_str_Ames_Ancestor_gene45020455.pdb
 0.005411  0.127018 -0.991886    -0.131788
 0.636402 -0.765539 -0.094561     0.325200
-0.771338 -0.630727 -0.084977     1.377652
>../../../../class2/pro1//data/domains/Catalytic_domain/structures/ProRS-A_AF_Bact_Mycoplasma_hyopneumoniae_168-L_gene57101275.pdb
 0.795240 -0.482279 -0.367423     0.513385
 0.604632  0.675682  0.421750    -1.761298
 0.044860 -0.557548  0.828932     0.175916
>../../../../class2/pro1//data/domains/Catalytic_domain/structures/ProRS-A_AF_Bact_Porphyromonas_gingivalis_ATCC_33277_gene29256199.pdb
 1.000000  0.000000  0.000000     0.000000
 0.000000  1.000000  0.000000     0.000000
 0.000000  0.000000  1.000000     0.000000
>../../../../class2/pro1//data/domains/Catalytic_domain/structures/ProRS-A_AF_Bact_Thermus_thermophilus_HB8_gene3169620.pdb
 0.932260 -0.307855 -0.190043     0.781800
 0.353006  0.889065  0.291462    -0.853360
 0.079233 -0.338805  0.937515     0.538601
>../../../../class2/pro1//data/domains/Catalytic_domain/structures/ProRS-A_AF_Euk_Cryptococcus_gattii_WM276_gene10188341.pdb
 0.897370 -0.353321 -0.264371     1.156054
 0.380904  0.922678  0.059805    -2.956397
 0.222800 -0.154367  0.962565     2.555098
>../../../../class2/pro1//data/domains/Catalytic_domain/structures/ProRS-A_AF_Euk_Ostreococcus_tauri_gene9837972.pdb
 0.741329 -0.586582 -0.326118     4.631375
 0.671114  0.652296  0.352302     0.845260
 0.006072 -0.480034  0.877229     5.709160
>../../../../class2/pro1//data/domains/Catalytic_domain/structures/ProRS-A_AF_Euk_Plasmodium_yoelii_gene3807174.pdb
-0.001842 -0.133529 -0.991043    -3.233851
 0.403700 -0.906798  0.121428     0.925403
-0.914890 -0.399860  0.055575     1.282155
>../../../../class2/pro1//data/domains/Catalytic_domain/structures/ProRS-A_AF_Euk_Scheffersomyces_stipitis_CBS_6054_gene4840393.pdb
 0.998858  0.023532 -0.041580     2.860428
-0.035523  0.947770 -0.316970    -4.453246
 0.031949  0.318085  0.947524     0.645903
>../../../../class2/pro1//data/domains/Catalytic_domain/structures/ProRS-A_AF_Mito_Mauremys_reevesii_gene120369760.pdb
 0.430923  0.758527 -0.488817    -1.542108
-0.402820 -0.323032 -0.856380    -0.521192
-0.807491  0.565938  0.166348    -1.536895
>../../../../class2/pro1//data/domains/Catalytic_domain/structures/ProRS-A_AF_Mito_Oryza_sativa_Japonica_Group_gene4342480.pdb
 0.874167 -0.443721 -0.197341     4.881103
 0.476421  0.862338  0.171451    -0.801987
 0.094098 -0.243894  0.965226     5.197433
>../../../../class2/pro1//data/domains/Catalytic_domain/structures/ProRS-A_PDB_Arch_M_janacshii_1nj8.pdb
 0.219296  0.875262  0.431074   -79.918255
 0.807289  0.085336 -0.583953   -57.694108
-0.547899  0.476061 -0.687876    60.241061
