>structures/AsxRS_AF_Arch_Candidatus_Korarchaeum_cryptofilum_OPF8_gene6094477.pdb
 0.501646  0.665800 -0.552324     5.259115
-0.825592  0.177786 -0.535528    -8.163528
-0.258359  0.724639  0.638865    11.149609
>structures/AsxRS_AF_Arch_Candidatus_Methanomassiliicoccus_intestinalis_Issoire-Mx1_gene16154831.pdb
 0.623573  0.607936 -0.491498     4.541724
-0.779165  0.432072 -0.454110    -7.489739
-0.063707  0.666129  0.743111    10.221057
>structures/AsxRS_AF_Arch_Candidatus_Nitrosopumilus_koreensis_AR1_gene13725312.pdb
 0.828672  0.458732 -0.320728     8.069519
-0.516512  0.847491 -0.122370   -11.500529
 0.215679  0.267065  0.939233    15.105559
>structures/AsxRS_AF_Arch_Methanobacterium_lacus_gene10277817.pdb
 0.947070  0.032784 -0.319348     8.724474
 0.093022  0.924069  0.370734    -9.446340
 0.307254 -0.380817  0.872108    16.532456
>structures/AsxRS_AF_Bact_Candidatus_Liptonbacteria_bacterium_proteinMBI4085034.1.pdb
-0.811794  0.258570  0.523577     0.879418
 0.547524  0.648739  0.528541    -5.642403
-0.202999  0.715737 -0.668216     3.223874
>structures/AsxRS_AF_Bact_Clostridium_acetobutylicum_DSM_1731_gene45000055.pdb
 0.354176  0.317867 -0.879500     3.929793
-0.799565 -0.384845 -0.461076    -6.493213
-0.485032  0.866519  0.117853     9.080346
>structures/AsxRS_AF_Bact_Spirochaetes_bacterium_GWE1_32_154_proteinOHD39701.1.pdb
 0.927233  0.298575 -0.226034     4.848284
-0.238399  0.936110  0.258580    -8.112392
 0.288798 -0.185877  0.939173    10.883409
>structures/AsxRS_AF_Bact_Tropheryma_whipplei_TW08_27_gene67388547.pdb
-0.460308 -0.522516  0.717701     3.215586
-0.659275 -0.340218 -0.670528    -9.242918
 0.594536 -0.781811 -0.187876    10.043661
>structures/AsxRS_AF_Euk_Caenorhabditis_elegans_gene176334.pdb
 0.218492  0.368801 -0.903464     2.824202
-0.778353 -0.492556 -0.389301    -5.597183
-0.588581  0.788273  0.179438    13.660636
>structures/AsxRS_AF_Euk_Cryptococcus_neoformans_var_neoformans_JEC21_gene3258977.pdb
 0.999992 -0.000890  0.003774    -0.129248
 0.000863  0.999973  0.007279    -0.006218
-0.003780 -0.007276  0.999966    -0.146482
>structures/AsxRS_AF_Euk_Thalassiosira_pseudonana_CCMP1335_gene7443135.pdb
 0.286034  0.453633 -0.844039     4.355751
-0.817569 -0.343872 -0.461879    -6.902892
-0.499765  0.822174  0.272517    12.527510
>structures/AsxRS_AF_Euk_Theileria_orientalis_strain_Shintoku_gene20715543.pdb
 0.170508  0.248380 -0.953538     2.011661
-0.757973 -0.585268 -0.287990    -4.857569
-0.629606  0.771861  0.088473    13.394913
>structures/AsxRS_PDB_Arch_T_kodarensis_1b8a.pdb
-0.704030  0.121187  0.699754     4.669694
-0.166585  0.929660 -0.328605    -1.824361
-0.690356 -0.347916 -0.634321    59.599218
>structures/AsxRS_PDB_Bact_T_thermophilus_1n9w.pdb
-0.333129 -0.481970  0.810389   -36.845803
-0.442651  0.838822  0.316918    -9.819955
-0.832517 -0.253145 -0.492780    69.329577
>structures/AsxRS_PDB_Euk_S_cerevisiae_1EOV.pdb
-0.515575 -0.840663  0.165737     4.812923
-0.413910  0.074990 -0.907224    40.155674
 0.750241 -0.536342 -0.386621    43.026709
