>../../../../class2/his//data/domains/Catalytic_domain/structures/HisRS_AF_Arch_Candidatus_Methanomassiliicoccus_intestinalis_Issoire-Mx1_gene16154026.pdb
 1.000000  0.000000  0.000000     0.000000
 0.000000  1.000000  0.000000     0.000000
 0.000000  0.000000  1.000000     0.000000
>../../../../class2/his//data/domains/Catalytic_domain/structures/HisRS_AF_Arch_Candidatus_Nitrosopumilus_koreensis_AR1_gene13725657.pdb
-0.976381 -0.192695  0.097719    -3.663271
-0.199407  0.977808 -0.064257    -1.131768
-0.083168 -0.082225 -0.993138     0.622886
>../../../../class2/his//data/domains/Catalytic_domain/structures/HisRS_AF_Arch_Desulfurococcus_amylolyticus_1221n_gene7171287.pdb
-0.322405  0.469879  0.821748    -5.280527
 0.622790 -0.548464  0.557960     1.156139
 0.712873  0.691665 -0.115809     0.704842
>../../../../class2/his//data/domains/Catalytic_domain/structures/HisRS_AF_Arch_Methanoregula_formicica_SMSP_gene14310605.pdb
 0.929490 -0.345635 -0.128780    -0.264639
 0.368777  0.864049  0.342670     1.962561
-0.007166 -0.365999  0.930587     1.801530
>../../../../class2/his//data/domains/Catalytic_domain/structures/HisRS_AF_Bact_Chlamydia_muridarum_str_Nigg_gene1246198.pdb
-0.718157 -0.691322 -0.079531    -3.573935
-0.527712  0.615536 -0.585350     0.389760
 0.453619 -0.378404 -0.806871    -1.741631
>../../../../class2/his//data/domains/Catalytic_domain/structures/HisRS_AF_Bact_Lacticaseibacillus_paracasei_gene61269730.pdb
-0.908829  0.380127  0.171855    -7.157221
 0.408040  0.724289  0.555796     3.283184
 0.086800  0.575247 -0.813361    -2.445142
>../../../../class2/his//data/domains/Catalytic_domain/structures/HisRS_AF_Bact_Paracoccus_denitrificans_PD1222_gene75501415.pdb
-0.184011  0.151419  0.971191    -3.701220
 0.592501 -0.771285  0.232512    -0.851031
 0.784272  0.618217  0.052209     0.559276
>../../../../class2/his//data/domains/Catalytic_domain/structures/HisRS_AF_Bact_Prochlorococcus_marinus_subsp_marinus_str_CCMP1375_gene54200127.pdb
-0.099645  0.385553  0.917289    -1.940806
 0.368183 -0.842157  0.393969     5.996390
 0.924398  0.376988 -0.058037     3.563762
>../../../../class2/his//data/domains/Catalytic_domain/structures/HisRS_AF_Bact_Streptobacillus_moniliformis_DSM_12112_gene29674169.pdb
-0.919063  0.376507  0.116474    -8.598536
 0.384114  0.789599  0.478529     1.733759
 0.088202  0.484537 -0.870313    -1.699132
>../../../../class2/his//data/domains/Catalytic_domain/structures/HisRS_AF_Bact_Streptomyces_albidoflavus_gene15149169.pdb
-0.994178  0.099004 -0.042533    -2.657731
 0.057771  0.822936  0.565189     1.308013
 0.090958  0.559441 -0.823864    -0.271114
>../../../../class2/his//data/domains/Catalytic_domain/structures/HisRS_AF_Bact_Thermus_thermophilus_HB8_gene3168691.pdb
-0.795186  0.520762  0.310623    -6.119968
 0.596345  0.578891  0.556110     3.144081
 0.109784  0.627449 -0.770880    -2.894373
>../../../../class2/his//data/domains/Catalytic_domain/structures/HisRS_AF_Bact_Treponema_denticola_ATCC_35405_gene2741405.pdb
-0.323847 -0.666912  0.671083    -1.879233
-0.802029 -0.182741 -0.568644     2.092736
 0.501869 -0.722381 -0.475702    -0.626448
>../../../../class2/his//data/domains/Catalytic_domain/structures/HisRS_AF_Euk_Arabidopsis_thaliana_gene823753.pdb
-0.995799  0.065270  0.064224    -3.647734
 0.090462  0.809980  0.579439     0.662940
-0.014200  0.582814 -0.812481     0.228845
>../../../../class2/his//data/domains/Catalytic_domain/structures/HisRS_AF_Euk_Cryptococcus_gattii_WM276_gene10186972.pdb
-0.099818  0.541882 -0.834506    -4.659899
-0.198027 -0.832736 -0.517046     1.282633
-0.975101  0.113644  0.190429     0.577437
>../../../../class2/his//data/domains/Catalytic_domain/structures/HisRS_AF_Euk_Plasmodium_falciparum_3D7_gene812010.pdb
-0.736882  0.268657  0.620345     6.839289
 0.174598  0.962141 -0.209283    -9.937415
-0.653085 -0.045906 -0.755892     2.859782
>../../../../class2/his//data/domains/Catalytic_domain/structures/HisRS_AF_Euk_Platysiphonia_delicata_gene33353157.pdb
-0.916568  0.372443  0.145563    -9.530320
 0.388667  0.744156  0.543295     3.499349
 0.094025  0.554542 -0.826826    -2.193642
>../../../../class2/his//data/domains/Catalytic_domain/structures/HisRS_AF_Mito_Fusarium_fujikuroi_IMI_58289_gene35396474.pdb
-0.877077 -0.478494  0.042192    -7.532151
-0.477663  0.859522 -0.181825    -3.974034
 0.050737 -0.179628 -0.982425    -1.656873
>../../../../class2/his//data/domains/Catalytic_domain/structures/HisRS_AF_Mito_Rattus_rattus_gene116884285.pdb
 0.957835 -0.152299  0.243632    -6.666758
 0.121361  0.983053  0.137398     0.577603
-0.260429 -0.102038  0.960086     1.708208
>../../../../class2/his//data/domains/Catalytic_domain/structures/HisRS_PDB_Arch_T_acidophilum_1WU7.pdb
-0.347052  0.931681  0.107360   -52.127698
-0.265266  0.012283 -0.964097    70.907912
-0.899549 -0.363071  0.242880     8.926290
>../../../../class2/his//data/domains/Catalytic_domain/structures/HisRS_PDB_Bact_B_thailandensis_4e51.pdb
 0.492892  0.676790 -0.546821    18.547515
-0.685325  0.689189  0.235260    -6.361392
 0.536085  0.258793  0.803517   -39.621741
>../../../../class2/his//data/domains/Catalytic_domain/structures/HisRS_PDB_Bact_E_coli_1HTT.pdb
 0.171545 -0.975064 -0.140790    18.085792
-0.983036 -0.160001 -0.089664    -8.092058
 0.064901  0.153783 -0.985971    22.096269
>../../../../class2/phe4//data/domains/Catalytic_domain/structures/PheRS-Aβ_AF_Arch_Candidatus_Nitrosopumilus_koreensis_AR1_gene13724457.pdb
-0.471522  0.056008  0.880074    31.684914
 0.128195  0.991733  0.005570    -0.294491
-0.872487  0.115447 -0.474804    12.916348
>../../../../class2/phe4//data/domains/Catalytic_domain/structures/PheRS-Aβ_AF_Arch_Halalkalicoccus_jeotgali_B3_gene9420006.pdb
-0.809466  0.039694  0.585823    30.509168
-0.309558 -0.876643 -0.368335     1.987688
 0.498937 -0.479501  0.721900    12.513308
>../../../../class2/phe4//data/domains/Catalytic_domain/structures/PheRS-Aβ_AF_Arch_Sulfolobus_islandicus_YG5714_gene7807969.pdb
-0.330645  0.199718  0.922381    30.089681
 0.116091  0.978537 -0.170262    -3.587572
-0.936588  0.050784 -0.346734    12.991307
>../../../../class2/phe4//data/domains/Catalytic_domain/structures/PheRS-Aβ_AF_Arch_Thermoplasma_volcanium_GSS1_gene1441711.pdb
 0.702600 -0.360193 -0.613689    33.013706
-0.637263 -0.702238 -0.317423     1.538006
-0.316622  0.614102 -0.722931    11.230850
>../../../../class2/phe4//data/domains/Catalytic_domain/structures/PheRS-Aβ_AF_Euk_Astyanax_mexicanus_gene103044481.pdb
 0.459340 -0.099480 -0.882672    29.737658
-0.643077  0.648244 -0.407715    -5.457179
 0.612747  0.754906  0.233791    17.003315
>../../../../class2/phe4//data/domains/Catalytic_domain/structures/PheRS-Aβ_AF_Euk_Didymosphenia_geminata_gene19740299.pdb
-0.526637  0.163204  0.834277    24.784554
-0.684414  0.500695 -0.529983     6.626681
-0.504214 -0.850100 -0.151985     8.409153
>../../../../class2/phe4//data/domains/Catalytic_domain/structures/PheRS-Aβ_AF_Euk_Drosophila_melanogaster_gene42888.pdb
-0.865414  0.427296  0.261682    27.359680
-0.329866 -0.092749 -0.939461    -4.197674
-0.377157 -0.899342  0.221216    15.379798
>../../../../class2/phe4//data/domains/Catalytic_domain/structures/PheRS-Aβ_AF_Euk_Gracilariopsis_tenuifrons_gene68635617.pdb
 0.826341  0.375365 -0.419837    27.468982
 0.310846  0.317639  0.895813    -2.347781
 0.469613 -0.870751  0.145797     0.985217
>../../../../class2/phe4//data/domains/Catalytic_domain/structures/PheRS-Aβ_PDB_Euk.B_H_sapiens_3L4G.pdb
 0.605756 -0.774762  0.181120    70.437310
 0.791557  0.563755 -0.235834   -89.477383
 0.080608  0.286225  0.954766   -32.623641
