>../../../../class2/gly1//data/domains/Catalytic_domain/structures/GlyRS-A_AF_Arch_Candidatus_Nitrosopumilus_sediminis_gene13697160.pdb
 0.106622 -0.404904  0.908121     0.154209
-0.364837 -0.865554 -0.343090    -0.504353
 0.924947 -0.294735 -0.240011     1.788375
>../../../../class2/gly1//data/domains/Catalytic_domain/structures/GlyRS-A_AF_Arch_Candidatus_Woesearchaeota_archaeon_proteinMBT4248212.1.pdb
-0.834108  0.535386  0.132765    -0.246491
 0.439880  0.500387  0.745733    -1.944759
 0.332821  0.680422 -0.652882    -0.061500
>../../../../class2/gly1//data/domains/Catalytic_domain/structures/GlyRS-A_AF_Arch_Sulfolobus_islandicus_YN1551_gene7810979.pdb
 0.907680 -0.389186  0.157007     2.289138
 0.369207  0.918417  0.142115    -0.265028
-0.199507 -0.071027  0.977319     3.001223
>../../../../class2/gly1//data/domains/Catalytic_domain/structures/GlyRS-A_AF_Arch_Thermoplasma_acidophilum_DSM_1728_gene1455843.pdb
 0.079775 -0.592183  0.801845     0.161627
-0.596870 -0.672641 -0.437380    -0.310151
 0.798362 -0.443705 -0.407116     1.697552
>../../../../class2/gly1//data/domains/Catalytic_domain/structures/GlyRS-A_AF_Bact_Capnocytophaga_ochracea_DSM_7271_gene29675716.pdb
 0.999984 -0.001289 -0.005542    -0.027143
 0.001357  0.999923  0.012329    -0.199412
 0.005525 -0.012337  0.999909     0.141139
>../../../../class2/gly1//data/domains/Catalytic_domain/structures/GlyRS-A_AF_Bact_Corynebacterium_ulcerans_809_gene75260805.pdb
-0.777378 -0.555890  0.294397     3.851031
-0.608412  0.783316 -0.127479    -2.761237
-0.159742 -0.278215 -0.947143     1.245977
>../../../../class2/gly1//data/domains/Catalytic_domain/structures/GlyRS-A_AF_Bact_Treponema_denticola_ATCC_35405_gene2741635.pdb
 0.251988 -0.495777 -0.831088     2.453247
 0.914694 -0.158383  0.371820    -2.717967
-0.315970 -0.853885  0.413574    -0.759961
>../../../../class2/gly1//data/domains/Catalytic_domain/structures/GlyRS-A_PDB_Bact_T_thermophilus_1ati.pdb
-0.326286  0.937943  0.117478   -27.967936
-0.066053  0.101352 -0.992655    29.686510
-0.942961 -0.331649  0.028884    36.411960
>../../../../class2/phe1//data/domains/Catalytic_domain/structures/PheRS-Bα_AF_Bact_Brachyspira_pilosicoli_95_1000_gene56440383.pdb
 0.923766  0.281879  0.259230     0.461673
-0.381368  0.738724  0.555739    -9.015337
-0.034848 -0.612235  0.789908    -1.038317
>../../../../class2/phe1//data/domains/Catalytic_domain/structures/PheRS-Bα_AF_Bact_Chlamydia_psittaci_6BC_gene12243227.pdb
 0.783494 -0.447879 -0.430745     3.428354
 0.500013  0.042825  0.864959    -8.043584
-0.368950 -0.893068  0.257498     0.855833
>../../../../class2/phe1//data/domains/Catalytic_domain/structures/PheRS-Bα_AF_Bact_Ferrimonas_balearica_DSM_9799_gene67181906.pdb
-0.992152 -0.017349 -0.123829     4.749014
-0.047692  0.967967  0.246505    -5.516289
 0.115586  0.250476 -0.961198    -0.163797
>../../../../class2/phe1//data/domains/Catalytic_domain/structures/PheRS-Bα_AF_Bact_Mycobacterium_intracellulare_ATCC_13950_gene11909689.pdb
-0.317271  0.400945  0.859408     8.470608
 0.503739 -0.696557  0.510936     0.723691
 0.803484  0.595022  0.019025     0.569922
>../../../../class2/phe1//data/domains/Catalytic_domain/structures/PheRS-Bα_AF_Bact_Mycoplasma_capricolum_subsp_capricolum_ATCC_27343_gene23778662.pdb
-0.956539 -0.286904  0.052140     3.343054
-0.290191  0.954144 -0.073478    -7.923996
-0.028668 -0.085415 -0.995933    -2.329677
>../../../../class2/phe1//data/domains/Catalytic_domain/structures/PheRS-Bα_AF_Bact_Porphyromonas_gingivalis_ATCC_33277_gene29256875.pdb
 0.902169 -0.323312  0.285587    -1.043078
-0.017660  0.633792  0.773302    -7.199469
-0.431020 -0.702693  0.566078     1.527959
>../../../../class2/phe1//data/domains/Catalytic_domain/structures/PheRS-Bα_AF_Bact_Prochlorococcus_marinus_subsp_marinus_str_CCMP1375_gene54200681.pdb
-0.161099 -0.469919  0.867884    10.502572
-0.706009 -0.559601 -0.434049    -2.020086
 0.689637 -0.682659 -0.241616     0.211057
>../../../../class2/phe1//data/domains/Catalytic_domain/structures/PheRS-Bα_AF_Bact_Staphylococcus_argenteus_gene66839332.pdb
-0.450835 -0.730838  0.512469     7.709873
-0.844595  0.163516 -0.509825    -9.023621
 0.288803 -0.662676 -0.690980     1.359426
>../../../../class2/phe1//data/domains/Catalytic_domain/structures/PheRS-Bα_PDB_Bact.A_E_coli_3PCO.pdb
-0.499493  0.278925  0.820187   -59.739157
-0.847504 -0.353562 -0.395892    -4.359988
 0.179563 -0.892858  0.412992   -19.616856
>../../../../class2/phe1//data/domains/Catalytic_domain/structures/PheRS-Bα_PDB_Bact.A_T_thermophilus_1PYS.pdb
 0.391354 -0.618404 -0.681483    35.745997
-0.253371  0.639517 -0.725825   -27.389187
 0.884673  0.456722  0.093592   -39.187273
