>../../../../class1/gln//data/domains/Catalytic_domain/structures/GlnRS_AF_Bact_Anaerostipes_hadrus_gene15230984.pdb
-0.929429  0.357617 -0.090947     1.133233
 0.139168  0.567987  0.811187     2.809646
 0.341751  0.741284 -0.577672    -1.847453
>../../../../class1/gln//data/domains/Catalytic_domain/structures/GlnRS_AF_Bact_Cutibacterium_avidum_44067_gene29843447.pdb
-0.754168  0.603063  0.259897     1.736480
 0.287230 -0.052971  0.956396     2.129718
 0.590534  0.795933 -0.133269    -1.917168
>../../../../class1/gln//data/domains/Catalytic_domain/structures/GlnRS_AF_Bact_Pasteurella_multocida_subsp_multocida_str_Pm70_gene1243875.pdb
-0.649350  0.612282  0.451060     0.852273
 0.604826  0.056241  0.794369     1.556344
 0.461010  0.788636 -0.406845    -3.273523
>../../../../class1/gln//data/domains/Catalytic_domain/structures/GlnRS_AF_Bact_Porphyromonas_gingivalis_ATCC_33277_gene29257033.pdb
-0.983021  0.090720 -0.159500     1.149771
-0.014898  0.826905  0.562144     2.006139
 0.182889  0.554976 -0.811513    -0.797860
>../../../../class1/gln//data/domains/Catalytic_domain/structures/GlnRS_AF_Bact_Thermus_thermophilus_HB8_gene3168786.pdb
 0.845107 -0.524567 -0.103069     1.346111
 0.495416  0.696026  0.519722     2.523200
-0.200890 -0.490283  0.848096     0.484432
>../../../../class1/gln//data/domains/Catalytic_domain/structures/GlnRS_AF_Euk_Arabidopsis_thaliana_gene832718.pdb
 0.715370  0.600943 -0.356529    -2.673560
-0.594936  0.256233 -0.761837     3.296047
-0.366467  0.757107  0.540824    -7.130399
>../../../../class1/gln//data/domains/Catalytic_domain/structures/GlnRS_AF_Euk_Candida_dubliniensis_CD36_gene8049124.pdb
-0.956563  0.236005  0.171142     0.817941
 0.258078  0.412495  0.873638    -0.826130
 0.135588  0.879858 -0.455485     0.829826
>../../../../class1/gln//data/domains/Catalytic_domain/structures/GlnRS_AF_Euk_Encephalitozoon_romaleae_SJ-2008_gene20564565.pdb
 1.000000  0.000000  0.000000    -0.000000
 0.000000  1.000000  0.000000    -0.000000
 0.000000  0.000000  1.000000     0.000000
>../../../../class1/gln//data/domains/Catalytic_domain/structures/GlnRS_AF_Euk_Myodes_glareolus_gene125393344.pdb
-0.065939 -0.130220  0.989290    -4.818014
-0.619664 -0.771751 -0.142888     2.428290
 0.782092 -0.622450 -0.029804    -5.457167
>../../../../class1/gln//data/domains/Catalytic_domain/structures/GlnRS_AF_Mito_Cyanidioschyzon_merolae_strain_10D_gene16997184.pdb
 0.886547 -0.462540  0.009519     2.749037
 0.437731  0.845301  0.306363    -1.340031
-0.149751 -0.267438  0.951867     1.453658
>../../../../class1/gln//data/domains/Catalytic_domain/structures/GlnRS_Bact_D_radio_2HZ7.pdb
 0.735541 -0.486844 -0.471128    36.804332
-0.676563 -0.491685 -0.548187    81.262345
 0.035235  0.721962 -0.691035    14.043308
>../../../../class1/gln//data/domains/Catalytic_domain/structures/GlnRS_Bact_E_coli_1QTQ.pdb
-0.140962 -0.712674  0.687187     8.824912
 0.763312 -0.520267 -0.382985   -14.273762
 0.630464  0.470552  0.617330   -43.129531
>../../../../class1/gln//data/domains/Catalytic_domain/structures/GlnRS_PDB_Euk_T_gondii_4P2B.pdb
 0.936280 -0.351250 -0.001929   -64.274892
 0.026287  0.075543 -0.996796    49.868606
 0.350271  0.933229  0.079962   -86.624513
>../../../../class1/leu2//data/domains/Catalytic_domain/structures/LeuRS-A_AF_Arch_Aciduliprofundum_boonei_T469_gene8828435.pdb
 0.606595 -0.344674  0.716409    -8.053015
-0.070521 -0.920907 -0.383349    -5.477529
 0.791877  0.182016 -0.582925     6.754370
>../../../../class1/leu2//data/domains/Catalytic_domain/structures/LeuRS-A_AF_Arch_Candidatus_Korarchaeum_cryptofilum_OPF8_gene6093520.pdb
 0.851782 -0.114913  0.511139    -8.025254
-0.042908  0.957069  0.286668   -10.083135
-0.522137 -0.266111  0.810283     6.930229
>../../../../class1/leu2//data/domains/Catalytic_domain/structures/LeuRS-A_AF_Arch_Candidatus_Nitrosopumilus_koreensis_AR1_gene13725794.pdb
-0.753775  0.616768 -0.226763    -8.082922
 0.554101  0.782057  0.285234    -8.925003
 0.353265  0.089353 -0.931246     5.505859
>../../../../class1/leu2//data/domains/Catalytic_domain/structures/LeuRS-A_AF_Arch_Methanobrevibacter_smithii_ATCC_35061_gene5216355.pdb
-0.710637  0.691502 -0.129697    -6.774827
 0.618340  0.701798  0.353745    -8.545398
 0.335636  0.171188 -0.926306     5.540218
>../../../../class1/leu2//data/domains/Catalytic_domain/structures/LeuRS-A_AF_Euk_Arabidopsis_thaliana_gene837489.pdb
-0.543147  0.703011 -0.459093    -5.570459
-0.530253 -0.711142 -0.461637    -8.461178
-0.651017 -0.007301  0.759028     7.711270
>../../../../class1/leu2//data/domains/Catalytic_domain/structures/LeuRS-A_AF_Euk_Leishmania_major_strain_Friedlin_gene5650139.pdb
-0.736753  0.606918 -0.298068    -7.872506
 0.512033  0.788689  0.340282    -6.932553
 0.441607  0.098083 -0.891831     8.778953
>../../../../class1/leu2//data/domains/Catalytic_domain/structures/LeuRS-A_AF_Euk_Neurospora_crassa_OR74A_gene3879366.pdb
-0.659056  0.749786 -0.058873    -8.229444
 0.656471  0.611695  0.441446    -8.209410
 0.367003  0.252289 -0.895354     7.259079
>../../../../class1/leu2//data/domains/Catalytic_domain/structures/LeuRS-A_PDB_Arch_P_hori_1WKB.pdb
-0.457065 -0.469580 -0.755372    67.216279
-0.889430  0.238993  0.389611    99.301965
-0.002425  0.849928 -0.526893   -20.009849
