>../../../../class2/asn//data/domains/Catalytic_domain/structures/AsnRS_AF_Arch_Candidatus_Korarchaeum_cryptofilum_OPF8_gene6094562.pdb
-0.516106  0.518693  0.681611     0.417793
 0.654985 -0.273792  0.704296     5.105271
 0.551933  0.809936 -0.198430     2.403329
>../../../../class2/asn//data/domains/Catalytic_domain/structures/AsnRS_AF_Arch_Candidatus_Nitrososphaera_gargensis_Ga92_gene13796664.pdb
 0.923724  0.176145 -0.340157     0.888919
-0.344450  0.770470 -0.536405     2.563132
 0.167596  0.612657  0.772375     2.834012
>../../../../class2/asn//data/domains/Catalytic_domain/structures/AsnRS_AF_Arch_Ferroplasma_acidarmanus_Fer1_gene16025664.pdb
 0.631929 -0.543104 -0.552905     4.377833
 0.765632  0.326722  0.554131     8.782355
-0.120304 -0.773493  0.622283     8.320235
>../../../../class2/asn//data/domains/Catalytic_domain/structures/AsnRS_AF_Arch_Pyrococcus_sp_ST04_gene13021535.pdb
 0.666422 -0.493368 -0.558990     4.648810
 0.744451  0.399175  0.535212     7.809905
-0.040921 -0.772818  0.633307     8.275147
>../../../../class2/asn//data/domains/Catalytic_domain/structures/AsnRS_AF_Bact_Clostridium_acetobutylicum_DSM_1731_gene44999755.pdb
 0.888357  0.270281 -0.371174    -0.867160
-0.433457  0.760310 -0.483781     3.231967
 0.151451  0.590658  0.792582     2.540673
>../../../../class2/asn//data/domains/Catalytic_domain/structures/AsnRS_AF_Bact_Mycoplasma_hyopneumoniae_168-L_gene57101291.pdb
 0.821158 -0.370748 -0.433873     5.679210
 0.548768  0.721688  0.421923     6.593317
 0.156694 -0.584561  0.796075     8.459177
>../../../../class2/asn//data/domains/Catalytic_domain/structures/AsnRS_AF_Bact_Porphyromonas_gingivalis_ATCC_33277_gene29256423.pdb
 0.753097 -0.410561 -0.514086     4.340946
 0.657808  0.483613  0.577414     6.757202
 0.011555 -0.773019  0.634278     6.920910
>../../../../class2/asn//data/domains/Catalytic_domain/structures/AsnRS_AF_Bact_Streptobacillus_moniliformis_DSM_12112_gene29673200.pdb
 0.861487  0.347125 -0.370600    -0.439652
-0.501020  0.699778 -0.509205     3.173423
 0.082580  0.624351  0.776767     2.467406
>../../../../class2/asn//data/domains/Catalytic_domain/structures/AsnRS_AF_Bact_Thermus_thermophilus_HB8_gene3168522.pdb
 0.864719 -0.369079 -0.340648     5.904537
 0.481064  0.803556  0.350536     6.121810
 0.144354 -0.466989  0.872401     9.136972
>../../../../class2/asn//data/domains/Catalytic_domain/structures/AsnRS_AF_Bact_Treponema_pallidum_subsp_pertenue_str_SamoaD_gene57879132.pdb
 0.919644  0.204116 -0.335546    -0.249671
-0.351430  0.809117 -0.470985     2.543635
 0.175360  0.551060  0.815832     2.366005
>../../../../class2/asn//data/domains/Catalytic_domain/structures/AsnRS_AF_Bact_unclassified_Blastocatellia_proteinRPI49177.1.pdb
 0.933410 -0.222192 -0.281739     5.461061
 0.277541  0.944746  0.174432     4.273701
 0.227415 -0.241011  0.943502     8.465415
>../../../../class2/asn//data/domains/Catalytic_domain/structures/AsnRS_AF_Euk_Candida_albicans_SC5314_gene3646227.pdb
 0.669874 -0.509177 -0.540378     1.833187
 0.737070  0.543698  0.401397     5.253100
 0.089421 -0.667182  0.739508    10.984448
>../../../../class2/asn//data/domains/Catalytic_domain/structures/AsnRS_AF_Euk_Cryptococcus_gattii_WM276_gene10190222.pdb
 0.628087 -0.516342 -0.582149    -0.562879
 0.751033  0.598006  0.279891     2.790584
 0.203609 -0.613009  0.763389    11.135028
>../../../../class2/asn//data/domains/Catalytic_domain/structures/AsnRS_AF_Euk_Encephalitozoon_intestinalis_ATCC_50506_gene9698489.pdb
 0.693370 -0.408050 -0.593913     4.384642
 0.718817  0.334036  0.609689     8.821461
-0.050395 -0.849656  0.524924     7.120869
>../../../../class2/asn//data/domains/Catalytic_domain/structures/AsnRS_AF_Euk_Vitis_vinifera_gene100257593.pdb
 0.877940  0.442253 -0.183397    -0.765381
-0.477236  0.777717 -0.409148     1.709483
-0.038316  0.446731  0.893848    -0.636509
>../../../../class2/asn//data/domains/Catalytic_domain/structures/AsnRS_AF_Mito_Solanum_lycopersicum_gene543755.pdb
 0.999999  0.001174 -0.000749    -0.051209
-0.001181  0.999958 -0.009131    -0.050718
 0.000738  0.009132  0.999958    -0.155853
>../../../../class2/asn//data/domains/Catalytic_domain/structures/AsnRS_AF_Mito_Zeugodacus_cucurbitae_gene105213230.pdb
-0.720972 -0.546151  0.426519     0.256523
-0.691643  0.529150 -0.491559    -0.582744
 0.042773 -0.649399 -0.759244     3.794692
>../../../../class2/asn//data/domains/Catalytic_domain/structures/AsnRS_PDB_Arch_P_horikoshii_1X54.pdb
 0.617416  0.241766  0.748563   -17.973641
-0.200471 -0.871820  0.446925    -8.177556
 0.760663 -0.426004 -0.489809    25.183541
>../../../../class2/asn//data/domains/Catalytic_domain/structures/AsnRS_PDB_Bact_E_anophelis_6pqh.pdb
 0.681640  0.192471 -0.705919   -30.233989
-0.629549 -0.337383 -0.699886   -44.276027
-0.372873  0.921481 -0.108804    -6.739182
>../../../../class2/asn//data/domains/Catalytic_domain/structures/AsnRS_PDB_Euk_S_cerevisiae_1asz.pdb
-0.300128  0.698811 -0.649297   -26.439971
-0.566123  0.417352  0.710860    30.610618
 0.767742  0.580931  0.270354   -90.272073
>../../../../class2/phe4//data/domains/Catalytic_domain/structures/PheRS-Aβ_AF_Arch_Candidatus_Nitrosopumilus_koreensis_AR1_gene13724457.pdb
-0.047437 -0.211573 -0.976210   -17.022925
 0.556775  0.805804 -0.201697   -11.038617
 0.829307 -0.553098  0.079574   -22.165244
>../../../../class2/phe4//data/domains/Catalytic_domain/structures/PheRS-Aβ_AF_Arch_Halalkalicoccus_jeotgali_B3_gene9420006.pdb
 0.994924 -0.078131 -0.063422   -16.706087
-0.098559 -0.629270 -0.770912    -8.497612
 0.020323  0.773250 -0.633776   -22.573070
>../../../../class2/phe4//data/domains/Catalytic_domain/structures/PheRS-Aβ_AF_Arch_Sulfolobus_islandicus_YG5714_gene7807969.pdb
-0.205808 -0.358868 -0.910416   -14.769585
 0.517900  0.749424 -0.412484   -13.661074
 0.830315 -0.556397  0.031620   -20.236874
>../../../../class2/phe4//data/domains/Catalytic_domain/structures/PheRS-Aβ_AF_Arch_Thermoplasma_volcanium_GSS1_gene1441711.pdb
-0.604080  0.766332  0.218683   -18.969784
-0.742648 -0.640866  0.194332    -9.950408
 0.289069 -0.045013  0.956249   -22.445283
>../../../../class2/phe4//data/domains/Catalytic_domain/structures/PheRS-Aβ_AF_Euk_Astyanax_mexicanus_gene103044481.pdb
 0.038605  0.309435  0.950137   -12.660139
-0.929028  0.361277 -0.079911   -15.972531
-0.367990 -0.879619  0.301421   -22.065528
>../../../../class2/phe4//data/domains/Catalytic_domain/structures/PheRS-Aβ_AF_Euk_Didymosphenia_geminata_gene19740299.pdb
 0.353569 -0.668023 -0.654778   -14.789294
-0.221318  0.620375 -0.752431    -1.472777
 0.908850  0.410951  0.071499   -19.077825
>../../../../class2/phe4//data/domains/Catalytic_domain/structures/PheRS-Aβ_AF_Euk_Drosophila_melanogaster_gene42888.pdb
 0.619600 -0.780296  0.085052   -11.478123
 0.177739  0.033935 -0.983492   -13.625045
 0.764529  0.624489  0.159715   -20.588857
>../../../../class2/phe4//data/domains/Catalytic_domain/structures/PheRS-Aβ_AF_Euk_Gracilariopsis_tenuifrons_gene68635617.pdb
-0.521039 -0.821039  0.233265   -18.419709
-0.201683  0.383985  0.901044    -7.881327
-0.829362  0.422433 -0.365661   -10.705955
>../../../../class2/phe4//data/domains/Catalytic_domain/structures/PheRS-Aβ_PDB_Euk.B_H_sapiens_3L4G.pdb
-0.653766  0.671109  0.349575   -52.075902
 0.417171  0.705085 -0.573431   -89.306507
-0.631315 -0.229056 -0.740928    43.292358
