>../../../../class2/lys//data/domains/Catalytic_domain/structures/LysRS-II_AF_Arch_Aciduliprofundum_boonei_T469_gene8827564.pdb
-0.929926 -0.249074  0.270554    -7.964952
-0.032295  0.788177  0.614601     2.531220
-0.366325  0.562796 -0.740990     6.667740
>../../../../class2/lys//data/domains/Catalytic_domain/structures/LysRS-II_AF_Arch_Archaeoglobus_sulfaticallidus_PM70-1_gene15393615.pdb
-0.821297  0.428301  0.376869   -12.191134
 0.298611 -0.240143  0.923668     7.781802
 0.486110  0.871143  0.069334     6.700948
>../../../../class2/lys//data/domains/Catalytic_domain/structures/LysRS-II_AF_Arch_Candidatus_Woesearchaeota_archaeon_proteinMBS3172198.1.pdb
-0.307332  0.593905  0.743521   -11.429870
-0.101683 -0.797358  0.594879     5.381223
 0.946154  0.107221  0.305444     6.068898
>../../../../class2/lys//data/domains/Catalytic_domain/structures/LysRS-II_AF_Arch_Thermogladius_calderae_1633_gene13013549.pdb
-0.687022 -0.572253  0.447804    -8.990896
-0.508689  0.818838  0.265970     2.295584
-0.518881 -0.045065 -0.853658     8.551575
>../../../../class2/lys//data/domains/Catalytic_domain/structures/LysRS-II_AF_Bact_Chlamydia_muridarum_str_Nigg_gene1245697.pdb
-0.686432 -0.531769  0.496018    -7.421467
-0.465195  0.845381  0.262536     2.922205
-0.558932 -0.050532 -0.827672     8.191077
>../../../../class2/lys//data/domains/Catalytic_domain/structures/LysRS-II_AF_Bact_Cupriavidus_taiwanensis_LMG_19424_gene29762375.pdb
-0.790228  0.452451  0.413313   -14.570889
 0.272859 -0.344127  0.898401     8.583915
 0.548714  0.822718  0.148483     8.790985
>../../../../class2/lys//data/domains/Catalytic_domain/structures/LysRS-II_AF_Bact_Leuconostoc_gelidum_JB7_gene61037106.pdb
-0.868166  0.302620  0.393330   -11.229427
 0.269041 -0.378996  0.885426     3.340730
 0.417018  0.874519  0.247614     8.733209
>../../../../class2/lys//data/domains/Catalytic_domain/structures/LysRS-II_AF_Bact_Mycobacterium_intracellulare_ATCC_13950_gene11907187.pdb
-0.876937  0.364816  0.312876   -14.461564
 0.274607 -0.153926  0.949156     8.134231
 0.394427  0.918268  0.034802     7.578142
>../../../../class2/lys//data/domains/Catalytic_domain/structures/LysRS-II_AF_Bact_Mycoplasma_hyopneumoniae_168-L_gene57101062.pdb
-0.848888  0.302930  0.433154   -10.270112
 0.314289 -0.369602  0.874423     1.813237
 0.424984  0.878423  0.218543     7.764235
>../../../../class2/lys//data/domains/Catalytic_domain/structures/LysRS-II_AF_Bact_Porphyromonas_gingivalis_ATCC_33277_gene29256363.pdb
-0.936010 -0.345483  0.067282    -7.343694
-0.205934  0.692568  0.691333     1.647898
-0.285441  0.633239 -0.719397     5.582686
>../../../../class2/lys//data/domains/Catalytic_domain/structures/LysRS-II_AF_Bact_Prochlorococcus_marinus_subsp_marinus_str_CCMP1375_gene54201108.pdb
-0.944726  0.217765  0.245092   -10.020069
 0.223655 -0.118555  0.967431     2.858971
 0.239729  0.968774  0.063298     8.730580
>../../../../class2/lys//data/domains/Catalytic_domain/structures/LysRS-II_AF_Bact_Streptobacillus_moniliformis_DSM_12112_gene29673899.pdb
-0.964141  0.194284  0.180794   -15.240968
 0.211231  0.149349  0.965959     6.907854
 0.160669  0.969509 -0.185033     6.088844
>../../../../class2/lys//data/domains/Catalytic_domain/structures/LysRS-II_AF_Euk_Ostreococcus_tauri_gene9837657.pdb
-0.777917  0.486939  0.397159   -13.383840
 0.242876 -0.349922  0.904746     9.061075
 0.579530  0.800278  0.153944     7.516370
>../../../../class2/lys//data/domains/Catalytic_domain/structures/LysRS-II_AF_Euk_Solanum_lycopersicum_gene778357.pdb
 0.112019  0.210008 -0.971261   -10.949637
 0.624861 -0.774876 -0.095478     5.632099
-0.772658 -0.596208 -0.218026     9.765249
>../../../../class2/lys//data/domains/Catalytic_domain/structures/LysRS-II_AF_Euk_Theileria_annulata_gene3864794.pdb
 0.359226  0.550944 -0.753271   -14.910682
 0.216666 -0.834329 -0.506904     6.286359
-0.907751  0.018885 -0.419083     9.508852
>../../../../class2/lys//data/domains/Catalytic_domain/structures/LysRS-II_AF_Euk_Zootoca_vivipara_gene118086243.pdb
-0.175983  0.231256  0.956844    -9.645499
-0.436410 -0.889602  0.134740     3.945206
 0.882370 -0.393864  0.257478    11.999958
>../../../../class2/lys//data/domains/Catalytic_domain/structures/LysRS-II_AF_Mito_Malus_domestica_gene103446975.pdb
-0.702984  0.545393  0.456465   -13.944775
 0.174572 -0.489860  0.854144     8.765307
 0.689448  0.680135  0.249153     9.221710
>../../../../class2/lys//data/domains/Catalytic_domain/structures/LysRS-II_AF_Mito_Scheffersomyces_stipitis_CBS_6054_gene4837999.pdb
-0.780845  0.413474  0.468316   -13.903339
 0.236039 -0.498807  0.833953     8.890232
 0.578417  0.761729  0.291895     9.919702
>../../../../class2/lys//data/domains/Catalytic_domain/structures/LysRS-II_PDB_Bact_G_stearothermophilus_3E9H.pdb
 0.448478 -0.269433  0.852216   -86.649991
 0.188264 -0.903614 -0.384757   -73.720175
 0.873741  0.332997 -0.354527    -8.522886
>../../../../class2/sep//data/domains/Catalytic_domain/structures/SepRS_AF_Arch_Methanothrix_thermoacetophila_PT_gene4462697.pdb
-0.948915  0.227731 -0.218402    -4.427660
-0.105459  0.423465  0.899753     7.552005
 0.297388  0.876821 -0.377816     0.852475
>../../../../class2/sep//data/domains/Catalytic_domain/structures/SepRS_AF_Arch_unclassified_Candidatus_Bathyarchaeota_proteinUCD26266.1.pdb
 1.000000  0.000000  0.000000     0.000000
 0.000000  1.000000  0.000000     0.000000
 0.000000  0.000000  1.000000     0.000000
>../../../../class2/sep//data/domains/Catalytic_domain/structures/SepRS_AF_Arch_unclassified_Lokiarchaeota_proteinTFF69421.1.pdb
 0.159021  0.961263 -0.225133    -2.112843
-0.118439 -0.207813 -0.970972    -0.844195
-0.980145  0.181069  0.080805    -4.093257
>../../../../class2/sep//data/domains/Catalytic_domain/structures/SepRS_AF_Arch_unclassified_Thermoprotei_proteinRLF12424.1.pdb
 0.284400 -0.693826 -0.661606     0.194013
 0.948830  0.302500  0.090635     4.052536
 0.137251 -0.653529  0.744354     2.070863
>../../../../class2/sep//data/domains/Catalytic_domain/structures/SepRS_PDB_Arch_2DU4_A_fulgidus.pdb
-0.665902 -0.546753  0.507578    60.111867
 0.737445 -0.585374  0.336916    27.330444
 0.112913  0.598664  0.793002   -26.938858
>../../../../class2/sep//data/domains/Catalytic_domain/structures/SepRS_PDB_Arch_2ODR_M_maripadulis.pdb
-0.371382  0.426775 -0.824584    42.274443
-0.636997 -0.763244 -0.108133    60.643345
-0.675507  0.485099  0.555309    25.237965
