>structures/ThrRS_AF_Arch_Candidatus_Methanomethylophilus_alvus_Mx1201_gene15140074.pdb
 0.066363  0.879449 -0.471344     2.924781
-0.225315 -0.446976 -0.865706    -1.997580
-0.972023  0.163651  0.168490     1.066212
>structures/ThrRS_AF_Arch_Candidatus_Nitrosopumilus_koreensis_AR1_gene13725077.pdb
-0.528544 -0.521973  0.669466     0.620540
 0.164596 -0.836670 -0.522390    -2.056903
 0.832796 -0.165915  0.528132     8.739765
>structures/ThrRS_AF_Arch_Pyrococcus_furiosus_DSM_3638_gene1469226.pdb
-0.529253 -0.465929  0.709085    -0.278652
 0.428608 -0.868073 -0.250490    -0.994999
 0.732248  0.171347  0.659131     7.026933
>structures/ThrRS_AF_Arch_Sulfolobus_islandicus_M164_gene7940156.pdb
 0.672768 -0.365471 -0.643284     3.671398
 0.551253 -0.332301  0.765308    -8.013223
-0.493462 -0.869487 -0.022094     4.071944
>structures/ThrRS_AF_Bact_Bifidobacterium_longum_subsp_longum_JCM_1217_gene69578309.pdb
 0.222689 -0.910655  0.348019     1.587127
 0.962514  0.148675 -0.226854     1.976211
 0.154844  0.385491  0.909626     1.276385
>structures/ThrRS_AF_Bact_Brachyspira_pilosicoli_95_1000_gene56439092.pdb
 0.898885 -0.267460 -0.347088     3.888538
 0.422516  0.738972  0.524786     1.159774
 0.116129 -0.618373  0.777257    -1.041107
>structures/ThrRS_AF_Bact_Brucella_abortus_2308_gene3787745.pdb
-0.563304 -0.805734  0.182980     3.654700
-0.826213  0.547196 -0.133973     1.853852
 0.007821 -0.226649 -0.973945    -0.705293
>structures/ThrRS_AF_Bact_Lactobacillus_acidophilus_La-14_gene56943112.pdb
-0.144241  0.650160  0.745980     2.002971
 0.411231 -0.646298  0.642797     4.826480
 0.900046  0.399488 -0.174143    -0.011471
>structures/ThrRS_AF_Bact_Mycoplasma_hyopneumoniae_168-L_gene57101460.pdb
 0.531819  0.586362 -0.611022     0.654983
-0.455853 -0.409853 -0.790075    -2.834142
-0.713699  0.698713  0.049327     1.044863
>structures/ThrRS_AF_Bact_Porphyromonas_gingivalis_ATCC_33277_gene29256174.pdb
 1.000000  0.000000  0.000000     0.000000
 0.000000  1.000000  0.000000     0.000000
 0.000000  0.000000  1.000000     0.000000
>structures/ThrRS_AF_Bact_Prochlorococcus_marinus_subsp_marinus_str_CCMP1375_gene54200406.pdb
-0.990753  0.104630 -0.086381     1.139606
 0.055748 -0.266507 -0.962219     2.672472
-0.123698 -0.958137  0.258209     3.009925
>structures/ThrRS_AF_Bact_Streptobacillus_moniliformis_DSM_12112_gene29674242.pdb
-0.381790  0.027321  0.923845     2.971396
 0.180660 -0.978076  0.103585     2.011180
 0.906421  0.206450  0.368484     1.125758
>structures/ThrRS_AF_Euk_Arabidopsis_thaliana_gene832741.pdb
-0.027522 -0.426095  0.904260    -2.408539
 0.983447 -0.173609 -0.051874     1.441487
 0.179091  0.887864  0.423820     3.200452
>structures/ThrRS_AF_Euk_Cryptococcus_gattii_WM276_gene10188143.pdb
-0.156041 -0.842353  0.515841    -1.189686
 0.882744 -0.353244 -0.309809     2.282634
 0.443187  0.407013  0.798703     0.403772
>structures/ThrRS_AF_Euk_Cyanidioschyzon_merolae_strain_10D_gene16997242.pdb
-0.602319 -0.733082  0.315914     0.262441
-0.740017  0.364397 -0.565323     2.585043
 0.299310 -0.574286 -0.761977     0.684257
>structures/ThrRS_AF_Mito_Cyanidioschyzon_merolae_strain_10D_gene16995590.pdb
-0.733987 -0.431462  0.524503     2.066818
-0.002485 -0.770567 -0.637354     0.909079
 0.679159 -0.469113  0.564514    -0.286645
>structures/ThrRS_AF_Mito_Oryza_sativa_Japonica_Group_gene4345200.pdb
 0.043763  0.821175 -0.568996    -0.579739
-0.742389  0.407856  0.531519     3.375918
 0.668538  0.399156  0.627480     1.311362
>structures/ThrRS_PDB_Bact_E_coli_1evk.pdb
-0.555149  0.592259  0.583985   -22.684125
 0.257611  0.790024 -0.556326   -48.523614
-0.790851 -0.158403 -0.591154    49.864914
>structures/ThrRS_PDB_Bact_S_aureus_1nyr.pdb
 0.944015 -0.040666 -0.327387     8.611665
-0.323345  0.082829 -0.942649    50.697042
 0.065451  0.995734  0.065043   -51.650539
