>../../../../class2/asp2//data/domains/Catalytic_domain/structures/Asp_Arch_1b8a_T_kodarensis.pdb
 0.561941 -0.689876 -0.456392    29.571797
 0.252513  0.668479 -0.699552    45.973349
 0.787693  0.277862  0.549848   -31.978016
>../../../../class2/asp2//data/domains/Catalytic_domain/structures/Aspartyl.E.Apicomplexa.NC_011903.2.pdb
-0.226673 -0.897994  0.377128    27.185357
-0.932817  0.311526  0.181117    40.620073
-0.280127 -0.310737 -0.908279    16.425988
>../../../../class2/asp2//data/domains/Catalytic_domain/structures/Aspartyl.E.Rhodophyta.NC_010136.1.pdb
-0.293139 -0.885502  0.360493    27.322233
-0.907852  0.376042  0.185466    40.289423
-0.299791 -0.272907 -0.914137    15.434441
>../../../../class2/asp2//data/domains/Catalytic_domain/structures/Asp_Bact_1n9w_T_thermophilus.pdb
 0.493386 -0.122824 -0.861095    62.595684
-0.115603  0.971938 -0.204872    59.004264
 0.862094  0.200626  0.465341   -43.548716
>../../../../class2/asp2//data/domains/Catalytic_domain/structures/Asp_Euk_1EOV_S_cerevisiae.pdb
 0.745445  0.569827  0.345845     2.094667
 0.066945  0.452220 -0.889391    82.645707
-0.663197  0.686144  0.298958   -10.774299
>../../../../class2/phe2//data/domains/Catalytic_domain/structures/Phe_Bact_1EIY.B_T_thermophilus.pdb
 1.000000  0.000000  0.000000     0.000000
 0.000000  1.000000  0.000000     0.000000
 0.000000  0.000000  1.000000     0.000000
>../../../../class2/phe2//data/domains/Catalytic_domain/structures/Phe_Bact_1PYS.B_T_thermophilus.pdb
 0.999974  0.000076  0.007180    -0.267220
-0.000047  0.999992 -0.004051    -0.303299
-0.007181  0.004050  0.999966    -0.138212
>../../../../class2/phe2//data/domains/Catalytic_domain/structures/Phe_Bact_3PCO.B_E_coli.pdb
 0.246866 -0.510738  0.823532   -27.166310
-0.115839 -0.859294 -0.498192    77.751700
 0.962101  0.027589 -0.271294    52.913224
>../../../../class2/phe2//data/domains/Catalytic_domain/structures/Phenylalanyl.B.Firmicutes.NC_014334.2.pdb
 0.966017 -0.136923  0.219231     4.172066
-0.174820  0.278636  0.944352    64.595312
-0.190389 -0.950586  0.245230    25.734748
>../../../../class2/phe2//data/domains/Catalytic_domain/structures/Phenylalanyl.E.Bacillariophyta.NC_025310.1.pdb
-0.833669  0.249146 -0.492872     8.479123
 0.542616  0.535624 -0.647051    62.076065
 0.102784 -0.806866 -0.581723    21.808339
