>structures/LysRS-I_AF_Arch_Candidatus_Bathyarchaeota_archaeon_proteinRJS75864.1.pdb
 1.000000 -0.000000  0.000000     0.000000
 0.000000  1.000000  0.000000     0.000000
-0.000000  0.000000  1.000000     0.000000
>structures/LysRS-I_AF_Arch_Candidatus_Nitrosopumilus_koreensis_AR1_gene13726042.pdb
-0.150217  0.112686 -0.982210     2.631777
 0.227047 -0.962998 -0.145206     3.892995
-0.962229 -0.244820  0.119074     0.232807
>structures/LysRS-I_AF_Arch_Ferroplasma_acidarmanus_Fer1_gene16025146.pdb
 0.996993 -0.077286  0.005725     2.035072
 0.076494  0.993243  0.087277     1.003176
-0.012431 -0.086576  0.996168     2.510935
>structures/LysRS-I_AF_Arch_Halorubrum_lacusprofundi_ATCC_49239_gene7400505.pdb
-0.649010 -0.731106  0.210404    -2.317487
-0.722832  0.506330 -0.470259    -2.181076
 0.237275 -0.457290 -0.857080     0.789992
>structures/LysRS-I_AF_Bact_Cereibacter_sphaeroides_KD131_gene67447319.pdb
-0.970117  0.170290 -0.172841     0.523225
 0.104128  0.935602  0.337351     6.776427
 0.219158  0.309273 -0.925376     4.585739
>structures/LysRS-I_AF_Bact_Cyanobacteria_bacterium_J007_proteinRMH73500.1.pdb
 0.917424  0.394385 -0.052866    -0.444429
-0.374419  0.810631 -0.450208    -0.692664
-0.134700  0.432825  0.891357    -0.222648
>structures/LysRS-I_AF_Bact_Streptomyces_albidoflavus_gene15147364.pdb
 0.126848  0.137325 -0.982370    -2.784319
 0.273319 -0.956870 -0.098469     1.816203
-0.953523 -0.256010 -0.158911     0.482989
>structures/LysRS-I_AF_Bact_Treponema_denticola_ATCC_35405_gene2739918.pdb
 0.174499  0.067280 -0.982356    -2.394621
 0.177211 -0.983519 -0.035881     3.319663
-0.968579 -0.167823 -0.183546     1.024821
>structures/LysRS-I_PDB_Arch_P_hori_1IRX.pdb
 0.426890 -0.769005  0.475812   -25.720083
-0.900151 -0.310988  0.304983    32.883466
-0.086561 -0.558497 -0.824978    84.388393
