>../../../../class2/ala//data/domains/Catalytic_domain/structures/AlaRS_AF_Arch_Candidatus_Korarchaeum_cryptofilum_OPF8_gene6094822.pdb
 0.014023  0.617231 -0.786657     2.025567
 0.992212  0.088791  0.087354     7.345017
 0.123766 -0.781756 -0.611179    -3.739378
>../../../../class2/ala//data/domains/Catalytic_domain/structures/AlaRS_AF_Arch_Candidatus_Nitrosopumilus_koreensis_AR1_gene13725795.pdb
 0.252258 -0.930025  0.267243     6.927432
-0.243066 -0.328220 -0.912793     3.008506
 0.936635  0.165301 -0.308854    -3.690933
>../../../../class2/ala//data/domains/Catalytic_domain/structures/AlaRS_AF_Arch_Sulfolobus_islandicus_YG5714_gene7807284.pdb
 0.248586  0.198594 -0.948032     3.114027
 0.518811 -0.853816 -0.042819     7.310350
-0.817949 -0.481205 -0.315280    -7.423953
>../../../../class2/ala//data/domains/Catalytic_domain/structures/AlaRS_AF_Arch_Thermoplasma_acidophilum_DSM_1728_gene1456391.pdb
 0.247410 -0.931980  0.264954     5.721280
-0.204932 -0.317604 -0.925814     5.006215
 0.946991  0.174758 -0.269571    -3.600213
>../../../../class2/ala//data/domains/Catalytic_domain/structures/AlaRS_AF_Bact_Brucella_melitensis_bv_1_str_16M_gene29593597.pdb
 0.688693 -0.437626  0.578088     8.264119
-0.046745 -0.822445 -0.566921     1.392870
 0.723545  0.363412 -0.586868     4.603434
>../../../../class2/ala//data/domains/Catalytic_domain/structures/AlaRS_AF_Bact_Chlamydia_psittaci_6BC_gene12242512.pdb
 0.981005  0.187302  0.050474     4.379591
-0.183979  0.980845 -0.063992     2.213310
-0.061493  0.053490  0.996673     0.144525
>../../../../class2/ala//data/domains/Catalytic_domain/structures/AlaRS_AF_Bact_Lactobacillus_acidophilus_La-14_gene56942022.pdb
 0.442464  0.691525 -0.570981    -0.201771
-0.583974 -0.261023 -0.768662    -4.144942
-0.680588  0.673543  0.288339    -3.972741
>../../../../class2/ala//data/domains/Catalytic_domain/structures/AlaRS_AF_Bact_Nocardia_farcinica_IFM_10152_gene61134339.pdb
 0.723781  0.685533 -0.078642     2.908121
-0.559757  0.516667 -0.647864     0.920138
-0.403501  0.512933  0.757685     0.088779
>../../../../class2/ala//data/domains/Catalytic_domain/structures/AlaRS_AF_Bact_Porphyromonas_gingivalis_ATCC_33277_gene29256567.pdb
 0.945088  0.323797  0.044332     3.805448
-0.306043  0.924423 -0.227552     2.181204
-0.114662  0.201489  0.972756    -1.791207
>../../../../class2/ala//data/domains/Catalytic_domain/structures/AlaRS_AF_Bact_Prochlorococcus_marinus_subsp_marinus_str_CCMP1375_gene54199407.pdb
-0.439867 -0.602321  0.666128     1.480125
-0.862747  0.489374 -0.127203     1.845335
-0.249368 -0.630652 -0.734910     1.041990
>../../../../class2/ala//data/domains/Catalytic_domain/structures/AlaRS_AF_Bact_Streptobacillus_moniliformis_DSM_12112_gene29672963.pdb
 1.000000  0.000000  0.000000     0.000000
 0.000000  1.000000  0.000000     0.000000
 0.000000  0.000000  1.000000     0.000000
>../../../../class2/ala//data/domains/Catalytic_domain/structures/AlaRS_AF_Bact_Treponema_pallidum_subsp_pertenue_str_SamoaD_gene57879528.pdb
 0.142034 -0.455016 -0.879083     7.969316
 0.859833 -0.383285  0.337313    -0.486234
-0.490422 -0.803774  0.336799   -12.985986
>../../../../class2/ala//data/domains/Catalytic_domain/structures/AlaRS_AF_Euk_Cyanidioschyzon_merolae_strain_10D_gene16993235.pdb
 0.267799 -0.225225 -0.936780    -3.316311
 0.589361 -0.730875  0.344202     6.198630
-0.762192 -0.644279 -0.062989    -2.996811
>../../../../class2/ala//data/domains/Catalytic_domain/structures/AlaRS_AF_Euk_Marasmius_oreades_gene66078979.pdb
 0.436296 -0.853133  0.286026    -0.508726
-0.148178 -0.381658 -0.912349     3.208158
 0.887519  0.355671 -0.292931    -2.199192
>../../../../class2/ala//data/domains/Catalytic_domain/structures/AlaRS_AF_Euk_Plasmodium_berghei_ANKA_gene55150801.pdb
 0.850181  0.411068 -0.328961     3.083213
-0.524638  0.609086 -0.594785    -1.913469
-0.044131  0.678260  0.733495    -0.978454
>../../../../class2/ala//data/domains/Catalytic_domain/structures/AlaRS_AF_Euk_Saccharomyces_cerevisiae_S288C_gene854513.pdb
-0.111015 -0.929132  0.352689     3.150445
-0.306941 -0.305478 -0.901371     6.730813
 0.945232 -0.208321 -0.251276    -3.018096
>../../../../class2/ala//data/domains/Catalytic_domain/structures/AlaRS_AF_Mito_Caenorhabditis_elegans_gene174749.pdb
 0.975916 -0.058517 -0.210151     4.480381
 0.129025  0.931617  0.339768     3.935144
 0.175898 -0.358699  0.916730    -4.352258
>../../../../class2/ala//data/domains/Catalytic_domain/structures/AlaRS_AF_Mito_Gadus_morhua_gene115539928.pdb
-0.729513  0.247585  0.637583     5.071906
 0.254472 -0.767015  0.589009     4.843498
 0.634865  0.591937  0.496544    -2.961766
>../../../../class2/ala//data/domains/Catalytic_domain/structures/AlaRS_PDB_Bact_E_coli_3HXV.pdb
-0.571642  0.820275  0.019361    -9.100265
 0.574269  0.416833 -0.704603   -12.528842
-0.586039 -0.391662 -0.709337    26.389377
>../../../../class2/phe3//data/domains/Catalytic_domain/structures/PheRS-Aα_AF_Arch_Candidatus_Nitrosopumilus_koreensis_AR1_gene13724458.pdb
-0.859924 -0.196273 -0.471178    22.500338
 0.286390  0.578583 -0.763690     2.405325
 0.422507 -0.791656 -0.441326   -18.689606
>../../../../class2/phe3//data/domains/Catalytic_domain/structures/PheRS-Aα_AF_Arch_Haloterrigena_turkmenica_DSM_5511_gene8744248.pdb
 0.432491 -0.896484  0.096275    17.393097
 0.386579  0.087906 -0.918057    -8.340735
 0.814560  0.434269  0.384580   -17.337579
>../../../../class2/phe3//data/domains/Catalytic_domain/structures/PheRS-Aα_AF_Arch_Thermoplasma_volcanium_GSS1_gene1441177.pdb
 0.369708  0.762851  0.530448    17.214282
-0.807158 -0.019094  0.590027    -9.531174
 0.460231 -0.646293  0.608682   -15.882225
>../../../../class2/phe3//data/domains/Catalytic_domain/structures/PheRS-Aα_AF_Arch_Thermosphaera_aggregans_DSM_11486_gene9165306.pdb
-0.566924 -0.320366 -0.758922    13.132723
 0.622322  0.437060 -0.649379   -13.947268
 0.539733 -0.840443 -0.048409   -17.450083
>../../../../class2/phe3//data/domains/Catalytic_domain/structures/PheRS-Aα_AF_Euk_Cyanidioschyzon_merolae_strain_10D_gene16993638.pdb
 0.573346 -0.632684  0.520563    23.005740
-0.502180  0.230657  0.833434   -11.928445
-0.647372 -0.739262 -0.185475   -23.575263
>../../../../class2/phe3//data/domains/Catalytic_domain/structures/PheRS-Aα_AF_Euk_Megalobrama_amblycephala_gene125266654.pdb
-0.686013  0.670986 -0.281360    12.153013
-0.696679 -0.494250  0.519958   -12.438442
 0.209822  0.552715  0.806524   -20.587109
>../../../../class2/phe3//data/domains/Catalytic_domain/structures/PheRS-Aα_AF_Euk_Plasmodium_falciparum_3D7_gene813233.pdb
-0.099993  0.991467 -0.083638    13.842110
 0.936944  0.065536 -0.343280   -10.920083
-0.334869 -0.112690 -0.935502   -27.358734
>../../../../class2/phe3//data/domains/Catalytic_domain/structures/PheRS-Aα_AF_Euk_Schizosaccharomyces_pombe_gene2543647.pdb
 0.846363 -0.073303  0.527537    21.428518
 0.489995 -0.281034 -0.825182   -10.495057
 0.208744  0.956894 -0.201938   -23.908871
>../../../../class2/phe3//data/domains/Catalytic_domain/structures/PheRS-Aα_PDB_Euk.B_H_sapiens_3L4G.C.pdb
 0.043558 -0.552699  0.832242   108.531281
 0.374771 -0.763160 -0.526436    49.128698
 0.926094  0.334831  0.173893   -86.206834
