>structures/GlnRS_AF_Bact_Anaerostipes_hadrus_gene15230984.pdb
 0.982869 -0.184086 -0.008943     0.200383
 0.174462  0.913647  0.367168     0.987065
-0.059420 -0.362438  0.930112     1.359038
>structures/GlnRS_AF_Bact_Cutibacterium_avidum_44067_gene29843447.pdb
 0.860897 -0.411770 -0.298833    -1.045451
 0.478294  0.454746  0.751293    -0.218852
-0.173467 -0.789716  0.588437     0.461058
>structures/GlnRS_AF_Bact_Pasteurella_multocida_subsp_multocida_str_Pm70_gene1243875.pdb
 0.714881 -0.457968 -0.528404    -0.295618
 0.696728  0.530599  0.482737    -1.793878
 0.059293 -0.713253  0.698394     2.014525
>structures/GlnRS_AF_Bact_Porphyromonas_gingivalis_ATCC_33277_gene29257033.pdb
 1.000000 -0.000000  0.000000     0.000000
 0.000000  1.000000  0.000000     0.000000
-0.000000  0.000000  1.000000     0.000000
>structures/GlnRS_AF_Bact_Thermus_thermophilus_HB8_gene3168786.pdb
-0.876569  0.420470  0.234164    -0.037240
 0.366605  0.268122  0.890905     0.705790
 0.311814  0.866785 -0.389174    -0.464862
>structures/GlnRS_AF_Euk_Arabidopsis_thaliana_gene832718.pdb
-0.775849 -0.409538  0.479934     1.923153
-0.598169  0.719368 -0.353133    -3.111253
-0.200628 -0.561060 -0.803094     6.397664
>structures/GlnRS_AF_Euk_Candida_dubliniensis_CD36_gene8049124.pdb
 0.962686 -0.022659 -0.269672     0.298101
 0.157126  0.858123  0.488810    -0.805359
 0.220335 -0.512943  0.829663    -2.926044
>structures/GlnRS_AF_Euk_Encephalitozoon_romaleae_SJ-2008_gene20564565.pdb
-0.979079 -0.012848  0.203075     1.291766
 0.100680  0.836694  0.538338    -1.018498
-0.176828  0.547520 -0.817896    -1.409170
>structures/GlnRS_AF_Euk_Myodes_glareolus_gene125393344.pdb
 0.223362  0.003882 -0.974728     4.381398
-0.065728 -0.997656 -0.019035    -3.017783
-0.972517  0.068318 -0.222583     5.480072
>structures/GlnRS_AF_Mito_Cyanidioschyzon_merolae_strain_10D_gene16997184.pdb
-0.904698  0.389923  0.171702    -1.141169
 0.373554  0.532147  0.759788    -0.995319
 0.204888  0.751518 -0.627089    -3.865423
>structures/GlnRS_Bact_D_radio_2HZ7.pdb
-0.715398  0.607082  0.345915   -32.790686
-0.468268 -0.049128 -0.882220    76.948566
-0.518585 -0.793119  0.319423    28.585238
>structures/GlnRS_Bact_E_coli_1QTQ.pdb
 0.254588  0.794141 -0.551837   -15.638388
 0.962553 -0.263061  0.065503   -34.684696
-0.093149 -0.547849 -0.831375    25.205322
>structures/GlnRS_PDB_Euk_T_gondii_4P2B.pdb
-0.849392  0.527458  0.017927    47.063050
 0.331437  0.559547 -0.759643   -18.538247
-0.410710 -0.639293 -0.650093   106.850846
