>structures/GlnRS_AF_Bact_Anaerostipes_hadrus_gene15230984.pdb
 0.937504  0.347697 -0.013885     1.151866
-0.300731  0.789500 -0.535024     0.197746
-0.175064  0.505763  0.844723     1.023054
>structures/GlnRS_AF_Bact_Cutibacterium_avidum_44067_gene29843447.pdb
 0.999756  0.021939 -0.002406    -0.145232
-0.021912  0.999702  0.010785     0.480105
 0.002642 -0.010730  0.999939     0.008654
>structures/GlnRS_AF_Bact_Pasteurella_multocida_subsp_multocida_str_Pm70_gene1243875.pdb
 0.938011 -0.010062 -0.346460    -0.361634
-0.028585  0.993927 -0.106259    -2.116967
 0.345426  0.109576  0.932027    -0.460943
>structures/GlnRS_AF_Bact_Porphyromonas_gingivalis_ATCC_33277_gene29257033.pdb
 0.847071  0.487542 -0.211597     0.779063
-0.445197  0.433437 -0.783538     0.448080
-0.290294  0.757915  0.584204    -0.531738
>structures/GlnRS_AF_Bact_Thermus_thermophilus_HB8_gene3168786.pdb
-0.632603  0.340665  0.695529     1.543376
 0.296620 -0.723015  0.623912     1.024287
 0.715423  0.600997  0.356333    -0.103776
>structures/GlnRS_AF_Euk_Candida_dubliniensis_CD36_gene8049124.pdb
 0.853454  0.496269 -0.159164     1.331885
-0.520141  0.791906 -0.319903     2.052570
-0.032715  0.355810  0.933985    -2.931899
>structures/GlnRS_AF_Euk_Dictyostelium_discoideum_AX4_gene8627167.pdb
-0.857198  0.465288  0.220723     3.900382
 0.394615  0.318065  0.862040     1.396766
 0.330892  0.826040 -0.456254    -4.953805
>structures/GlnRS_AF_Euk_Encephalitozoon_romaleae_SJ-2008_gene20564565.pdb
-0.742477  0.286941  0.605304     1.760749
 0.611567 -0.078356  0.787303     0.168471
 0.273339  0.954738 -0.117306    -2.493017
>structures/GlnRS_AF_Euk_Myodes_glareolus_gene125393344.pdb
 0.353565 -0.489900 -0.796863     2.029277
 0.639118 -0.495517  0.588211    -7.288117
-0.683023 -0.717260  0.137906    -0.913790
>structures/GlnRS_AF_Mito_Cyanidioschyzon_merolae_strain_10D_gene16997184.pdb
-0.636492  0.432431  0.638656     0.080055
 0.399854 -0.523074  0.752669     3.465602
 0.659542  0.734437  0.160023    -3.320633
>structures/GlnRS_Bact_D_radio_2HZ7.pdb
-0.748110  0.638843 -0.179471     4.490800
 0.479156  0.332958 -0.812126    28.925484
-0.459065 -0.693554 -0.555195    83.253346
>structures/GlnRS_Bact_E_coli_1QTQ.pdb
 0.706986  0.644865 -0.290379   -33.641109
 0.383017 -0.003962  0.923733   -28.884157
 0.594533 -0.764286 -0.249795    -7.213404
>structures/GlnRS_PDB_Euk_T_gondii_4P2B.pdb
-0.465059  0.856736 -0.222987     8.929531
 0.844280  0.504987  0.179386  -112.482752
 0.266292 -0.104838 -0.958174    33.464250
