>structures/GlnRS_AF_Bact_Anaerostipes_hadrus_gene15230984.pdb
 0.262152  0.265713 -0.927725     2.966545
-0.175395 -0.932215 -0.316562    -4.530394
-0.948954  0.245706 -0.197777     5.136043
>structures/GlnRS_AF_Bact_Cutibacterium_avidum_44067_gene29843447.pdb
 0.339817  0.638501 -0.690537     3.351172
-0.483343 -0.511283 -0.710611    -3.194112
-0.806786  0.575244  0.134872     6.137236
>structures/GlnRS_AF_Bact_Pasteurella_multocida_subsp_multocida_str_Pm70_gene1243875.pdb
 0.056861  0.543487 -0.837489     2.099856
-0.675277 -0.596925 -0.433221    -1.454820
-0.735369  0.590171  0.333063     5.062067
>structures/GlnRS_AF_Bact_Porphyromonas_gingivalis_ATCC_33277_gene29257033.pdb
 0.223362 -0.065728 -0.972517     4.152476
 0.003882 -0.997656  0.068318    -3.402108
-0.974728 -0.019035 -0.222583     5.432996
>structures/GlnRS_AF_Bact_Thermus_thermophilus_HB8_gene3168786.pdb
-0.529835 -0.757105  0.382188     4.476684
-0.356189 -0.210323 -0.910436    -4.336624
 0.769678 -0.618512 -0.158236     5.256222
>structures/GlnRS_AF_Euk_Candida_dubliniensis_CD36_gene8049124.pdb
-0.009703  0.437561 -0.899136     7.116861
-0.137158 -0.891262 -0.432249    -2.809623
-0.990502  0.119130  0.068663     5.793008
>structures/GlnRS_AF_Euk_Dictyostelium_discoideum_AX4_gene8627167.pdb
-0.277302 -0.194259  0.940939     8.974677
-0.011916 -0.978576 -0.205541    -2.335296
 0.960709 -0.068209  0.269047     3.047666
>structures/GlnRS_AF_Euk_Encephalitozoon_romaleae_SJ-2008_gene20564565.pdb
-0.056857 -0.599154  0.798613     5.788414
-0.134262 -0.788052 -0.600789    -2.456556
 0.989313 -0.141382 -0.035637     4.394485
>structures/GlnRS_AF_Euk_Myodes_glareolus_gene125393344.pdb
 1.000000  0.000000  0.000000     0.000000
 0.000000  1.000000  0.000000     0.000000
 0.000000  0.000000  1.000000     0.000000
>structures/GlnRS_AF_Mito_Cyanidioschyzon_merolae_strain_10D_gene16997184.pdb
-0.421820 -0.685453  0.593484     7.778037
-0.363445 -0.471847 -0.803286    -2.651952
 0.830648 -0.554541 -0.050090     7.486623
>structures/GlnRS_Bact_D_radio_2HZ7.pdb
 0.360517  0.912530 -0.193174   -34.412020
 0.445823  0.013334  0.895022   -79.291934
 0.819310 -0.408792 -0.402020    30.073625
>structures/GlnRS_Bact_E_coli_1QTQ.pdb
 0.081277  0.746681  0.660198   -21.792750
-0.962180  0.231579 -0.143461    32.923319
-0.260007 -0.623569  0.737264    15.161803
>structures/GlnRS_PDB_Euk_T_gondii_4P2B.pdb
 0.222630  0.705999  0.672310   -89.757547
-0.354630 -0.583728  0.730411    19.797631
 0.908115 -0.401033  0.120413   -60.897093
