>structures/GlyRS-E_AF_Arch_Methanosalsum_zhilinae_DSM_4017_gene10821854.pdb
 0.966643  0.242925  0.081176    -0.672272
-0.190203  0.893089 -0.407694    -0.356669
-0.171536  0.378654  0.909503     2.138627
>structures/GlyRS-E_AF_Euk_Cryptococcus_neoformans_var_neoformans_JEC21_gene3258293.pdb
-0.076080 -0.857975  0.508027    -0.644730
-0.853771 -0.207134 -0.477672    -0.480291
 0.515060 -0.470080 -0.716755     1.904861
>structures/GlyRS-E_AF_Euk_Girardinichthys_multiradiatus_gene124858359.pdb
 0.966431  0.205446  0.154283    -0.827647
-0.158004  0.948763 -0.273649    -0.361147
-0.202598  0.240085  0.949375     0.879003
>structures/GlyRS-E_AF_Euk_Plasmodium_yoelii_gene3801472.pdb
 0.778246  0.621033 -0.093010     1.028237
-0.518466  0.551895 -0.653150    -0.527865
-0.354296  0.556534  0.751495     3.088217
>structures/GlyRS-E_AF_Euk_Schizosaccharomyces_pombe_gene2543181.pdb
 1.000000  0.000000  0.000000     0.000000
 0.000000  1.000000  0.000000     0.000000
 0.000000  0.000000  1.000000     0.000000
>structures/GlyRS-E_AF_Mito_Fusarium_poae_gene68345711.pdb
 0.999882  0.011994 -0.009565    -0.293566
-0.012594  0.997782 -0.065365    -0.526079
 0.008760  0.065478  0.997816     0.389837
>structures/GlyRS-E_PDB_Euk_H_sapiens_2q5h.pdb
 0.033550 -0.458889 -0.887860  -115.321513
 0.968602 -0.204036  0.142057   -60.046583
-0.246344 -0.864748  0.437636    84.006631
