>structures/GlyRS-E_AF_Arch_Methanosalsum_zhilinae_DSM_4017_gene10821854.pdb
 0.909245 -0.413318 -0.049406    -1.073102
 0.406799  0.857136  0.315961    -1.490293
-0.088245 -0.307385  0.947485    -0.651045
>structures/GlyRS-E_AF_Euk_Cryptococcus_neoformans_var_neoformans_JEC21_gene3258293.pdb
 0.209486 -0.397108  0.893544    -0.975262
-0.240941 -0.906607 -0.346426    -1.576688
 0.947662 -0.142720 -0.285601    -0.570113
>structures/GlyRS-E_AF_Euk_Girardinichthys_multiradiatus_gene124858359.pdb
 0.908173 -0.412851 -0.069110    -0.752670
 0.395103  0.790908  0.467288    -2.122472
-0.138260 -0.451683  0.881400    -1.561414
>structures/GlyRS-E_AF_Euk_Plasmodium_yoelii_gene3801472.pdb
 1.000000  0.000000  0.000000     0.000000
 0.000000  1.000000  0.000000     0.000000
 0.000000  0.000000  1.000000     0.000000
>structures/GlyRS-E_AF_Euk_Schizosaccharomyces_pombe_gene2543181.pdb
 0.778246 -0.518466 -0.354296     0.020240
 0.621033  0.551895  0.556534    -2.065941
-0.093010 -0.653150  0.751495    -2.569917
>structures/GlyRS-E_PDB_Euk_H_sapiens_2q5h.pdb
-0.387495  0.057476 -0.920078   -88.502774
 0.420492 -0.877163 -0.231888   -60.550886
-0.820386 -0.476741  0.315728   110.073612
