>structures/TrpRS-A_AF_Arch_Natrialba_magadii_ATCC_43099_gene8824932.pdb
 0.915351 -0.345991 -0.205966    -5.559287
 0.400170  0.724933  0.560657     1.705156
-0.044671 -0.595620  0.802024    -1.610937
>structures/TrpRS-A_AF_Arch_Nitrosopumilus_maritimus_SCM1_gene5773245.pdb
 0.963921 -0.254436 -0.078218    -5.206860
 0.261541  0.850622  0.456113     1.326592
-0.049518 -0.460114  0.886478    -4.441546
>structures/TrpRS-A_AF_Arch_Sulfolobus_islandicus_M1627_gene7814138.pdb
-0.960175 -0.261798  0.097600    -7.724167
-0.251347  0.961912  0.107468    -1.265930
-0.122018  0.078657 -0.989406    -4.670676
>structures/TrpRS-A_AF_Arch_Thermoplasma_acidophilum_DSM_1728_gene1456706.pdb
 0.227176  0.502575 -0.834152    -9.010025
-0.910446 -0.194415 -0.365089     5.088407
-0.345656  0.842390  0.413401    -0.590564
>structures/TrpRS-A_AF_Euk_Cryptococcus_neoformans_var_neoformans_JEC21_gene3254069.pdb
-0.071104  0.871777 -0.484715    -4.986909
-0.628559 -0.416483 -0.656853     1.480310
-0.774505  0.257967  0.577577    -2.535491
>structures/TrpRS-A_AF_Euk_Cyanidioschyzon_merolae_strain_10D_gene16993299.pdb
 0.930512  0.351624  0.102507    -4.344225
-0.342015  0.934326 -0.100304     0.851000
-0.131044  0.058275  0.989662    -3.649090
>structures/TrpRS-A_AF_Euk_Drosophila_melanogaster_gene45399.pdb
 0.999920  0.008497  0.009387     0.099102
-0.008555  0.999944  0.006171    -0.217133
-0.009334 -0.006251  0.999937    -0.278021
>structures/TrpRS-A_AF_Euk_Saccharomyces_cerevisiae_S288C_gene854056.pdb
-0.102466 -0.187963 -0.976817    -4.925111
 0.305600 -0.940444  0.148907     1.954813
-0.946631 -0.283257  0.153805    -1.444505
>structures/TrpRS-A_AF_Vir_Megavirus_chiliensis_gene11257301.pdb
 0.975417 -0.113703  0.188766    -6.018605
 0.033703  0.923500  0.382114    -0.013960
-0.217773 -0.366359  0.904630    -3.332514
>structures/TrpRS-A_PDB_Arch_P_hori_3JXE.pdb
-0.965595  0.247608 -0.079476   -51.086005
 0.085950  0.015431 -0.996180    11.599886
-0.245435 -0.968738 -0.036182    15.144356
>structures/TrpRS-A_PDB_Euk_S_Cerevisiae_3KT3.pdb
 0.420057  0.872309  0.250260    40.153352
-0.833064  0.261273  0.487586  -124.008949
 0.359940 -0.413296  0.836439    84.131449
