>structures/TrpRS-A_AF_Arch_Natrialba_magadii_ATCC_43099_gene8824932.pdb
 0.016391 -0.959851 -0.280030  -155.180260
 0.910959  0.129787 -0.391546    28.108404
 0.412170 -0.248678  0.876513   -21.282427
>structures/TrpRS-A_AF_Arch_Nitrosopumilus_maritimus_SCM1_gene5773245.pdb
 0.143816 -0.983638 -0.108509  -155.877137
 0.925399  0.172526 -0.337449    29.648720
 0.350648 -0.051884  0.935069   -23.890440
>structures/TrpRS-A_AF_Arch_Sulfolobus_islandicus_M1627_gene7814138.pdb
-0.207645 -0.892446 -0.400529  -154.822454
-0.845175 -0.042473  0.532800    26.912224
-0.492507  0.449150 -0.745454   -25.910327
>structures/TrpRS-A_AF_Arch_Thermoplasma_acidophilum_DSM_1728_gene1456706.pdb
 0.756387  0.645356  0.106746  -159.188934
 0.119489  0.024126 -0.992542    25.549225
-0.643118  0.763501 -0.058864   -19.910181
>structures/TrpRS-A_AF_Euk_Cryptococcus_neoformans_var_neoformans_JEC21_gene3254069.pdb
 0.227112  0.790859  0.568297  -155.204012
 0.120600  0.556215 -0.822241    29.072406
-0.966373  0.255277  0.030945   -22.177986
>structures/TrpRS-A_AF_Euk_Cyanidioschyzon_merolae_strain_10D_gene16993299.pdb
 0.610651 -0.634107  0.474356  -154.923581
 0.791825  0.497151 -0.354758    29.932081
-0.010872  0.592240  0.805688   -23.178497
>structures/TrpRS-A_AF_Euk_Drosophila_melanogaster_gene45399.pdb
 0.403532 -0.846634  0.346947  -150.967929
 0.875026  0.246286 -0.416741    32.138535
 0.267379  0.471756  0.840211   -19.666717
>structures/TrpRS-A_AF_Euk_Saccharomyces_cerevisiae_S288C_gene854056.pdb
-0.635504  0.614385 -0.467618  -155.006256
 0.385887 -0.271837 -0.881587    28.829927
-0.668750 -0.740699 -0.064330   -21.065980
>structures/TrpRS-A_AF_Vir_Megavirus_chiliensis_gene11257301.pdb
 0.276612 -0.958187  0.073234  -154.746223
 0.954798  0.265401 -0.133876    28.096442
 0.108842  0.106955  0.988288   -23.767367
>structures/TrpRS-A_PDB_Arch_P_hori_3JXE.pdb
-0.546600 -0.244464  0.800916  -176.288544
-0.716092  0.632265 -0.295724   -16.221184
-0.434098 -0.735172 -0.520655   -15.379257
>structures/TrpRS-A_PDB_Euk_S_Cerevisiae_3KT3.pdb
 0.999883 -0.010329 -0.011253    -0.253255
 0.010151  0.999825 -0.015733     1.138434
 0.011414  0.015617  0.999813     1.657714
