>structures/TrpRS_AF_Arch_Natrialba_magadii_ATCC_43099_gene8824932.pdb
 1.000000 -0.000000  0.000000     0.000000
 0.000000  1.000000  0.000000     0.000000
-0.000000  0.000000  1.000000     0.000000
>structures/TrpRS_AF_Arch_Nitrosopumilus_maritimus_SCM1_gene5773245.pdb
 0.989133  0.132650  0.063409     0.334413
-0.118918  0.975419 -0.185516     1.166617
-0.086459  0.175960  0.980593    -2.369535
>structures/TrpRS_AF_Arch_Sulfolobus_islandicus_M1627_gene7814138.pdb
-0.974321  0.115116  0.193510    -2.914551
 0.214698  0.733935  0.644395     0.577133
-0.067843  0.669394 -0.739804    -3.123573
>structures/TrpRS_AF_Arch_Thermoplasma_acidophilum_DSM_1728_gene1456706.pdb
-0.126695  0.339885 -0.931894    -1.789579
-0.544841 -0.808905 -0.220955     3.033049
-0.828913  0.479741  0.287668     3.780952
>structures/TrpRS_AF_Bact_Anoxybacillus_flavithermus_WK1_gene7038388.pdb
-0.789096  0.477329  0.386631    -6.074798
 0.592152  0.423727  0.685428    -2.250595
 0.163349  0.769813 -0.617013    -4.694421
>structures/TrpRS_AF_Bact_Brachyspira_pilosicoli_95_1000_gene56440833.pdb
 0.235813 -0.099219 -0.966720    -1.791062
 0.546067 -0.809344  0.216270    -4.854927
-0.803868 -0.578893 -0.136674    -0.918329
>structures/TrpRS_AF_Bact_Helicobacter_cinaedi_PAGU611_gene66538868.pdb
-0.896142  0.403276  0.185200    -6.536830
 0.435594  0.719637  0.540722    -3.640692
 0.084783  0.565236 -0.820561    -5.310568
>structures/TrpRS_AF_Bact_Mycoplasma_hyopneumoniae_168-L_gene57101461.pdb
-0.960802  0.214456  0.175694    -5.430850
 0.273925  0.831996  0.482439    -5.055671
-0.042715  0.511655 -0.858128    -5.495861
>structures/TrpRS_AF_Bact_Porphyromonas_gingivalis_ATCC_33277_gene29255389.pdb
-0.195216 -0.869646  0.453438    -1.169962
-0.743854 -0.170032 -0.646351    -5.478471
 0.639196 -0.463470 -0.613697    -2.604823
>structures/TrpRS_AF_Bact_Prochlorococcus_marinus_subsp_marinus_str_CCMP1375_gene54200405.pdb
 0.919336  0.385268 -0.079932     1.107774
-0.392457  0.883259 -0.256577    -9.850402
-0.028250  0.267250  0.963213    -0.266320
>structures/TrpRS_AF_Bact_Streptomyces_albidoflavus_gene15147734.pdb
-0.514720 -0.831737  0.208030    -2.719502
-0.803177  0.382894 -0.456397    -4.640716
 0.299949 -0.402001 -0.865116    -1.674475
>structures/TrpRS_AF_Bact_Thermus_thermophilus_HB8_gene3168998.pdb
 0.613354  0.777062 -0.141318    -2.232926
-0.658497  0.404333 -0.634742    -5.120432
-0.436094  0.482379  0.759692    -2.145928
>structures/TrpRS_AF_Euk_Cryptococcus_neoformans_var_neoformans_JEC21_gene3254069.pdb
-0.245453  0.633603 -0.733689     0.517316
 0.033997 -0.750750 -0.659711     0.335024
-0.968812 -0.186871  0.162734    -0.137962
>structures/TrpRS_AF_Euk_Cyanidioschyzon_merolae_strain_10D_gene16993299.pdb
 0.739826  0.672710 -0.010935     1.031635
-0.483269  0.520036 -0.704282     0.243084
-0.468091  0.526331  0.709836    -1.599110
>structures/TrpRS_AF_Euk_Drosophila_melanogaster_gene45399.pdb
 0.921799  0.384209 -0.051676     4.453567
-0.338011  0.731276 -0.592439    -3.880774
-0.189831  0.563577  0.803956    -0.330283
>structures/TrpRS_AF_Euk_Saccharomyces_cerevisiae_S288C_gene854056.pdb
 0.080996 -0.543439 -0.835532     0.688986
 0.817503 -0.443345  0.367605    -0.425343
-0.570200 -0.712825  0.408354     0.188144
>structures/TrpRS_AF_Mito_Bufo_gargarizans_gene122922343.pdb
 0.198977  0.822405 -0.532971    -1.093152
-0.466220 -0.398924 -0.789619    -4.382355
-0.862002  0.405597  0.304045    -2.505315
>structures/TrpRS_AF_Mito_Cyanidioschyzon_merolae_strain_10D_gene16992222.pdb
 0.056236 -0.207186 -0.976684    -4.095358
 0.392744 -0.894778  0.212425    -0.148992
-0.917927 -0.395533  0.031053    -5.682939
>structures/TrpRS_AF_Vir_Megavirus_chiliensis_gene11257301.pdb
 0.927540  0.268998  0.259441    -0.880481
-0.173775  0.925027 -0.337827     0.105178
-0.330865  0.268264  0.904745    -1.742262
>structures/TrpRS_PDB_Arch_P_hori_3JXE.pdb
-0.842263  0.304523 -0.444813   -39.529682
 0.538506  0.512916 -0.668527    12.508123
 0.024570 -0.802610 -0.595998    27.852016
>structures/TrpRS_PDB_Bact_G_stearo_1I6M.pdb
 0.664402  0.181113 -0.725098   -13.981195
-0.054865  0.979395  0.194358   -28.598216
 0.745359 -0.089349  0.660649   -68.601708
>structures/TrpRS_PDB_Bact_Y_pestis_3N9I.pdb
 0.498394  0.163725 -0.851350   -15.931666
 0.117671 -0.985693 -0.120674    64.751898
-0.858928 -0.040036 -0.510530    38.464519
>structures/TrpRS_PDB_Euk_S_Cerevisiae_3KT3.pdb
 0.013004  0.919787  0.392203   -15.527967
-0.962632  0.117625 -0.243934  -158.095440
-0.270500 -0.374375  0.886946   -12.030747
