>../../../../class1/ile//data/domains/Catalytic_domain/structures/IleRS_AF_Arch_Candidatus_Korarchaeum_cryptofilum_OPF8_gene6094904.pdb
-0.983443  0.124660 -0.131527     0.505213
 0.058909  0.906297  0.418516     2.523647
 0.171375  0.403838 -0.898635     1.280381
>../../../../class1/ile//data/domains/Catalytic_domain/structures/IleRS_AF_Arch_Candidatus_Nitrosopumilus_sediminis_gene13697091.pdb
 0.019840 -0.721050 -0.692599     1.381784
 0.491156 -0.596355  0.634922     5.988880
-0.870846 -0.352771  0.342317     5.145789
>../../../../class1/ile//data/domains/Catalytic_domain/structures/IleRS_AF_Arch_Pyrobaculum_aerophilum_str_IM2_gene1465853.pdb
 0.863776 -0.503851 -0.004996     1.302914
 0.472160  0.805905  0.357185    -1.789014
-0.175942 -0.310887  0.934020     3.268817
>../../../../class1/ile//data/domains/Catalytic_domain/structures/IleRS_AF_Arch_Thermoplasma_acidophilum_DSM_1728_gene1456418.pdb
-0.631085 -0.749052 -0.201627     1.294970
-0.304840  0.478492 -0.823479     3.875631
 0.713305 -0.458221 -0.530310     1.609252
>../../../../class1/ile//data/domains/Catalytic_domain/structures/IleRS_AF_Bact_Chlamydia_muridarum_str_Nigg_gene1246458.pdb
 0.097767  0.472266  0.876017    -3.048020
 0.438752 -0.810529  0.387994     3.876627
 0.893274  0.346421 -0.286451     1.791114
>../../../../class1/ile//data/domains/Catalytic_domain/structures/IleRS_AF_Bact_Lactobacillus_acidophilus_La-14_gene56942445.pdb
 0.999545 -0.024302  0.017878    -1.517796
 0.022865  0.996797  0.076631     0.501898
-0.019683 -0.076188  0.996899     2.152362
>../../../../class1/ile//data/domains/Catalytic_domain/structures/IleRS_AF_Bact_Mycoplasma_hyopneumoniae_168-L_gene57100872.pdb
 1.000000  0.000000  0.000000     0.000000
 0.000000  1.000000  0.000000     0.000000
 0.000000  0.000000  1.000000     0.000000
>../../../../class1/ile//data/domains/Catalytic_domain/structures/IleRS_AF_Bact_Orientia_tsutsugamushi_str_Ikeda_gene66653313.pdb
-0.130042  0.796912 -0.589932     1.033532
-0.559825 -0.550085 -0.619679     3.278678
-0.818343  0.249675  0.517666     0.882590
>../../../../class1/ile//data/domains/Catalytic_domain/structures/IleRS_AF_Bact_Porphyromonas_gingivalis_ATCC_33277_gene29255747.pdb
-0.060360  0.797658 -0.600082     3.061043
-0.602216 -0.508541 -0.615404     3.063300
-0.796048  0.324233  0.511058    -1.340006
>../../../../class1/ile//data/domains/Catalytic_domain/structures/IleRS_AF_Bact_Streptobacillus_moniliformis_DSM_12112_gene29674186.pdb
 0.995715  0.046131  0.080152     4.117585
-0.052524  0.995444  0.079573    -1.679677
-0.076116 -0.083442  0.993601     3.247408
>../../../../class1/ile//data/domains/Catalytic_domain/structures/IleRS_AF_Bact_Thermus_thermophilus_HB8_gene3168241.pdb
 0.044685  0.609084  0.791846    -0.873641
 0.564980 -0.669110  0.482793     4.449759
 0.823893  0.425804 -0.374020    -0.460387
>../../../../class1/ile//data/domains/Catalytic_domain/structures/IleRS_AF_Bact_Treponema_pallidum_subsp_pertenue_str_SamoaD_gene57878975.pdb
-0.665370  0.721648  0.191070    -0.892898
 0.700731  0.515504  0.493185     3.305152
 0.257408  0.462039 -0.848682     0.872186
>../../../../class1/ile//data/domains/Catalytic_domain/structures/IleRS_AF_Euk_Cyanidioschyzon_merolae_strain_10D_gene16992835.pdb
 0.138095 -0.485365  0.863337    -0.501918
-0.123868 -0.873308 -0.471158     1.947783
 0.982643 -0.041876 -0.180721     1.030342
>../../../../class1/ile//data/domains/Catalytic_domain/structures/IleRS_AF_Euk_Ostreococcus_lucimarinus_CCE9901_gene5000489.pdb
-0.870887  0.485816  0.074427    -3.854407
 0.482754  0.817136  0.315021     1.812086
 0.092225  0.310278 -0.946162     2.768323
>../../../../class1/ile//data/domains/Catalytic_domain/structures/IleRS_AF_Euk_Trypanosoma_brucei_brucei_TREU927_gene3663037.pdb
-0.972490  0.229707 -0.038703    -1.448996
 0.224542  0.968603  0.106718     1.393790
 0.062002  0.095091 -0.993536     2.497480
>../../../../class1/ile//data/domains/Catalytic_domain/structures/IleRS_AF_Euk_Ustilago_maydis_521_gene23568123.pdb
 0.910113  0.393931 -0.128504    -1.020676
-0.411630  0.823998 -0.389342     0.428428
-0.047487  0.407242  0.912085    -1.097575
>../../../../class1/ile//data/domains/Catalytic_domain/structures/IleRS_AF_Mito_Drosophila_melanogaster_gene39762.pdb
-0.144642  0.344188 -0.927692     2.832365
-0.079801 -0.938555 -0.335776     1.512497
-0.986261  0.025463  0.163221    -2.007262
>../../../../class1/ile//data/domains/Catalytic_domain/structures/IleRS_AF_Mito_Homo_sapiens_gene55699.pdb
 0.998840 -0.030815 -0.036995    -0.520332
 0.033052  0.997563  0.061450     0.350636
 0.035011 -0.062602  0.997424     0.560871
>../../../../class1/ile//data/domains/Catalytic_domain/structures/IleRS_AF_Vir_Megavirus_chiliensis_gene11256744.pdb
 0.105734  0.921554 -0.373574     0.927775
-0.661952 -0.215116 -0.718015     3.618402
-0.742051  0.323207  0.587279     0.403443
>../../../../class1/ile//data/domains/Catalytic_domain/structures/IleRS_PDB_Bact_S_aureus_1QU2.pdb
 0.726169 -0.667046 -0.166519    54.215882
 0.544351  0.705781 -0.453382   -34.176719
 0.419952  0.238588  0.875623  -100.675400
>../../../../class1/ile//data/domains/Catalytic_domain/structures/IleRS_PDB_Bact_T_therm_1ILE.pdb
 0.084638  0.908127  0.410051    14.993480
 0.731996 -0.335876  0.592763    39.276098
 0.676031  0.249986 -0.693174    -3.165947
>../../../../class1/ile//data/domains/Catalytic_domain/structures/IleRS_PDB_Euk_S_cere_7D5C.pdb
 0.925747 -0.120766 -0.358341    10.886140
-0.356139 -0.596996 -0.718861    35.463643
-0.127114  0.793102 -0.595677    18.292063
>../../../../class1/met//data/domains/Catalytic_domain/structures/MetRS_AF_Arch_Aciduliprofundum_boonei_T469_gene8827030.pdb
-0.106635  0.665192 -0.739019     1.426978
-0.336934 -0.723456 -0.602567    -1.397188
-0.935470  0.184746  0.301271     4.668247
>../../../../class1/met//data/domains/Catalytic_domain/structures/MetRS_AF_Arch_Candidatus_Korarchaeum_cryptofilum_OPF8_gene6093355.pdb
 0.731226 -0.667939 -0.138444    -0.855460
 0.629804  0.583116  0.513150    -4.624525
-0.262024 -0.462421  0.847060     3.997073
>../../../../class1/met//data/domains/Catalytic_domain/structures/MetRS_AF_Arch_Candidatus_Nitrosopumilus_sediminis_gene13696902.pdb
-0.893733  0.441651  0.078653    -2.364075
 0.400693  0.707089  0.582640    -1.704546
 0.201709  0.552240 -0.808915     3.786149
>../../../../class1/met//data/domains/Catalytic_domain/structures/MetRS_AF_Arch_Halalkalicoccus_jeotgali_B3_gene9420443.pdb
 0.044799  0.717064 -0.695566    -1.170486
-0.363711 -0.636772 -0.679879    -1.033223
-0.930434  0.283442  0.232277     2.052694
>../../../../class1/met//data/domains/Catalytic_domain/structures/MetRS_AF_Bact_Bacillus_anthracis_str_Ames_Ancestor_gene45024892.pdb
-0.166414 -0.358646  0.918520    -1.279644
-0.172026 -0.906665 -0.385184    -2.118356
 0.970934 -0.222110  0.089185     2.478638
>../../../../class1/met//data/domains/Catalytic_domain/structures/MetRS_AF_Bact_Brucella_suis_1330_gene45052047.pdb
 0.824636 -0.559350 -0.084279    -4.141614
 0.520646  0.692290  0.499662    -2.993887
-0.221140 -0.455919  0.862111     3.990630
>../../../../class1/met//data/domains/Catalytic_domain/structures/MetRS_AF_Bact_Chlamydia_psittaci_6BC_gene12243105.pdb
 0.354618  0.770600 -0.529548    -6.194309
-0.812319 -0.026546 -0.582609    -0.275498
-0.463016  0.636765  0.616560     1.021969
>../../../../class1/met//data/domains/Catalytic_domain/structures/MetRS_AF_Bact_Mycoplasma_hyopneumoniae_168-L_gene57101263.pdb
 0.136271  0.924568 -0.355814    -4.065681
-0.723927 -0.152249 -0.672867    -0.033943
-0.676284  0.349276  0.648573     2.900197
>../../../../class1/met//data/domains/Catalytic_domain/structures/MetRS_AF_Bact_Nocardia_farcinica_IFM_10152_gene61135500.pdb
 0.998344  0.038312  0.042913    -5.838148
-0.040135  0.998291  0.042472    -3.012080
-0.041213 -0.044124  0.998176     4.142369
>../../../../class1/met//data/domains/Catalytic_domain/structures/MetRS_AF_Bact_Prochlorococcus_marinus_subsp_marinus_str_CCMP1375_gene54200313.pdb
-0.487416  0.699020  0.523256    -4.531021
 0.727015 -0.007011  0.686585    -1.962645
 0.483605  0.715068 -0.504781     3.766033
>../../../../class1/met//data/domains/Catalytic_domain/structures/MetRS_AF_Bact_Streptobacillus_moniliformis_DSM_12112_gene29673607.pdb
-0.460146 -0.887811 -0.007602    -1.943782
-0.401424  0.215677 -0.890136    -0.427511
 0.791912 -0.406541 -0.455631     5.713137
>../../../../class1/met//data/domains/Catalytic_domain/structures/MetRS_AF_Bact_Treponema_denticola_ATCC_35405_gene2740824.pdb
-0.601351  0.784517  0.151361    -3.254677
 0.719225  0.449011  0.530192    -4.500686
 0.347982  0.427694 -0.834258     4.058790
>../../../../class1/met//data/domains/Catalytic_domain/structures/MetRS_AF_Euk_Drosophila_melanogaster_gene37177.pdb
-0.194679  0.240483 -0.950930    -8.655846
-0.370773 -0.915589 -0.155639     4.092356
-0.908090  0.322279  0.267411     0.446894
>../../../../class1/met//data/domains/Catalytic_domain/structures/MetRS_AF_Euk_Oryza_sativa_Japonica_Group_gene4341140.pdb
-0.166839 -0.085246 -0.982292    -3.342430
 0.174924 -0.983011  0.055599     3.966224
-0.970343 -0.162550  0.178916     0.815360
>../../../../class1/met//data/domains/Catalytic_domain/structures/MetRS_AF_Euk_Scheffersomyces_stipitis_CBS_6054_gene4836672.pdb
-0.970676  0.227907 -0.076460    -8.542862
 0.158812  0.846738  0.507753    -2.941220
 0.180462  0.480721 -0.858103     9.931501
>../../../../class1/met//data/domains/Catalytic_domain/structures/MetRS_AF_Euk_Trypanosoma_brucei_brucei_TREU927_gene3662741.pdb
-0.493558 -0.843644  0.211342    -6.346698
-0.585653  0.142744 -0.797894    -1.385044
 0.642971 -0.517581 -0.564534     5.967187
>../../../../class1/met//data/domains/Catalytic_domain/structures/MetRS_AF_Mito_Arvicanthis_niloticus_gene117706247.pdb
-0.865612 -0.443582 -0.232272    -4.721081
-0.409010  0.893986 -0.183030     0.029103
 0.288837 -0.063431 -0.955275     5.823791
>../../../../class1/met//data/domains/Catalytic_domain/structures/MetRS_AF_Mito_Brachypodium_distachyon_gene100843706.pdb
-0.118375  0.780311 -0.614087    -3.195910
-0.515100 -0.576973 -0.633857    -0.509993
-0.848916  0.241283  0.470238     4.224832
>../../../../class1/met//data/domains/Catalytic_domain/structures/MetRS_AF_Vir_Megavirus_chiliensis_gene11256705.pdb
-0.926160  0.376758 -0.016789    -1.216395
 0.310238  0.786440  0.534101    -2.040283
 0.214431  0.489454 -0.845254     2.625659
>../../../../class1/met//data/domains/Catalytic_domain/structures/MetRS_PDB_Arch_P_abyssi_1RQG.pdb
-0.434604 -0.855221  0.282340     1.105136
-0.425252 -0.081481 -0.901400    92.772558
 0.793902 -0.511818 -0.328273    32.911683
>../../../../class1/met//data/domains/Catalytic_domain/structures/MetRS_PDB_Bact_E_coli_1PFV.pdb
 0.944896  0.114719 -0.306611    -1.397455
-0.048685  0.975418  0.214919   -16.105247
 0.323729 -0.188149  0.927254   -26.893151
>../../../../class1/met//data/domains/Catalytic_domain/structures/MetRS_PDB_Bact_T_therm_1WOY.pdb
 0.599181 -0.553492  0.578471   -88.579637
 0.799051  0.458549 -0.388909    56.238850
-0.050000  0.695255  0.717022   -71.891746
