>../../../../class1/ile//data/domains/Catalytic_domain/structures/IleRS_AF_Arch_Candidatus_Korarchaeum_cryptofilum_OPF8_gene6094904.pdb
 0.025606  0.307729 -0.951130     0.188288
 0.393884 -0.877580 -0.273328    -1.141801
-0.918803 -0.367636 -0.143681     0.897931
>../../../../class1/ile//data/domains/Catalytic_domain/structures/IleRS_AF_Arch_Candidatus_Nitrosopumilus_sediminis_gene13697091.pdb
-0.912675 -0.375046  0.162371     3.593039
-0.406207  0.876159 -0.259500    -4.822502
-0.044938 -0.302796 -0.951995    -0.875610
>../../../../class1/ile//data/domains/Catalytic_domain/structures/IleRS_AF_Arch_Pyrobaculum_aerophilum_str_IM2_gene1465853.pdb
-0.109595 -0.476569  0.872279     2.758207
-0.810728 -0.464864 -0.355840     2.208622
 0.575073 -0.746179 -0.335422     2.892982
>../../../../class1/ile//data/domains/Catalytic_domain/structures/IleRS_AF_Arch_Thermoplasma_acidophilum_DSM_1728_gene1456418.pdb
 0.643638 -0.625612 -0.440841     0.350179
 0.531360 -0.049266  0.845712    -2.782860
-0.550806 -0.778578  0.300716     0.521647
>../../../../class1/ile//data/domains/Catalytic_domain/structures/IleRS_AF_Bact_Chlamydia_muridarum_str_Nigg_gene1246458.pdb
 0.840408  0.497491 -0.214981     0.138079
-0.476772  0.490061 -0.729746    -1.127455
-0.257688  0.715781  0.649041    -2.797121
>../../../../class1/ile//data/domains/Catalytic_domain/structures/IleRS_AF_Bact_Lactobacillus_acidophilus_La-14_gene56942445.pdb
 0.111799 -0.210967  0.971079     1.159446
-0.486052 -0.863944 -0.131733     1.374590
 0.866749 -0.457267 -0.199129    -0.366179
>../../../../class1/ile//data/domains/Catalytic_domain/structures/IleRS_AF_Bact_Mycoplasma_hyopneumoniae_168-L_gene57100872.pdb
 0.141263 -0.123675  0.982217    -0.800054
-0.462818 -0.885315 -0.044911     1.290229
 0.875125 -0.448243 -0.182301     1.586391
>../../../../class1/ile//data/domains/Catalytic_domain/structures/IleRS_AF_Bact_Orientia_tsutsugamushi_str_Ikeda_gene66653313.pdb
-0.747667  0.431961  0.504384    -0.205057
 0.597413  0.105849  0.794918    -2.278822
 0.289985  0.895659 -0.337199     0.822660
>../../../../class1/ile//data/domains/Catalytic_domain/structures/IleRS_AF_Bact_Porphyromonas_gingivalis_ATCC_33277_gene29255747.pdb
-0.728110  0.488505  0.480853    -2.165399
 0.584647  0.076376  0.807684    -2.596366
 0.357832  0.869212 -0.341214     3.255188
>../../../../class1/ile//data/domains/Catalytic_domain/structures/IleRS_AF_Bact_Streptobacillus_moniliformis_DSM_12112_gene29674186.pdb
 0.066040 -0.198917  0.977789     3.274940
-0.409799 -0.898878 -0.155186     0.630807
 0.909782 -0.390448 -0.140878     5.447392
>../../../../class1/ile//data/domains/Catalytic_domain/structures/IleRS_AF_Bact_Thermus_thermophilus_HB8_gene3168241.pdb
 0.744884  0.590896 -0.309823    -2.039858
-0.555950  0.292970 -0.777875    -2.195307
-0.368874  0.751672  0.546737    -1.111770
>../../../../class1/ile//data/domains/Catalytic_domain/structures/IleRS_AF_Bact_Treponema_pallidum_subsp_pertenue_str_SamoaD_gene57878975.pdb
 0.074760  0.492611 -0.867032    -0.432061
-0.326691 -0.809384 -0.488027    -1.306508
-0.942170  0.319736  0.100422    -0.711225
>../../../../class1/ile//data/domains/Catalytic_domain/structures/IleRS_AF_Euk_Cyanidioschyzon_merolae_strain_10D_gene16992835.pdb
 0.999968 -0.001693 -0.007848     0.068316
 0.001881  0.999709  0.024067    -0.249090
 0.007805 -0.024081  0.999680     0.150532
>../../../../class1/ile//data/domains/Catalytic_domain/structures/IleRS_AF_Euk_Ostreococcus_lucimarinus_CCE9901_gene5000489.pdb
-0.059248  0.271999 -0.960472     1.426503
-0.032455 -0.962178 -0.270480     1.360434
-0.997716  0.015147  0.065835    -2.301680
>../../../../class1/ile//data/domains/Catalytic_domain/structures/IleRS_AF_Euk_Trypanosoma_brucei_brucei_TREU927_gene3663037.pdb
-0.105804  0.000869 -0.994387     1.325882
 0.245806 -0.968943 -0.027001     0.554593
-0.963527 -0.247283  0.102304    -0.823163
>../../../../class1/ile//data/domains/Catalytic_domain/structures/IleRS_AF_Euk_Ustilago_maydis_521_gene23568123.pdb
 0.126788  0.349038  0.928492    -1.900405
-0.050868 -0.932526  0.357501     1.264890
 0.990625 -0.092558 -0.100479     0.791144
>../../../../class1/ile//data/domains/Catalytic_domain/structures/IleRS_AF_Mito_Drosophila_melanogaster_gene39762.pdb
-0.977770  0.196503  0.073157    -2.575022
 0.188331  0.669645  0.718406    -1.293900
 0.092180  0.716213 -0.691767     3.840356
>../../../../class1/ile//data/domains/Catalytic_domain/structures/IleRS_AF_Mito_Prochlorococcus_marinus_subsp_marinus_str_CCMP1375_gene54199628.pdb
-0.962615  0.212483  0.167999     1.023059
 0.265329  0.614793  0.742718    -1.299495
 0.054530  0.759527 -0.648187     1.802679
>../../../../class1/ile//data/domains/Catalytic_domain/structures/IleRS_PDB_Bact_S_aureus_1QU2.pdb
 0.431582  0.072566  0.899150   -89.485004
-0.841123 -0.327801  0.430184    11.786495
 0.325959 -0.941956 -0.080436    81.036729
>../../../../class1/ile//data/domains/Catalytic_domain/structures/IleRS_PDB_Bact_T_therm_1ILE.pdb
 0.584585  0.420928 -0.693599    -6.721377
-0.715857 -0.134752 -0.685121   -40.182465
-0.381851  0.897029  0.222551    -2.413706
>../../../../class1/ile//data/domains/Catalytic_domain/structures/IleRS_PDB_Euk_S_cere_7D5C.pdb
 0.026637  0.833752 -0.551496    14.681765
-0.099961  0.551148  0.828398   -36.055035
 0.994635  0.033063  0.098024    -6.813773
>../../../../class1/met//data/domains/Catalytic_domain/structures/MetRS_AF_Arch_Aciduliprofundum_boonei_T469_gene8827030.pdb
-0.902562  0.356825  0.240953     4.123480
 0.367847  0.348203  0.862231     1.982696
 0.223765  0.866851 -0.445532     2.861723
>../../../../class1/met//data/domains/Catalytic_domain/structures/MetRS_AF_Arch_Candidatus_Korarchaeum_cryptofilum_OPF8_gene6093355.pdb
-0.213906 -0.612473  0.761000     3.529373
-0.891422 -0.196222 -0.408490     5.756489
 0.399514 -0.765750 -0.503999     2.555124
>../../../../class1/met//data/domains/Catalytic_domain/structures/MetRS_AF_Arch_Candidatus_Nitrosopumilus_sediminis_gene13696902.pdb
 0.031662  0.531281 -0.846604     2.714662
 0.064216 -0.846360 -0.528726     3.868183
-0.997434 -0.037625 -0.060914    -0.250773
>../../../../class1/met//data/domains/Catalytic_domain/structures/MetRS_AF_Arch_Halalkalicoccus_jeotgali_B3_gene9420443.pdb
-0.869685  0.454436  0.192709     1.180475
 0.322901  0.228484  0.918439     2.902609
 0.373341  0.860978 -0.345447     0.722674
>../../../../class1/met//data/domains/Catalytic_domain/structures/MetRS_AF_Bact_Bacillus_anthracis_str_Ames_Ancestor_gene45024892.pdb
 0.943764 -0.183031  0.275336     1.716367
 0.213827  0.973072 -0.086079     3.903204
-0.252167  0.140113  0.957487     0.932998
>../../../../class1/met//data/domains/Catalytic_domain/structures/MetRS_AF_Bact_Brucella_suis_1330_gene45052047.pdb
-0.141143 -0.605197  0.783463     2.914485
-0.843866 -0.340262 -0.414865     5.942931
 0.517657 -0.719693 -0.462680    -1.520438
>../../../../class1/met//data/domains/Catalytic_domain/structures/MetRS_AF_Bact_Chlamydia_psittaci_6BC_gene12243105.pdb
-0.322108  0.755765  0.570145    -0.681299
 0.551970 -0.339361  0.761684     4.712374
 0.769139  0.560048 -0.307849    -4.181063
>../../../../class1/met//data/domains/Catalytic_domain/structures/MetRS_AF_Bact_Mycoplasma_hyopneumoniae_168-L_gene57101263.pdb
-0.562596  0.500512  0.658007     1.497025
 0.583498 -0.323451  0.744923     3.417968
 0.585675  0.803037 -0.110076    -2.647521
>../../../../class1/met//data/domains/Catalytic_domain/structures/MetRS_AF_Bact_Nocardia_farcinica_IFM_10152_gene61135500.pdb
 0.117182 -0.141256  0.983013     2.873309
-0.433810 -0.897684 -0.077281     6.771901
 0.893352 -0.417385 -0.166470    -3.002351
>../../../../class1/met//data/domains/Catalytic_domain/structures/MetRS_AF_Bact_Prochlorococcus_marinus_subsp_marinus_str_CCMP1375_gene54200313.pdb
 0.321258  0.806838 -0.495788     2.563756
-0.414743 -0.350785 -0.839606     5.173281
-0.851341  0.475355  0.221938    -2.443895
>../../../../class1/met//data/domains/Catalytic_domain/structures/MetRS_AF_Bact_Streptobacillus_moniliformis_DSM_12112_gene29673607.pdb
 0.747842 -0.558940 -0.358216     4.652474
 0.560161  0.241673  0.792347     2.648836
-0.356303 -0.793208  0.493830    -1.170685
>../../../../class1/met//data/domains/Catalytic_domain/structures/MetRS_AF_Bact_Treponema_denticola_ATCC_35405_gene2740824.pdb
 0.175276  0.499246 -0.848547     3.209331
-0.356530 -0.771202 -0.527384     6.874936
-0.917695  0.394970  0.042823    -0.100553
>../../../../class1/met//data/domains/Catalytic_domain/structures/MetRS_AF_Euk_Drosophila_melanogaster_gene37177.pdb
-0.886069  0.446740  0.123716    -2.131242
 0.425419  0.677676  0.599811     2.167169
 0.184120  0.584105 -0.790520    -8.085952
>../../../../class1/met//data/domains/Catalytic_domain/structures/MetRS_AF_Euk_Oryza_sativa_Japonica_Group_gene4341140.pdb
-0.997018 -0.074042  0.021748    -0.854400
-0.057688  0.902296  0.427240    -0.610582
-0.051257  0.424711 -0.903877    -3.417907
>../../../../class1/met//data/domains/Catalytic_domain/structures/MetRS_AF_Euk_Scheffersomyces_stipitis_CBS_6054_gene4836672.pdb
 0.000135  0.428757 -0.903420     7.980432
 0.309532 -0.859070 -0.407663     7.835364
-0.950889 -0.279583 -0.132830    -6.526089
>../../../../class1/met//data/domains/Catalytic_domain/structures/MetRS_AF_Euk_Trypanosoma_brucei_brucei_TREU927_gene3662741.pdb
 0.618544 -0.648290 -0.443985     4.268664
 0.737035  0.282834  0.613828     5.477774
-0.272365 -0.706912  0.652758    -4.473011
>../../../../class1/met//data/domains/Catalytic_domain/structures/MetRS_AF_Mito_Arvicanthis_niloticus_gene117706247.pdb
 0.197664 -0.221098 -0.955010     4.314489
 0.762195 -0.577970  0.291564     3.473031
-0.616431 -0.785536  0.054276    -3.695349
>../../../../class1/met//data/domains/Catalytic_domain/structures/MetRS_AF_Mito_Brachypodium_distachyon_gene100843706.pdb
-0.795488  0.417207  0.439473     2.999246
 0.531603  0.132370  0.836586     3.223712
 0.290857  0.899120 -0.327087    -1.948805
>../../../../class1/met//data/domains/Catalytic_domain/structures/MetRS_PDB_Arch_P_abyssi_1RQG.pdb
 0.761192 -0.619151 -0.192973    22.519560
 0.564927  0.486900  0.666173   -81.488475
-0.318503 -0.616101  0.720399   -46.076913
>../../../../class1/met//data/domains/Catalytic_domain/structures/MetRS_PDB_Bact_E_coli_1PFV.pdb
 0.459209 -0.271790  0.845729   -25.768732
-0.402297 -0.912449 -0.074794    17.081128
 0.792013 -0.305888 -0.528345    12.579989
>../../../../class1/met//data/domains/Catalytic_domain/structures/MetRS_PDB_Bact_T_therm_1WOY.pdb
-0.043333  0.549783  0.834183   -90.837160
-0.980931 -0.181756  0.068834    -7.206329
 0.189462 -0.815293  0.547176   -87.735404
