>../../../../class2/phe2//data/domains/Catalytic_domain/structures/PheRS-Bβ_AF_Bact_Brachyspira_pilosicoli_95_1000_gene56440382.pdb
 0.953209  0.269726  0.136529    -0.812456
 0.300228 -0.791666 -0.532098   -19.336092
-0.035436  0.548190 -0.835602   -25.344951
>../../../../class2/phe2//data/domains/Catalytic_domain/structures/PheRS-Bβ_AF_Bact_Chlamydia_psittaci_6BC_gene12242429.pdb
-0.368350  0.398423 -0.839987     0.890649
 0.829866  0.548205 -0.103887   -23.602617
 0.419094 -0.735344 -0.532569   -23.480562
>../../../../class2/phe2//data/domains/Catalytic_domain/structures/PheRS-Bβ_AF_Bact_Ferrimonas_balearica_DSM_9799_gene67181907.pdb
 0.231554 -0.857250 -0.459896     1.938377
-0.028645  0.466531 -0.884041   -22.516765
 0.972400  0.217877  0.083471   -27.206008
>../../../../class2/phe2//data/domains/Catalytic_domain/structures/PheRS-Bβ_AF_Bact_Lacticaseibacillus_paracasei_gene61269867.pdb
 0.865172  0.501377  0.009936    -4.838221
 0.442620 -0.754167 -0.485099   -22.120231
-0.235724  0.424092 -0.874403   -24.198912
>../../../../class2/phe2//data/domains/Catalytic_domain/structures/PheRS-Bβ_AF_Bact_Mycobacterium_intracellulare_ATCC_13950_gene11909688.pdb
-0.329099 -0.473624 -0.816929     1.233011
 0.355479  0.739342 -0.571846   -22.713434
 0.874830 -0.478596 -0.074953   -26.490716
>../../../../class2/phe2//data/domains/Catalytic_domain/structures/PheRS-Bβ_AF_Bact_Mycoplasma_hyopneumoniae_168-L_gene57101148.pdb
 0.376160  0.910507 -0.171699    -3.968923
 0.882913 -0.408437 -0.231610   -22.235452
-0.281011 -0.064473 -0.957536   -33.523076
>../../../../class2/phe2//data/domains/Catalytic_domain/structures/PheRS-Bβ_AF_Bact_Porphyromonas_gingivalis_ATCC_33277_gene29257179.pdb
-0.834977 -0.473452 -0.280457     2.407970
 0.152544 -0.688830  0.708692   -18.068862
-0.528719  0.548960  0.647379   -26.899085
>../../../../class2/phe2//data/domains/Catalytic_domain/structures/PheRS-Bβ_AF_Bact_Prochlorococcus_marinus_subsp_marinus_str_CCMP1375_gene54200309.pdb
-0.253080  0.369438 -0.894129     2.062617
 0.895890  0.438325 -0.072470   -23.531784
 0.365146 -0.819382 -0.441907   -25.364244
>../../../../class2/phe2//data/domains/Catalytic_domain/structures/PheRS-Bβ_PDB_Bact.B_E_coli_3PCO.pdb
-0.742918 -0.159210  0.650173   -43.901534
 0.641239  0.109408  0.759501   -42.020206
-0.192054  0.981164  0.020811   -21.644628
>../../../../class2/phe2//data/domains/Catalytic_domain/structures/PheRS-Bβ_PDB_Bact.B_T_thermophilus_1PYS.pdb
 0.415501 -0.114655 -0.902338    23.857065
 0.732948 -0.545264  0.406785    -1.431102
-0.538652 -0.830386 -0.142522    36.920106
>../../../../class2/ser2//data/domains/Catalytic_domain/structures/SerRS-A_AF_Arch_Conexivisphaera_calida_protein1635512986.pdb
 0.364336 -0.627854 -0.687793     2.580889
 0.917083  0.113478  0.382206    -0.216085
-0.161920 -0.770015  0.617138     0.024687
>../../../../class2/ser2//data/domains/Catalytic_domain/structures/SerRS-A_AF_Arch_Ignisphaera_aggregans_protein304378874.pdb
-0.049517 -0.200691 -0.978402     2.543280
 0.611095 -0.780933  0.129258     1.760491
-0.790007 -0.591496  0.161311     1.067424
>../../../../class2/ser2//data/domains/Catalytic_domain/structures/SerRS-A_AF_Arch_Methanosarcina_barkeri_protein805401349.pdb
 0.999985  0.005419 -0.000709     0.127822
-0.005416  0.999976  0.004340     0.043639
 0.000732 -0.004336  0.999990    -0.072107
>../../../../class2/ser2//data/domains/Catalytic_domain/structures/SerRS-A_AF_Arch_Unclassified_Thermoplasmata_protein1635512986.pdb
 0.518208 -0.610873 -0.598577     0.223062
 0.854919  0.389595  0.342533    -1.662208
 0.023958 -0.689238  0.724138     1.334847
>../../../../class2/ser2//data/domains/Catalytic_domain/structures/SerRS-A_PDB_Arch_M_barkeri_2cim.pdb
-0.872561 -0.419345  0.250572    21.333022
-0.475901  0.613940 -0.629759    75.519496
 0.110250 -0.668751 -0.735267    55.072956
>../../../../class2/ser2//data/domains/Catalytic_domain/structures/SerRS-A_PDB_Arch_M_barkeri_2cjb.pdb
-0.875954 -0.433203  0.212227    24.552180
-0.463631  0.634519 -0.618411    74.538521
 0.133236 -0.640094 -0.756655    56.162610
