>../../../../class2/phe2//data/domains/Catalytic_domain/structures/Phe_Bact_1EIY.B_T_thermophilus.pdb
 1.000000  0.000000  0.000000     0.000000
 0.000000  1.000000  0.000000     0.000000
 0.000000  0.000000  1.000000     0.000000
>../../../../class2/phe2//data/domains/Catalytic_domain/structures/Phe_Bact_1PYS.B_T_thermophilus.pdb
 0.999974  0.000076  0.007180    -0.267220
-0.000047  0.999992 -0.004051    -0.303299
-0.007181  0.004050  0.999966    -0.138212
>../../../../class2/phe2//data/domains/Catalytic_domain/structures/Phe_Bact_3PCO.B_E_coli.pdb
 0.246866 -0.510738  0.823532   -27.166310
-0.115839 -0.859294 -0.498192    77.751700
 0.962101  0.027589 -0.271294    52.913224
>../../../../class2/phe2//data/domains/Catalytic_domain/structures/Phenylalanyl.B.Firmicutes.NC_014334.2.pdb
 0.966017 -0.136923  0.219231     4.172066
-0.174820  0.278636  0.944352    64.595312
-0.190389 -0.950586  0.245230    25.734748
>../../../../class2/phe2//data/domains/Catalytic_domain/structures/Phenylalanyl.E.Bacillariophyta.NC_025310.1.pdb
-0.833669  0.249146 -0.492872     8.479123
 0.542616  0.535624 -0.647051    62.076065
 0.102784 -0.806866 -0.581723    21.808339
>../../../../class2/ser2//data/domains/Catalytic_domain/structures/Ser_Arch_2cim_M_barkeri.pdb
-0.723815  0.689940  0.008633    46.357033
 0.246044  0.246396  0.937417   -57.457495
 0.644635  0.680641 -0.348101    25.561154
>../../../../class2/ser2//data/domains/Catalytic_domain/structures/Ser_Arch_2cjb_M_barkeri.pdb
-0.726912  0.686502  0.017706    45.928513
 0.219883  0.208246  0.953040   -58.076520
 0.650577  0.696670 -0.302326    21.712063
