>../../../../class2/asn//data/domains/Catalytic_domain/structures/AsnRS_AF_Arch_Candidatus_Korarchaeum_cryptofilum_OPF8_gene6094562.pdb
-0.129458  0.118645  0.984461    -6.239992
-0.333060 -0.940339  0.069529     4.612765
 0.933976 -0.318884  0.161251     5.972985
>../../../../class2/asn//data/domains/Catalytic_domain/structures/AsnRS_AF_Arch_Candidatus_Nitrososphaera_gargensis_Ga92_gene13796664.pdb
 0.516187  0.478817 -0.710130    -7.385867
-0.438013 -0.564919 -0.699293     3.784264
-0.736000  0.672013 -0.081876     3.708753
>../../../../class2/asn//data/domains/Catalytic_domain/structures/AsnRS_AF_Arch_Ferroplasma_acidarmanus_Fer1_gene16025664.pdb
 0.965563 -0.118683 -0.231521    -1.935060
 0.016246  0.915656 -0.401634    -1.876898
 0.259661  0.384042  0.886052     8.125297
>../../../../class2/asn//data/domains/Catalytic_domain/structures/AsnRS_AF_Arch_Pyrococcus_sp_ST04_gene13021535.pdb
 0.968118 -0.036988 -0.247749    -2.288660
-0.070783  0.908337 -0.412206    -1.980948
 0.240286  0.416601  0.876759     7.157276
>../../../../class2/asn//data/domains/Catalytic_domain/structures/AsnRS_AF_Bact_Clostridium_acetobutylicum_DSM_1731_gene44999755.pdb
 0.436867  0.550452 -0.711442    -8.352461
-0.421019 -0.573804 -0.702490     4.695195
-0.794915  0.606426 -0.018925     5.089892
>../../../../class2/asn//data/domains/Catalytic_domain/structures/AsnRS_AF_Bact_Mycoplasma_hyopneumoniae_168-L_gene57101291.pdb
 0.946658  0.216259 -0.238896    -2.209102
-0.319649  0.724039 -0.611222    -2.502912
 0.040787  0.654981  0.754544     5.707311
>../../../../class2/asn//data/domains/Catalytic_domain/structures/AsnRS_AF_Bact_Porphyromonas_gingivalis_ATCC_33277_gene29256423.pdb
 0.978981  0.077976 -0.188458    -2.921645
-0.151773  0.895782 -0.417779    -0.625718
 0.136241  0.437600  0.888788     6.160277
>../../../../class2/asn//data/domains/Catalytic_domain/structures/AsnRS_AF_Bact_Streptobacillus_moniliformis_DSM_12112_gene29673200.pdb
 0.388628  0.574139 -0.720647    -8.073161
-0.354348 -0.628846 -0.692092     4.616349
-0.850533  0.524326 -0.040942     4.817121
>../../../../class2/asn//data/domains/Catalytic_domain/structures/AsnRS_AF_Bact_Thermus_thermophilus_HB8_gene3168522.pdb
 0.944529  0.245719 -0.217915    -2.415028
-0.325695  0.615377 -0.717798    -3.277070
-0.042277  0.748955  0.661271     5.298144
>../../../../class2/asn//data/domains/Catalytic_domain/structures/AsnRS_AF_Bact_Treponema_pallidum_subsp_pertenue_str_SamoaD_gene57879132.pdb
 0.508166  0.529198 -0.679498    -8.161235
-0.449393 -0.510119 -0.733365     4.652480
-0.734720  0.678033 -0.021407     4.069896
>../../../../class2/asn//data/domains/Catalytic_domain/structures/AsnRS_AF_Bact_unclassified_Blastocatellia_proteinRPI49177.1.pdb
 0.870514  0.403766 -0.281386    -3.635394
-0.439067  0.378884 -0.814657    -2.687997
-0.222318  0.832718  0.507105     3.940334
>../../../../class2/asn//data/domains/Catalytic_domain/structures/AsnRS_AF_Euk_Candida_albicans_SC5314_gene3646227.pdb
 0.945003  0.018012 -0.326565    -6.457762
-0.199479  0.823007 -0.531853    -4.005687
 0.259186  0.567745  0.781337     7.191414
>../../../../class2/asn//data/domains/Catalytic_domain/structures/AsnRS_AF_Euk_Cryptococcus_gattii_WM276_gene10190222.pdb
 0.901543  0.033020 -0.431427    -9.740202
-0.295172  0.775985 -0.557423    -3.788119
 0.316375  0.629887  0.709330     6.508658
>../../../../class2/asn//data/domains/Catalytic_domain/structures/AsnRS_AF_Euk_Encephalitozoon_intestinalis_ATCC_50506_gene9698489.pdb
 0.976440  0.007323 -0.215664    -1.754429
-0.072140  0.952999 -0.294260    -0.642995
 0.203373  0.302885  0.931075     7.849199
>../../../../class2/asn//data/domains/Catalytic_domain/structures/AsnRS_AF_Euk_Vitis_vinifera_gene100257593.pdb
 0.430070  0.725290 -0.537581    -8.626809
-0.237428 -0.483634 -0.842452     7.637691
-0.871015  0.489951 -0.035792     3.218890
>../../../../class2/asn//data/domains/Catalytic_domain/structures/AsnRS_AF_Mito_Solanum_lycopersicum_gene543755.pdb
 0.796269  0.578035 -0.178413    -9.144374
-0.269083  0.074288 -0.960248     6.797983
-0.541803  0.812624  0.214693     1.524929
>../../../../class2/asn//data/domains/Catalytic_domain/structures/AsnRS_AF_Mito_Zeugodacus_cucurbitae_gene105213230.pdb
-0.981663 -0.023227  0.189204    -9.851675
 0.091032  0.814941  0.572351     2.845406
-0.167484  0.579079 -0.797883     1.728168
>../../../../class2/asn//data/domains/Catalytic_domain/structures/AsnRS_PDB_Arch_P_horikoshii_1X54.pdb
 0.252317 -0.234893  0.938702   -32.439211
-0.911730  0.267277  0.311948   -13.649238
-0.324168 -0.934552 -0.146720    10.042896
>../../../../class2/asn//data/domains/Catalytic_domain/structures/AsnRS_PDB_Bact_E_anophelis_6pqh.pdb
 0.251142 -0.195801 -0.947940   -57.463096
 0.119687 -0.965530  0.231144    17.236980
-0.960522 -0.171506 -0.219050   -20.110461
>../../../../class2/asn//data/domains/Catalytic_domain/structures/AsnRS_PDB_Euk_S_cerevisiae_1asz.pdb
-0.695638  0.700221 -0.160557     2.628617
-0.707222 -0.706758 -0.018161   103.042745
-0.126192  0.100917  0.986859    19.886264
>../../../../class2/pro2//data/domains/Catalytic_domain/structures/ProRS-B_AF_Bact_Acinetobacter_baylyi_ADP1_gene45233245.pdb
 0.882426 -0.393577 -0.257726     0.776597
 0.470368  0.727720  0.499177    -0.677028
-0.008912 -0.561712  0.827285    -1.782339
>../../../../class2/pro2//data/domains/Catalytic_domain/structures/ProRS-B_AF_Bact_Brachyspira_pilosicoli_95_1000_gene56438966.pdb
 0.209765 -0.332216 -0.919582     0.209818
 0.693611 -0.612321  0.379431    -0.332821
-0.689132 -0.717423  0.101985    -0.221726
>../../../../class2/pro2//data/domains/Catalytic_domain/structures/ProRS-B_AF_Bact_Chlamydia_psittaci_6BC_gene12242703.pdb
-0.880340 -0.435551  0.187873     3.222649
-0.470921  0.850001 -0.236074    -2.819390
-0.056869 -0.296299 -0.953401     1.038636
>../../../../class2/pro2//data/domains/Catalytic_domain/structures/ProRS-B_AF_Bact_Clostridium_acetobutylicum_DSM_1731_gene44999665.pdb
 0.790364 -0.442845 -0.423336     0.974342
 0.612289  0.547698  0.570201    -0.616136
-0.020650 -0.709870  0.704030    -0.654328
>../../../../class2/pro2//data/domains/Catalytic_domain/structures/ProRS-B_AF_Bact_Corynebacterium_ulcerans_809_gene75260584.pdb
-0.965684 -0.256667  0.039702     2.115635
-0.173873  0.752449  0.635286    -1.292462
-0.192930  0.606582 -0.771256    -0.525820
>../../../../class2/pro2//data/domains/Catalytic_domain/structures/ProRS-B_AF_Bact_Prochlorococcus_marinus_subsp_marinus_str_CCMP1375_gene54199876.pdb
 0.840984 -0.454302 -0.293863     1.114932
 0.540839  0.690326  0.480565    -1.422041
-0.015460 -0.563080  0.826258    -1.853282
>../../../../class2/pro2//data/domains/Catalytic_domain/structures/ProRS-B_AF_Bact_Streptobacillus_moniliformis_DSM_12112_gene29673723.pdb
 0.999721  0.014259 -0.018841    -0.021865
-0.014312  0.999894 -0.002722     0.047379
 0.018801  0.002991  0.999819    -0.291371
>../../../../class2/pro2//data/domains/Catalytic_domain/structures/ProRS-B_AF_Euk_Candida_albicans_SC5314_gene3640100.pdb
 0.868578 -0.397482 -0.295939    -0.099042
 0.447786  0.885343  0.125124    -1.643622
 0.212273 -0.241197  0.946976     2.831568
>../../../../class2/pro2//data/domains/Catalytic_domain/structures/ProRS-B_PDB_Bact_S_aureus_5znj.pdb
 0.993904 -0.007253 -0.110008     0.953601
 0.105543  0.350963  0.930422   -20.190992
 0.031860 -0.936361  0.349589    -8.526856
>../../../../class2/pro2//data/domains/Catalytic_domain/structures/ProRS_PDB_Bact_E_faecalis_2J3M.pdb
 0.979447  0.142466  0.142785   -27.788938
-0.187512  0.903956  0.384321    10.089385
-0.074318 -0.403196  0.912091   -14.205543
