>structures/Arg_Arch_2ZUF_P.hori.pdb
-0.124167  0.865375  0.485498    -7.647496
 0.951804  0.242163 -0.188217    22.228842
-0.280448  0.438728 -0.853737    61.204328
>structures/Cys_Bact_3C8Z_M_smegmatis.pdb
-0.043158 -0.849715 -0.525473    -7.585788
 0.037773  0.524199 -0.850757    16.910144
 0.998354 -0.056565  0.009473    -8.535373
>structures/Gln_Bact_2HZ7_D_radio.pdb
-0.962299 -0.271837  0.009272    45.911235
-0.051761  0.149551 -0.987398   103.661493
 0.267024 -0.950652 -0.157984    79.927100
>structures/Glu_Bact_1J09_T_therm.pdb
 0.689003  0.187047  0.700206   -29.697221
-0.560263  0.750334  0.350862    51.733748
-0.459761 -0.634045  0.621778    65.201331
>structures/Glutamyl.A.Candidatus_Korarchaeota.NC_010482.1.pdb
 0.694983 -0.579080  0.426221     8.166722
-0.143138 -0.692335 -0.707236    51.656051
 0.704634  0.430509 -0.564050    32.194012
>structures/Ile_Euk_7D5C_S_cere.pdb
-0.882260 -0.470164  0.023743     1.674142
-0.462627  0.856574 -0.228600    60.587614
 0.087142 -0.212668 -0.973231    52.747592
>structures/Leu_Bact_2V0C_T_therm.pdb
-0.853958 -0.171660  0.491211     1.980401
-0.402666  0.815919 -0.414892    90.420659
-0.329568 -0.552094 -0.765883    20.534290
>structures/Lys_Arch_1IRX_P_hori.pdb
-0.970191 -0.089708  0.225126    27.721158
-0.235578  0.567058 -0.789271   113.344437
-0.056856 -0.818778 -0.571288    81.555950
>structures/Met_Bact_1PFV_E_coli.pdb
-0.231227 -0.946760 -0.224010    21.472346
 0.957059 -0.179970 -0.227261    44.617296
 0.174847 -0.266940  0.947719    -2.002222
>structures/Tyr_Bact_1H3F_T_therm.pdb
 1.000000  0.000000  0.000000     0.000000
 0.000000  1.000000  0.000000     0.000000
 0.000000  0.000000  1.000000     0.000000
>structures/Valyl.A.Candidatus_Korarchaeota.NC_010482.1.pdb
-0.098989 -0.052076 -0.993725     0.379096
 0.024748  0.998192 -0.054775    50.894737
 0.994781 -0.030015 -0.097521    20.857951
