>../../../../class2/ala//data/domains/Catalytic_domain/structures/AlaRS_AF_Arch_Candidatus_Korarchaeum_cryptofilum_OPF8_gene6094822.pdb
 0.819644  0.199305 -0.537086     3.052657
 0.135527 -0.978378 -0.156235    28.950585
-0.556612  0.055267 -0.828932    -8.489940
>../../../../class2/ala//data/domains/Catalytic_domain/structures/AlaRS_AF_Arch_Candidatus_Nitrosopumilus_koreensis_AR1_gene13725795.pdb
 0.205959 -0.725725 -0.656433     2.747597
 0.714654  0.569794 -0.405715    26.252986
 0.668469 -0.385561  0.635997    -3.294204
>../../../../class2/ala//data/domains/Catalytic_domain/structures/AlaRS_AF_Arch_Sulfolobus_islandicus_YG5714_gene7807284.pdb
 0.325366 -0.690635 -0.645879     2.601487
-0.817095 -0.549123  0.175556    25.196565
-0.475912  0.470624 -0.742980    -9.130784
>../../../../class2/ala//data/domains/Catalytic_domain/structures/AlaRS_AF_Arch_Thermoplasma_acidophilum_DSM_1728_gene1456391.pdb
 0.234164 -0.711491 -0.662532     3.618495
 0.721134  0.584161 -0.372453    26.955667
 0.652023 -0.390559  0.649869    -5.226570
>../../../../class2/ala//data/domains/Catalytic_domain/structures/AlaRS_AF_Bact_Brucella_melitensis_bv_1_str_16M_gene29593597.pdb
 0.513214 -0.804983 -0.297682     4.265869
 0.313425  0.498672 -0.808140    32.983103
 0.798985  0.321448  0.508227     2.351809
>../../../../class2/ala//data/domains/Catalytic_domain/structures/AlaRS_AF_Bact_Chlamydia_psittaci_6BC_gene12242512.pdb
 0.373617  0.899782  0.225393     1.220043
-0.533619  0.009737  0.845669    31.152972
 0.758723 -0.436231  0.483779    -2.017445
>../../../../class2/ala//data/domains/Catalytic_domain/structures/AlaRS_AF_Bact_Lactobacillus_acidophilus_La-14_gene56942022.pdb
-0.416561  0.330097 -0.847061    -6.661263
-0.823353  0.258057  0.505466    29.375087
 0.385443  0.907988  0.164290    -3.732000
>../../../../class2/ala//data/domains/Catalytic_domain/structures/AlaRS_AF_Bact_Nocardia_farcinica_IFM_10152_gene61134339.pdb
-0.151119  0.915096 -0.373849    -0.616973
-0.722395  0.155923  0.673671    31.651947
 0.674765  0.371871  0.637498    -2.595225
>../../../../class2/ala//data/domains/Catalytic_domain/structures/AlaRS_AF_Bact_Porphyromonas_gingivalis_ATCC_33277_gene29256567.pdb
 0.230589  0.969534  0.082663     0.849439
-0.551607  0.060261  0.831924    29.412718
 0.801597 -0.237430  0.548698    -3.828262
>../../../../class2/ala//data/domains/Catalytic_domain/structures/AlaRS_AF_Bact_Prochlorococcus_marinus_subsp_marinus_str_CCMP1375_gene54199407.pdb
-0.991711 -0.098933  0.081990    -0.463048
-0.054448 -0.254410 -0.965563    32.966686
 0.116385 -0.962023  0.246914    -3.819976
>../../../../class2/ala//data/domains/Catalytic_domain/structures/AlaRS_AF_Bact_Streptobacillus_moniliformis_DSM_12112_gene29672963.pdb
 0.548098  0.800102  0.243772    -3.074275
-0.469066  0.052728  0.881587    32.765101
 0.692507 -0.597542  0.404201    -3.993805
>../../../../class2/ala//data/domains/Catalytic_domain/structures/AlaRS_AF_Bact_Treponema_pallidum_subsp_pertenue_str_SamoaD_gene57879528.pdb
 0.633633 -0.765153 -0.114236    -1.937743
-0.489651 -0.510966  0.706509    17.437790
-0.598959 -0.391731 -0.698423    -4.085660
>../../../../class2/ala//data/domains/Catalytic_domain/structures/AlaRS_AF_Euk_Cyanidioschyzon_merolae_strain_10D_gene16993235.pdb
 0.436303 -0.864734 -0.248747    -0.678482
-0.760519 -0.502139  0.411664    32.096512
-0.480886  0.009566 -0.876731   -10.903368
>../../../../class2/ala//data/domains/Catalytic_domain/structures/AlaRS_AF_Euk_Marasmius_oreades_gene66078979.pdb
 0.338331 -0.689101 -0.640837    -1.416702
 0.578818  0.689328 -0.435656    31.196865
 0.741958 -0.223532  0.632085    -7.363645
>../../../../class2/ala//data/domains/Catalytic_domain/structures/AlaRS_AF_Euk_Plasmodium_berghei_ANKA_gene55150801.pdb
 0.041208  0.882216 -0.469039    -2.999807
-0.458018  0.433888  0.775861    30.409991
 0.887987  0.182856  0.421951    -1.313953
>../../../../class2/ala//data/domains/Catalytic_domain/structures/AlaRS_AF_Euk_Saccharomyces_cerevisiae_S288C_gene854513.pdb
-0.052685 -0.814154 -0.578253     3.477317
 0.875658  0.240698 -0.418674    28.995000
 0.480050 -0.528410  0.700239    -7.263826
>../../../../class2/ala//data/domains/Catalytic_domain/structures/AlaRS_AF_Mito_Caenorhabditis_elegans_gene174749.pdb
 0.684187  0.613452  0.394417     1.820127
-0.294149 -0.262758  0.918931    26.934223
 0.667356 -0.744738  0.000671    -5.422466
>../../../../class2/ala//data/domains/Catalytic_domain/structures/AlaRS_AF_Mito_Gadus_morhua_gene115539928.pdb
-0.033883 -0.312685  0.949252     3.322305
 0.907147  0.388998  0.160516    27.883373
-0.419448  0.866550  0.270471    -5.257602
>../../../../class2/ala//data/domains/Catalytic_domain/structures/AlaRS_PDB_Bact_E_coli_3HXV.pdb
-0.008844  0.689377 -0.724349   -11.563784
-0.204012 -0.710385 -0.673597    59.561544
-0.978928  0.141819  0.146924     8.843157
>../../../../class2/pro2//data/domains/Catalytic_domain/structures/ProRS-B_AF_Bact_Acinetobacter_baylyi_ADP1_gene45233245.pdb
 0.974597 -0.122125  0.187739     0.165044
 0.049868  0.935536  0.349693     1.754465
-0.218343 -0.331448  0.917861    -4.570143
>../../../../class2/pro2//data/domains/Catalytic_domain/structures/ProRS-B_AF_Bact_Brachyspira_pilosicoli_95_1000_gene56438966.pdb
 0.355221 -0.705332 -0.613453     0.296710
 0.708914 -0.224493  0.668613     1.901168
-0.609310 -0.672391  0.420275    -2.811870
>../../../../class2/pro2//data/domains/Catalytic_domain/structures/ProRS-B_AF_Bact_Chlamydia_psittaci_6BC_gene12242703.pdb
-0.986738 -0.080103 -0.141177     1.943082
-0.068268  0.993886 -0.086777    -2.238463
 0.147265 -0.075988 -0.986174    -3.004855
>../../../../class2/pro2//data/domains/Catalytic_domain/structures/ProRS-B_AF_Bact_Clostridium_acetobutylicum_DSM_1731_gene44999665.pdb
 0.954661 -0.294811  0.041335     0.584164
 0.238661  0.840931  0.485670     1.440631
-0.177941 -0.453785  0.873164    -3.322964
>../../../../class2/pro2//data/domains/Catalytic_domain/structures/ProRS-B_AF_Bact_Corynebacterium_ulcerans_809_gene75260584.pdb
-0.966169  0.233169  0.110223     1.097690
 0.238502  0.645124  0.725901    -0.097729
 0.098150  0.727631 -0.678910    -3.701273
>../../../../class2/pro2//data/domains/Catalytic_domain/structures/ProRS-B_AF_Bact_Prochlorococcus_marinus_subsp_marinus_str_CCMP1375_gene54199876.pdb
 0.967269 -0.215542  0.133909     0.048874
 0.161465  0.929903  0.330469     0.932771
-0.195752 -0.298031  0.934269    -4.801474
>../../../../class2/pro2//data/domains/Catalytic_domain/structures/ProRS-B_AF_Bact_Streptobacillus_moniliformis_DSM_12112_gene29673723.pdb
 0.867532  0.456930  0.196478     0.138653
-0.404783  0.878153 -0.254947     2.249272
-0.289030  0.141644  0.946783    -2.641349
>../../../../class2/pro2//data/domains/Catalytic_domain/structures/ProRS-B_AF_Euk_Candida_albicans_SC5314_gene3640100.pdb
 1.000000  0.000000  0.000000     0.000000
 0.000000  1.000000  0.000000     0.000000
 0.000000  0.000000  1.000000     0.000000
>../../../../class2/pro2//data/domains/Catalytic_domain/structures/ProRS-B_PDB_Bact_S_aureus_5znj.pdb
 0.895447 -0.107142  0.432083   -10.808351
-0.306008  0.556787  0.772235   -13.772079
-0.323317 -0.823716  0.465787   -12.386335
>../../../../class2/pro2//data/domains/Catalytic_domain/structures/ProRS_PDB_Bact_E_faecalis_2J3M.pdb
 0.767060  0.426500  0.479289   -22.828225
-0.512958  0.856393  0.058874    24.995956
-0.385349 -0.291015  0.875680    -6.167479
