>structures/AlaRS_AF_Arch_Candidatus_Korarchaeum_cryptofilum_OPF8_gene6094822.pdb
-0.691127  0.722681 -0.008703    -5.422249
-0.179074 -0.182897 -0.966686    -0.205491
-0.700197 -0.666545  0.255818    -8.605330
>structures/AlaRS_AF_Arch_Candidatus_Nitrosopumilus_koreensis_AR1_gene13725795.pdb
-0.372710 -0.329200  0.867591    -1.036376
 0.866425 -0.458224  0.198340     3.023532
 0.332257  0.825626  0.456012    -9.711327
>structures/AlaRS_AF_Arch_Sulfolobus_islandicus_YG5714_gene7807284.pdb
 0.329071  0.926466 -0.182682    -2.477669
-0.553675  0.032586 -0.832095    -2.326483
-0.764955  0.374965  0.523684   -10.501030
>structures/AlaRS_AF_Arch_Thermoplasma_acidophilum_DSM_1728_gene1456391.pdb
-0.388202 -0.338717  0.857070    -2.681538
 0.879597 -0.413666  0.234923     2.538218
 0.274968  0.845075  0.458521    -9.684633
>structures/AlaRS_AF_Bact_Brucella_melitensis_bv_1_str_16M_gene29593597.pdb
-0.153323  0.070653  0.985647    -4.749591
 0.978615  0.149269  0.141529    10.040525
-0.137127  0.986269 -0.092029    -6.315534
>structures/AlaRS_AF_Bact_Chlamydia_psittaci_6BC_gene12242512.pdb
 0.565322 -0.562107 -0.603694    -3.670628
 0.676456 -0.102890  0.729261     4.310680
-0.472037 -0.820639  0.322075    -5.283225
>structures/AlaRS_AF_Bact_Lactobacillus_acidophilus_La-14_gene56942022.pdb
 0.999994 -0.003241  0.001321     0.013915
 0.003236  0.999990  0.003107    -0.022267
-0.001331 -0.003102  0.999994     0.017441
>structures/AlaRS_AF_Bact_Nocardia_farcinica_IFM_10152_gene61134339.pdb
 0.921084 -0.364615 -0.136602    -3.494107
 0.365281  0.687718  0.627387     3.643270
-0.134811 -0.627774  0.766633    -3.422319
>structures/AlaRS_AF_Bact_Porphyromonas_gingivalis_ATCC_33277_gene29256567.pdb
 0.684942 -0.561361 -0.464466    -2.669528
 0.630571  0.137361  0.763879     3.107485
-0.365012 -0.816092  0.448063    -5.737197
>structures/AlaRS_AF_Bact_Prochlorococcus_marinus_subsp_marinus_str_CCMP1375_gene54199407.pdb
 0.497053 -0.165540  0.851783    -5.383251
-0.248327 -0.967714 -0.043161     3.992310
 0.831428 -0.190067 -0.522114    -3.446634
>structures/AlaRS_AF_Bact_Streptobacillus_moniliformis_DSM_12112_gene29672963.pdb
 0.455847 -0.630700 -0.628029    -4.198424
 0.653666 -0.241674  0.717157     3.115976
-0.604090 -0.737435  0.302100    -1.226057
>structures/AlaRS_AF_Bact_Treponema_pallidum_subsp_pertenue_str_SamoaD_gene57879528.pdb
-0.138769  0.566716 -0.812143     7.845939
-0.463842 -0.761757 -0.452301    -1.345527
-0.874982  0.313941  0.368575   -10.055809
>structures/AlaRS_AF_Euk_Cyanidioschyzon_merolae_strain_10D_gene16993235.pdb
 0.244206  0.770666 -0.588589    -7.556367
-0.509031 -0.414743 -0.754239    -3.194655
-0.825379  0.483800  0.291010    -4.681425
>structures/AlaRS_AF_Euk_Marasmius_oreades_gene66078979.pdb
-0.291801 -0.352381  0.889202    -4.655527
 0.945530 -0.246535  0.212587    -0.580032
 0.144308  0.902800  0.405126    -3.715983
>structures/AlaRS_AF_Euk_Plasmodium_berghei_ANKA_gene55150801.pdb
 0.732287 -0.637221 -0.240217    -0.727115
 0.667264  0.600920  0.440061     4.280745
-0.136065 -0.482540  0.865241    -1.706461
>structures/AlaRS_AF_Euk_Saccharomyces_cerevisiae_S288C_gene854513.pdb
-0.469098 -0.074663  0.879984    -4.738600
 0.655484 -0.697198  0.290269     0.557804
 0.591851  0.712980  0.375994    -8.896900
>structures/AlaRS_AF_Mito_Caenorhabditis_elegans_gene174749.pdb
 0.221887 -0.340845 -0.913559    -1.897914
 0.759097 -0.527663  0.381240     0.768104
-0.611995 -0.778072  0.141653    -8.486299
>structures/AlaRS_AF_Mito_Gadus_morhua_gene115539928.pdb
-0.896560  0.167575 -0.409999    -3.072406
-0.133012  0.781078  0.610102     2.208147
 0.422479  0.601528 -0.677994    -9.050036
>structures/AlaRS_PDB_Bact_E_coli_3HXV.pdb
-0.228351  0.340040  0.912266   -17.042215
-0.948602  0.133176 -0.287087    19.479128
-0.219113 -0.930933  0.292151    21.849159
