>../../../../class1/leu1//data/domains/Catalytic_domain/structures/LeuRS-B_AF_Bact_Bifidobacterium_longum_subsp_longum_JCM_1217_gene69578373.pdb
-0.368959 -0.172612  0.913277    -8.484075
 0.783756  0.470389  0.405538     3.387197
-0.499596  0.865413 -0.038269     2.657519
>../../../../class1/leu1//data/domains/Catalytic_domain/structures/LeuRS-B_AF_Bact_Brachyspira_pilosicoli_95_1000_gene56439070.pdb
-0.312519  0.143180  0.939059    -5.417769
-0.016620  0.987600 -0.156112     2.334172
-0.949766 -0.064395 -0.306264     3.819955
>../../../../class1/leu1//data/domains/Catalytic_domain/structures/LeuRS-B_AF_Bact_Chlamydia_psittaci_6BC_gene12243068.pdb
 0.451055  0.464563 -0.762057    -5.457439
 0.201256  0.778913  0.593961     1.805438
 0.869509 -0.421278  0.257837     2.665402
>../../../../class1/leu1//data/domains/Catalytic_domain/structures/LeuRS-B_AF_Bact_Clostridium_botulinum_A_str_ATCC_3502_gene5187707.pdb
 0.770864 -0.202239 -0.604043    -6.611645
-0.498055 -0.782535 -0.373605     6.107488
-0.397127  0.588845 -0.703954     2.761804
>../../../../class1/leu1//data/domains/Catalytic_domain/structures/LeuRS-B_AF_Bact_Mycoplasma_hyopneumoniae_168-L_gene57101518.pdb
-0.862057  0.051467  0.504192    -7.597352
-0.462089 -0.488424 -0.740213     3.919669
 0.208163 -0.871087  0.444831     3.626081
>../../../../class1/leu1//data/domains/Catalytic_domain/structures/LeuRS-B_AF_Bact_Orientia_tsutsugamushi_str_Ikeda_gene66652454.pdb
 0.557986  0.539662 -0.630410    -6.048017
 0.304472  0.573553  0.760482     2.828890
 0.771977 -0.616281  0.155723     1.921935
>../../../../class1/leu1//data/domains/Catalytic_domain/structures/LeuRS-B_AF_Bact_Porphyromonas_gingivalis_ATCC_33277_gene29256038.pdb
-0.416384  0.092139  0.904508    -6.188196
 0.294053  0.955030  0.038080     1.978776
-0.860324  0.281829 -0.424753     2.366134
>../../../../class1/leu1//data/domains/Catalytic_domain/structures/LeuRS-B_AF_Bact_Thermus_thermophilus_HB8_gene3168656.pdb
 0.813493 -0.160906 -0.558872    -3.162426
-0.415212 -0.833558 -0.364390     3.156433
-0.407220  0.528479 -0.744904    -2.574962
>../../../../class1/leu1//data/domains/Catalytic_domain/structures/LeuRS-B_AF_Euk_Bathycoccus_prasinos_gene19015540.pdb
 0.415418  0.324016 -0.849966    -7.175334
 0.286753  0.840116  0.460411     2.576657
 0.863250 -0.434993  0.256087     2.275387
>../../../../class1/leu1//data/domains/Catalytic_domain/structures/LeuRS-B_AF_Euk_Plasmodium_falciparum_3D7_gene2655460.pdb
-0.393484 -0.376327  0.838778    -3.342358
 0.780065  0.346136  0.521238     5.468841
-0.486487  0.859400  0.157361    -1.146359
>../../../../class1/leu1//data/domains/Catalytic_domain/structures/LeuRS-B_AF_Euk_Thalassiosira_pseudonana_CCMP1335_gene7441753.pdb
-0.365864 -0.002040  0.930666    -5.922142
 0.058002  0.998004  0.024989     2.316695
-0.928859  0.063124 -0.365015    -2.524433
>../../../../class1/leu1//data/domains/Catalytic_domain/structures/LeuRS-B_AF_Mito_Homo_sapiens_gene23395.pdb
 0.531177  0.385116 -0.754677    -5.943894
 0.153533  0.832227  0.532754     3.203547
 0.833234 -0.398855  0.382932     4.525025
>../../../../class1/leu1//data/domains/Catalytic_domain/structures/LeuRS-B_AF_Mito_Treponema_denticola_ATCC_35405_gene2739434.pdb
-0.842566 -0.372290  0.389207    -6.070140
 0.313968 -0.926661 -0.206697     3.208642
 0.437614 -0.051958  0.897661     2.082292
>../../../../class1/leu1//data/domains/Catalytic_domain/structures/LeuRS-B_PDB_Bact_T_therm_2V0C.pdb
-0.476391 -0.610082 -0.633129    -4.479238
 0.793976 -0.607837 -0.011708   -34.158947
-0.377696 -0.508266  0.773958   -23.786807
>../../../../class1/trp//data/domains/Catalytic_domain/structures/TrpRS_AF_Arch_Natrialba_magadii_ATCC_43099_gene8824932.pdb
 0.989132 -0.135461 -0.057159    -0.884893
 0.142963  0.976906  0.158795    -0.616973
 0.034329 -0.165241  0.985656     1.870076
>../../../../class1/trp//data/domains/Catalytic_domain/structures/TrpRS_AF_Arch_Nitrosopumilus_maritimus_SCM1_gene5773245.pdb
 1.000000  0.000000  0.000000     0.000000
 0.000000  1.000000  0.000000     0.000000
 0.000000  0.000000  1.000000     0.000000
>../../../../class1/trp//data/domains/Catalytic_domain/structures/TrpRS_AF_Arch_Sulfolobus_islandicus_M1627_gene7814138.pdb
-0.985484 -0.006120  0.169656    -3.393320
 0.084904  0.847625  0.523759    -1.412114
-0.147011  0.530561 -0.834801    -1.023696
>../../../../class1/trp//data/domains/Catalytic_domain/structures/TrpRS_AF_Arch_Thermoplasma_acidophilum_DSM_1728_gene1456706.pdb
-0.034496  0.400625 -0.915593    -3.353597
-0.705218 -0.658908 -0.261741     2.387670
-0.708151  0.636663  0.305257     4.554082
>../../../../class1/trp//data/domains/Catalytic_domain/structures/TrpRS_AF_Bact_Anoxybacillus_flavithermus_WK1_gene7038388.pdb
-0.886157  0.291567  0.360159    -6.256793
 0.462124  0.613363  0.640489    -3.637963
-0.034163  0.734012 -0.678276    -1.420770
>../../../../class1/trp//data/domains/Catalytic_domain/structures/TrpRS_AF_Bact_Brachyspira_pilosicoli_95_1000_gene56440833.pdb
 0.248068  0.091151 -0.964445    -2.191782
 0.437763 -0.898665  0.027664    -5.098974
-0.864191 -0.429061 -0.262833     2.626499
>../../../../class1/trp//data/domains/Catalytic_domain/structures/TrpRS_AF_Bact_Helicobacter_cinaedi_PAGU611_gene66538868.pdb
-0.958008  0.180863  0.222506    -6.279505
 0.267175  0.844765  0.463669    -4.735528
-0.104105  0.503647 -0.857614    -1.769969
>../../../../class1/trp//data/domains/Catalytic_domain/structures/TrpRS_AF_Bact_Mycoplasma_hyopneumoniae_168-L_gene57101461.pdb
-0.971074 -0.006069  0.238703    -4.788987
 0.082240  0.930012  0.358210    -6.435644
-0.224170  0.367480 -0.902611    -1.584743
>../../../../class1/trp//data/domains/Catalytic_domain/structures/TrpRS_AF_Bact_Porphyromonas_gingivalis_ATCC_33277_gene29255389.pdb
-0.156632 -0.745787  0.647509    -1.239683
-0.683888 -0.391107 -0.615901    -5.025750
 0.712576 -0.539293 -0.448775     1.560586
>../../../../class1/trp//data/domains/Catalytic_domain/structures/TrpRS_AF_Bact_Prochlorococcus_marinus_subsp_marinus_str_CCMP1375_gene54200405.pdb
 0.964558  0.177837 -0.194943     1.635947
-0.205937  0.969241 -0.134767    -8.706523
 0.164980  0.170136  0.971512     4.980154
>../../../../class1/trp//data/domains/Catalytic_domain/structures/TrpRS_AF_Bact_Streptomyces_albidoflavus_gene15147734.pdb
-0.409883 -0.818577  0.402402    -2.961321
-0.829360  0.150821 -0.537973    -4.804998
 0.379682 -0.554242 -0.740714     2.082692
>../../../../class1/trp//data/domains/Catalytic_domain/structures/TrpRS_AF_Bact_Thermus_thermophilus_HB8_gene3168998.pdb
 0.792673  0.592848 -0.142129    -2.043281
-0.558358  0.612383 -0.559664    -4.500344
-0.244758  0.522990  0.816440     1.971702
>../../../../class1/trp//data/domains/Catalytic_domain/structures/TrpRS_AF_Euk_Cryptococcus_neoformans_var_neoformans_JEC21_gene3254069.pdb
-0.197313  0.703336 -0.682924    -0.010015
-0.198263 -0.710854 -0.674818    -1.253669
-0.960083  0.002248  0.279707     1.897341
>../../../../class1/trp//data/domains/Catalytic_domain/structures/TrpRS_AF_Euk_Cyanidioschyzon_merolae_strain_10D_gene16993299.pdb
 0.816800  0.576745  0.014263     0.472614
-0.476126  0.687850 -0.547874    -0.884838
-0.325794  0.440713  0.836439     0.560949
>../../../../class1/trp//data/domains/Catalytic_domain/structures/TrpRS_AF_Euk_Drosophila_melanogaster_gene45399.pdb
 0.958724  0.278059 -0.059421     4.162030
-0.274762  0.852211 -0.445244    -4.707921
-0.073165  0.443193  0.893436     2.726052
>../../../../class1/trp//data/domains/Catalytic_domain/structures/TrpRS_AF_Euk_Saccharomyces_cerevisiae_S288C_gene854056.pdb
 0.028009 -0.442220 -0.896469     0.107356
 0.710991 -0.621579  0.328833    -1.226160
-0.702643 -0.646592  0.297005     2.518677
>../../../../class1/trp//data/domains/Catalytic_domain/structures/TrpRS_AF_Mito_Bufo_gargarizans_gene122922343.pdb
 0.396283  0.793614 -0.461667    -1.058828
-0.543972 -0.202129 -0.814395    -4.691790
-0.739632  0.573864  0.351603     1.835524
>../../../../class1/trp//data/domains/Catalytic_domain/structures/TrpRS_AF_Mito_Cyanidioschyzon_merolae_strain_10D_gene16992222.pdb
 0.170624  0.015002 -0.985222    -3.895665
 0.276078 -0.960562  0.033185    -1.105599
-0.945869 -0.277660 -0.168037    -2.119513
>../../../../class1/trp//data/domains/Catalytic_domain/structures/TrpRS_PDB_Arch_P_hori_3JXE.pdb
-0.899441  0.288741 -0.328078   -42.721829
 0.424025  0.394678 -0.815127    11.279034
-0.105876 -0.872271 -0.477423    25.559670
>../../../../class1/trp//data/domains/Catalytic_domain/structures/TrpRS_PDB_Bact_G_stearo_1I6M.pdb
 0.496084  0.092171 -0.863368     3.480964
 0.176524  0.962877  0.204223   -42.294756
 0.850141 -0.253717  0.461398   -58.590519
>../../../../class1/trp//data/domains/Catalytic_domain/structures/TrpRS_PDB_Euk_S_Cerevisiae_3KT3.pdb
 0.134284  0.932313  0.335797     1.204738
-0.988255  0.150937 -0.023865  -159.236640
-0.072934 -0.328648  0.941632    20.966149
