>../../../../class1/leu1//data/domains/Catalytic_domain/structures/LeuRS-B_AF_Bact_Bifidobacterium_longum_subsp_longum_JCM_1217_gene69578373.pdb
-0.196480 -0.937754 -0.286379     0.976563
-0.980302  0.181885  0.076982    -3.845083
-0.020102  0.295863 -0.955019     3.789213
>../../../../class1/leu1//data/domains/Catalytic_domain/structures/LeuRS-B_AF_Bact_Brachyspira_pilosicoli_95_1000_gene56439070.pdb
 0.689552 -0.658283  0.301961     0.813220
-0.724210 -0.630282  0.279759    -1.203560
 0.006160 -0.411592 -0.911347     1.523577
>../../../../class1/leu1//data/domains/Catalytic_domain/structures/LeuRS-B_AF_Bact_Chlamydia_psittaci_6BC_gene12243068.pdb
-0.753055 -0.275782 -0.597371     1.760607
 0.632745 -0.552471 -0.542595    -1.861580
-0.180391 -0.786588  0.590541     1.196707
>../../../../class1/leu1//data/domains/Catalytic_domain/structures/LeuRS-B_AF_Bact_Clostridium_botulinum_A_str_ATCC_3502_gene5187707.pdb
 0.622190  0.136304  0.770909    -1.327802
 0.398510  0.792453 -0.461745    -4.951753
-0.673846  0.594508  0.438738     1.108600
>../../../../class1/leu1//data/domains/Catalytic_domain/structures/LeuRS-B_AF_Bact_Mycoplasma_hyopneumoniae_168-L_gene57101518.pdb
 0.218068  0.957523  0.188668     0.088147
 0.088299 -0.211886  0.973297    -3.256425
 0.971931 -0.195585 -0.130754     3.179917
>../../../../class1/leu1//data/domains/Catalytic_domain/structures/LeuRS-B_AF_Bact_Orientia_tsutsugamushi_str_Ikeda_gene66652454.pdb
-0.788947  0.008609 -0.614401     1.975739
 0.509455 -0.549868 -0.661891    -3.059115
-0.343538 -0.835207  0.429431     1.447224
>../../../../class1/leu1//data/domains/Catalytic_domain/structures/LeuRS-B_AF_Bact_Porphyromonas_gingivalis_ATCC_33277_gene29256038.pdb
 0.410947 -0.879711  0.239229     2.158658
-0.910445 -0.409554  0.057919    -2.120408
 0.047026 -0.241607 -0.969234     2.145069
>../../../../class1/leu1//data/domains/Catalytic_domain/structures/LeuRS-B_AF_Bact_Thermus_thermophilus_HB8_gene3168656.pdb
 0.548739  0.224673  0.805238     4.609724
 0.336124  0.822632 -0.458582    -4.937787
-0.765445  0.522301  0.375893    -2.505838
>../../../../class1/leu1//data/domains/Catalytic_domain/structures/LeuRS-B_AF_Euk_Bathycoccus_prasinos_gene19015540.pdb
-0.814516 -0.310525 -0.490039     1.435813
 0.547986 -0.689124 -0.474152    -2.969008
-0.190462 -0.654738  0.731466     2.659094
>../../../../class1/leu1//data/domains/Catalytic_domain/structures/LeuRS-B_AF_Euk_Klebsormidium_nitens_protein971510658.pdb
-0.016102  0.994991  0.098664     1.709423
 0.077256 -0.097143  0.992267    -3.394271
 0.996881  0.023600 -0.075304     1.876029
>../../../../class1/leu1//data/domains/Catalytic_domain/structures/LeuRS-B_AF_Euk_Plasmodium_falciparum_3D7_gene2655460.pdb
-0.201993 -0.840236 -0.503193     2.042641
-0.979373  0.170571  0.108323    -5.568940
-0.005187  0.514694 -0.857358    -2.849074
>../../../../class1/leu1//data/domains/Catalytic_domain/structures/LeuRS-B_AF_Euk_Thalassiosira_pseudonana_CCMP1335_gene7441753.pdb
 0.613209 -0.760311  0.214248     5.012498
-0.789048 -0.602319  0.120895    -5.422063
 0.037128 -0.243186 -0.969269     0.086939
>../../../../class1/leu1//data/domains/Catalytic_domain/structures/LeuRS-B_AF_Mito_Homo_sapiens_gene23395.pdb
-0.717246 -0.322002 -0.617959    -0.314926
 0.645087 -0.642158 -0.414121    -1.452635
-0.263480 -0.695663  0.668304     1.922329
>../../../../class1/leu1//data/domains/Catalytic_domain/structures/LeuRS-B_AF_Mito_Treponema_denticola_ATCC_35405_gene2739434.pdb
-0.508428  0.701693 -0.499127     1.491952
-0.263812  0.424835  0.865978    -3.122893
 0.819698  0.571963 -0.030883     1.338541
>../../../../class1/leu1//data/domains/Catalytic_domain/structures/LeuRS-B_PDB_Bact_T_therm_2V0C.pdb
-0.276265  0.812890 -0.512725    46.030596
-0.954149 -0.168018  0.247730     5.597120
 0.115230  0.557655  0.822036     1.654288
>../../../../class1/trp//data/domains/Catalytic_domain/structures/TrpRS_AF_Arch_Natrialba_magadii_ATCC_43099_gene8824932.pdb
-0.158039 -0.567605 -0.807990     3.919191
 0.327939 -0.801999  0.499253     1.377768
-0.931386 -0.186070  0.312887    -2.259224
>../../../../class1/trp//data/domains/Catalytic_domain/structures/TrpRS_AF_Arch_Nitrosopumilus_maritimus_SCM1_gene5773245.pdb
-0.035095 -0.703484 -0.709844     4.799854
 0.400611 -0.660620  0.634895     0.003095
-0.915576 -0.262089  0.305008    -3.833224
>../../../../class1/trp//data/domains/Catalytic_domain/structures/TrpRS_AF_Arch_Sulfolobus_islandicus_M1627_gene7814138.pdb
 0.078308 -0.972179  0.220764     6.624926
-0.544265 -0.227221 -0.807556    -1.052923
 0.835251 -0.056916 -0.546916    -0.676971
>../../../../class1/trp//data/domains/Catalytic_domain/structures/TrpRS_AF_Arch_Thermoplasma_acidophilum_DSM_1728_gene1456706.pdb
 1.000000  0.000000  0.000000     0.000000
 0.000000  1.000000  0.000000     0.000000
 0.000000  0.000000  1.000000     0.000000
>../../../../class1/trp//data/domains/Catalytic_domain/structures/TrpRS_AF_Bact_Anoxybacillus_flavithermus_WK1_gene7038388.pdb
-0.273060 -0.961767  0.021045     8.649414
-0.683449  0.178553 -0.707825    -1.025693
 0.677005 -0.207662 -0.706074     2.289483
>../../../../class1/trp//data/domains/Catalytic_domain/structures/TrpRS_AF_Bact_Brachyspira_pilosicoli_95_1000_gene56440833.pdb
 0.289653  0.937152  0.194542     6.595045
-0.739245  0.348151 -0.576462     4.095287
-0.607963  0.023159  0.793628     0.261801
>../../../../class1/trp//data/domains/Catalytic_domain/structures/TrpRS_AF_Bact_Helicobacter_cinaedi_PAGU611_gene66538868.pdb
-0.081841 -0.956575  0.279761     9.598234
-0.627957 -0.168484 -0.759791    -0.472579
 0.773933 -0.237860 -0.586899     2.615802
>../../../../class1/trp//data/domains/Catalytic_domain/structures/TrpRS_AF_Bact_Mycoplasma_hyopneumoniae_168-L_gene57101461.pdb
 0.130042 -0.917142  0.376749    10.656268
-0.587206 -0.377410 -0.716066     1.284694
 0.798923 -0.128111 -0.587630     1.695023
>../../../../class1/trp//data/domains/Catalytic_domain/structures/TrpRS_AF_Bact_Porphyromonas_gingivalis_ATCC_33277_gene29255389.pdb
-0.021931  0.680688  0.732245     7.285145
 0.842807 -0.381380  0.379770     3.816236
 0.537769  0.625470 -0.565324    -0.918429
>../../../../class1/trp//data/domains/Catalytic_domain/structures/TrpRS_AF_Bact_Prochlorococcus_marinus_subsp_marinus_str_CCMP1375_gene54200405.pdb
-0.003393 -0.807265 -0.590180     7.257514
 0.626739 -0.461603  0.627790     9.617533
-0.779222 -0.367759  0.507511    -1.548759
>../../../../class1/trp//data/domains/Catalytic_domain/structures/TrpRS_AF_Bact_Streptomyces_albidoflavus_gene15147734.pdb
 0.328224  0.315763  0.890260     6.835492
 0.623270 -0.780589  0.047075     3.324276
 0.709792  0.539421 -0.453013     0.723448
>../../../../class1/trp//data/domains/Catalytic_domain/structures/TrpRS_AF_Bact_Thermus_thermophilus_HB8_gene3168998.pdb
 0.545511 -0.819257 -0.176737     6.681278
 0.528909  0.172937  0.830872     3.350285
-0.650133 -0.546727  0.527651    -0.173260
>../../../../class1/trp//data/domains/Catalytic_domain/structures/TrpRS_AF_Euk_Cryptococcus_neoformans_var_neoformans_JEC21_gene3254069.pdb
 0.828243  0.473050  0.300394     4.279351
-0.556877  0.754575  0.347138     2.012119
-0.062456 -0.454797  0.888402    -2.936191
>../../../../class1/trp//data/domains/Catalytic_domain/structures/TrpRS_AF_Euk_Cyanidioschyzon_merolae_strain_10D_gene16993299.pdb
 0.538837 -0.815078 -0.212844     5.005318
 0.436220  0.053821  0.898229     1.089663
-0.720671 -0.576846  0.384554    -3.917334
>../../../../class1/trp//data/domains/Catalytic_domain/structures/TrpRS_AF_Euk_Drosophila_melanogaster_gene45399.pdb
 0.211284 -0.922510 -0.323009     5.987014
 0.518192 -0.174483  0.837277     6.499905
-0.828756 -0.344284  0.441172    -5.583775
>../../../../class1/trp//data/domains/Catalytic_domain/structures/TrpRS_AF_Euk_Saccharomyces_cerevisiae_S288C_gene854056.pdb
-0.001084  0.912850 -0.408295     3.833170
-0.904156 -0.175319 -0.389571     2.480457
-0.427201  0.368740  0.825548    -2.814056
>../../../../class1/trp//data/domains/Catalytic_domain/structures/TrpRS_AF_Mito_Bufo_gargarizans_gene122922343.pdb
 0.894547 -0.292459  0.338012     6.826425
 0.050471  0.817481  0.573741     3.877036
-0.444114 -0.496178  0.746036    -1.044516
>../../../../class1/trp//data/domains/Catalytic_domain/structures/TrpRS_AF_Mito_Cyanidioschyzon_merolae_strain_10D_gene16992222.pdb
 0.479839  0.868006  0.127751     7.331659
-0.709351  0.469508 -0.525722    -2.200421
-0.516310  0.161642  0.841009    -0.745379
>../../../../class1/trp//data/domains/Catalytic_domain/structures/TrpRS_AF_Vir_Megavirus_chiliensis_gene11257301.pdb
 0.175499 -0.771054 -0.612107     4.427587
 0.340408 -0.535878  0.772630     0.910664
-0.923755 -0.343962  0.168427    -2.136867
>../../../../class1/trp//data/domains/Catalytic_domain/structures/TrpRS_PDB_Arch_P_hori_3JXE.pdb
-0.189983  0.334791  0.922942   -19.837370
-0.707383 -0.698564  0.107788    -8.355357
 0.680820 -0.632395  0.369541    40.141073
>../../../../class1/trp//data/domains/Catalytic_domain/structures/TrpRS_PDB_Bact_G_stearo_1I6M.pdb
-0.743652 -0.500476 -0.443290    76.050663
 0.622363 -0.760419 -0.185544    -7.938557
-0.244226 -0.413868  0.876965   -13.608022
>../../../../class1/trp//data/domains/Catalytic_domain/structures/TrpRS_PDB_Bact_Y_pestis_3N9I.pdb
 0.539648  0.525118  0.658051   -59.829085
-0.327131  0.851005 -0.410822   -40.159916
-0.775735  0.006430  0.631026    15.067339
>../../../../class1/trp//data/domains/Catalytic_domain/structures/TrpRS_PDB_Euk_S_Cerevisiae_3KT3.pdb
 0.742020  0.093815 -0.663781   101.860852
 0.661002  0.062632  0.747766   119.201097
 0.111725 -0.993618 -0.015538    42.832067
