>structures/Pro_Arch_1nj8_M_janacshii.pdb
-0.079802  0.276767  0.957618   -50.435018
 0.629448 -0.730928  0.263705   -41.572323
 0.772934  0.623814 -0.115881   -96.944291
>structures/Pro_Bact_2J3M_E_faecalis.pdb
 0.906845 -0.087735 -0.412232   -22.819017
-0.271537  0.626423 -0.730658    23.902143
 0.322336  0.774530  0.544245    -4.069686
>structures/Pro_Bact_5znj_S_aureus.pdb
 0.822973  0.200046 -0.531693     8.124937
-0.211127  0.976613  0.040654     0.044055
 0.527391  0.078798  0.845961   -15.897126
>structures/Prolyl.A.Candidatus_Thermoplasmatota.NC_005877.1.pdb
 0.850644 -0.493626 -0.180935    -6.229905
-0.269037 -0.113032 -0.956474    -3.859343
 0.451689  0.862298 -0.228954     3.462968
>structures/Prolyl.A.Crenarchaeota.NC_007181.1.pdb
 0.056883  0.161770  0.985188    -5.645802
-0.825699  0.562340 -0.044663    -4.487259
-0.561235 -0.810928  0.165561     1.632375
>structures/Prolyl.A.Euryarchaeota.NC_022084.1.pdb
 0.566498 -0.644398 -0.513645    -5.230317
-0.359578  0.367542 -0.857681    -4.360185
 0.741474  0.670570 -0.023500     2.261970
>structures/Prolyl.A.Thaumarchaeota.NC_018656.1.pdb
-0.008562  0.225831  0.974129    -5.447641
-0.868402  0.481316 -0.119216    -4.506235
-0.495786 -0.846957  0.191990     1.266818
>structures/Prolyl.B.Actinobacteria.NC_012590.1.pdb
 1.000000 -0.000000  0.000000     0.000000
 0.000000  1.000000  0.000000    -0.000000
-0.000000  0.000000  1.000000     0.000000
>structures/Prolyl.B.Bacteroidota.NC_010729.1.pdb
 0.602426 -0.603799 -0.522024    -5.198003
-0.380903  0.357268 -0.852803    -3.600430
 0.701424  0.712591 -0.014761     2.076872
>structures/Prolyl.B.Chlamydiae.NC_002620.2.pdb
-0.944909  0.154619  0.288513     0.581254
 0.110008 -0.680138  0.724784     0.460468
 0.308293  0.716593  0.625659    -0.600788
>structures/Prolyl.B.Cyanobacteria.NC_005042.1.pdb
 0.470195 -0.432740 -0.769190     0.440272
-0.037483  0.860963 -0.507284     1.107964
 0.881766  0.267354  0.388600     2.744726
>structures/Prolyl.B.Firmicutes.NC_015875.1.pdb
 0.066842  0.624124 -0.778461    -0.448136
 0.824064  0.405349  0.395742    -0.772232
 0.562540 -0.667954 -0.487223     1.094024
>structures/Prolyl.B.Fusobacteria.NC_013515.1.pdb
 0.914406 -0.277511 -0.294702    -1.953590
-0.264376  0.141889 -0.953925     0.885040
 0.306540  0.950187  0.056377     3.722679
>structures/Prolyl.B.Proteobacteria.NC_006526.2.pdb
 0.859011  0.507938 -0.064018    -9.712038
 0.511068 -0.858154  0.048801    -4.148760
-0.030149 -0.074638 -0.996755     3.872733
>structures/Prolyl.B.Spirochaetes.NC_014330.1.pdb
 0.420348 -0.245211 -0.873602    -0.945873
 0.037795  0.966688 -0.253153     0.392087
 0.906576  0.073394  0.415613     2.989596
>structures/Prolyl.E.Apicomplexa.NC_036186.2.pdb
 0.821450 -0.535010 -0.197444    -2.145211
-0.424053 -0.341542 -0.838766    -5.465858
 0.381313  0.772731 -0.507432    -2.471157
>structures/Prolyl.E.Ascomycota.NC_032095.1.pdb
-0.854476  0.490093 -0.172279    -6.546448
-0.478907 -0.871645 -0.104324    -2.857153
-0.201295 -0.006637  0.979508    -0.213195
>structures/Prolyl.E.Evosea.NC_007090.3.pdb
 0.880626 -0.473761 -0.007032     0.463129
-0.260042 -0.470853 -0.843015    -7.301503
 0.396076  0.744210 -0.537843     0.138678
>structures/Prolyl.E.Rhodophyta.NC_010136.1.pdb
 0.977041 -0.209436  0.039084    -0.167580
-0.109024 -0.649101 -0.752849    -5.074237
 0.183043  0.731304 -0.657031    -0.949094
