>structures/ProRS-A_AF_Arch_Candidatus_Nitrosopumilus_sediminis_gene13697692.pdb
-0.932590 -0.360694 -0.013289    96.067493
 0.314500 -0.830119  0.460427    46.559663
-0.177105  0.425210  0.887598    41.700789
>structures/ProRS-A_AF_Arch_Halogeometricum_borinquense_DSM_11551_gene9994169.pdb
 0.255437  0.808951 -0.529481    96.048417
 0.907246 -0.011279  0.420449    47.537916
 0.334150 -0.587768 -0.736799    40.870816
>structures/ProRS-A_AF_Arch_Picrophilus_torridus_DSM_9790_gene2845069.pdb
 0.049004  0.609157 -0.791534    97.894264
 0.748300  0.502507  0.433052    48.626656
 0.661548 -0.613526 -0.431208    40.464483
>structures/ProRS-A_AF_Arch_Sulfurisphaera_tokodaii_str_7_gene1459472.pdb
-0.622207 -0.767258  0.155478    96.679618
 0.454636 -0.192462  0.869635    47.627078
-0.637311  0.611779  0.468574    42.136641
>structures/ProRS-A_AF_Bact_Bacillus_anthracis_str_Ames_Ancestor_gene45020455.pdb
 0.928470 -0.265379 -0.259841    96.934335
-0.329992 -0.268386 -0.905027    47.348408
 0.170437  0.926036 -0.336761    40.318024
>structures/ProRS-A_AF_Bact_Mycoplasma_hyopneumoniae_168-L_gene57101275.pdb
 0.680465  0.714733 -0.161630    96.068718
 0.732241 -0.671683  0.112543    46.567784
-0.028126 -0.194934 -0.980413    42.385818
>structures/ProRS-A_AF_Bact_Porphyromonas_gingivalis_ATCC_33277_gene29256199.pdb
 0.271972  0.824911 -0.495533    97.560421
 0.871985  0.006549  0.489489    45.844656
 0.407030 -0.565225 -0.717529    41.685968
>structures/ProRS-A_AF_Bact_Thermus_thermophilus_HB8_gene3169620.pdb
 0.478790  0.821432 -0.309855    96.792523
 0.868211 -0.390650  0.305945    47.300366
 0.130268 -0.415503 -0.900215    41.641327
>structures/ProRS-A_AF_Euk_Cryptococcus_gattii_WM276_gene10188341.pdb
 0.355404  0.793735 -0.493633    93.819452
 0.931889 -0.259869  0.253084    49.314978
 0.072601 -0.549958 -0.832031    42.431320
>structures/ProRS-A_AF_Euk_Ostreococcus_tauri_gene9837972.pdb
 0.701412  0.670164 -0.242694    96.358248
 0.710758 -0.683126  0.167814    53.927445
-0.053328 -0.290203 -0.955478    39.043309
>structures/ProRS-A_AF_Euk_Plasmodium_yoelii_gene3807174.pdb
 0.804825 -0.586343 -0.091967    96.926635
-0.407615 -0.433436 -0.803730    45.413107
 0.431400  0.684350 -0.587843    39.656967
>structures/ProRS-A_AF_Euk_Scheffersomyces_stipitis_CBS_6054_gene4840393.pdb
 0.125435  0.628538 -0.767598    93.816538
 0.871882  0.299335  0.387583    49.829017
 0.473379 -0.717871 -0.510464    45.696643
>structures/ProRS-A_AF_Mito_Mauremys_reevesii_gene120369760.pdb
 0.131006 -0.475807 -0.869738    95.392583
-0.177948  0.851765 -0.492778    43.191042
 0.975281  0.219325  0.026918    44.311104
>structures/ProRS-A_AF_Mito_Oryza_sativa_Japonica_Group_gene4342480.pdb
 0.532766  0.736000 -0.417689    95.383866
 0.844788 -0.433411  0.313829    53.529080
 0.049947 -0.520056 -0.852670    40.472957
>structures/ProRS-A_PDB_Arch_M_janacshii_1nj8.pdb
 0.999998 -0.000953 -0.001923     0.128729
 0.000954  1.000000  0.000297    -0.087702
 0.001923 -0.000299  0.999998    -0.145287
