>structures/ThrRS_AF_Arch_Candidatus_Methanomethylophilus_alvus_Mx1201_gene15140074.pdb
-0.465536  0.461321  0.755287     5.002381
-0.582474  0.482818 -0.653919    -0.261007
-0.666333 -0.744358  0.043939    -3.462528
>structures/ThrRS_AF_Arch_Candidatus_Nitrosopumilus_koreensis_AR1_gene13725077.pdb
 0.451290  0.357677  0.817560    10.448332
-0.575176 -0.583879  0.572938     4.809805
 0.682283 -0.728802 -0.057772     3.744093
>structures/ThrRS_AF_Arch_Pyrococcus_furiosus_DSM_3638_gene1469226.pdb
 0.335384  0.590264  0.734238     7.184319
-0.623870 -0.444835  0.642579     5.005609
 0.705907 -0.673580  0.219057     2.545051
>structures/ThrRS_AF_Arch_Sulfolobus_islandicus_M164_gene7940156.pdb
-0.745448 -0.369095 -0.555046    11.247736
 0.533624 -0.829449 -0.165109    -1.413243
-0.399441 -0.419266  0.815269    -5.220417
>structures/ThrRS_AF_Bact_Bifidobacterium_longum_subsp_longum_JCM_1217_gene69578309.pdb
-0.588809  0.170641  0.790054     2.171781
 0.620229 -0.531386  0.577014     1.262253
 0.518286  0.829765  0.207048     0.219643
>structures/ThrRS_AF_Bact_Brachyspira_pilosicoli_95_1000_gene56439092.pdb
-0.264022 -0.945101  0.192552     1.607429
 0.931728 -0.198302  0.304235     0.390275
-0.249349  0.259731  0.932934    -2.819010
>structures/ThrRS_AF_Bact_Brucella_abortus_2308_gene3787745.pdb
 0.650402 -0.530588 -0.543557     2.665846
-0.759156 -0.478250 -0.441541     0.166724
-0.025680  0.699824 -0.713854    -2.945771
>structures/ThrRS_AF_Bact_Lactobacillus_acidophilus_La-14_gene56943112.pdb
 0.324952  0.722329 -0.610448    -2.398171
 0.543051  0.385942  0.745751     1.101720
 0.774276 -0.573837 -0.266849     0.064865
>structures/ThrRS_AF_Bact_Mycoplasma_hyopneumoniae_168-L_gene57101460.pdb
-0.195457  0.802841  0.563243     4.526825
-0.207670  0.527415 -0.823837    -2.442939
-0.958473 -0.277993  0.063639    -3.369706
>structures/ThrRS_AF_Bact_Porphyromonas_gingivalis_ATCC_33277_gene29256174.pdb
 0.025964 -0.753875  0.656505     3.065492
 0.745114  0.452406  0.490035    -1.643820
-0.666432  0.476448  0.573469    -0.285535
>structures/ThrRS_AF_Bact_Prochlorococcus_marinus_subsp_marinus_str_CCMP1375_gene54200406.pdb
-0.128492 -0.418370  0.899142     1.099127
-0.729344 -0.574476 -0.371531     1.296281
 0.671973 -0.703522 -0.231320     0.641557
>structures/ThrRS_AF_Bact_Streptobacillus_moniliformis_DSM_12112_gene29674242.pdb
 0.504420  0.845424  0.175552     1.111087
 0.217638 -0.321234  0.921652    -0.045985
 0.835580 -0.426693 -0.346034    -1.852410
>structures/ThrRS_AF_Euk_Arabidopsis_thaliana_gene832741.pdb
-0.618628  0.657597  0.429959     1.789053
 0.479841 -0.117106  0.869505    -0.653958
 0.622135  0.744212 -0.243097     0.862714
>structures/ThrRS_AF_Euk_Cryptococcus_gattii_WM276_gene10188143.pdb
-0.375912  0.411589  0.830232    -0.181038
 0.489164 -0.672803  0.555027     0.629257
 0.787025  0.614761  0.051581    -0.676510
>structures/ThrRS_AF_Euk_Cyanidioschyzon_merolae_strain_10D_gene16997242.pdb
 0.686573 -0.720595 -0.096753    -0.018058
-0.705587 -0.628266 -0.327762     1.209549
 0.175397  0.293300 -0.939793    -0.892930
>structures/ThrRS_AF_Euk_Zymoseptoria_tritici_IPO323_gene13396560.pdb
 0.590913  0.243639 -0.769066   -10.354106
-0.364742  0.930993  0.014686    -4.990517
 0.719573  0.271833  0.639001     6.617908
>structures/ThrRS_AF_Mito_Cyanidioschyzon_merolae_strain_10D_gene16995590.pdb
 0.417886  0.351005  0.837954     3.804287
-0.159132 -0.879810  0.447896     0.879550
 0.894454 -0.320515 -0.311805    -1.918785
>structures/ThrRS_AF_Mito_Oryza_sativa_Japonica_Group_gene4345200.pdb
 1.000000  0.000000  0.000000     0.000000
 0.000000  1.000000  0.000000     0.000000
 0.000000  0.000000  1.000000     0.000000
>structures/ThrRS_PDB_Bact_E_coli_1evk.pdb
-0.682000 -0.719975  0.128501    72.906868
-0.708518  0.693990  0.127984   -15.832251
-0.181323 -0.003760 -0.983416    18.446837
>structures/ThrRS_PDB_Bact_S_aureus_1nyr.pdb
 0.203134  0.649038  0.733134   -70.700997
 0.641808  0.477206 -0.600297    -0.994640
-0.739472  0.592473 -0.319621    -3.992526
