>../../../../class2/phe2//data/domains/Catalytic_domain/structures/PheRS-Bβ_AF_Bact_Brachyspira_pilosicoli_95_1000_gene56440382.pdb
-0.236248  0.128298 -0.963186     2.704582
-0.222369 -0.972078 -0.074940     2.521714
-0.945906  0.196478  0.258181    -0.379874
>../../../../class2/phe2//data/domains/Catalytic_domain/structures/PheRS-Bβ_AF_Bact_Chlamydia_psittaci_6BC_gene12242429.pdb
 0.777232 -0.581684 -0.239904     2.190624
 0.598885  0.566940  0.565611    -2.460722
-0.192996 -0.583286  0.789006     0.135639
>../../../../class2/phe2//data/domains/Catalytic_domain/structures/PheRS-Bβ_AF_Bact_Ferrimonas_balearica_DSM_9799_gene67181907.pdb
 0.773207  0.627327 -0.092793    -1.107736
-0.586954  0.652560 -0.479219    -0.167898
-0.240074  0.425001  0.872777    -1.036654
>../../../../class2/phe2//data/domains/Catalytic_domain/structures/PheRS-Bβ_AF_Bact_Lacticaseibacillus_paracasei_gene61269867.pdb
-0.325187 -0.054959 -0.944051     3.944585
 0.032437 -0.998371  0.046948     1.866633
-0.945093 -0.015355  0.326440     4.196377
>../../../../class2/phe2//data/domains/Catalytic_domain/structures/PheRS-Bβ_AF_Bact_Mycobacterium_intracellulare_ATCC_13950_gene11909688.pdb
 0.999955 -0.009111  0.002491    -0.058494
 0.009116  0.999956 -0.001974    -0.268676
-0.002473  0.001997  0.999995    -0.069080
>../../../../class2/phe2//data/domains/Catalytic_domain/structures/PheRS-Bβ_AF_Bact_Mycoplasma_hyopneumoniae_168-L_gene57101148.pdb
-0.057253 -0.500064 -0.864094    -4.350699
 0.609298 -0.703136  0.366545     6.056241
-0.790872 -0.505505  0.344944     4.355503
>../../../../class2/phe2//data/domains/Catalytic_domain/structures/PheRS-Bβ_AF_Bact_Porphyromonas_gingivalis_ATCC_33277_gene29257179.pdb
-0.140280  0.399988  0.905721     0.853144
 0.761358 -0.541228  0.356940     2.789003
 0.632974  0.739650 -0.228610    -3.578973
>../../../../class2/phe2//data/domains/Catalytic_domain/structures/PheRS-Bβ_AF_Bact_Prochlorococcus_marinus_subsp_marinus_str_CCMP1375_gene54200309.pdb
 0.713514 -0.688760 -0.128479     0.226072
 0.619976  0.535238  0.573717    -2.197749
-0.326387 -0.489009  0.808914    -0.461600
>../../../../class2/phe2//data/domains/Catalytic_domain/structures/PheRS-Bβ_PDB_Bact.B_E_coli_3PCO.pdb
 0.289714  0.953586  0.082091    11.254744
 0.919595 -0.301111  0.252343     4.137128
 0.265349  0.002383 -0.964150    47.185938
>../../../../class2/phe2//data/domains/Catalytic_domain/structures/PheRS-Bβ_PDB_Bact.B_T_thermophilus_1PYS.pdb
-0.353349 -0.881142  0.314217    55.623108
 0.599663  0.044459  0.799017   -25.243518
-0.718017  0.470756  0.512679   -35.576976
>../../../../class2/phe4//data/domains/Catalytic_domain/structures/PheRS-Aβ_AF_Arch_Candidatus_Nitrosopumilus_koreensis_AR1_gene13724457.pdb
-0.067881 -0.056763 -0.996077    -0.225664
-0.245441 -0.966747  0.071818     8.709664
-0.967032  0.249354  0.051691     3.516362
>../../../../class2/phe4//data/domains/Catalytic_domain/structures/PheRS-Aβ_AF_Arch_Halalkalicoccus_jeotgali_B3_gene9420006.pdb
 0.967058 -0.235806 -0.095885     0.194755
 0.252454  0.840134  0.480043     5.636381
-0.032641 -0.488436  0.871989     2.973973
>../../../../class2/phe4//data/domains/Catalytic_domain/structures/PheRS-Aβ_AF_Arch_Sulfolobus_islandicus_YG5714_gene7807969.pdb
-0.222259 -0.202633 -0.953698     1.220549
-0.212801 -0.944500  0.250272    11.236646
-0.951481  0.258573  0.166803     2.616589
>../../../../class2/phe4//data/domains/Catalytic_domain/structures/PheRS-Aβ_AF_Arch_Thermoplasma_volcanium_GSS1_gene1441711.pdb
-0.711744  0.687752  0.142889    -1.897238
 0.701836  0.687840  0.185207     6.839114
 0.029092  0.232105 -0.972256     3.486330
>../../../../class2/phe4//data/domains/Catalytic_domain/structures/PheRS-Aβ_AF_Euk_Astyanax_mexicanus_gene103044481.pdb
-0.037098  0.446837  0.893846     3.429084
 0.728378 -0.600295  0.330320    12.979537
 0.684170  0.663312 -0.303197     5.352413
>../../../../class2/phe4//data/domains/Catalytic_domain/structures/PheRS-Aβ_AF_Euk_Didymosphenia_geminata_gene19740299.pdb
 0.238372 -0.622459 -0.745469     2.414818
 0.575200 -0.527992  0.624795     1.018401
-0.782511 -0.577727  0.232180    -3.026668
>../../../../class2/phe4//data/domains/Catalytic_domain/structures/PheRS-Aβ_AF_Euk_Drosophila_melanogaster_gene42888.pdb
 0.546151 -0.835995 -0.053211     4.809105
 0.205426  0.072080  0.976015    11.579148
-0.812108 -0.543982  0.211102     3.162582
>../../../../class2/phe4//data/domains/Catalytic_domain/structures/PheRS-Aβ_AF_Euk_Gracilariopsis_tenuifrons_gene68635617.pdb
-0.472601 -0.797034  0.376012    -2.946513
-0.187451 -0.325989 -0.926603     8.968026
 0.861110 -0.508398  0.004658    -8.812248
>../../../../class2/phe4//data/domains/Catalytic_domain/structures/PheRS-Aβ_PDB_Euk.B_H_sapiens_3L4G.pdb
-0.526866  0.772334  0.354841   -51.352984
-0.710606 -0.629316  0.314644    98.087714
 0.466318 -0.086377  0.880390   -25.843750
