>../../../../class2/asp1//data/domains/Catalytic_domain/structures/AspRS_AF_Arch_Candidatus_Methanomassiliicoccus_intestinalis_Issoire-Mx1_gene16154434.pdb
 0.015475 -0.576873 -0.816687     0.948991
 0.398540 -0.745540  0.534169     6.696303
-0.917021 -0.333748  0.218370    -2.475663
>../../../../class2/asp1//data/domains/Catalytic_domain/structures/AspRS_AF_Arch_unclassified_Euryarchaeota_proteinHHT76046.1.pdb
 0.081963 -0.319536 -0.944023     1.788786
 0.564908 -0.765459  0.308142     0.085865
-0.821073 -0.558542  0.117769    -0.754552
>../../../../class2/asp1//data/domains/Catalytic_domain/structures/AspRS_AF_Bact_Bacillus_anthracis_str_Ames_Ancestor_gene45024275.pdb
-0.952624  0.202988  0.226501    -3.753153
 0.288801  0.837273  0.464293     2.562359
-0.095398  0.507710 -0.856230    -4.160977
>../../../../class2/asp1//data/domains/Catalytic_domain/structures/AspRS_AF_Bact_Brachyspira_pilosicoli_95_1000_gene56440011.pdb
 0.028814 -0.047983 -0.998432     1.956629
 0.451494 -0.890526  0.055827     2.103503
-0.891809 -0.452395 -0.003996    -0.222177
>../../../../class2/asp1//data/domains/Catalytic_domain/structures/AspRS_AF_Bact_Chlamydia_muridarum_str_Nigg_gene1246197.pdb
-0.166284  0.368800 -0.914514     2.573040
-0.139446 -0.926900 -0.348440     2.156705
-0.976168  0.069586  0.205557    -0.379161
>../../../../class2/asp1//data/domains/Catalytic_domain/structures/AspRS_AF_Bact_Mycoplasma_hyopneumoniae_168-L_gene57101115.pdb
 0.315756 -0.803593 -0.504516     4.247916
 0.574896 -0.260979  0.775490     7.982684
-0.754846 -0.534910  0.379577    -1.233391
>../../../../class2/asp1//data/domains/Catalytic_domain/structures/AspRS_AF_Bact_Nocardia_cyriacigeorgica_GUH-2_gene45501717.pdb
 0.995764 -0.075204 -0.052894     5.458556
 0.077660  0.995918  0.046010     0.424222
 0.049218 -0.049923  0.997540     2.263212
>../../../../class2/asp1//data/domains/Catalytic_domain/structures/AspRS_AF_Bact_Porphyromonas_gingivalis_ATCC_33277_gene29255515.pdb
 0.144786  0.465437  0.873158     0.425185
 0.881675 -0.461214  0.099652     2.574097
 0.449094  0.755414 -0.477142     0.932484
>../../../../class2/asp1//data/domains/Catalytic_domain/structures/AspRS_AF_Bact_Prochlorococcus_marinus_subsp_marinus_str_CCMP1375_gene54201182.pdb
-0.102358  0.202617 -0.973894    -1.991632
-0.192504 -0.964563 -0.180443     2.943571
-0.975943  0.169009  0.137735    -4.713830
>../../../../class2/asp1//data/domains/Catalytic_domain/structures/AspRS_AF_Bact_Xylella_fastidiosa_Temecula1_gene58016479.pdb
 1.000000  0.000000  0.000000     0.000000
 0.000000  1.000000  0.000000     0.000000
 0.000000  0.000000  1.000000     0.000000
>../../../../class2/asp1//data/domains/Catalytic_domain/structures/AspRS_AF_Mito_Oryza_sativa_Japonica_Group_gene4324505.pdb
-0.029716 -0.372508  0.927553     3.988800
-0.409697 -0.841893 -0.351232     0.764537
 0.911738 -0.390453 -0.127597     5.104846
>../../../../class2/asp1//data/domains/Catalytic_domain/structures/AspRS_AF_Mito_Oryzias_melastigma_gene112147132.pdb
 0.693133 -0.486267 -0.532081     0.241260
 0.623069  0.033038  0.781469     0.147285
-0.362424 -0.873185  0.325878    -1.482933
>../../../../class2/asp1//data/domains/Catalytic_domain/structures/AspRS_PDB_Bact_E_coli_1c0a.pdb
-0.226917 -0.896760 -0.379909    46.183761
 0.973795 -0.215006 -0.074127   -47.425359
-0.015209 -0.386775  0.922049    20.175418
>../../../../class2/phe1//data/domains/Catalytic_domain/structures/PheRS-Bα_AF_Bact_Brachyspira_pilosicoli_95_1000_gene56440383.pdb
-0.944259 -0.136525 -0.299558    -5.466389
-0.237163  0.913204  0.331380    -5.512661
 0.228315  0.383953 -0.894680     2.200823
>../../../../class2/phe1//data/domains/Catalytic_domain/structures/PheRS-Bα_AF_Bact_Chlamydia_psittaci_6BC_gene12243227.pdb
-0.670014  0.566039  0.480293    -8.361754
 0.684164  0.219749  0.695435    -4.815587
 0.288100  0.794550 -0.534498     0.602221
>../../../../class2/phe1//data/domains/Catalytic_domain/structures/PheRS-Bα_AF_Bact_Ferrimonas_balearica_DSM_9799_gene67181906.pdb
 0.959749  0.069276  0.272182    -9.380375
-0.198051  0.854070  0.480978    -2.017683
-0.199143 -0.515524  0.833413     1.050178
>../../../../class2/phe1//data/domains/Catalytic_domain/structures/PheRS-Bα_AF_Bact_Mycobacterium_intracellulare_ATCC_13950_gene11909689.pdb
 0.250179 -0.538843 -0.804399   -12.631703
 0.212712 -0.779931  0.588609     4.265577
-0.944545 -0.318363 -0.080504    -1.244855
>../../../../class2/phe1//data/domains/Catalytic_domain/structures/PheRS-Bα_AF_Bact_Mycoplasma_capricolum_subsp_capricolum_ATCC_27343_gene23778662.pdb
 0.920344  0.384844  0.069722    -8.028312
-0.389984  0.889483  0.238187    -3.489281
 0.029649 -0.246405  0.968713     3.305096
>../../../../class2/phe1//data/domains/Catalytic_domain/structures/PheRS-Bα_AF_Bact_Porphyromonas_gingivalis_ATCC_33277_gene29256875.pdb
-0.830769  0.477069 -0.286755    -4.045142
 0.233549  0.766394  0.598411    -4.487532
 0.505250  0.430170 -0.748115    -0.886589
>../../../../class2/phe1//data/domains/Catalytic_domain/structures/PheRS-Bα_AF_Bact_Prochlorococcus_marinus_subsp_marinus_str_CCMP1375_gene54200681.pdb
-0.002498  0.494703 -0.869059   -14.757636
-0.880391 -0.413236 -0.232699     2.022922
-0.474243  0.764530  0.436564     0.228008
>../../../../class2/phe1//data/domains/Catalytic_domain/structures/PheRS-Bα_AF_Bact_Staphylococcus_argenteus_gene66839332.pdb
 0.338897  0.824828 -0.452556   -12.827276
-0.938972  0.266369 -0.217666    -5.290406
-0.058990  0.498704  0.864763     0.647853
>../../../../class2/phe1//data/domains/Catalytic_domain/structures/PheRS-Bα_PDB_Bact.A_E_coli_3PCO.pdb
 0.389050 -0.184961 -0.902458    57.040811
-0.921066 -0.060373 -0.384698    -3.883330
 0.016670  0.980890 -0.193850    12.389723
>../../../../class2/phe1//data/domains/Catalytic_domain/structures/PheRS-Bα_PDB_Bact.A_T_thermophilus_1PYS.pdb
-0.527171  0.599249  0.602487   -36.356697
-0.447951  0.406523 -0.796291    -8.104160
-0.722101 -0.689666  0.054127    47.611873
