>../../../../class2/asn//data/domains/Catalytic_domain/structures/AsnRS_AF_Arch_Candidatus_Korarchaeum_cryptofilum_OPF8_gene6094562.pdb
 0.649648  0.759714  0.028158    -2.597127
-0.370253  0.348526 -0.861071     0.848156
-0.663981  0.548967  0.507705    -0.487455
>../../../../class2/asn//data/domains/Catalytic_domain/structures/AsnRS_AF_Arch_Candidatus_Nitrososphaera_gargensis_Ga92_gene13796664.pdb
 0.149390  0.779990  0.607700    -2.547514
 0.163996 -0.625629  0.762688     3.381505
 0.975084 -0.014277 -0.221378     0.657702
>../../../../class2/asn//data/domains/Catalytic_domain/structures/AsnRS_AF_Arch_Ferroplasma_acidarmanus_Fer1_gene16025664.pdb
 0.102384 -0.722103  0.684168     4.659790
-0.890914 -0.372502 -0.259834    -2.127985
 0.442481 -0.582932 -0.681470     2.450365
>../../../../class2/asn//data/domains/Catalytic_domain/structures/AsnRS_AF_Arch_Pyrococcus_sp_ST04_gene13021535.pdb
 0.170468 -0.700091  0.693407     4.221170
-0.863189 -0.445490 -0.237577    -1.162336
 0.475231 -0.558042 -0.680253     3.083266
>../../../../class2/asn//data/domains/Catalytic_domain/structures/AsnRS_AF_Bact_Clostridium_acetobutylicum_DSM_1731_gene44999755.pdb
 0.119877  0.764143  0.633810    -2.751584
 0.264124 -0.639953  0.721594     2.513333
 0.957010  0.080902 -0.278544    -1.229977
>../../../../class2/asn//data/domains/Catalytic_domain/structures/AsnRS_AF_Bact_Mycoplasma_hyopneumoniae_168-L_gene57101291.pdb
 0.328604 -0.443192  0.834027     4.322930
-0.656893 -0.741738 -0.135337    -0.680144
 0.678610 -0.503394 -0.534868     4.236588
>../../../../class2/asn//data/domains/Catalytic_domain/structures/AsnRS_AF_Bact_Porphyromonas_gingivalis_ATCC_33277_gene29256423.pdb
 0.212475 -0.678090  0.703596     2.829281
-0.779949 -0.551456 -0.295932    -0.905867
 0.588671 -0.485891 -0.646047     2.924915
>../../../../class2/asn//data/domains/Catalytic_domain/structures/AsnRS_AF_Bact_Streptobacillus_moniliformis_DSM_12112_gene29673200.pdb
 0.034421  0.787429  0.615444    -2.754314
 0.308391 -0.594126  0.742906     2.460836
 0.950637  0.164226 -0.263286    -0.791192
>../../../../class2/asn//data/domains/Catalytic_domain/structures/AsnRS_AF_Bact_Thermus_thermophilus_HB8_gene3168522.pdb
 0.302101 -0.302231  0.904097     4.842395
-0.615691 -0.785924 -0.056997     0.222188
 0.727778 -0.539425 -0.423509     4.556067
>../../../../class2/asn//data/domains/Catalytic_domain/structures/AsnRS_AF_Bact_Treponema_pallidum_subsp_pertenue_str_SamoaD_gene57879132.pdb
 0.163414  0.729333  0.664356    -2.970545
 0.179283 -0.684150  0.706963     3.044271
 0.970131  0.003580 -0.242556    -0.426780
>../../../../class2/asn//data/domains/Catalytic_domain/structures/AsnRS_AF_Bact_unclassified_Blastocatellia_proteinRPI49177.1.pdb
 0.344575 -0.043178  0.937765     3.731344
-0.421106 -0.899908  0.113298     1.908797
 0.839010 -0.433938 -0.328268     4.604595
>../../../../class2/asn//data/domains/Catalytic_domain/structures/AsnRS_AF_Euk_Candida_albicans_SC5314_gene3646227.pdb
 0.301910 -0.566179  0.767002     6.075947
-0.825531 -0.557658 -0.086699     2.491068
 0.476811 -0.607009 -0.635760     0.674475
>../../../../class2/asn//data/domains/Catalytic_domain/structures/AsnRS_AF_Euk_Cryptococcus_gattii_WM276_gene10190222.pdb
 0.409448 -0.495697  0.765922     5.575479
-0.802078 -0.595649  0.043278     5.296725
 0.434768 -0.632049 -0.641475    -0.880864
>../../../../class2/asn//data/domains/Catalytic_domain/structures/AsnRS_AF_Euk_Encephalitozoon_intestinalis_ATCC_50506_gene9698489.pdb
 0.118554 -0.781875  0.612059     3.238215
-0.839837 -0.407809 -0.358282    -3.096937
 0.529735 -0.471554 -0.704995     3.018628
>../../../../class2/asn//data/domains/Catalytic_domain/structures/AsnRS_AF_Euk_Vitis_vinifera_gene100257593.pdb
-0.086093  0.646131  0.758355    -6.185949
 0.261438 -0.719855  0.643008     3.061404
 0.961373  0.253621 -0.106949    -0.801625
>../../../../class2/asn//data/domains/Catalytic_domain/structures/AsnRS_AF_Mito_Solanum_lycopersicum_gene543755.pdb
 0.085849  0.226803  0.970150    -5.900155
-0.196452 -0.950774  0.239657     4.614130
 0.976748 -0.211162 -0.037067     0.194266
>../../../../class2/asn//data/domains/Catalytic_domain/structures/AsnRS_AF_Mito_Zeugodacus_cucurbitae_gene105213230.pdb
-0.175281 -0.560084 -0.809680    -2.570062
 0.812758 -0.546444  0.202047     6.257554
-0.555608 -0.622660  0.550994     0.451170
>../../../../class2/asn//data/domains/Catalytic_domain/structures/AsnRS_PDB_Arch_P_horikoshii_1X54.pdb
 0.737687 -0.589437 -0.329212    15.697606
 0.223101  0.673050 -0.705145    22.944662
 0.637215  0.446729  0.628005   -15.314422
>../../../../class2/asn//data/domains/Catalytic_domain/structures/AsnRS_PDB_Bact_E_anophelis_6pqh.pdb
-0.451509  0.836953 -0.309272   -24.036679
 0.360957  0.488316  0.794517    51.825681
 0.815996  0.247098 -0.522583   -18.630825
>../../../../class2/asn//data/domains/Catalytic_domain/structures/AsnRS_PDB_Euk_S_cerevisiae_1asz.pdb
 0.609215  0.709145  0.354923   -89.607958
 0.774506 -0.435973 -0.458332   -37.000511
-0.170287  0.554113 -0.814838   -30.037894
>../../../../class2/gly1//data/domains/Catalytic_domain/structures/GlyRS-A_AF_Arch_Candidatus_Nitrosopumilus_sediminis_gene13697160.pdb
-0.595841 -0.803003 -0.012658     0.628794
-0.786781  0.586820 -0.191360    -1.281524
 0.161091 -0.104061 -0.981438     3.678098
>../../../../class2/gly1//data/domains/Catalytic_domain/structures/GlyRS-A_AF_Arch_Candidatus_Woesearchaeota_archaeon_proteinMBT4248212.1.pdb
 0.087507  0.376781  0.922160    -0.154973
 0.063955 -0.925926  0.372251     0.619416
 0.994109  0.026402 -0.105123     2.725050
>../../../../class2/gly1//data/domains/Catalytic_domain/structures/GlyRS-A_AF_Arch_Sulfolobus_islandicus_YN1551_gene7810979.pdb
 0.633631  0.762608 -0.130153     0.903883
-0.335452  0.119232 -0.934481    -3.222361
-0.697125  0.635777  0.331368     2.679489
>../../../../class2/gly1//data/domains/Catalytic_domain/structures/GlyRS-A_AF_Arch_Thermoplasma_acidophilum_DSM_1728_gene1455843.pdb
-0.777482 -0.625431 -0.066020     0.802918
-0.627215  0.778799  0.008540    -1.294879
 0.046076  0.048048 -0.997782     3.866702
>../../../../class2/gly1//data/domains/Catalytic_domain/structures/GlyRS-A_AF_Bact_Capnocytophaga_ochracea_DSM_7271_gene29675716.pdb
 0.241147  0.919671 -0.309924     1.464312
-0.498739 -0.156515 -0.852504    -0.053687
-0.832531  0.360150  0.420933     3.286726
>../../../../class2/gly1//data/domains/Catalytic_domain/structures/GlyRS-A_AF_Bact_Corynebacterium_ulcerans_809_gene75260805.pdb
-0.694422  0.675081  0.249086    -0.400116
 0.617812  0.381895  0.687361    -2.306370
 0.368899  0.631207 -0.682269    -0.402156
>../../../../class2/gly1//data/domains/Catalytic_domain/structures/GlyRS-A_AF_Bact_Treponema_denticola_ATCC_35405_gene2741635.pdb
 1.000000  0.000000  0.000000     0.000000
 0.000000  1.000000  0.000000     0.000000
 0.000000  0.000000  1.000000     0.000000
>../../../../class2/gly1//data/domains/Catalytic_domain/structures/GlyRS-A_PDB_Bact_T_thermophilus_1ati.pdb
 0.153788  0.428613 -0.890303    10.534013
 0.978280 -0.192781  0.076176   -22.038623
-0.138984 -0.882681 -0.448952    52.459051
