>structures/PheRS-Aα_AF_Arch_Candidatus_Nitrosopumilus_koreensis_AR1_gene13724458.pdb
-0.360622 -0.903858  0.230199    -8.787268
-0.932654  0.352185 -0.078240     5.776276
-0.010355 -0.242911 -0.969993     7.855122
>structures/PheRS-Aα_AF_Arch_Haloterrigena_turkmenica_DSM_5511_gene8744248.pdb
 0.203271 -0.204153  0.957602    -1.097138
-0.181289 -0.968958 -0.168092     0.583196
 0.962193 -0.139434 -0.233972    -0.106637
>structures/PheRS-Aα_AF_Arch_Thermoplasma_volcanium_GSS1_gene1441177.pdb
 0.999948 -0.005304  0.008681    -0.130986
 0.005347  0.999973 -0.004966     0.113694
-0.008655  0.005012  0.999950    -0.057247
>structures/PheRS-Aα_AF_Arch_Thermosphaera_aggregans_DSM_11486_gene9165306.pdb
-0.442270 -0.870399  0.216340     0.940146
-0.799685  0.273482 -0.534520    -1.831416
 0.406081 -0.409406 -0.816998    -5.957702
>structures/PheRS-Aα_AF_Euk_Cyanidioschyzon_merolae_strain_10D_gene16993638.pdb
 0.303937 -0.761690 -0.572234     0.458653
 0.871206 -0.020841  0.490475     9.701494
-0.385516 -0.647607  0.657254    -3.021240
>structures/PheRS-Aα_AF_Euk_Megalobrama_amblycephala_gene125266654.pdb
 0.418541  0.897020 -0.142053    -1.422025
-0.634347  0.176804 -0.752558    -0.377794
-0.649944  0.405087  0.643022    -7.234884
>structures/PheRS-Aα_AF_Euk_Plasmodium_falciparum_3D7_gene813233.pdb
-0.949864  0.246232 -0.192688    -5.355732
 0.106061  0.833486  0.542266     5.080627
 0.294126  0.494642 -0.817814    -9.471889
>structures/PheRS-Aα_AF_Euk_Schizosaccharomyces_pombe_gene2543647.pdb
 0.004230  0.650255  0.759704    -1.344971
 0.496086 -0.660999  0.563008     8.844139
 0.868263  0.374497 -0.325379    -3.258978
>structures/PheRS-Aα_PDB_Euk.B_H_sapiens_3L4G.C.pdb
 0.140557  0.575270  0.805797   -47.082354
-0.596390 -0.600455  0.532703   112.977671
 0.790292 -0.555444  0.258688    43.647950
